512
2
3
4
5
6
519
522
11
12
14
527
528
529
530
515
532
533
22
535
536
516
538
539
540
541
542
517
544
545
546
547
548
518
550
551
552
553
554
555
556
557
558
559
48
49
562
563
564
565
566
567
56
569
570
59
572
573
574
575
576
577
578
523
580
581
582
583
584
524
586
587
588
589
590
591
592
593
594
526
90
97
108
531
116
123
534
134
137
144
149
537
152
154
155
156
158
160
162
163
168
173
176
177
179
180
185
186
543
188
190
191
192
197
289
201
203
206
218
219
549
226
229
230
231
232
233
243
245
247
249
253
254
256
257
571
265
271
272
277
278
279
281
282
284
287
560
290
294
561
304
309
310
311
317
318
319
320
321
323
325
326
327
331
332
333
568
339
340
342
343
347
350
353
355
358
359
362
365
366
370
371
372
375
378
379
380
381
382
383
384
388
392
396
397
400
401
402
579
404
405
406
413
415
416
419
421
422
424
425
426
427
429
434
436
437
438
585
440
441
445
446
447
448
452
453
459
460
462
463
464
465
466
468
469
470
472
473
476
477
478
479
480
481
482
484
485
486
487
488
489
490
492
493
494
495
496
497
498
499
501
502
503
504
505
506
507
508
509
511
