1	512	2	3	4	5	6	519	522	11	12	14	527	528	529	530	515	532	533	22	535	536	516	538	539	540	541	542	517	544	545	546	547	548	518	550	551	552	553	554	555	556	557	558	559	48	49	562	563	564	565	566	567	56	569	570	59	572	573	574	575	576	577	578	523	580	581	582	583	584	524	586	587	588	589	590	591	592	593	594	526	90	97	108	531	116	123	534	134	137	144	149	537	152	154	155	156	158	160	162	163	585	168	173	176	177	179	180	185	186	543	188	190	191	192	197	201	203	206	218	219	549	226	229	230	231	232	233	243	245	247	249	253	254	256	257	571	265	271	272	277	278	279	281	282	284	287	289	290	294	561	304	309	310	311	317	318	319	320	321	323	325	326	327	331	332	333	568	339	340	342	343	347	350	353	355	358	359	362	365	366	370	371	372	375	378	379	380	381	382	383	384	388	392	396	397	400	401	402	579	404	405	406	413	415	416	419	421	422	424	425	426	427	429	434	436	437	438	560	440	441	445	446	447	448	452	453	459	460	462	463	464	465	466	468	469	470	472	473	476	477	478	479	480	481	482	484	485	486	487	488	489	490	492	493	494	495	496	497	498	499	501	502	503	504	505	506	507	508	509	511
2	1	180	231
3	8	1	4	265	231
4	1	3	5	265	10	310	9
5	256	1	4	6	10	310
6	256	1	5	198	232	10	11	13	343	319
7	8	180	174	231
8	3	231	9	7	174	15	244	265	340	283
9	4	8	265	10	15	17	310	283	202
10	256	4	5	6	9	202	13	17	310
11	206	1	232	21	6
12	1	226	257	14	16	180	24	187	284
13	256	6	198	202	23	10	319
14	24	1	226	12
15	8	9	174	175	17	20	244	26	283
16	257	325	12	298	236	174	19	180	277	187
17	227	9	202	175	18	283	15	10
18	17	202	227	23
19	325	298	236	174	16	20	28
20	298	237	174	15	19	244	26	28
21	320	198	232	11	206	238	25	27
22	192	1	226
23	352	227	38	198	202	267	204	13	238	367	18	334	25	30
24	34	284	12	226	14	187	220	31
25	33	198	204	238	21	23	27
26	35	36	360	298	300	237	175	20	244	15
27	320	33	37	39	232	203	333	206	238	21	25
28	32	35	40	266	236	237	19	20	298
29	193	227	38	175
30	267	227	38	23
31	192	34	326	199	233	226	284	24	220
32	34	40	169	266	236	46	239	344	187	28
33	251	37	38	43	204	238	50	334	25	27
34	32	369	169	207	344	284	375	24	187	220	31
35	36	165	40	41	266	44	237	239	306	300	26	28
36	193	35	300	44	175	306	26
37	33	171	39	43	45	238	208	273	334	54	251	376	27
38	33	227	193	42	267	204	47	305	50	23	251	29	30
39	37	294	170	203	45	238	333	176	273	54	27
40	32	35	266	46	239	28
41	35	44	165	239
42	193	38	44	47	214	215
43	33	37	45	208	50	251
44	193	35	36	165	41	42	306	214
45	43	37	39	171	208	273	54
46	32	165	40	169	301	239	55	335	62
47	193	38	361	42	267	305	50	53	215	251	341
48	1	290	233	56	57	58	188
49	1	170	176	245	278	59
50	33	38	43	204	47	208	53	215	345	251	341	63
51	199	207	52	312	58	220	61
52	233	58	51	61	199
53	65	50	63	215	47
54	66	68	37	39	170	171	268	45	273	376	260
55	169	301	46	207	209	62
56	48	1	188	57
57	290	79	48	56	58	188
58	290	199	72	233	362	327	79	48	241	51	52	312	57	314	188	61
59	1	70	49	170	177	245
60	73	259	69	214	215
61	228	72	75	207	209	51	52	312	313	58	314
62	67	165	295	363	76	301	46	80	209	83	302	55	88
63	65	71	328	73	171	78	208	50	53	246	215	345
64	69	74	76	240	214	165
65	73	215	53	63
66	321	322	68	70	170	268	77	245	54	260
67	76	165	62
68	66	260	71	171	77	81	210	54
69	64	258	259	73	74	82	252	181	214	60
70	321	66	170	268	77	177	84	245	59	221
71	68	328	171	78	81	246	87	260	63
72	354	228	75	79	241	182	58	314	61
73	65	259	69	78	82	291	246	215	89	60	63
74	64	258	69	252	76	240	181	214	92	285	85
75	228	209	72	295	80	200	61
76	64	67	165	74	363	302	240	274	83	85	88	377	285	62
77	321	66	68	70	322	210	86	260	221
78	71	73	246	87	89	63
79	327	72	241	182	279	57	58	188	93
80	295	200	75	209	88	62
81	260	71	328	210	87	68	346	91
82	259	69	73	269	291	211	276	181	246	105	89
83	76	274	85	88	62	95
84	323	70	221	177	183	253
85	261	74	76	109	274	83	92	285	95
86	77	210	275	183	221	94
87	99	166	71	328	78	81	246	280	89	346	91
88	292	101	295	200	106	76	302	80	274	83	315	62	95
89	291	166	73	107	269	78	82	276	246	105	87
90	1	108	279	188	93	254
91	96	99	81	210	87	280	346
92	418	261	102	74	109	274	211	212	181	439	285	85
93	100	104	79	182	279	90	254
94	96	262	110	336	210	275	86	183	221
95	292	101	106	395	109	216	274	83	85	88	315	261
96	99	262	296	234	110	336	113	210	280	91	94
97	1	167	103	179	183	281	253
98	100	205	112	337	178	307	182	324	222
99	96	166	234	172	87	280	91
100	98	104	178	307	182	93	223
101	292	200	106	205	111	216	88	222	95
102	212	211	92	109	261
103	97	179	281	183	167
104	194	355	100	108	182	247	93	254	223
105	263	107	269	82	211	212	117	248	89
106	261	101	109	111	216	88	292	95
107	386	166	105	172	269	248	89	414
108	1	104	116	247	90	254
109	164	261	102	106	115	212	85	216	92	95
110	96	262	167	296	113	183	189	94
111	101	106	205	114	118	216
112	98	324	357	348	114	270	205	178	122	124	127
113	96	129	293	296	234	235	110	368	121	189
114	205	270	111	112	118	216	124
115	164	261	330	395	109	118	216	250	125
116	1	249	108	247
117	131	164	263	105	212	248	217	126
118	288	196	133	330	270	111	114	115	216	356	124	125
119	282	130	123	189	167
120	128	224	235	172	217	126
121	113	293	189	129
122	112	124	127
123	1	130	134	179	119	282	189	287
124	288	195	196	357	364	270	112	114	118	122	348	127
125	164	133	135	330	115	118	250	349
126	128	224	131	136	297	140	264	117	120	217
127	194	195	357	137	139	142	112	178	316	348	122	124	317	255
128	224	129	235	140	141	242	286	120	126
129	128	130	293	138	235	141	143	113	242	121	189	286
130	129	134	138	143	119	123	189	287
131	164	263	136	303	264	117	217	184	132	126
132	131	164	135	303	184	250
133	288	196	358	135	330	349	147	118	250	125	190
134	1	130	197	138	123	287
135	132	133	358	303	318	349	184	250	125	190
136	131	264	297	140	145	126
137	1	194	142	271	144	146	249	255	317	127
138	129	130	197	134	143	287
139	195	201	142	148	127	255
140	128	224	136	297	141	145	242	308	213	264	185	126
141	128	129	140	143	242	339	213	150	286
142	201	139	271	146	137	127	255
143	129	130	342	197	138	141	339	350	150	218	189	286	287
144	271	1	249	149	137
145	225	136	140	264	308	151	184	185	351
146	137	142	271	149	201	219
147	288	196	133	304	401	148	152	190	229
148	195	196	229	201	139	304	401	147	186	348
149	144	1	146	219	271
150	289	168	371	141	143	339	213	153	218	286
151	225	264	145	309	184	155	157	318
152	160	1	229	147	318	155	190
153	289	168	272	213	150	185
154	168	1	218	197
155	160	1	162	230	161	331	309	151	152	157	318
156	1	186	219	201
157	225	359	161	426	331	309	151	155	159
158	225	1	359	272	243	436	185	159	191
159	161	359	225	426	331	157	158	191
160	1	162	229	230	152	186	155
161	163	230	331	159	173	309	155	157	191
162	160	1	155	163	230
163	1	162	173	230	161
164	131	132	261	263	330	395	387	109	303	115	212	117	408	250	125
165	64	240	35	41	363	44	301	46	239	76	306	67	214	335	62
166	417	386	99	276	234	107	172	269	291	235	246	87	280	89	346	414
167	97	262	103	119	110	179	183	281	282	347	189
168	1	289	272	150	153	154	218
169	32	34	301	46	207	369	335	55	344	239
170	384	66	294	278	70	39	268	176	49	372	245	54	59	273
171	68	37	71	328	45	208	273	54	376	260	63
172	224	386	99	166	234	107	248	338	235	120	217	414
173	1	163	230	161	331	191
174	244	7	8	340	298	231	15	16	19	20	311	180	325
175	193	227	36	360	299	300	15	17	244	26	283	29
176	1	294	39	170	203	49	278
177	1	323	70	321	253	84	245	59	221
178	98	100	357	194	205	112	337	307	324	223	316	127
179	1	97	103	167	281	282	123
180	1	2	325	7	231	12	174	16	277	311	257
181	259	69	92	74	291	399	82	211	431	411	252	285
182	98	355	100	241	72	354	337	79	104	307	254	279	228	378	93	222	223
183	97	323	262	103	379	404	167	110	253	275	84	86	281	347	221	94
184	131	132	358	135	264	303	145	309	151	440	318
185	1	225	396	371	140	272	145	243	308	213	436	153	158	351
186	160	1	229	201	366	304	148	156
187	32	257	34	236	12	397	16	344	277	375	24	332	284
188	1	290	327	79	48	279	56	57	58	90
189	129	130	293	262	167	296	110	143	113	370	119	121	282	123	380	286	287
190	288	1	133	358	135	523	401	147	564	152	444	349	318	229
191	1	359	161	331	173	243	158	159
192	1	226	326	233	22	31
193	227	36	38	300	42	299	44	47	305	306	214	215	175	29	361
194	355	104	137	413	400	178	307	247	249	127	316	317	223
195	288	196	201	139	364	270	435	148	348	255	124	127
196	288	195	133	201	435	304	401	147	148	118	348	124	229
197	1	134	138	143	342	218	154	350	287
198	320	352	388	6	232	202	343	13	238	367	334	21	23	25	319
199	353	290	326	233	51	52	312	58	220	31
200	228	101	295	329	75	205	80	88	292	315	222
201	1	195	196	348	139	365	142	271	304	401	146	148	463	186	219	156	381	255
202	256	352	227	388	198	9	10	13	17	18	383	310	23	283	319
203	1	294	39	333	206	176	27
204	33	38	267	238	367	50	334	398	23	25	251
205	98	292	101	356	200	329	178	270	111	112	114	216	324	222
206	320	1	203	232	11	333	21	27
207	34	369	169	301	430	429	209	51	438	55	312	313	220	61
208	43	37	454	328	171	45	50	341	409	376	345	251	63
209	228	295	75	301	302	207	80	55	313	61	62
210	96	385	322	68	394	77	336	81	275	86	280	260	346	91	221	94
211	418	291	261	102	105	269	399	82	212	181	276	412	443	92	285
212	418	387	164	261	102	263	105	109	269	211	117	408	412	443	92
213	289	425	396	371	140	141	272	242	339	308	150	185	153	286
214	64	193	258	259	69	391	361	42	44	240	306	215	410	60	74	165
215	65	258	259	246	341	193	73	42	47	50	403	53	214	361	345	410	60	63
216	261	101	356	106	395	109	270	111	114	115	118	292	205	330	95
217	224	131	263	264	297	172	303	248	338	117	120	126	373
218	1	197	289	168	143	339	150	154	350
219	1	201	365	271	146	149	156
220	353	34	326	199	369	226	207	312	51	438	375	24	429	284	31
221	448	321	322	323	406	70	385	77	177	210	275	84	86	183	379	94
222	98	459	228	101	200	329	354	205	489	337	182	407	324
223	194	355	100	104	178	307	182	247	254
224	128	140	235	172	338	242	374	297	120	217	126
225	359	264	426	145	436	309	151	185	351	157	158	159
226	192	1	326	284	12	14	22	24	220	31
227	352	193	299	38	305	202	267	175	17	18	367	23	283	29	30	383
228	295	354	209	72	329	75	200	182	407	241	313	314	61	222
229	160	1	196	366	288	304	401	147	148	152	186	190
230	160	1	162	163	161	331	173	155
231	1	2	3	7	8	265	174	180	311	340
232	320	1	198	6	11	206	238	21	343	27
233	192	1	290	326	199	353	48	52	58	31
234	96	368	99	420	166	296	394	235	172	336	113	280
235	128	129	386	420	293	166	234	172	224	368	113	242	286	374	120	338	280
236	32	325	266	332	397	16	19	277	344	441	187	28	298	437
237	35	389	360	298	300	20	26	28	266
238	320	33	37	198	39	232	343	204	333	334	273	416	21	23	25	27
239	32	35	165	40	41	266	300	46	335	369	306	169	344	428	389
240	64	258	165	390	391	74	363	76	335	306	214	377	285
241	354	228	327	72	362	79	392	378	182	279	58	314
242	128	129	297	235	140	224	141	308	213	374	286
243	1	359	272	185	158	191
244	283	8	265	298	174	175	360	20	311	340	26	15	382	415
245	1	66	70	177	170	268	321	49	278	59
246	393	417	259	166	71	328	73	215	403	78	82	291	87	89	346	345	63
247	1	194	355	104	108	116	249	317	254	223
248	263	105	107	172	269	433	338	117	217	414	373
249	1	194	137	144	116	247	317
250	387	164	133	358	135	330	303	115	349	408	132	125
251	33	267	37	38	43	204	334	47	208	50	341	398	376	409
252	258	259	69	391	74	431	432	181	285
253	1	323	97	379	177	84	183	281	347
254	1	355	104	279	108	182	247	90	93	223
255	195	421	137	139	142	271	381	201	348	316	317	127
256	1	5	6	202	13	310	10	319
257	1	332	12	16	180	277	187	284
258	259	69	391	74	431	240	214	215	410	252	285
259	246	258	291	69	73	252	431	82	403	181	214	215	410	411	60
260	385	66	68	71	328	171	268	77	81	210	54	376	346	322
261	211	164	102	106	395	109	418	408	274	115	212	85	439	216	443	92	95
262	96	419	167	296	110	336	370	275	404	183	282	347	189	94
263	131	164	105	269	303	433	387	212	117	248	217	412	373
264	225	131	373	436	359	136	297	426	423	140	303	440	145	308	309	151	184	217	126	351
265	1	3	4	231	8	9	244	310	340	283	382
266	32	35	389	40	300	298	236	237	239	437	344	441	428	28
267	352	227	38	204	398	47	305	367	341	23	251	30
268	384	321	66	260	278	70	170	322	273	372	245	54	376	447
269	386	451	166	263	105	107	399	433	82	211	212	248	89	412	414	276
270	288	195	324	357	348	364	205	461	112	114	118	216	356	124
271	1	137	365	142	381	144	146	149	201	219	317	255
272	1	289	168	359	396	243	436	213	153	371	185	158
273	384	37	294	39	470	170	171	268	45	238	333	402	334	54	376	453
274	449	292	261	395	76	302	83	85	439	88	377	315	92	285	95
275	448	385	262	394	466	336	210	404	86	183	379	221	94
276	417	386	291	166	269	451	399	82	211	89	414
277	1	325	257	332	236	16	180	187
278	1	294	321	170	268	176	49	372	245
279	1	355	327	79	241	378	182	90	188	93	254
280	96	386	99	420	166	234	235	336	210	87	346	91	394	471
281	1	97	103	167	179	183	282	347	253
282	1	347	262	167	370	179	119	281	123	380	189	287
283	352	360	457	227	415	8	9	202	299	175	17	244	310	265	15	445	382	383
284	1	34	326	257	332	12	226	375	24	187	220	31
285	432	258	390	391	449	252	74	76	418	399	240	274	211	85	439	377	431	92	181
286	128	129	342	293	422	424	425	235	141	143	242	339	308	213	150	374	380	189	350	287
287	1	130	197	134	138	143	342	282	123	380	189	286
288	195	196	133	467	444	330	364	435	270	401	147	118	536	356	124	349	190	229
289	1	168	371	272	339	213	150	153	218
290	1	199	233	362	327	353	48	312	57	58	188
291	417	259	166	73	403	399	82	211	276	181	246	393	89	411
292	324	101	455	200	329	106	395	205	216	274	88	356	315	95
293	129	422	296	235	434	462	368	113	370	374	121	380	189	286
294	384	1	39	170	203	333	176	273	402	372	278
295	450	228	200	329	75	302	80	209	531	430	407	88	313	474	315	62
296	96	368	419	420	293	262	234	434	110	477	336	113	370	476	189	394
297	224	456	423	136	491	140	338	264	242	308	373	374	217	126
298	464	325	340	437	266	236	237	174	16	360	19	20	405	311	244	26	415	28	389
299	352	193	227	360	361	300	175	305	457	442	283	445
300	193	35	36	389	518	335	361	266	299	428	237	175	360	306	483	457	26	239	542	517
301	165	369	169	363	428	46	207	209	430	302	55	313	474	335	62
302	449	450	295	363	76	301	430	209	274	377	88	313	474	315	62
303	132	131	164	423	358	135	264	263	482	440	387	373	184	217	250	318	491
304	1	196	229	201	365	366	463	401	147	148	186
305	352	193	227	38	361	458	267	398	47	341	299	442	367
306	193	35	36	165	390	391	300	44	239	240	483	214	361	410	335
307	194	355	100	357	460	98	400	337	178	182	472	316	413	223
308	423	264	297	503	140	493	145	242	213	374	425	185	396	286	351
309	1	331	161	264	426	225	359	440	151	184	155	157	318
310	256	1	4	5	9	202	383	265	283	10	382	319
311	1	325	231	340	298	174	180	405	244
312	353	290	452	199	488	362	429	430	207	51	407	313	58	314	220	61	446
313	228	295	488	301	302	207	209	430	407	312	314	61
314	354	228	488	72	362	392	452	241	407	312	313	58	61	446
315	449	450	292	455	295	200	329	395	302	274	88	95
316	194	357	421	400	178	307	127	348	317	255
317	1	194	355	421	137	271	400	247	249	255	316	381	127
318	480	1	482	440	358	135	556	303	184	309	151	152	155	190
319	256	1	388	6	198	202	13	310	343	383
320	416	1	198	232	333	206	238	21	343	27
321	1	66	323	406	70	268	77	177	322	372	245	278	221
322	448	321	66	260	385	268	77	210	372	406	376	484	221	447
323	1	321	221	177	84	406	183	379	253
324	98	489	292	357	455	329	205	270	461	112	337	178	407	356	222
325	1	437	332	298	236	397	174	16	19	180	277	311	441	405
326	192	1	226	438	199	233	353	284	375	220	31
327	1	290	392	362	79	241	279	58	188	378
328	385	260	454	71	393	171	208	81	403	246	87	376	345	346	471	63
329	450	489	292	295	200	324	455	205	461	407	228	315	222
330	288	480	164	133	395	467	349	408	115	118	216	356	250	125
331	1	191	230	161	426	359	173	309	155	157	159
332	1	325	257	236	397	277	375	187	284
333	320	1	294	39	203	238	273	402	416	334	206	27
334	416	33	427	37	198	343	204	333	238	367	273	402	398	470	23	376	409	251	479
335	483	165	390	169	363	300	301	46	239	240	369	306	428
336	96	419	262	296	234	466	210	275	404	502	280	476	394	94
337	98	355	324	357	489	459	460	354	496	178	307	182	407	378	413	222
338	224	386	420	456	297	235	172	368	373	374	248	217	414
339	1	289	424	425	141	143	371	350	213	150	218	286
340	1	231	8	265	298	174	244	405	311	382	415
341	409	475	361	458	267	398	47	208	305	50	403	215	345	251
342	1	197	422	143	286	380	350	287
343	320	1	388	6	198	232	427	238	416	334	319
344	32	34	487	428	169	266	236	397	239	369	437	375	441	187	469
345	454	328	393	208	50	403	341	246	215	409	475	63
346	385	386	260	166	417	328	393	394	471	81	210	246	87	280	91
347	1	419	262	167	370	404	183	281	282	379	253
348	492	270	400	401	148	421	435	316	195	196	201	463	468	472	357	364	365	112	499	511	127	124	381	255
349	288	480	387	356	133	358	135	330	467	536	435	564	408	250	444	125	190
350	1	197	422	424	143	339	342	218	286
351	225	423	264	436	396	145	308	503	440	185
352	473	227	388	198	457	202	267	367	305	498	23	299	442	283	445	478	383
353	1	290	326	199	233	362	429	438	312	220	446
354	506	392	228	488	337	72	459	241	465	182	407	452	314	378	222
355	1	194	104	279	413	400	337	307	182	247	378	317	254	223
356	288	292	455	330	395	364	205	270	461	435	467	118	216	324	349
357	400	324	316	496	364	460	270	461	112	337	178	307	472	489	348	511	124	499	127
358	480	1	482	387	133	135	303	564	318	184	250	349	190
359	225	1	264	426	331	272	243	436	309	159	157	158	191
360	389	457	298	299	300	237	494	175	464	517	244	26	283	508	445	415
361	193	483	457	458	299	300	47	305	306	403	500	341	214	215	410	442
362	1	290	452	327	392	353	241	312	58	314	446
363	483	165	390	520	428	76	301	302	335	240	377	474	62
364	288	195	356	357	124	461	270	499	435	348	511
365	1	201	271	304	463	219	348	381
366	1	229	463	304	401	186
367	352	512	227	388	198	458	267	204	334	305	498	398	23	473	442	427	478	479
368	481	420	293	422	296	234	235	434	462	113	338	374	477	490
369	34	519	169	428	301	430	239	335	495	469	438	375	344	429	207	220
370	1	419	293	262	296	434	282	347	380	189
371	1	289	425	396	272	339	213	150	185
372	384	1	322	406	294	321	170	268	278	447
373	482	387	456	263	264	297	423	303	433	338	248	217	414	491
374	224	481	420	293	422	423	424	297	490	235	338	493	368	456	242	308	425	507	286
375	1	34	326	284	332	397	369	469	438	344	187	220
376	384	385	322	260	37	454	497	328	470	453	171	268	484	334	208	273	54	505	409	251	447
377	432	390	449	520	363	76	302	240	274	474	285
378	1	354	355	327	392	241	337	465	182	279	413	459
379	448	1	323	221	466	275	404	406	183	347	253
380	1	293	422	434	462	370	342	282	189	286	287
381	1	421	201	365	271	468	463	348	317	255
382	1	415	265	340	310	244	283	445	383
383	352	1	227	388	202	478	310	473	283	445	382	319
384	1	453	294	170	268	273	402	372	376	447
385	448	322	505	260	485	454	328	394	210	275	532	471	376	484	346	221	447
386	417	546	235	420	166	456	107	172	269	526	338	276	510	471	280	346	414
387	480	482	571	164	358	263	521	491	303	591	433	212	373	408	580	250	443	412	349
388	352	1	198	202	427	367	343	473	383	319
389	517	486	360	428	266	300	237	239	464	518	437	508	298	542
390	432	483	391	520	363	335	240	306	377	285
391	432	258	483	390	520	431	240	306	214	410	252	285
392	1	354	452	327	362	241	465	314	378
393	417	291	454	328	403	246	471	345	346	411	510
394	448	385	420	485	296	234	466	336	210	275	532	502	471	280	346	476	477
395	261	521	274	408	164	555	557	439	569	570	443	449	581	455	330	461	591	467	216	292	95	480	315	356	115
396	1	425	436	272	371	308	213	503	185	351
397	1	325	236	332	469	375	344	441	187
398	512	427	458	267	204	334	367	305	341	409	251	479
399	417	418	291	525	269	451	431	443	211	276	181	411	412	285
400	1	194	355	357	316	413	307	472	348	317	421
401	288	1	196	229	201	523	435	366	463	304	147	148	527	516	444	348	190
402	384	1	453	294	333	334	273	416	470
403	393	513	291	510	454	328	361	458	471	431	259	500	341	246	215	345	410	411	475
404	1	379	262	419	336	466	275	183	347
405	1	325	298	464	340	437	311	415
406	448	1	322	323	321	372	379	221	447
407	524	531	533	452	295	430	312	313	314	450	324	455	329	459	461	337	474	222	354	228	465	488	489	501	506	509
408	480	387	164	261	521	330	395	467	212	250	443	349
409	512	475	470	454	458	334	208	497	534	341	398	376	345	504	251	479
410	258	259	391	520	361	457	483	431	306	403	500	214	215	543
411	417	291	513	259	393	525	451	399	403	181	431	510
412	514	387	263	521	269	451	399	433	211	212	443	525	414
413	1	194	355	459	460	400	337	307	472	378
414	417	386	451	166	456	107	172	269	433	338	276	373	248	514	412	510
415	1	360	298	464	340	405	244	283	445	382
416	320	1	427	333	334	402	238	470	343	479
417	386	291	166	393	399	451	276	510	246	471	346	411	414
418	443	261	525	399	432	211	212	439	431	92	285
419	1	262	296	434	336	466	370	404	347	476
420	490	386	515	502	296	234	235	546	526	477	368	456	338	374	471	280	394
421	1	316	492	317	400	468	472	348	381	255
422	1	293	481	424	462	368	286	342	374	380	350
423	482	264	297	522	491	493	303	560	456	308	373	374	503	440	507	351
424	1	422	481	425	339	286	374	350
425	1	481	424	339	396	493	371	308	213	374	503	286
426	1	359	225	264	331	436	309	440	157	159
427	416	1	388	398	367	334	343	473	479
428	389	518	519	266	529	239	540	542	552	300	301	430	561	437	335	469	344	474	483	486	487	363	495	369
429	1	353	430	207	369	438	312	495	220	446
430	295	488	428	301	302	207	369	530	529	446	407	312	313	474	495	509	429
431	513	258	259	391	520	525	418	399	432	403	500	181	410	411	252	285
432	449	418	390	391	520	525	431	439	377	252	285
433	514	387	580	263	456	521	491	269	373	248	412	414
434	1	419	293	296	476	462	368	370	380	477
435	288	539	195	196	444	364	461	516	463	401	492	467	536	356	527	348	349	511
436	1	225	264	426	359	396	272	503	440	185	158	351
437	1	325	486	487	428	266	236	464	405	344	441	298	389
438	1	326	353	429	207	369	469	375	495	220
439	449	418	261	520	521	395	525	581	557	432	274	594	569	443	92	285	575
440	1	482	423	264	426	556	303	560	436	309	503	184	318	351
441	1	325	487	266	236	397	437	344	469
442	352	512	457	458	299	367	528	305	498	361	537	478
443	418	387	261	521	395	514	399	211	212	439	408	525	412
444	288	516	523	527	401	435	564	536	349	190
445	352	1	360	457	299	494	464	415	478	283	382	383
446	1	452	353	488	362	429	430	495	312	314
447	384	1	322	484	448	385	268	372	406	376	453
448	1	322	484	485	385	394	466	275	406	379	221	447
449	450	455	520	554	395	557	302	432	274	439	377	474	315	285	574	575
450	449	295	329	554	455	524	557	302	531	407	474	315
451	417	514	525	269	399	276	510	411	412	414
452	1	354	488	392	362	465	407	312	314	506	446
453	384	1	484	497	273	402	470	376	447
454	385	505	553	513	328	393	471	535	208	497	403	409	376	345	538	475
455	449	450	489	324	555	545	356	554	395	524	461	557	407	329	292	315	533
456	577	386	515	420	423	297	490	491	548	514	558	541	433	338	546	373	374	510	507	522	414
457	352	483	517	360	361	458	299	300	549	494	445	528	500	537	410	283	442	478	543
458	512	549	550	551	361	398	367	528	305	403	500	341	457	409	442	475
459	1	354	465	489	460	337	501	407	378	413	222
460	1	357	489	459	496	337	307	472	413
461	395	270	533	407	536	539	545	547	555	559	435	324	455	329	467	356	357	489	364	496	499	511
462	1	293	422	481	490	368	434	380	477
463	1	516	201	492	365	366	304	401	435	468	348	381
464	1	389	486	360	437	298	494	405	508	445	415
465	1	354	452	392	459	501	407	378	506
466	448	1	419	485	394	336	275	404	502	379	476
467	288	480	555	356	330	395	461	559	536	435	408	570	539	349
468	1	421	492	463	348	381
469	1	487	519	428	397	495	369	438	375	344	441
470	416	1	453	497	334	273	402	376	409	504	479
471	385	386	513	393	394	526	403	532	280	538	544	417	420	553	563	565	566	568	454	328	346	502	505	510
472	1	357	492	460	499	400	307	496	348	413	421
473	352	1	388	427	367	498	512	479	478	383
474	520	557	529	530	531	430	407	295	552	554	428	301	302	561	562	574	449	450	483	363	377	509
475	512	513	550	454	551	553	458	535	497	403	500	341	534	409	345
476	1	419	296	394	466	336	434	502	477
477	1	515	420	296	394	462	368	434	526	502	476	490
478	352	1	457	494	367	498	537	473	442	445	383
479	416	1	427	512	398	367	334	470	473	504	409
480	1	482	387	358	521	330	395	556	559	591	536	467	564	408	570	571	349	318	491
481	1	422	424	425	490	493	462	368	374	507
482	480	1	387	358	423	491	556	303	560	373	440	571	318
483	517	390	391	520	361	583	363	300	572	573	335	561	306	500	457	410	428	540	474	542	543
484	448	1	322	453	385	485	497	376	505	447
485	448	1	484	385	394	466	532	502	505
486	1	389	518	487	428	464	437	508
487	1	518	486	519	428	469	344	441	437
488	1	354	452	524	430	495	531	407	312	313	314	509	506	446
489	1	324	357	455	329	459	460	461	496	337	501	407	222	533
490	1	515	420	481	456	462	368	374	548	507	477
491	480	577	482	387	580	423	456	297	522	567	514	303	560	433	373	521	571	541
492	1	516	421	499	463	435	468	472	527	348	511
493	1	481	425	522	423	308	374	503	507
494	1	517	360	457	464	537	508	445	478
495	1	519	488	428	429	430	369	530	529	469	438	509	446
496	1	357	489	460	461	337	499	533	472	511
497	1	484	453	454	534	535	504	470	505	376	409	475
498	352	1	367	528	512	537	473	442	478
499	1	357	492	364	461	496	472	348	511
500	513	578	483	549	582	551	520	457	458	583	431	592	403	361	410	475	572	543
501	1	489	459	524	465	533	407	506
502	544	1	420	485	394	526	336	466	532	471	476	477
503	1	423	425	522	396	493	560	308	440	436	351
504	512	1	534	497	470	409	479
505	1	484	485	454	385	535	497	532	471	376	538
506	1	354	452	488	524	465	501	407
507	1	548	481	456	490	423	493	541	374	522
508	1	389	486	360	518	494	464	517
509	1	488	430	495	530	531	407	474
510	546	417	386	451	513	456	393	514	526	525	579	403	589	558	566	471	568	576	411	414	565
511	1	539	357	492	364	461	499	496	547	435	533	527	348
512	1	550	458	398	367	528	498	534	473	504	409	442	475	479
513	578	411	589	454	551	520	553	586	587	525	431	592	579	403	500	565	471	475	510
514	576	577	590	451	580	584	456	521	491	525	558	433	510	443	412	414
515	1	546	420	456	490	526	548	477
516	1	523	492	463	401	435	527	444
517	1	483	389	518	360	457	300	494	537	508	542	543
518	1	389	486	487	300	519	428	542	508	540	517
519	1	518	487	552	428	495	369	529	469	540
520	513	390	391	525	410	557	431	432	561	439	573	574	575	449	583	585	587	588	592	474	483	363	500	377
521	480	571	514	387	580	581	584	395	525	590	591	433	594	439	408	443	412	491
522	1	423	456	567	491	493	560	503	507	541
523	1	516	527	401	564	536	444	190
524	1	450	455	488	545	531	501	407	506	554	533
525	513	514	520	521	399	411	412	418	431	432	439	443	575	576	451	584	587	588	589	593	594	510
526	544	1	386	515	420	566	546	502	471	477	510
527	1	516	523	492	401	435	564	536	539	444	511
528	512	1	549	550	457	458	498	537	442
529	1	519	552	428	430	495	530	474
530	1	552	430	495	529	562	531	474	509
531	1	450	295	488	554	524	562	530	407	474	509
532	544	1	485	385	394	502	471	505	538
533	1	547	455	489	545	524	461	496	501	407	511
534	512	1	550	551	553	497	535	504	409	475
535	1	454	553	497	534	505	538	475
536	288	1	523	461	467	527	435	564	480	559	539	444	349
537	1	517	457	549	494	528	498	442	478	543
538	544	1	454	553	471	563	532	535	505
539	1	547	461	467	527	435	536	559	511
540	1	483	518	519	552	428	561	573	542
541	1	548	577	456	522	491	558	567	507
542	1	483	517	518	300	428	543	540	573	389
543	1	483	517	457	500	537	410	572	573	542	549
544	1	566	526	563	532	502	471	568	538
545	1	547	455	554	555	524	461	557	533
546	1	386	515	420	456	526	558	566	548	510
547	1	545	555	461	559	533	539	511
548	1	546	515	456	490	558	507	541
549	1	578	582	550	551	457	458	528	500	537	572	543
550	512	1	549	551	458	528	534	475
551	1	578	549	550	513	553	458	500	565	534	475
552	1	519	428	562	529	530	561	474	540
553	1	454	513	551	535	563	565	534	471	538	475
554	562	1	450	455	524	557	449	531	545	474
555	1	547	455	545	395	461	557	467	569	570	559
556	480	1	482	560	564	440	571	318
557	1	450	555	455	449	520	585	554	395	562	545	439	569	474	574	575
558	576	1	514	548	577	456	546	566	541	510
559	480	1	547	555	461	467	564	536	570	539
560	1	482	580	423	567	522	491	556	503	440	571
561	1	483	520	585	428	552	562	474	540	573	574
562	1	552	554	557	561	530	531	474	574
563	544	1	553	565	566	471	568	538
564	480	1	571	358	523	556	527	536	570	559	444	349	190
565	1	578	579	551	553	563	513	471	568	510
566	544	1	546	526	563	558	471	568	576	510
567	1	580	577	522	491	560	541
568	544	1	579	589	563	565	566	471	576	510
569	1	555	581	395	557	594	439	570	575
570	480	1	555	581	395	559	467	564	569	591	571
571	480	1	482	387	580	521	491	556	591	560	564	570
572	1	483	549	582	583	592	500	573	543
573	1	483	583	520	572	561	585	540	542	543
574	1	449	520	585	557	561	562	474
575	1	449	520	585	588	557	525	594	439	569
576	1	514	577	584	525	558	589	593	566	568	510
577	576	1	514	580	456	491	558	584	590	567	541
578	1	579	549	582	551	586	592	500	565	513
579	1	578	513	586	589	565	568	510
580	1	514	387	577	521	491	590	591	560	433	567	571
581	1	584	521	395	590	591	594	439	569	570
582	1	578	549	592	500	572
583	1	483	520	585	587	588	592	500	572	573
584	576	1	514	581	577	521	525	590	593	594
585	1	583	520	588	557	561	573	574	575
586	1	578	579	513	587	589	592
587	1	583	520	586	588	525	589	592	593	513
588	1	583	520	585	587	525	593	594	575
589	576	1	579	513	586	587	525	593	568	510
590	1	514	580	581	577	584	521	591
591	480	1	387	580	581	521	395	590	570	571
592	1	578	587	582	513	520	586	583	500	572
593	576	1	584	587	588	525	589	594
594	1	581	584	521	588	525	593	439	569	575
