1	214021.717197
2	22.8144528199
3	124.675409701
4	21.0990804275
5	145.828095515
6	134.44231126
7	42.0695079255
8	108.883262612
9	39.5929390339
10	76.5056087045
11	78.2424232518
12	77.2453630487
13	174.571304167
14	63.5759892962
15	114.329569959
16	51.0644919085
17	11.1177573187
18	25.4732800283
19	29.5258473055
20	153.172033571
21	156.302588187
22	26.2666397598
23	71.5524709212
24	36.708969199
25	69.9657514581
26	79.6040000884
27	112.667802953
28	126.187081622
29	41.2868692714
30	27.9176856876
31	14.2697540899
32	72.9998163773
33	80.708271066
34	143.083499687
35	173.231169485
36	80.6761078337
37	241.009821143
38	50.3461797192
39	186.536026604
40	62.5146026283
41	20.3593260832
42	146.02107491
43	26.674040703
44	105.227375201
45	121.920092795
46	103.565608196
47	52.9621226177
48	147.018135113
49	151.07070239
50	30.3942545792
51	162.338554793
52	14.5377810262
53	57.0897374371
54	76.6771459437
55	10.3243975872
56	137.690797729
57	70.5232474857
58	172.909537162
59	272.647720707
60	76.259023923
61	8.22306640644
62	10.3780029745
63	71.4667023016
64	134.624569577
65	40.7186521664
66	212.963482526
67	104.005172371
68	69.3975343531
69	71.831218935
70	66.7601492997
71	81.5659572623
72	303.963987947
73	21.5815289128
74	385.615713829
75	252.116857384
76	100.713801593
77	16.1673847991
78	102.461337218
79	222.816152705
80	210.787103803
81	95.0423516207
82	64.8625185905
83	161.309331358
84	190.106145396
85	29.7724320869
86	123.538975491
87	153.686645288
88	41.7478756019
89	92.8659728977
90	80.2794279679
91	308.306024315
92	122.563357442
93	45.7146742595
94	48.684412714
95	292.256571368
96	167.924236146
97	80.1186118061
98	6.42192539434
99	197.182056515
100	75.8837862122
101	52.897796153
102	195.573894897
103	141.228753288
104	317.622640622
105	37.4058392334
106	106.792652509
107	88.6740316136
108	38.3707362042
109	100.906780987
110	68.3575898402
111	191.199695296
112	35.336671285
113	24.1117031918
114	32.5063068374
115	91.0433897307
116	28.9147458907
117	50.3997851065
118	74.5114882982
119	135.846772407
120	207.946018278
121	156.20609849
122	106.996352981
123	55.1385013407
124	126.648087952
125	61.1208625594
126	9.55248001061
127	189.70946553
128	185.185170845
129	51.7399197881
130	12.758082169
131	32.2382799011
132	173.745781203
133	187.854719131
134	93.2090473762
135	144.509402989
136	132.094395298
137	61.9892698331
138	161.577358294
139	110.738009012
140	13.6050472878
141	79.9685167218
142	38.8960689994
143	37.0413226
144	58.1296819501
145	246.488291721
146	16.9607445306
147	62.5682080156
148	24.5941516771
149	124.107192596
150	72.281504188
151	79.7112108629
152	131.097335095
153	63.0077721912
154	247.410304382
155	109.290663556
156	131.955021291
157	69.8370985287
158	59.3411637022
159	14.6235496459
160	257.541722575
161	86.8192852142
162	39.8073605829
163	22.9645479043
164	144.412913292
165	74.8545627767
166	124.589641081
167	148.84071828
168	105.012953652
169	239.101469356
170	268.337847571
171	14.2375908576
172	24.401172283
173	88.2023042057
174	232.368632716
175	62.0857595302
176	81.9948003604
177	16.9071391433
178	29.9010850164
179	464.061837552
180	44.353097423
181	158.468245832
182	19.0191914016
183	249.286492937
184	87.8913929595
185	289.211785372
186	183.201771517
187	115.305188007
188	205.212143527
189	183.866478319
190	94.6242296
191	214.79678677
192	232.036279315
193	185.270939465
194	134.796106816
195	103.319023414
196	115.959173731
197	185.142286536
198	140.156645543
199	183.051676432
200	102.933064626
201	159.240163409
202	120.569237036
203	178.066375417
204	145.506463192
205	112.689245108
206	170.186383489
207	317.697688164
208	133.145060889
209	277.01119923
210	213.220788385
211	285.845367051
212	191.993055028
213	161.29861028
214	198.33993288
215	84.6107432589
216	286.73521648
217	525.933175533
218	176.908499052
219	242.542935219
220	173.906597365
221	213.317278082
222	142.107881639
223	123.153016702
224	154.715868724
225	221.443854791
226	131.762041897
227	121.845045253
228	189.741628763
229	86.1116941023
230	147.436257133
231	193.783474963
232	176.190186862
233	134.517358803
234	145.25987841
235	139.07381672
236	88.6847526911
237	339.22561169
238	234.137610496
239	177.712579861
240	169.435908067
241	139.813571064
242	164.525654593
243	171.086953995
244	157.21387977
245	236.678505852
246	256.566104527
247	331.066871748
248	220.436073511
249	228.391112981
250	120.269046868
251	145.731605818
252	196.056343383
253	155.294806906
254	222.269377755
255	205.919734639
256	320.538773689
257	330.434328178
258	303.36360761
259	381.638194094
260	257.402348569
261	200.409100829
262	346.226475267
263	390.804715316
264	298.442633059
265	173.509917499
266	105.827755538
267	197.889647627
268	210.8835935
269	309.785533004
270	127.816685394
271	136.940322307
272	287.442807592
273	221.990629741
274	308.691983104
275	312.91608762
276	171.129838304
277	149.998594645
278	125.372279735
279	180.403570301
280	137.615750186
281	240.623862355
282	144.863198545
283	187.790392666
284	154.619379027
285	87.9771615792
286	177.305178917
287	132.083674221
288	226.472040117
289	413.89791615
290	95.2567731697
291	241.331453467
292	140.103040156
293	277.536532025
294	172.030408811
295	110.609356082
296	134.560243112
297	376.985246479
298	175.032310497
299	273.022958418
300	297.692157637
301	218.313300175
302	113.536210227
303	293.961222683
304	192.882904457
305	378.143122844
306	147.15750912
307	549.058539599
308	80.8476450729
309	175.621969757
310	121.105290909
311	129.574942097
312	129.103214689
313	137.283396785
314	163.818063482
315	98.3658856311
316	124.278729835
317	164.632865368
318	94.1632232695
319	119.325592052
320	260.168386551
321	277.879606504
322	106.213714327
323	181.679378518
324	213.049251146
325	133.230829508
326	92.5765038065
327	103.501281731
328	368.890833002
329	462.668097483
330	175.289616356
331	135.214228837
332	185.88204088
333	102.525663683
334	88.7919634656
335	212.481034041
336	135.503697928
337	229.881342747
338	206.316414505
339	164.311233044
340	106.824815741
341	255.933560958
342	122.391820203
343	133.648951529
344	121.201780606
345	86.1116941023
346	175.825670229
347	125.458048355
348	216.65153317
349	149.173071681
350	109.279942478
351	164.900892304
352	282.897070752
353	263.438315175
354	162.767397891
355	148.133127168
356	98.4409331733
357	198.082627021
358	162.917492975
359	251.527198124
360	179.803189964
361	141.207311133
362	183.308982291
363	274.566793571
364	176.543982418
365	157.674886101
366	148.71206535
367	541.425132453
368	245.995122159
369	93.9809649528
370	148.154569323
371	116.784696695
372	251.055470716
373	291.130858236
374	204.847626894
375	218.978006977
376	138.001708975
377	166.369679915
378	245.384020744
379	112.110306926
380	286.949638029
381	205.308633225
382	170.250709953
383	171.119117227
384	53.4445711031
385	151.949830741
386	247.528236234
387	224.552967253
388	150.770512221
389	291.216626855
390	248.117895494
391	217.605709063
392	119.936693466
393	197.28926729
394	170.325757495
395	136.640132138
396	126.594482565
397	280.324012163
398	124.375219532
399	574.145860839
400	229.163030557
401	145.495742114
402	143.126383997
403	285.073449475
404	176.726240735
405	122.863547611
406	124.493151384
407	164.997382001
408	69.5797926698
409	130.915076778
410	362.533234073
411	168.331637089
412	272.293925151
413	271.071722321
414	259.653774834
415	86.3797210387
416	146.642897402
417	672.833378794
418	149.215955991
419	192.797135837
420	155.680765695
421	211.451810605
422	231.993395005
423	144.906082854
424	215.343561721
425	125.039926334
426	200.666406687
427	118.382137236
428	172.266272514
429	225.089021125
430	198.983197527
431	106.267319714
432	201.309671335
433	141.9363444
434	309.678322229
435	229.988553521
436	132.780544255
437	257.488117188
438	325.191721304
439	116.634601611
440	299.750604508
441	140.263856317
442	146.921645416
443	130.207485666
444	133.606067219
445	143.008452145
446	104.819974258
447	133.563182909
448	149.869941715
449	156.259703877
450	224.102682
451	125.865449298
452	271.693544813
453	214.325059363
454	103.286860182
455	107.811154867
456	382.056316114
457	187.661739737
458	143.694601102
459	144.680940228
460	174.43193016
461	155.541391688
462	198.618680894
463	288.386262408
464	149.001534442
465	141.550385612
466	265.914884066
467	151.885504276
468	216.308458691
469	467.460419105
470	273.033679495
471	161.652405836
472	342.302560919
473	63.8225740776
474	146.857318951
475	175.997207468
476	147.993753161
477	149.333887843
478	337.767545156
479	93.4127478478
480	154.587215795
481	97.0900774142
482	178.666755754
483	223.620233514
484	127.623706
485	220.500399975
486	268.026936325
487	155.637881385
488	206.916794843
489	167.581161668
490	141.046494971
491	183.877199396
492	243.711532661
493	135.685956245
494	228.4768816
495	109.129847394
496	140.88567881
497	287.646508063
498	198.393538267
499	798.11988991
500	232.239979786
501	116.956233935
502	106.235156482
503	150.695464679
504	282.393180111
505	313.344930718
506	226.954488602
507	188.65879994
508	261.948085409
509	183.233934749
510	138.902279481
511	248.868370916
512	18.8262120074
513	127.805964317
514	140.564046486
515	190.234798326
516	326.939256929
517	235.788656423
518	103.790750822
519	271.37191249
520	163.153356679
521	104.198151766
522	299.246713868
523	154.748031956
524	224.188450619
525	38.3921783591
526	218.206089401
527	168.031446921
528	216.158363607
529	202.521153087
530	401.204160445
531	233.901746792
532	244.279749766
533	124.032145054
534	122.359656971
535	147.597073295
536	214.83967108
537	226.654298433
538	140.285298472
539	123.07796916
540	147.800773767
541	194.523229307
542	208.707214777
543	241.996160269
544	184.07017879
545	324.784320361
546	160.719672098
547	213.896216264
548	139.331122579
549	188.144188222
550	181.078998181
551	104.991511497
552	220.253815194
553	233.880304637
554	351.865762007
555	147.725726225
556	205.608823393
557	174.946541878
558	111.145409955
559	268.498663732
560	353.098685914
561	171.237049079
562	176.736961812
563	176.07225501
564	233.601556623
565	138.291178066
566	219.460455463
567	152.871843402
568	282.007221323
569	84.6536275687
570	145.806653361
571	139.684918135
572	193.75131173
573	73.8575025736
574	193.901406815
575	252.459931863
576	218.227531555
577	180.264196294
578	220.253815194
579	164.6650286
580	190.738688966
581	201.502650729
582	168.310194934
583	120.25832579
584	229.581152578
585	238.458204709
586	258.142102913
587	110.57719285
588	167.967120456
589	174.078134604
590	80.9119715376
591	147.768610534
592	488.173540744
593	247.914195023
594	214.721739228
595	69.7191666767
596	186.47170014
597	139.459775508
598	255.729860486
599	171.183443692
600	155.294806906
601	214.807507848
602	171.001185375
603	227.619195404
604	188.669521018
605	283.41168247
606	313.323488563
607	243.400621415
608	193.955012202
609	151.135028855
610	102.128983817
611	201.620582581
612	291.452490559
613	77.9422330832
614	170.47585258
615	95.428310409
616	224.338545704
617	134.206447556
618	164.397001664
619	208.256929524
620	218.688537886
621	181.014671716
622	213.349441314
623	191.049600212
624	237.182396492
625	160.966256879
626	102.332684289
627	152.12136798
628	165.994442204
629	198.940313217
630	142.279418878
631	85.1146338992
632	181.036113871
633	122.960037308
634	179.320741479
