1	2	3	4	5	6	12	17	18	27	33	36	45	52	58	72	73	83	95	100	118	124	131	146	149	167	179	183	192	194	197	199	201	208	209	211	213	214	215	216	219	222	225	229	240	246	260	264	266	271	280	284	288	292	313	318	320	322	332	334	335	338	343	344	348	349	353	354	355	362	365	372	373	377	378	396	407	410	411	412	413	414	419	440	443	450	459	465	466	467	472	475	477	479	481	487	489	493	496	500	510	517	522	524	525	533	534	540	543	549	552	553	560	562	569	570	571	573	574	581	584	585	589	590	593	598	600	604	606	612	614	618	621	628	629	635	644	649	650	651	653	655	662	665	666	667	675	676	678	679	681	682	691	695	697	698	704	708	718	719	720	723	724	727	729	731	734	738	742	744	747	753	762	768	769	775	777	781	782	786	787	790	793	794	795	796	799	801	803	808	813	814	817	821	822	824	826	831	832	835	840	843	846	848	851	857	861	868	875	876	877	878	880	882	883	884	887	888	890	892	894	895	896	899	902	904	907	908	909	910	911	914	916	917	918	920	925	926	927	928	931	932	933	935	936	938	939	941	943	944	945	946	947	948	949	950	952	954	955	956	960	961	962	964	965	969	971	973	978	980	984	985	986	989	991	993	996	997	998	999	1000	1001	1004	1005	1006	1007	1008	1009	1010	1012	1013	1015	1017	1018	1019	1020	1022	1023	1024	1025	1027	1028	1029	1030	1031	1032	1033	1034	1037	1038	1039	1040	1041	1043	1044	1045	1046	1047	1048	1049	1050	1051	1052	1053	1054	1055	1056	1057	1058	1059	1060	1061	1062	1063	1064	1065	1066	1067	1068	1069	1070	1071	1072	1073	1074	1075	1076	1077	1078	1079	1080	1081	1082	1083	1084	1085	1086	1087	1088	1089	1090	1091	1092	1093	1094	1095	1096	1097	1098	1099	1100	1101	1102	1103	1104	1105	1106	1107	1108	1109	1110	1111	1112	1113	1114	1115	1116	1117	1118	1119	1120	1121	1122	1123	1124	1125	1126	1127	1128	1129	1130	1131	1132	1133	1134	1135	1136	1137	1138	1139	1140	1141	1142	1143
2	1	419	8	215	313	219
3	1	5	7	9	362	215	412
4	1	11	229	219	413
5	1	3	6	9	362	14	372	252
6	280	1	252	5	372
7	3	9	10	363	13	215	412
8	2	347	379	10	11	15	419	215	313	219	395
9	3	5	7	412	362	363	13	14	252
10	512	419	230	7	8	363	13	15	215	379	412
11	347	4	229	8	237	16	219	413
12	288	1	396	268	237	18	21	22	414
13	230	7	9	10	363	14	274
14	5	9	362	363	13	527	274	308	25	26	252	415
15	379	420	230	8	307	10	395	16	19	347
16	453	307	11	237	15	19	20	333	347	29
17	320	1	27
18	32	1	33	12	396	22
19	420	230	395	15	16	307	220	30
20	35	453	265	237	333	16	21	297	29
21	35	268	12	237	20	297	31
22	32	268	18	396	12
23	320	337	252	525	336	241	280	27	28
24	224	34	420	230	400	274	30
25	224	37	14	274	275	308	341	26	447	415
26	37	28	14	275	308	25	252
27	320	1	36	337	40	42	525	17	465	562	23
28	39	336	241	275	308	23	26	252
29	528	550	265	333	16	307	20	474	220
30	321	34	420	230	41	610	307	400	19	24	474	220
31	35	38	231	297	268	237	46	244	21	441
32	33	38	327	396	268	50	49	18	22
33	32	1	327	396	50	18	52	373
34	24	41	400	224	30
35	265	43	244	21	297	20	31
36	1	353	40	45	465	562	27
37	224	47	48	275	308	341	25	26
38	32	327	231	268	49	31
39	48	241	275	28	261
40	289	36	353	42	45	337	465	53	55	27
41	224	321	34	262	47	400	56	30	351
42	289	337	40	241	54	55	27
43	352	65	35	424	265	44	494	51	244	309	297	57	60	364	437
44	352	57	43	220	265
45	1	36	257	40	75	334	353	53	58
46	389	231	437	51	244	309	342	217	60	62	31
47	224	68	37	262	41	48	341	281	442	59	351
48	261	39	460	301	47	275	341	397	281	59	61	37
49	32	64	389	38	231	551	327	401	50	217	314
50	32	33	354	355	70	327	235	49	52	373	314
51	244	43	60	309	46
52	1	354	355	33	72	50	373
53	257	289	40	45	353	465	55	380	63
54	448	289	67	261	42	381	241	61	69
55	289	69	40	42	53	380	63
56	321	66	68	262	41	258	526	461	469	57
57	352	65	66	321	220	43	44	461	526	309	56	364	60	286	469
58	1	73	75	365	334	45
59	71	301	47	48	397	281	61
60	65	513	43	364	46	238	286	51	78	342	57	383	62	309
61	67	261	71	425	460	301	48	54	59	381
62	74	78	238	46	342	217	383	60	309
63	257	69	76	53	55	380
64	70	401	74	366	49	310	217	314
65	66	43	364	77	238	57	60	286
66	65	258	77	461	56	57	253	286
67	69	425	301	79	80	402	54	381	61	382
68	258	262	71	47	242	469	374	56	281	442	91
69	289	67	580	530	476	76	402	79	305	82	382	54	55	506	508	380	381	254	63
70	64	355	452	232	74	235	622	401	50	310	314
71	68	301	397	81	242	374	281	591	59	61	94
72	1	355	235	83	52	344
73	1	75	365	343	88	58	284
74	64	70	328	366	78	84	85	310	217	62	383
75	257	73	76	45	334	365	86	343	88	58	367	477
76	257	69	75	367	305	82	86	506	380	63
77	65	66	97	364	258	238	89	90	253	286
78	421	328	74	238	529	84	366	89	383	60	62	255
79	67	69	402	80	82	254
80	384	98	67	290	79	81	402	301	254
81	384	98	71	301	80	94
82	259	69	76	79	305	86	92	93	254
83	72	1	235	100	344
84	99	328	74	78	85	255
85	99	232	329	74	328	276	310	84
86	298	75	76	367	305	82	343	88	477	93
87	96	232	235	344	368
88	73	298	75	270	477	86	343	443	284	93	95
89	97	421	449	104	331	77	78	285	238	509	253	255
90	576	97	258	862	845	385	105	554	109	462	77	784	625	449	285	277	630	91	253	605	863
91	385	258	68	102	105	242	462	114	90	250	94
92	259	101	103	330	305	82	254
93	416	259	103	298	269	367	305	82	86	88
94	384	98	591	502	102	113	521	71	301	495	81	242	374	250	91
95	1	225	106	270	338	88	443	284	298
96	375	232	107	108	110	368	306	276	87	344
97	104	77	109	285	89	90	316	253
98	384	290	422	113	521	111	80	81	502	221	94
99	331	104	329	107	239	328	84	85	276	255
100	1	322	108	83	344	124
101	490	290	357	103	330	455	111	112	501	119	92	221	254
102	385	516	417	429	495	113	114	502	535	250	91	94
103	416	259	101	330	269	112	315	92	93
104	97	99	331	109	239	515	121	120	89	509	316	285	255
105	128	385	109	429	114	277	90	91
106	226	423	298	269	270	116	117	398	95
107	96	99	329	110	239	306	276	311	376	122	126
108	96	481	322	100	110	399	306	375	344	123	479
109	576	97	130	630	104	105	509	625	277	438	120	90	316	285	575
110	96	107	108	399	306	123	126
111	98	101	290	125	113	119	221
112	323	101	103	330	455	269	116	119	293	315	127
113	129	98	516	422	102	417	302	111	114	243	502	221	125	94
114	128	129	102	385	105	141	429	113	277	417	91
115	225	134	137	270	496	369	338	117	118	348
116	480	226	293	135	106	140	269	398	112	339	315
117	226	134	423	137	106	270	369	115
118	1	131	134	115	348	349
119	323	132	101	357	136	234	455	111	112	221	127
120	130	515	484	104	233	138	331	109	386	430	438	121	251	316
121	356	133	104	233	331	430	239	120	122	251
122	356	133	107	239	311	376	121	126
123	481	322	266	108	110	399	146	282	124	126
124	1	322	100	481	266	450	282	123
125	132	422	302	111	113	243	221
126	139	133	294	107	110	399	497	306	403	311	122	123	282
127	112	136	323	293	119
128	129	130	291	390	105	141	142	144	114	277	438
129	128	417	141	113	114	243
130	128	386	138	109	142	144	277	438	120	316
131	1	134	143	149	118	349
132	357	358	422	234	302	125	147	150	119	221
133	227	356	294	393	426	139	148	311	121	122	251	126
134	131	359	137	483	143	496	369	115	404	117	118	348	349	159
135	323	293	140	145	339	116
136	482	323	357	234	558	145	387	245	278	119	536	153	127
137	161	226	483	134	359	361	423	140	369	115	404	117	152	532	317	159
138	130	484	233	386	303	144	431	120	155
139	227	133	294	393	146	148	282	156	126
140	226	324	135	137	145	339	116	361	152	317
141	128	129	291	390	417	439	429	142	114	243	277	151	523
142	128	130	291	390	267	141	144
143	131	134	359	168	149	246	349	159
144	128	130	390	295	138	267	386	142	303	431	438	537	155
145	323	324	135	136	491	140	339	278	153	387
146	1	294	266	139	271	282	123	156
147	132	358	234	531	245	150	536	158
148	227	133	392	426	139	154	251	287
149	1	131	349	246	143
150	228	485	358	586	427	302	531	147	406	279	132	538	157	158
151	162	291	164	141	243	439
152	324	137	140	361	161
153	387	263	136	234	145	245	278
154	163	392	233	171	303	304	227	148	299	251	287
155	160	299	165	295	138	267	303	144
156	163	517	294	393	139	271	432	146	227	247	335	510
157	162	228	486	296	427	302	243	150
158	641	150	169	586	531	147	245	406	279	408
159	161	134	359	168	137	172	143	246	300
160	291	164	165	295	394	267	176	155
161	418	324	166	359	137	172	178	405	300	152	361	159
162	291	164	486	451	296	439	174	272	243	151	548	157
163	227	170	171	432	433	247	154	156	287
164	160	272	162	291	295	456	394	267	174	176	451	151
165	160	304	295	360	394	299	173	176	181	409	155
166	161	324	470	263	175	178	405	278	283
167	1	271	179	247	335	318
168	359	407	300	143	246	183	216	159
169	175	177	245	406	279	408	158
170	163	171	332	433	247	248	444
171	163	360	170	173	304	433	182	248	185	154	444	445	287
172	161	300	240	178	249	159
173	304	171	165	360	299	176	181	182	409
174	272	162	164	456	394	463	176	340	184	218
175	504	166	263	169	588	177	245	408	633	186	283	319
176	160	164	165	295	394	173	174	340	181	409
177	325	169	175	464	504	180	406	279	408	186	319
178	161	418	166	193	300	503	172	405	470	471	249	283	350
179	1	332	318	222	167
180	256	195	388	325	296	457	464	177	435	279	568	186	187	511
181	165	360	173	176	340	182	409	345	188
182	544	473	360	444	171	173	181	345	312	185	188	445
183	192	1	168	300	240	467	407	216	410	543
184	642	195	391	296	457	174	463	272	218	187	189
185	440	171	312	466	182	248	188	445	190
186	193	196	325	175	177	180	283	319
187	195	388	391	296	457	180	184
188	473	340	181	182	345	312	185	191	446	223
189	195	198	391	370	184	218	191
190	248	185	260	312	201
191	198	202	428	370	340	345	218	188	189	446	223
192	240	1	410	197	183
193	196	200	203	204	434	178	371	249	186	283	350	319
194	1	260	222
195	256	388	326	198	391	206	273	435	180	184	564	187	189
196	256	193	325	204	186	346	319
197	192	1	410	240
198	195	326	391	202	428	205	206	370	189	191
199	1	487	458	203	240	209	249	410
200	193	203	204	207	208	434	371	533	350
201	1	260	312	377	411	190	223
202	198	459	428	205	211	377	191	446	223
203	193	199	200	458	487	589	208	209	533	249	350
204	256	193	196	200	207	264	210	371	346	319
205	198	326	519	202	459	428	206	211	213
206	195	326	198	519	236	205	273	499	212	213	564	378
207	292	200	204	208	264	371	436	346
208	1	643	292	200	649	682	203	589	207	209	371	436	533
209	1	487	203	589	208	533	199
210	256	488	264	204	236	273	498	214	346
211	1	202	459	205	213	377
212	214	378	236	213	206
213	1	519	459	205	206	211	212	378
214	1	264	236	590	488	210	212	378	570
215	1	2	3	7	8	10	419	379	412
216	168	1	407	246	183
217	64	389	231	74	551	46	401	49	468	366	342	62	383
218	391	174	463	272	370	340	184	189	191
219	1	2	4	8	11	524	313	347	413
220	352	321	550	265	44	307	19	57	474	29	30
221	669	98	132	101	358	422	490	555	613	290	111	113	531	119	536	125	357
222	1	194	260	332	472	466	179	248
223	201	202	473	312	377	411	188	446	191
224	545	34	37	41	47	400	561	274	341	24	25	634	415	351
225	1	348	270	496	338	115	284	95
226	480	423	137	106	140	398	369	339	116	117	317
227	163	133	392	393	426	139	432	148	247	154	156	542	287
228	486	296	427	150	279	157
229	288	1	4	11	237	413
230	512	395	420	10	363	13	15	274	19	24	379	30
231	389	38	327	268	46	49	244	441	217	602	31
232	96	452	70	520	235	368	276	85	310	87
233	484	138	430	303	120	121	154	251
234	387	132	357	358	136	558	531	147	245	119	536	153
235	354	355	452	70	72	489	622	368	232	50	83	500	87	344	314	635	520
236	488	498	206	273	210	499	212	590	214	378
237	288	571	229	268	453	11	12	621	16	20	21	297	441	347	413	414	31
238	65	421	449	364	77	78	513	89	507	60	253	62	383
239	640	514	99	356	454	104	329	107	331	376	121	122
240	192	1	503	197	199	300	458	487	172	467	708	723	183	249	410	543
241	448	289	261	39	42	336	337	275	54	23	601	28	541	447
242	258	68	71	623	546	462	591	374	250	91	94
243	129	162	439	486	417	616	427	141	302	157	113	596	151	125
244	35	437	389	231	424	297	43	46	51	309	441	602	572	31
245	641	387	406	263	136	169	234	175	531	536	147	278	408	153	586	158
246	1	359	168	143	149	407	216	349	159
247	163	517	167	444	170	332	335	432	433	227	156	318	549
248	260	170	171	332	440	466	472	190	312	185	444	445	222
249	193	503	199	300	458	203	172	240	178	471	350
250	385	102	623	462	495	242	591	91	605	94
251	577	356	133	392	233	426	484	430	303	148	120	121	154	287
252	5	6	9	362	363	493	14	527	336	308	23	280	372	26	28	541	540
253	97	66	554	449	258	364	77	238	461	630	89	90	507	285	286
254	384	290	101	330	402	79	80	305	82	501	530	92	69
255	449	99	421	454	104	329	331	78	328	84	89	509
256	736	195	196	325	713	204	498	685	273	210	435	180	388	346	539	319
257	353	552	553	75	76	45	334	365	53	367	380	63
258	66	68	554	77	462	461	242	546	469	374	56	90	91	253
259	416	103	508	330	269	367	305	82	315	92	93
260	1	194	440	201	312	466	190	248	411	222
261	448	39	425	460	381	48	241	275	54	61
262	321	611	68	41	526	47	400	469	374	56	281	442	351
263	387	470	166	587	588	175	657	547	245	278	633	408	153	283
264	1	292	488	204	590	207	210	436	214	346	570
265	352	35	550	424	297	43	44	333	494	528	20	220	29
266	1	450	294	271	146	282	123	124
267	160	291	164	390	295	142	431	144	451	537	155
268	32	38	231	584	396	650	327	12	237	21	22	441	602	414	31
269	416	480	259	103	106	695	653	398	367	112	116	631	315	298	668	93
270	225	522	423	106	398	496	369	338	115	117	88	443	298	574	95
271	1	450	294	167	266	335	146	156	510
272	162	451	164	296	174	463	456	184	548	218
273	256	195	388	582	326	236	498	206	499	210	435	564
274	224	512	420	230	545	363	13	14	400	24	25	639	415
275	448	336	37	39	447	460	48	241	308	341	25	26	415	28	541	261
276	96	99	452	232	329	107	368	520	306	85	310	375	376	478
277	128	385	130	390	105	523	556	109	141	114	438	576	429	90
278	387	324	166	263	136	688	145	547	245	470	657	153	735	405
279	228	406	486	296	169	427	464	177	180	150	538	158	511
280	320	1	6	493	336	372	23	252
281	591	68	262	71	397	47	48	341	374	442	59
282	481	450	294	266	139	399	593	146	403	123	124	126
283	193	518	166	263	588	434	175	178	470	471	504	633	186	350	319
284	1	225	73	338	343	88	443	95
285	97	449	104	109	509	630	89	90	316	253
286	352	65	66	364	77	461	57	60	253
287	432	163	392	171	303	304	433	227	148	559	154	251
288	1	229	12	237	571	413	414
289	448	69	337	40	42	241	465	53	54	55	505	380	381	382
290	384	98	101	422	521	490	111	80	530	501	221	254	613
291	128	160	162	451	164	439	390	267	141	142	151	537
292	1	264	649	207	208	436	570
293	480	482	323	659	135	455	578	112	339	116	315	127
294	450	133	393	266	139	271	146	403	510	311	282	156	126
295	160	176	299	164	165	456	394	267	303	144	451	431	155	597
296	162	228	486	457	463	272	180	279	184	548	187	157	511
297	35	453	424	265	43	237	333	528	20	21	441	244	572	31
298	653	522	612	106	269	270	367	398	86	88	477	443	604	93	95
299	165	295	360	394	492	173	303	304	431	409	154	155
300	161	418	503	471	359	168	618	407	172	240	178	467	183	249	607	543	159
301	384	80	603	67	71	425	460	397	591	48	81	402	59	61	94
302	417	132	422	358	616	427	613	157	531	113	243	150	636	125	485
303	304	386	251	484	295	392	233	138	299	492	431	144	687	632	559	154	155	637	287
304	171	165	360	299	492	173	303	433	567	632	409	154	559	444	287
305	416	259	580	69	476	330	76	530	367	624	82	86	506	508	92	93	254
306	96	375	107	108	110	399	497	276	478	311	376	126
307	528	420	395	333	15	16	19	565	599	474	347	220	29	30
308	37	28	14	527	336	275	25	26	447	252	541	415
309	352	513	652	43	364	46	51	244	437	342	494	57	60	62	383
310	64	452	70	401	232	329	74	366	592	328	563	276	85	478
311	356	133	294	393	426	107	557	497	306	403	542	376	122	126
312	260	569	201	440	628	182	473	248	185	411	188	445	190	223
313	1	2	419	8	524	347	219
314	64	354	70	327	551	235	622	401	49	50	500	373	475	629
315	416	480	259	293	103	330	455	269	398	112	659	116	631	668
316	97	130	515	104	109	430	509	438	120	285	575
317	226	483	324	423	137	140	594	339	532	361	595
318	1	517	167	332	335	179	247
319	256	193	539	196	325	518	609	204	685	175	177	434	371	504	186	283	346
320	1	493	525	336	17	23	280	27
321	352	610	550	262	41	526	400	56	57	474	220	30
322	1	100	481	108	375	344	123	124	479
323	656	482	387	357	293	135	136	455	578	558	112	145	339	119	491	127
324	161	387	166	361	491	140	547	688	145	595	339	405	278	152	317
325	256	196	568	464	177	435	180	504	186	539	319
326	195	198	391	620	519	428	205	206	273	370	564
327	32	33	651	389	38	231	584	396	551	268	49	50	373	677	314	475	602	629
328	449	99	421	454	648	329	74	331	78	563	592	529	366	84	85	310	566	507	509	255
329	640	99	454	328	107	239	592	276	85	310	376	331	478	255
330	416	624	259	101	103	668	490	455	112	305	530	501	315	92	254
331	514	99	356	454	615	104	329	430	239	328	515	121	120	89	509	255
332	1	517	170	472	179	318	247	248	444	222	549
333	528	453	265	16	307	20	565	297	347	29
334	1	353	553	75	257	45	365	58
335	1	517	167	271	510	247	156	318
336	320	337	600	252	493	525	241	275	308	691	23	280	601	28	541
337	448	289	601	465	40	42	525	336	241	562	23	600	505	27
338	225	1	522	270	496	115	443	284	574	95
339	480	226	323	324	293	135	361	423	140	578	145	594	595	116	317	491
340	608	360	394	619	690	174	463	176	456	370	181	409	680	345	218	703	188	191
341	224	37	646	460	397	47	48	561	275	447	645	281	25	442	415	671	351
342	513	389	437	46	468	309	694	217	60	62	383
343	1	73	75	365	86	88	443	284	477
344	96	1	322	355	100	585	72	489	235	108	368	375	83	87	479
345	608	360	428	370	340	181	182	473	409	703	188	446	191
346	256	685	196	709	264	713	204	435	207	488	210	371	436	498	539	736	319
347	419	395	644	453	8	11	524	237	15	16	307	724	565	333	599	313	219	413
348	1	581	134	225	496	115	404	118	349
349	1	131	246	134	359	143	404	149	118	407	348	606	581
350	193	518	487	200	458	203	434	727	178	533	471	249	283	670
351	224	706	611	645	262	41	646	47	400	561	341	442	634
352	321	715	707	550	265	43	44	461	494	309	364	57	526	220	286	469
353	1	36	257	40	553	552	45	334	465	53	380
354	1	355	235	50	52	373	500	314	475	629
355	1	354	70	72	489	235	50	52	344	500
356	577	514	133	454	615	426	331	557	430	239	674	311	376	121	122	251
357	490	482	323	132	101	358	455	136	234	555	558	531	119	536	221
358	132	357	422	234	302	613	531	147	150	536	221	485
359	161	418	134	617	168	137	618	407	300	143	404	246	361	607	349	606	159
360	544	608	473	299	165	567	171	492	173	304	340	181	182	409	345	444	445	638
361	161	418	324	359	137	140	688	594	339	404	405	617	152	532	595	317
362	1	3	5	9	363	598	14	527	372	534	412	252	540
363	512	420	598	230	7	9	10	13	14	527	274	534	665	412	639	252	362	415
364	352	65	707	750	513	554	43	652	77	238	461	309	494	57	507	60	253	286
365	1	553	257	73	75	334	367	573	343	58	477
366	64	452	529	328	74	78	401	563	468	622	310	217	383
367	416	257	653	259	506	508	298	75	76	269	365	305	573	86	553	477	380	93	604
368	96	375	452	585	232	489	235	520	276	87	344	635
369	226	483	134	423	137	679	270	496	115	117	574
370	825	804	198	326	391	620	428	690	463	564	340	663	664	345	218	703	189	446	191
371	193	643	583	200	204	685	207	208	434	436	533	609	346	319
372	1	5	6	540	362	493	280	252
373	1	354	33	327	584	396	50	52	314	475
374	258	68	262	71	546	591	242	469	281	442	623	94
375	96	481	322	731	614	520	585	108	399	368	306	276	344	672	478	479
376	640	514	356	329	107	684	557	239	497	306	276	311	122	399	478
377	704	1	201	202	459	428	211	628	793	411	446	223
378	1	519	459	236	206	499	212	213	214	729	794	590
379	512	419	420	230	8	10	395	15	560	599	215	666	412
380	257	667	716	69	289	552	553	76	353	465	53	55	505	506	367	769	382	63
381	448	289	67	261	647	425	716	402	579	54	505	476	61	382	69
382	289	67	69	476	716	402	505	506	380	381
383	513	421	74	78	694	529	366	468	238	342	217	60	62	309
384	98	603	521	290	301	80	81	402	94	770	591	530	254
385	576	102	105	429	462	495	625	114	277	535	90	91	250	605
386	130	699	484	390	138	430	303	144	626	654	438	120	537	431
387	641	587	323	324	536	263	136	234	491	558	656	145	547	245	278	408	153
388	256	195	582	391	457	664	273	435	180	568	564	187
389	677	327	551	231	468	46	49	244	437	342	217	602
390	128	523	386	291	267	556	141	142	144	277	438	439	537
391	642	195	388	326	198	457	463	664	370	564	663	184	218	187	189
392	227	484	426	303	432	148	726	559	154	251	542	287
393	675	227	133	294	426	139	557	655	432	403	542	311	156	510
394	160	164	165	295	456	299	492	174	431	176	689	660	340	597	409	637
395	19	512	379	420	230	8	419	15	307	565	599	474	347
396	32	1	33	584	268	650	327	12	18	373	22	414
397	603	646	71	460	301	686	591	48	341	281	442	59
398	480	226	612	678	423	106	522	269	270	653	116	695	315	298	574
399	672	481	738	731	614	593	684	108	110	497	306	403	478	375	376	282	123	126
400	224	321	34	611	420	262	545	41	711	610	526	274	24	706	634	30	351
401	64	452	70	551	366	49	468	622	310	217	314
402	384	770	67	69	743	425	301	79	80	530	579	382	730	603	476	381	254
403	450	294	593	393	557	399	497	510	311	282	655	126
404	418	483	617	581	134	359	137	496	532	361	697	348	349	606
405	161	418	324	470	166	617	361	688	178	278	471	735	607
406	641	721	169	586	464	177	658	245	150	279	408	538	158
407	1	359	168	618	300	246	183	216	349	606	543
408	641	387	263	169	587	588	175	464	177	722	245	406	504	721	700	158
409	608	304	165	689	360	394	299	492	173	176	456	660	340	181	567	680	345	638
410	192	1	708	197	199	458	487	240	467	183
411	1	260	569	201	440	628	473	312	377	446	223
412	512	1	3	7	9	10	363	560	419	534	215	665	379	362
413	288	1	347	4	229	571	11	524	237	219	453
414	288	1	12	650	396	237	621	268	441	571
415	224	545	363	14	527	561	274	275	308	341	693	25	639	447
416	653	259	103	668	330	269	367	624	305	631	315	508	93
417	129	516	422	102	616	523	759	141	302	429	113	114	243	758	439	636
418	161	617	359	361	503	300	178	404	405	471	532	607
419	1	2	379	644	8	10	395	524	560	599	215	313	666	347	412
420	512	545	610	395	230	307	363	15	400	274	19	692	599	24	474	379	30
421	449	507	513	328	648	238	529	78	566	89	255	383
422	417	98	132	613	358	521	758	290	302	221	113	772	502	516	636	125
423	480	226	483	747	679	137	106	522	270	369	594	339	117	398	317	574
424	683	836	265	43	494	528	754	244	437	297	602	572	725
425	448	67	261	647	743	460	301	61	402	579	603	381	671
426	577	674	227	356	133	392	393	557	148	726	311	484	251	542
427	228	485	486	616	302	733	243	150	279	538	157
428	704	198	326	519	202	459	620	205	370	628	377	345	703	793	446	191
429	576	385	516	102	417	105	523	556	141	759	114	277	535
430	577	386	515	356	615	233	331	484	654	438	120	121	251	316	575
431	386	267	484	295	138	299	492	303	144	626	451	597	537	687	394	637
432	734	163	517	392	393	675	718	559	433	227	542	247	156	510	287
433	432	163	517	567	170	171	549	718	559	304	662	247	632	444	734	287
434	193	763	518	583	200	860	727	751	371	670	533	609	283	702	350	319
435	256	736	195	388	325	582	713	752	273	498	180	568	346	539
436	643	292	709	877	264	649	682	685	207	208	488	371	921	346	795	570
437	513	683	836	389	424	43	652	46	694	244	309	342	468	602	815	494	677
438	128	576	130	390	556	109	386	144	277	430	120	537	699	316	654	575
439	627	417	162	291	548	486	390	616	523	141	451	243	596	151	537
440	1	260	312	466	569	248	185	411	445
441	453	231	297	650	268	237	621	244	602	572	414	31
442	611	68	646	262	623	469	397	686	47	712	341	374	281	591	351
443	1	522	612	604	298	270	338	343	88	284	477	95
444	544	472	549	360	567	170	171	332	662	304	433	466	182	247	248	676	445
445	544	440	472	569	360	681	171	662	312	466	676	182	473	248	185	444
446	608	473	411	793	620	202	428	753	370	628	377	345	191	188	703	223
447	448	705	645	561	460	527	241	275	308	341	25	671	541	415
448	289	716	261	337	425	647	460	541	241	275	755	54	601	505	705	671	381	447
449	421	328	509	630	238	253	566	89	90	507	285	255
450	1	294	481	266	271	593	403	282	655	124	510
451	162	291	164	295	456	267	548	717	431	272	627	596	597	439	537	463	732	637	661
452	672	592	70	232	235	366	368	401	563	276	622	310	478	520
453	528	571	781	724	297	714	524	237	333	16	725	20	565	441	347	572	413	621
454	640	514	515	356	615	328	329	331	239	592	566	696	509	255
455	673	482	323	293	357	330	555	112	659	757	119	631	315	668	490	101
456	451	164	295	680	394	619	174	463	272	689	340	597	409	661
457	642	739	388	486	391	296	664	463	568	180	184	548	187	810	511
458	487	708	199	203	727	240	467	670	503	723	471	249	410	701	350
459	704	1	519	620	202	428	205	211	213	729	377	378
460	448	737	816	261	646	647	425	743	301	686	397	48	275	341	603	671	61	447
461	352	66	707	554	715	364	258	526	797	469	56	57	253	286
462	385	258	845	623	841	554	546	605	784	872	242	862	250	91	90	830
463	642	451	548	391	296	457	619	690	174	717	272	456	370	340	661	663	184	218
464	721	325	568	722	177	658	180	406	279	408	504	539	700	538	511
465	1	667	36	289	40	552	353	337	562	53	505	27	380
466	1	260	440	676	472	662	569	248	185	444	445	222
467	1	708	458	503	300	240	723	183	410	543
468	389	529	778	551	694	366	677	401	437	342	217	622	383
469	352	258	611	68	870	262	711	712	841	554	715	461	526	623	749	546	374	56	57	442
470	518	166	263	751	688	657	178	735	405	278	471	633	283	701	670	607
471	418	518	458	300	751	178	670	405	470	503	249	283	701	350	607
472	1	549	332	466	662	248	444	445	222
473	544	608	360	681	753	628	182	569	312	345	826	411	188	445	446	223
474	321	610	420	710	550	714	395	528	307	692	565	599	827	220	29	30
475	1	354	327	584	651	373	314	629
476	579	580	69	730	716	530	305	402	505	506	381	382
477	1	298	75	365	367	86	343	88	443	604	573
478	640	672	452	520	329	746	684	399	592	306	276	310	375	376	731
479	1	322	614	481	585	108	375	344
480	832	226	659	747	293	678	423	679	269	398	594	339	116	631	695	578	315	574
481	1	322	614	108	450	399	593	375	282	123	124	479
482	673	578	323	293	455	136	555	558	656	659	757	766	357
483	581	134	423	137	679	496	369	594	404	775	697	532	317
484	577	386	687	392	233	138	760	430	303	632	626	431	726	120	559	251	426	654	767
485	358	616	586	427	302	531	150	792	538	636	733
486	162	739	228	439	849	296	457	427	748	717	733	616	658	243	596	279	548	538	802	157	511
487	1	708	199	458	203	589	240	209	533	727	410	350
488	709	264	713	236	498	590	840	210	436	214	346	570
489	1	355	585	235	368	500	344	635
490	669	673	290	357	455	330	555	613	501	668	221	101
491	688	578	323	324	785	843	387	558	656	145	595	339	547	766
492	360	394	299	303	304	687	660	567	632	409	431	637
493	320	1	540	525	336	600	691	372	280	252	541
494	352	652	683	550	424	265	43	364	528	707	309	437
495	385	837	102	521	779	591	502	535	250	623	605	94
496	1	483	581	134	225	679	270	369	338	115	404	348	574
497	738	684	557	846	399	593	306	403	311	376	655	126
498	256	582	812	488	713	236	590	499	840	273	210	435	564	728	346	794
499	519	840	236	206	273	498	564	590	728	729	378	794
500	1	354	355	489	235	622	629	314	635
501	290	101	521	490	669	624	530	745	668	330	254	613
502	98	516	422	102	521	779	495	113	819	758	535	772	605	94	837
503	418	458	300	786	240	178	467	723	471	249	607	701	543
504	609	539	325	518	839	844	588	175	464	177	722	408	761	283	700	702	319
505	448	289	465	476	716	769	337	562	755	787	601	667	380	381	382
506	769	580	69	552	476	76	782	367	720	305	716	553	730	380	508	382
507	449	421	513	328	554	364	630	238	509	648	818	756	750	566	788	253
508	416	720	259	580	69	698	553	653	782	367	624	305	790	631	506	668	573
509	449	515	630	454	104	331	109	328	818	773	566	89	507	316	285	575	255
510	1	450	675	517	294	393	655	335	432	403	271	156
511	739	486	296	457	464	658	180	279	568	538	700
512	545	395	420	230	796	10	363	813	560	274	692	599	665	666	379	412	639
513	750	652	421	648	437	364	238	694	529	788	309	342	764	507	60	383
514	640	577	674	356	454	615	331	684	557	239	696	376	800
515	773	454	615	104	331	430	696	774	806	654	566	120	316	509	575
516	417	102	422	759	429	758	113	819	502	535
517	734	1	675	549	332	718	335	432	433	510	247	156	318
518	609	588	751	434	670	470	471	504	633	283	702	350	319
519	704	916	741	326	620	459	428	205	206	499	564	213	728	729	378	794
520	672	731	452	232	585	235	622	368	744	276	375	635	478	799
521	384	783	98	603	772	613	422	871	779	290	495	530	501	502	770	591	94
522	1	612	678	423	298	270	338	398	443	574
523	417	820	390	616	759	556	429	141	596	277	439	537	847	732
524	1	419	644	453	571	724	219	313	347	413
525	320	1	493	336	337	562	23	600	601	27
526	352	321	610	611	550	262	711	715	461	749	400	469	56	57
527	768	545	861	639	540	362	363	14	719	561	691	308	693	598	447	252	541	415
528	453	550	424	265	714	683	333	494	710	307	565	297	474	572	29	725
529	513	421	328	778	366	648	563	468	78	694	622	798	383
530	384	290	580	69	521	330	874	770	783	624	305	402	501	745	730	603	476	669	254	613
531	669	641	866	586	357	358	234	780	302	613	792	147	245	150	536	636	221	158	485
532	418	483	617	137	775	594	404	361	697	317
533	1	643	487	200	583	203	908	589	208	209	434	371	727	682	350
534	1	362	363	598	665	412
535	576	385	516	102	842	556	429	495	819	502	759	879	605
536	641	834	387	357	358	136	234	555	866	558	669	531	147	245	791	221
537	523	627	386	291	699	390	267	556	431	144	626	451	596	438	439	820	687	732	637
538	802	485	486	586	427	464	721	658	406	279	792	733	150	511
539	256	609	325	839	685	464	568	752	435	504	761	346	700	736	319
540	1	362	493	527	691	372	598	719	252	541
541	448	705	561	540	493	527	336	241	275	308	691	693	777	600	601	252	861	447
542	674	227	822	392	393	426	557	559	432	675	821	726	311	655	734
543	1	503	618	183	300	240	786	467	723	407	607
544	608	676	360	681	182	567	473	762	444	445	638
545	224	512	610	931	420	904	850	813	527	400	561	274	692	693	634	639	828	829	768	415
546	258	870	712	841	554	462	623	872	242	469	374	855
547	688	387	324	263	587	656	657	278	785	491
548	162	451	486	296	457	717	748	642	463	272	849	739	596	439	858
549	1	517	332	718	433	662	247	472	444
550	352	321	610	707	922	901	710	711	265	683	494	528	725	852	526	474	220	29	715
551	651	389	49	778	327	622	814	401	468	629	878	217	314	817	677
552	1	353	553	257	769	720	465	506	667	380
553	1	698	353	552	508	257	365	334	367	720	506	380	573
554	750	258	707	845	841	715	364	461	462	797	546	469	630	90	507	253
555	673	482	357	455	490	558	669	791	536	221
556	576	865	390	842	523	429	759	820	277	438	535	537	699
557	514	356	393	426	684	674	846	655	497	403	821	311	376	738	542
558	555	482	323	357	641	136	234	491	834	656	387	791	536	587	673
559	848	432	675	484	822	392	760	718	303	304	433	734	726	632	542	287
560	512	1	419	665	666	379	412
561	224	545	829	645	705	527	693	351	341	634	415	541	447
562	1	667	36	337	777	525	465	787	601	600	505	27
563	672	771	452	328	648	366	592	529	622	310	746	798
564	897	388	391	273	664	930	804	326	811	812	370	825	195	582	206	728	740	741	519	620	498	499
565	827	644	453	714	395	333	528	835	307	692	599	724	474	347
566	449	515	421	454	328	765	592	648	818	756	696	507	509	773
567	544	803	676	689	360	492	824	304	433	660	662	632	409	444	638
568	752	739	388	325	582	457	810	873	464	435	180	761	664	740	539	700	511
569	1	676	681	440	466	628	312	473	411	445
570	1	292	709	264	649	590	488	882	436	214	795
571	288	1	781	453	524	237	621	724	413	414
572	868	453	424	297	650	621	781	528	754	244	725	441	602
573	604	1	653	553	365	367	698	508	477
574	480	1	747	678	423	522	679	398	496	369	338	270
575	576	515	630	806	109	430	625	654	438	699	316	509	773
576	385	891	865	842	759	556	109	429	784	625	277	438	535	90	699	605	575
577	833	514	484	615	426	674	430	654	726	856	356	251	767
578	480	832	482	323	293	747	843	491	656	594	339	659	595	766
579	770	647	425	743	716	402	854	730	476	381
580	69	476	782	624	305	530	745	506	508	730	927
581	1	483	679	496	404	697	348	349	606
582	388	713	664	811	812	752	273	498	435	564	568	740
583	609	643	908	434	371	533	727	763
584	1	742	327	268	650	651	396	373	602	475
585	1	731	614	520	489	368	744	375	344	635	479
586	641	485	780	721	658	531	245	406	150	792	538	158
587	641	834	547	263	588	558	656	657	722	387	408	721
588	867	518	263	587	844	175	504	722	702	408	633	283	657
589	1	708	487	682	203	208	209	946	533	727
590	1	709	264	794	236	840	488	498	499	214	378	795	570
591	384	603	837	71	623	521	779	301	686	397	242	871	789	374	281	250	495	442	94
592	640	672	771	452	566	454	328	329	746	648	563	756	310	696	765	478
593	481	450	614	1	738	399	497	403	282	655
594	480	578	483	747	423	808	361	843	679	688	775	595	339	532	617	875	857	317
595	578	843	324	361	491	688	785	594	339	875	317	766
596	627	451	548	486	616	523	748	717	847	243	439	537	732
597	451	838	295	456	394	717	776	431	689	627	660	661	823	732	637
598	768	1	362	363	527	534	665	719	540	639
599	512	347	420	395	419	813	835	307	692	565	644	474	379	666
600	1	777	525	493	336	337	562	691	601	541
601	448	705	337	777	525	336	241	562	691	888	755	600	505	892	541	787
602	651	836	389	742	327	424	650	231	268	815	584	754	851	244	437	918	441	572	868	677
603	384	737	770	647	425	743	460	301	686	397	816	402	871	789	521	591	530
604	1	612	298	653	477	367	698	443	573
605	576	385	879	837	842	462	495	784	625	819	502	535	90	623	250	830
606	1	581	359	617	618	801	404	407	697	349
607	801	418	359	617	618	503	300	880	786	405	470	471	735	701	543
608	409	544	907	753	360	681	680	628	690	340	638	473	345	762	826	446	703
609	643	763	518	583	839	685	434	371	504	761	539	702	319
610	321	420	710	550	545	711	526	400	850	692	474	827	828	634	30
611	706	646	262	711	712	749	526	400	469	853	442	686	351
612	1	678	298	653	398	695	443	604	522
613	864	290	772	422	358	807	521	490	302	669	530	531	501	758	919	783	636	221
614	481	738	1	585	399	593	375	731	479
615	640	577	514	515	356	774	454	833	924	331	674	430	856	654	696	800	767
616	417	523	485	486	809	427	748	302	759	243	596	758	439	847	636	733
617	801	418	880	359	361	618	775	857	688	594	404	405	697	532	735	606	607
618	1	359	617	300	786	407	607	801	606	543
619	642	689	456	463	680	690	340	661	663	859
620	704	804	741	326	519	459	428	753	370	564	920	793	446	703
621	1	868	453	650	237	781	441	571	572	414
622	520	778	529	366	798	799	672	551	941	817	563	950	314	452	70	468	401	235	878	500	629	635
623	546	830	837	712	462	495	872	242	789	469	374	855	250	591	442	605	686
624	416	580	910	668	330	782	305	530	501	790	745	890	508
625	576	385	863	891	773	806	865	923	109	784	630	90	699	605	575
626	386	699	484	654	431	537	687	637
627	451	823	717	596	661	439	537	732	597
628	608	1	569	681	428	753	473	312	377	826	411	704	793	446
629	1	354	635	651	878	327	551	622	817	500	814	314	475
630	449	863	773	845	509	554	109	750	253	625	818	90	507	285	575
631	416	480	455	668	269	653	659	757	790	695	890	315	508	831
632	848	803	484	492	718	559	304	433	687	660	662	567	760	303	637	895
633	867	518	263	588	175	657	470	283	751	702	735
634	224	545	610	645	646	711	706	400	561	828	829	351
635	1	817	520	489	235	622	368	744	500	629	585	799
636	417	866	613	422	807	616	809	780	302	733	531	758	792	669	485
637	451	838	776	394	492	431	626	660	597	632	537	303	732	687
638	608	544	676	689	360	680	660	567	824	409	762
639	512	545	931	904	828	363	813	527	274	692	693	598	665	796	768	415
640	800	514	771	454	615	329	746	684	239	592	696	376	924	478
641	834	387	886	721	586	587	780	866	558	536	531	245	406	791	408	957	158
642	739	548	391	457	810	619	717	463	664	915	661	663	184	858	859
643	609	583	948	649	682	908	685	208	371	436	533	921	763
644	1	419	524	835	724	565	599	666	347
645	705	805	646	561	341	693	869	634	351	671	829	447
646	737	706	611	645	460	397	686	829	816	341	869	442	671	634	351
647	448	737	579	716	743	425	460	755	885	854	603	381	671
648	513	771	421	328	778	694	592	529	563	756	566	889	788	507	764	893	798
649	1	643	292	709	948	682	877	208	882	436	921	570	795
650	1	868	742	584	268	396	621	851	441	602	572	414
651	1	677	742	551	584	327	814	629	602	475
652	513	898	707	836	750	905	683	364	494	815	788	309	694	764	437
653	416	1	612	604	298	695	269	398	367	790	631	698	508	573	831
654	577	386	515	484	806	774	615	430	687	626	438	699	767	575
655	1	450	675	593	393	557	846	497	403	542	738	510	821
656	673	482	547	785	491	387	578	558	657	323	791	587	834	766
657	688	834	547	278	263	844	587	588	656	785	722	867	470	633	735
658	802	739	486	881	586	464	721	406	792	538	700	511
659	480	832	482	747	293	455	938	695	578	757	631	315	766	831
660	896	803	776	876	394	492	760	687	689	824	597	567	632	409	637	638	895
661	642	451	934	838	935	456	619	717	463	689	627	597	823	858	859
662	1	803	676	549	632	718	824	433	466	567	472	444	445
663	642	391	619	690	463	370	664	825	859
664	642	388	582	391	457	810	825	370	915	564	663	568	740	859
665	512	1	598	796	363	560	534	666	412	768	639
666	512	1	419	644	813	560	835	599	665	379	796
667	1	769	552	716	465	562	787	505	380
668	416	673	864	964	831	455	745	490	269	669	624	501	790	631	890	315	508	330	757
669	864	673	866	772	613	807	668	490	555	874	783	791	530	531	919	501	745	536	636	221
670	939	708	518	458	727	751	434	723	470	471	860	701	350
671	448	705	645	646	647	425	805	460	755	885	341	869	737	447
672	899	452	894	520	746	684	941	622	399	592	744	563	798	950	375	731	478	799
673	864	482	455	490	555	558	656	757	791	668	669	766
674	800	577	514	928	356	822	615	426	684	557	846	911	821	726	833	542
675	734	1	517	393	559	432	510	822	655	542	821
676	544	1	803	681	466	662	567	824	569	762	444	445	638
677	651	389	742	551	778	327	918	814	815	851	468	437	694	602
678	480	1	612	522	747	398	695	574
679	480	1	483	581	423	808	747	496	369	594	775	697	574
680	608	907	945	456	619	914	689	690	340	887	824	409	762	859	638	703
681	544	1	676	826	628	473	569	762	445	608
682	1	643	649	908	589	208	436	533	948	1019
683	707	836	550	424	905	652	494	528	754	852	437	725
684	640	672	514	911	943	746	557	846	399	497	894	674	376	738	731	478	800
685	256	609	643	709	763	839	877	925	371	436	921	346	539	736	319
686	737	706	611	646	623	460	397	591	816	712	789	855	442	603
687	699	484	838	913	776	492	654	431	760	626	660	632	537	303	732	637	767
688	547	324	278	785	361	491	880	657	594	595	405	470	617	875	857	867	933	735
689	896	838	935	456	394	619	876	776	680	914	887	660	597	567	824	409	859	638	661
690	608	1010	804	680	619	973	463	945	370	340	663	825	859	996	703
691	1	861	777	493	527	336	600	601	719	540	541
692	512	545	610	835	420	904	813	909	850	565	599	474	827	639
693	768	545	931	645	861	705	936	527	561	883	805	829	415	541	719	639
694	513	898	677	648	778	652	815	529	468	437	342	889	764	383
695	480	1	612	678	747	269	398	653	659	631	832	831
696	640	800	514	515	773	454	615	592	774	771	566	924	765
697	1	483	581	679	617	775	404	532	801	606
698	1	508	653	782	720	790	553	604	573
699	576	865	386	806	913	556	654	687	625	626	820	942	438	537	767	732	575
700	739	504	721	873	810	722	464	568	658	982	408	761	539	881	958	511
701	939	708	458	471	751	786	723	470	503	735	670	607
702	609	867	518	839	844	903	588	751	434	504	633	1018	763	860
703	608	804	945	680	620	907	428	690	753	370	340	920	345	826	996	446
704	1	741	519	620	459	428	947	628	729	377	916	793
705	448	645	936	777	805	861	561	755	693	888	601	671	541	926	447
706	816	611	900	869	646	711	712	686	400	853	634	828	829	351
707	352	715	550	652	554	683	364	461	494	951	788	750	905	852	922	797
708	1	487	458	939	589	240	786	467	723	727	410	701	670	946
709	736	999	488	649	685	590	877	840	436	713	346	795	570
710	610	901	550	711	714	528	850	852	725	474	827
711	610	611	710	550	715	706	526	749	400	850	469	901	634	828	853
712	816	546	611	900	869	870	974	976	706	686	623	749	469	855	442	853
713	256	736	709	582	488	940	811	812	877	752	840	498	435	921	346
714	835	453	710	781	528	724	565	949	917	852	474	827	884	725
715	352	707	901	550	711	974	841	554	461	526	749	469	922	975	797	853
716	448	769	962	579	902	647	730	380	955	892	755	885	854	787	505	506	667	476	381	382
717	929	642	451	548	934	486	823	748	463	849	627	596	597	739	858	732	661
718	848	1	803	549	559	432	433	662	632	734	517
719	768	1	527	691	693	598	883	540	861
720	1	769	552	553	782	506	508	698
721	641	834	886	881	586	587	780	722	970	464	792	658	406	408	953	538	700	957	958
722	834	657	844	970	587	588	464	504	953	408	761	721	700	958
723	1	708	458	240	786	467	503	701	670	543
724	1	571	644	453	714	524	781	835	884	565	347	917
725	868	453	550	424	714	683	781	528	710	754	852	949	884	572
726	928	577	674	484	965	833	392	426	912	559	848	856	822	760	542	767
727	1	939	708	487	458	583	908	589	751	434	533	670	763	860	350	946
728	897	930	741	998	519	840	811	812	498	499	564	916	794
729	704	1	519	459	499	916	378	794
730	1024	769	770	579	580	902	745	874	716	530	782	783	402	1012	1013	854	506	955	476	927
731	672	1	738	899	614	520	585	684	846	399	744	894	375	478
732	847	451	838	913	523	748	717	942	687	823	627	596	597	820	537	699	637
733	802	485	486	807	616	809	906	427	748	849	792	538	636
734	848	1	675	517	718	559	432	433	822	542
735	880	867	278	617	939	944	751	688	657	786	405	470	857	633	701	933	607
736	256	709	839	713	940	685	877	752	435	873	921	346	539	925	1022
737	869	646	647	937	743	460	686	816	755	885	603	671
738	1	731	614	593	684	557	846	399	497	655
739	929	642	548	486	881	457	810	972	717	849	658	981	982	568	858	802	700	511
740	897	966	582	873	810	811	752	664	915	564	568	825
741	704	897	804	519	620	920	947	564	728	793	916
742	1	677	584	650	651	814	851	602
743	737	770	579	647	425	871	460	816	402	789	854	937	603	885
744	672	1	731	520	585	899	635	799
745	864	580	910	1000	1001	874	890	782	624	530	501	964	730	668	669	927
746	640	672	771	894	967	924	684	592	563	798	950	991	899	478	800
747	480	1	578	843	678	423	808	679	594	659	695	574	832
748	548	486	616	809	906	717	847	849	596	823	732	733
749	611	900	870	711	712	841	974	715	526	975	469	853
750	513	707	364	554	652	845	987	818	788	630	951	507	988	797
751	993	867	518	727	939	971	944	434	702	470	471	633	1018	860	701	670	735
752	736	740	582	839	713	811	940	435	873	568	761	539
753	608	1	804	620	628	793	920	473	826	446	703
754	961	836	424	683	852	725	868	602	572	884	949
755	448	705	962	805	647	716	787	885	854	601	888	505	737	892	989	926	671
756	771	967	648	893	592	818	788	566	889	507	765
757	864	673	482	964	455	969	938	791	659	631	890	668	766	831
758	417	516	613	422	807	616	809	1002	919	983	968	819	502	759	772	636
759	576	417	1003	516	616	809	842	523	556	429	847	1002	819	820	758	535	879	983
760	912	895	484	965	776	1048	687	848	913	660	726	632	980	559	767
761	609	994	839	873	810	844	752	568	722	982	504	539	700	958	959
762	544	1	676	680	681	907	887	824	608	826	638
763	609	643	583	839	908	685	434	995	903	727	921	948	860	925	702
764	513	898	648	778	652	788	694	889
765	771	773	967	592	818	756	566	696	924
766	832	673	482	843	932	984	969	938	491	578	656	785	595	659	757	791	952	834
767	913	577	484	806	774	615	654	687	912	856	726	760	699	865
768	1	931	545	904	527	883	693	598	665	719	796	639
769	1	902	552	892	716	782	720	787	505	506	667	380	730
770	384	1024	579	743	521	871	1071	530	783	1041	402	1043	1013	854	730	603
771	640	967	648	746	893	592	563	756	950	696	924	765	798
772	864	871	963	502	422	807	968	521	1002	779	783	819	758	919	669	613
773	992	865	515	566	774	967	988	891	765	625	818	806	630	696	1014	863	924	509	575
774	992	1058	515	773	806	615	654	912	856	696	924	767
775	1	483	679	808	617	875	880	594	532	857	697	801
776	896	1028	838	913	935	687	689	660	597	760	980	1045	637	895
777	1	705	861	888	562	691	600	601	541	787
778	898	677	551	648	941	622	815	529	468	814	694	889	878	764	954	798
779	1026	879	772	837	871	990	521	1002	591	1139	1074	819	789	502	495	963
780	641	866	807	586	970	721	531	886	792	636	957	881
781	1	868	453	714	621	724	725	884	571	572
782	1	580	902	769	730	745	720	910	624	790	506	508	698	927
783	864	770	963	772	613	871	521	874	530	1043	1013	730	669
784	576	923	842	462	625	862	90	891	605	830	863
785	688	834	547	932	933	843	491	656	657	595	984	875	1008	867	766
786	1	708	801	618	939	880	723	503	543	701	735	607
787	1	769	777	716	562	755	505	888	601	667	892
788	513	898	707	987	967	648	905	652	750	818	756	951	889	507	764	988
789	1026	837	743	937	779	686	623	816	871	855	591	603	990
790	1	508	653	782	624	910	631	698	668	890	831
791	864	641	834	964	1062	673	1032	969	555	866	558	656	757	886	536	1031	669	766
792	802	485	807	968	586	983	780	866	906	957	721	658	531	919	538	636	733	979	881
793	704	1	741	620	428	753	947	628	920	377	446
794	1	998	519	840	812	590	498	499	916	728	729	378
795	1	709	999	840	649	877	590	882	436	570
796	512	1	904	813	665	666	768	639
797	707	987	841	554	715	461	750	845	1011	951	922	975
798	672	771	648	746	941	622	893	529	563	950	889	954	778
799	672	1	899	817	520	941	622	744	950	635
800	640	833	514	1007	615	956	746	684	674	911	856	1015	696	943	924	894	991
801	1	775	617	618	880	786	697	606	607
802	739	486	881	906	972	849	658	981	982	792	538	733
803	896	1	676	876	718	848	824	660	662	567	632	895
804	897	996	741	1010	620	690	753	370	947	564	920	825	703
805	705	645	936	1005	989	978	755	885	693	869	829	926	671
806	992	865	515	773	774	913	654	912	625	1075	575	699	767
807	866	772	613	968	809	906	983	780	669	758	919	792	636	733
808	1	843	775	747	679	594	875
809	807	616	906	983	748	847	849	758	759	636	733
810	642	739	740	881	457	972	664	915	982	873	568	761	858	700
811	897	930	740	966	582	713	940	812	752	915	564	873	728
812	930	1060	998	582	840	713	811	940	877	498	564	1033	728	794	1050
813	512	1	835	545	904	909	692	599	666	796	639
814	1	677	742	551	778	651	878	815	851	629	918	954
815	898	836	677	1006	778	652	814	918	437	694	602	954
816	737	706	869	646	743	712	937	460	686	976	789	855	603
817	1	878	551	941	622	629	635	799
818	992	863	566	967	845	750	765	756	630	788	507	988	509	773
819	779	516	502	1002	535	879	758	759	772	605	837
820	865	1003	977	842	523	556	942	847	823	759	1016	537	699	732
821	928	1	674	675	833	557	846	655	822	911	542
822	928	1	674	675	965	559	848	734	726	542	821
823	934	838	977	748	717	942	847	849	627	820	597	732	661
824	1	803	676	680	887	876	689	660	662	567	762	638
825	897	740	1010	690	370	915	564	663	664	804	859	996
826	608	1	681	907	753	628	920	473	762	703
827	960	610	835	901	710	714	909	850	692	565	852	474	997	1029	949	917
828	545	706	931	900	711	904	1034	1004	610	986	850	853	634	829	639
829	545	706	931	900	645	646	936	1034	561	978	693	869	634	828	805
830	1026	923	837	872	842	1035	1036	462	623	784	879	605	862
831	832	1	938	631	653	659	757	790	695	890	668
832	480	1	578	843	938	747	659	695	952	766	831
833	800	577	674	928	615	911	821	726	856	943	956
834	641	867	1008	721	969	587	844	558	656	657	722	1017	984	886	791	536	953	1044	785	766
835	960	1	644	714	813	909	692	565	599	724	666	827	917
836	961	898	868	1030	424	905	683	652	1006	815	754	852	437	918	602
837	1026	879	872	779	1036	623	855	819	789	502	495	591	605	830
838	1028	934	913	776	1045	935	1037	942	687	689	1064	661	823	985	858	859	732	637	597
839	736	609	994	763	903	873	844	685	752	1009	1022	504	761	539	925	702	959
840	1	1060	709	998	999	488	713	812	877	590	498	499	1033	728	794	795
841	546	870	872	554	715	749	462	845	1042	1011	469	975	797	862
842	576	865	923	1036	1002	535	556	879	784	1003	820	759	1016	891	605	830
843	832	1	578	747	932	952	808	491	785	594	595	875	766
844	834	867	839	903	588	1008	657	722	958	953	504	761	1018	702	959
845	841	554	750	818	1011	462	630	90	987	988	797	862	863
846	1	674	911	943	684	557	655	497	821	738	731	894
847	977	1003	1105	849	616	809	906	523	748	823	596	981	983	759	820	732
848	1	803	822	718	559	760	726	632	965	734	895
849	929	802	739	548	934	486	809	906	748	717	847	977	981	823	733
850	960	545	610	1051	900	901	710	711	904	909	692	853	986	827	828	1029
851	1	868	677	742	650	814	918	602
852	961	707	836	550	710	997	905	714	683	1052	754	1030	725	949	922	827	1020	1054	901
853	706	611	900	901	711	712	715	749	974	850	1051	828
854	871	1024	770	579	1056	743	937	647	716	962	1041	755	885	1067	730	955	1023
855	976	546	837	870	712	937	1026	686	623	816	872	789	1021	990
856	800	577	1058	928	965	774	615	956	912	1027	726	1015	924	833	767
857	1	944	933	880	775	617	875	688	594	735
858	929	642	739	548	934	838	1059	810	972	717	915	661	1046	985	859
859	945	642	838	935	680	619	914	973	689	690	915	661	1046	663	664	825	858	985	1010
860	993	867	1089	903	1039	1038	939	908	946	971	751	434	995	670	727	1018	763	702
861	1	705	883	777	527	936	691	693	888	719	541	926
862	872	841	1035	1036	845	462	784	1042	1011	90	923	988	830	863
863	992	923	773	1035	845	784	625	818	630	1014	90	891	988	862
864	1043	673	866	963	772	613	1077	1031	745	874	919	1069	783	1001	757	791	964	668	669	1013
865	576	992	891	773	806	913	842	556	942	625	820	1014	1016	699	767
866	864	641	1061	1062	807	1032	919	780	957	792	531	886	791	536	1017	1031	636	669	979	1063
867	944	834	933	785	844	971	588	751	688	657	633	1008	860	1018	702	735
868	1	836	961	650	621	781	754	851	884	725	918	602	572
869	737	706	900	645	646	712	937	976	1084	1005	1053	816	978	805	1078	885	1055	1034	829	671
870	546	712	841	749	974	975	976	872	1042	1011	469	855	1021
871	783	770	963	772	743	521	779	1071	591	1041	1074	1043	1067	789	854	937	603	990
872	546	837	870	841	1036	1026	462	623	1042	862	855	1021	830
873	736	994	740	966	839	972	810	811	940	752	915	982	568	761	700	1022
874	864	1000	745	910	783	530	1043	1012	1013	1001	730	669	927
875	1	932	933	775	808	843	688	785	594	595	857
876	896	1	803	935	689	914	660	887	824
877	736	1	709	1033	999	840	713	940	812	685	948	882	436	649	921	1050	795
878	1	551	778	941	814	817	629	954	622
879	1026	837	535	842	779	1036	1002	819	759	1016	605	830
880	1	944	775	617	939	688	786	857	607	801	735
881	802	739	1094	810	780	957	970	721	658	981	982	1080	792	700	906	958
882	1	999	649	877	570	795
883	768	1	931	936	719	693	861
884	1	868	961	714	781	754	724	725	949	917
885	1056	737	962	805	743	937	647	716	1005	755	854	869	1023	989	926	671
886	641	834	1063	1032	969	780	866	1072	721	1017	1044	791	953	957
887	1	945	680	907	876	689	914	824	762
888	1	705	777	787	755	601	892	861	926
889	1025	898	1057	1049	967	648	1065	778	941	1040	756	694	951	788	954	764	893	798
890	1	964	1000	745	938	910	624	1001	757	790	631	668	831
891	576	865	773	842	1035	784	625	1014	1016	923	863
892	1	962	902	769	716	787	755	888	601	926
893	1025	771	967	648	941	1040	756	950	889	798
894	672	1	899	991	1007	746	684	846	943	731	800
895	896	1	803	1028	965	776	848	760	660	632	980
896	1	803	1028	935	776	876	689	660	1045	895
897	930	740	741	966	1066	811	1010	996	915	564	825	728	804	916	947	998
898	1057	836	1030	905	778	652	1006	815	788	694	951	889	954	764	1054	1049
899	672	1	991	744	746	950	731	894	799
900	706	1090	869	712	1034	1004	749	974	976	850	1082	853	1078	986	1051	828	829
901	1051	550	710	711	1052	715	974	975	850	852	853	1070	922	827	1029	986	997
902	1	962	769	716	782	730	955	892	927
903	995	839	844	908	1038	1009	1018	763	860	925	702	959
904	768	1	931	545	828	1004	813	909	850	692	986	796	639
905	898	707	836	1030	683	652	788	951	852	922	1054
906	802	1105	807	809	1080	1079	748	957	847	849	981	983	792	733	881
907	608	1	996	680	945	887	920	762	826	703
908	1	643	1089	583	1039	682	903	1038	1019	1009	946	995	948	533	727	1047	763	860	925
909	960	1	835	904	813	850	692	986	827
910	1	1000	745	874	782	624	790	890	927
911	800	1	674	928	833	684	846	943	821	956
912	992	1058	1027	774	806	913	1048	856	1075	980	726	760	965	767
913	992	865	1028	838	806	1110	776	1048	942	687	912	1016	1075	980	1014	760	1076	699	732	1093	767
914	1	945	935	680	876	973	689	887	985	859
915	1088	897	642	1059	740	966	929	873	810	811	972	1010	1046	664	825	858	859	1066
916	704	1	741	897	519	947	728	729	794	998
917	960	1	835	997	714	724	949	884	827
918	1	836	677	961	814	815	851	1006	868	602	954
919	864	866	963	772	613	1062	807	968	1002	1031	1069	1106	979	1077	758	792	1092	669	1061
920	1	804	741	907	620	753	947	793	826	996	703
921	736	643	649	1047	940	685	877	1009	436	713	948	1050	763	925	1022
922	707	901	550	905	1103	715	974	975	1083	852	1070	951	1112	987	1052	797	1054
923	1137	842	1035	1036	784	625	830	1014	1016	891	862	863
924	640	800	1058	771	1025	773	774	615	1097	746	967	1068	1007	856	1098	1015	696	992	1073	765	991
925	736	1	1019	1089	903	940	839	908	685	1009	948	1047	921	763	1022
926	1	962	805	705	936	989	755	885	888	892	861
927	1	580	902	1000	745	874	782	1012	910	730	955
928	1	674	1027	726	833	911	821	822	856	956	965
929	1059	739	934	977	972	717	1101	1037	849	915	981	858	1087
930	897	1060	998	966	940	1066	811	812	1102	564	728
931	768	1	545	904	1034	1004	936	978	883	693	828	829	639
932	1	843	933	875	785	984	952	766
933	1	867	932	1008	875	688	785	944	984	857	735
934	929	1059	838	977	1064	1101	717	942	1037	849	661	823	985	858	1086	981
935	896	1	838	776	876	1037	689	914	661	985	859	1045
936	1	931	805	705	989	861	978	883	693	829	926
937	1056	737	1067	976	869	743	871	1005	1071	816	1074	789	854	855	1109	1055	1084	990	885
938	832	1	964	969	659	757	952	890	766	831
939	1	944	708	993	971	946	751	880	786	727	1039	860	701	670	735
940	736	930	1060	966	713	811	812	877	1102	752	873	921	1050	925	1022
941	672	1	778	622	1040	817	878	950	889	954	893	798	799
942	865	1099	1028	934	838	977	1064	1116	1003	1104	913	820	1045	1110	823	1016	1076	699	732	1086	1093
943	800	1	833	684	846	911	1015	1007	956	894
944	1	867	933	939	971	751	880	857	1008	1018	735
945	1	996	1010	680	907	914	973	690	887	859	703
946	1	708	939	908	589	1039	727	860
947	704	1	804	741	998	897	1066	916	920	793	996
948	1	643	999	649	682	908	877	1019	1047	921	1050	763	925
949	1	997	961	714	754	852	725	884	827	1020	917
950	672	1	771	1025	967	746	941	622	1040	899	991	893	798	799
951	1057	898	707	967	905	1095	750	1083	1091	788	1065	889	922	987	797	1054
952	832	1	932	969	938	843	984	766
953	1072	834	1100	970	844	1008	721	722	1044	886	1081	1018	957	958	959
954	1	898	1006	778	941	878	815	1040	814	918	1049	889	798
955	1024	1	962	902	716	1012	854	730	1023	927
956	800	1	928	833	911	1027	1015	856	943
957	641	866	1094	721	968	1100	906	1063	780	1072	881	979	1080	886	983	792	953	970	1079
958	881	1100	970	844	721	722	1081	982	953	761	700	1117	959
959	994	903	839	844	1009	1081	982	953	761	1018	1117	958
960	1	835	997	909	850	917	986	827	1029
961	1	836	1030	1006	754	852	949	918	868	1020	884
962	1024	1	902	716	755	885	854	955	892	989	926	1023
963	864	1026	1139	772	1122	871	1002	779	1106	783	1074	1043	1077	919
964	864	1	1031	1032	745	938	969	1001	757	791	890	668
965	928	1	912	1027	726	1048	848	856	980	822	760	895
966	1088	897	930	740	873	1066	811	940	994	1102	915	1118	1046	1050	972	1022
967	1025	771	773	788	924	1065	1073	818	950	951	1085	1095	1096	1097	1098	987	988	991	992	746	765	756	889	893
968	1092	772	807	1127	1002	983	1106	979	758	919	792	1079	1111	1115	957
969	1	834	964	1032	938	984	757	886	791	952	1017	766
970	1094	881	1100	780	1117	721	722	982	1081	953	957	958
971	1	867	993	939	1038	751	944	1018	860
972	1088	929	802	739	966	1059	873	810	994	915	981	982	858	1087
973	1	1010	914	945	690	1046	985	859
974	1090	900	901	870	712	715	749	1070	975	976	1042	1082	1108	853	1112	1113	922	1051	1021	1119
975	901	870	841	715	749	974	1103	1042	1011	1108	1112	922	987	797	1119
976	900	869	870	712	937	974	816	1109	1078	855	1113	1082	1084	1021	990
977	929	1003	934	1105	1064	983	1101	942	847	849	1099	1107	820	981	823	1086
978	1	931	869	936	1034	1053	1005	989	829	805
979	866	1092	1061	1063	968	1079	919	792	957
980	1	1028	965	776	912	913	1048	760	895
981	1105	929	802	739	1094	934	881	906	977	972	1101	847	849	1107	982	983	1080	1087
982	1088	802	739	1094	873	810	972	994	1117	1100	881	981	761	1087	700	970	958	959
983	1105	807	968	809	906	1003	1002	847	977	1080	1114	981	758	759	792	1079	1111	1115	957
984	1	834	932	933	969	1008	785	952	1017	766
985	1	1059	934	838	935	973	1037	914	1046	858	859
986	960	1	900	901	904	1004	909	850	1051	828	1029
987	1120	1091	967	1103	1095	845	750	975	1011	788	951	922	1083	988	797
988	992	1120	1124	773	967	1096	1035	845	750	1128	818	1011	788	1095	987	862	863
989	1	962	805	936	1005	978	755	885	926	1023
990	1121	1026	871	937	779	1133	976	1074	1139	789	855	1084	1021	1109
991	800	1	899	1025	967	746	1068	1007	1073	950	924	894
992	865	1058	1124	773	806	967	1096	988	1098	1035	912	913	818	1075	1014	1097	774	924	1125	863
993	1	971	939	1038	751	1018	1039	860
994	1088	966	839	873	972	1009	1118	982	1132	761	1117	1022	959
995	1089	903	908	1038	1009	763	860
996	897	804	1	1066	907	1010	945	690	947	920	825	703
997	960	1	901	1052	1029	852	949	827	1020	917
998	1	930	1060	897	840	1066	812	1102	947	916	728	794
999	1	709	840	1033	877	882	948	1050	795
1000	1	745	874	910	1012	1013	1001	890	927
1001	864	1	964	1031	1000	745	874	1069	1013	890
1002	1026	772	779	1036	919	819	963	1111	758	968	842	1106	983	1114	1122	1126	1127	1003	879	1142	759	1016
1003	1099	1126	1105	1129	842	983	942	847	1104	977	1131	820	759	1016	1114	1116	1002
1004	1	931	900	904	1034	986	1051	828
1005	1056	1	805	1055	937	1053	978	885	1023	989	869
1006	1	898	836	1057	1030	961	815	918	1049	954
1007	800	1	1068	943	1015	924	894	991
1008	1	834	867	933	844	944	785	1044	1081	1017	984	953	1018
1009	1	994	995	1089	903	1132	839	908	1038	1117	1081	1047	921	1018	925	1022	959
1010	897	804	1	1066	973	945	690	915	1046	825	859	996
1011	1120	1138	870	1128	841	1103	1035	845	1134	975	1042	1108	1135	987	988	797	862	1119
1012	1024	1	1000	874	1013	730	955	927
1013	864	1	770	1024	1000	1001	874	1069	783	1041	1043	1012	730
1014	992	865	923	1124	773	1137	1130	1035	913	1075	1110	1016	891	1125	863
1015	800	1	1058	1027	924	1068	943	856	1007	956
1016	865	923	1110	1126	1137	1104	1129	842	1003	1036	942	879	1035	913	1131	820	1130	1014	891	1116	1002
1017	1	834	1072	1063	1032	969	866	1008	1044	886	984
1018	1	867	1008	1089	903	971	844	1038	751	944	993	1009	1081	953	860	702	959
1019	1	682	908	948	1047	925
1020	1	997	1030	961	852	949	1052	1054
1021	1121	1026	1123	870	872	1136	1133	974	976	1042	1109	855	1113	990	1119
1022	736	1	994	966	839	873	940	1009	1132	1047	921	1050	925	1118
1023	1024	1	962	1056	1067	1005	1041	885	854	955	989
1024	1	962	770	1041	1012	1013	854	730	955	1023
1025	1	967	1065	1085	1040	1073	950	889	924	893	991
1026	779	1036	1042	789	1074	830	963	837	855	990	1121	1122	1123	1126	872	1002	879	1136	1139	1141	1142	1021
1027	928	1	1058	965	912	1048	1075	1015	856	956
1028	896	1	838	776	942	913	980	1045	1048	1076	895
1029	960	1	1051	901	1070	850	986	827	1052	997
1030	1	898	836	1057	961	905	1006	852	1020	1054
1031	864	1	866	964	1061	1062	1032	1001	791	1069	919
1032	1	866	964	1062	1031	969	1063	886	791	1017
1033	1	1060	999	840	812	877	1050
1034	1	931	900	869	1004	1053	978	1078	1051	828	829
1035	992	923	1124	1128	1036	1134	1137	1042	1011	1140	830	1014	1016	891	988	862	863
1036	1026	837	1126	872	1129	842	1035	879	1136	1137	1042	1140	830	1143	1016	923	1002	862	1141
1037	1	1059	838	934	935	1064	1101	1045	985	1087	929
1038	993	995	1089	1	971	908	1039	1009	903	1018	860
1039	1	1089	993	939	908	1038	946	860
1040	1	1057	1025	1065	941	950	1049	889	954	893
1041	1024	1	770	871	1067	1071	1043	1013	854	1023
1042	1026	1123	870	872	841	1035	1036	974	975	1136	1138	1011	1140	1134	1135	1021	862	1119
1043	864	1	770	963	871	874	1069	783	1041	1074	1013	1071	1077
1044	1	834	1072	1008	1081	886	953	1017
1045	896	1	1028	838	935	776	1037	942	1064	1076
1046	1088	1	1059	966	1066	973	1010	915	985	858	859
1047	1	1132	908	1009	948	921	1050	1019	925	1022
1048	1	1027	1028	965	912	913	1075	980	760	1076	1093
1049	1	898	1057	1006	1040	889	954
1050	1	1060	966	999	812	1047	940	877	1102	948	1118	1033	921	1022
1051	1	1090	900	901	1034	1070	1004	974	850	853	1078	986	1029
1052	1	901	1029	852	1070	922	1083	1020	1054	997
1053	1	869	1034	1005	978	1078	1055
1054	1	898	1091	1030	1057	905	1052	852	1070	951	922	1083	1020
1055	1056	1	869	937	1005	1078	1084	1053
1056	1	937	1067	1005	885	854	1055	1084	1109	1023
1057	1	898	1091	1030	1065	1006	1040	1049	951	889	1054
1058	992	1	1027	774	1097	1098	1068	912	1075	1015	856	924
1059	1088	1	934	929	972	1037	915	1046	985	858	1087
1060	1	930	998	840	812	940	1102	1033	1050
1061	1	866	1092	1062	1031	1063	1069	979	919	1079
1062	1	866	1061	1031	1032	791	919	1063
1063	1	866	1061	1062	1032	1072	979	886	1079	1080	1017	957
1064	1	838	934	1037	942	1101	977	1076	1045	1086
1065	1	1091	1057	1025	967	1040	951	889	1095	1085
1066	1088	1	930	996	998	966	897	1102	1010	915	1046	947	1118
1067	1056	1	871	937	1071	1041	1109	854	1023
1068	1	1058	1097	1007	1073	1015	924	991
1069	864	1	1092	1061	1031	1001	1043	1013	919	1077
1070	1	1090	1083	901	974	1112	922	1051	1052	1054	1029
1071	1	770	871	937	1067	1041	1074	1043	1109
1072	1	1063	1100	1044	1081	886	953	1080	1017	957
1073	1	1025	1097	967	1068	924	1085	991
1074	1	1026	963	871	937	779	1122	1071	1139	1043	1077	990	1109
1075	992	1	1058	1027	1093	806	1098	912	913	1014	1048	1110	1125
1076	1	1028	1093	1064	1099	942	913	1045	1048	1086
1077	864	1	1122	963	1092	1069	1074	1043	1106	919
1078	1	1090	900	869	1034	976	1082	1051	1084	1053	1055
1079	1	1092	1061	1063	968	906	979	983	1080	1115	957
1080	1105	1	1094	1063	906	1079	1100	1072	881	1107	981	983	1115	957
1081	1	1089	1072	970	1100	1008	1009	1044	953	1018	1117	958	959
1082	1	1090	900	974	976	1108	1078	1113	1084
1083	1120	1	1091	1070	1103	951	1112	922	987	1052	1054
1084	1056	1	869	937	976	1109	1078	1113	1082	990	1055
1085	1	1025	1095	1096	1065	1098	967	1073	1097
1086	1	934	1105	1064	1099	1101	942	977	1107	1076
1087	1088	1	1059	1094	929	1100	972	1037	1101	981	982	1117
1088	1	994	1059	1046	966	1066	972	1102	915	982	1117	1118	1087
1089	1	995	1117	1132	908	1038	1039	1009	1081	1018	860	925
1090	1	900	1070	1108	974	1078	1112	1082	1051
1091	1120	1	1083	1057	1065	1095	951	987	1054
1092	1	1061	1127	968	1079	1069	1106	979	1077	919	1115
1093	1	1099	942	1104	913	1075	1076	1110	1048	1116
1094	1	970	1100	1101	881	1107	981	982	1080	957	1087
1095	1120	1	1091	967	1096	1065	951	987	988	1085
1096	992	1	1124	1095	1120	1098	967	988	1085
1097	992	1	1058	967	1098	1068	1073	924	1085
1098	992	1	1058	1124	1125	967	1096	1097	1075	924	1085
1099	1	1093	1105	1003	942	977	1076	1116	1086
1100	1	1094	970	1117	1072	982	1081	1080	953	957	958	1087
1101	1	1094	934	929	1064	1037	977	1107	981	1086	1087
1102	1088	1	930	1060	966	998	1066	940	1050	1118
1103	1120	1	1083	1135	975	1011	1108	1112	922	987
1104	1	1131	1093	1130	1003	942	1110	1016	1116
1105	1	1099	906	1003	847	977	1107	981	983	1080	1111	1115	1116	1114	1086
1106	1	1122	963	1092	1127	968	1002	1077	919
1107	1	1094	1105	1101	977	981	1080	1086
1108	1	1090	1135	974	975	1011	1112	1113	1082	1103	1119
1109	1056	1	1121	937	1067	1133	1071	976	1074	1139	1113	1084	1021	990
1110	1	1093	1130	942	1104	913	1075	1014	1016	1125
1111	1	1126	1127	968	1002	1105	983	1114	1115
1112	1	1090	1103	1070	975	1108	974	922	1083
1113	1	1123	1133	974	976	1108	1109	1082	1084	1021	1119
1114	1	1131	1126	1129	1002	1003	1105	983	1111	1116
1115	1	1092	1127	968	983	1105	1079	1080	1111
1116	1	1003	1093	1099	942	1104	1105	1131	1016	1114
1117	1088	1	994	1089	1132	970	1100	1009	1118	982	1081	1087	958	959
1118	1088	1	994	966	1066	1132	1102	1050	1117	1022
1119	1	1123	1138	974	975	1042	1011	1108	1113	1135	1021
1120	1	1091	1124	1095	1096	1135	1103	1083	1011	1128	987	988
1121	1	1026	1123	1133	1136	1139	1109	1142	1021	990	1141
1122	1	1026	963	1127	1002	1106	1074	1139	1077	1142
1123	1	1026	1138	1121	1133	1136	1042	1113	1021	1119
1124	992	1	1125	1137	1096	1120	1098	1035	1134	1128	1014	988
1125	992	1	1124	1014	1098	1137	1075	1110	1130
1126	1	1026	1127	1129	1002	1003	1036	1141	1142	1111	1016	1114	1143
1127	1	1122	1092	1126	968	1002	1106	1142	1111	1115
1128	1120	1	1124	1035	1134	1135	1138	1011	988
1129	1	1131	1126	1130	1003	1036	1137	1143	1016	1114
1130	1	1014	1129	1131	1104	1137	1110	1016	1125
1131	1	1129	1130	1003	1104	1016	1114	1116
1132	1089	994	1	1009	1118	1047	1117	1022
1133	1	1123	1121	1109	1113	1021	990
1134	1	1124	1128	1035	1138	1137	1042	1011	1140
1135	1120	1	1128	1138	1103	1042	1011	1108	1119
1136	1	1026	1123	1121	1036	1138	1042	1140	1141	1021
1137	1	1124	1125	1129	1130	1035	1036	1134	1140	1014	1143	1016	923
1138	1	1123	1128	1134	1135	1136	1042	1011	1140	1119
1139	1	1026	963	1121	779	1122	1074	1109	1142	990
1140	1	1035	1036	1138	1134	1136	1137	1042	1141	1143
1141	1	1026	1126	1121	1036	1136	1140	1142	1143
1142	1	1122	1126	1121	1002	1127	1026	1139	1141
1143	1	1126	1129	1036	1137	1140	1141
