1	59.0109625874	60.5452535775	26.1067011866
2	74.6604891026	2.9476156455	1.30173934487
3	61.9110707819	3.98559475526	2.50079785079
4	85.8801489465	5.34061435102	1.72918153749
5	56.0519504768	5.61638069045	2.84892314712
6	50.009950058	7.73418596226	1.83198726679
7	64.8543296865	7.76829428704	2.11309734609
8	75.5275306682	8.20892038482	3.32915564944
9	59.6170334696	9.03851478512	2.93025757142
10	69.0050695589	10.0664508737	3.53304889342
11	85.2643136304	9.94876017344	2.64513627158
12	98.5820431292	12.5940382276	2.45715235096
13	63.7792621739	12.3092104642	1.36115278037
14	57.5430860241	13.2646243909	2.81322372706
15	75.6453127009	12.9808354171	3.06956248259
16	83.3133454695	14.1312046608	2.15641641649
17	37.2450048818	15.7267365598	0.661176912572
18	104.070941252	16.136918826	1.49357716882
19	75.9952764049	17.0918084869	2.19546890072
20	87.0436765035	17.706577517	2.54777589685
21	93.5149034478	17.3700628325	1.06980161646
22	100.999201605	17.3276500429	1.10126362605
23	42.7670715821	18.445612757	1.95017387181
24	67.6420538943	18.6586630155	3.42707801542
25	58.8175368791	19.413189286	3.77159087576
26	53.9559768495	18.8299766528	0.971151482248
27	36.4491541082	20.3266090982	4.0175961244
28	48.6754212073	20.4417578927	2.13328869839
29	81.7728832419	20.5624064054	4.58798466375
30	72.6951393525	21.7155490432	4.05380832901
31	95.1718993227	21.2809906773	2.70903131373
32	104.215036085	21.6249585191	0.914819317715
33	108.677209753	21.8998280749	2.48406275168
34	68.19115794	22.0566001604	1.52170928967
35	88.7718412353	21.5316034397	0.753540486787
36	32.2065345966	23.9805131726	4.52352537707
37	58.0878965704	23.4974857329	1.60508359993
38	100.746513226	23.6242640741	0.475292173085
39	49.8234977882	26.2290922811	0.879394748554
40	35.294289919	26.4775794001	2.45723389362
41	67.8955284505	26.4132999133	1.94795595506
42	40.3370094962	26.934290587	1.40119172519
43	86.2213146152	27.7835408083	3.62322914345
44	81.6990195954	27.6692564568	1.76674344822
45	28.1198324378	28.7005773866	2.2912148045
46	94.6221047598	28.6784397746	2.77357303281
47	61.7939119769	29.048390193	3.00597524654
48	55.6316349437	29.6048280445	3.12576987793
49	103.343903047	29.5798365129	3.13146078234
50	109.00022192	29.6060413304	2.27613391097
51	90.8457464034	29.4252465676	1.09666268878
52	114.396060131	30.1967009177	1.60834388063
53	32.4712411023	30.8036360104	1.94722784852
54	44.7267263967	31.5370692299	1.53709292717
55	36.9464384039	32.5227662704	1.46052811661
56	72.6816404135	33.3157284872	4.9451525534
57	79.0792164204	32.6926849953	4.85144225804
58	24.5758212626	32.9225537553	0.837635687915
59	57.5270429977	33.2224559753	1.90010515247
60	89.6041626458	34.2516506407	2.88924140886
61	51.1807266024	33.7566350756	2.55696718781
62	95.6523274424	34.5495013409	1.81994790499
63	34.4685664876	35.1641969537	1.74948066989
64	103.617132959	36.0199131047	3.52919751251
65	85.2893750049	35.9002583606	1.37571763459
66	77.1523744249	37.8509582009	3.65594338726
67	46.8527918692	37.5532652244	3.5633347968
68	65.979234666	37.7222998894	3.0753491894
69	40.1399296386	39.0435669661	4.13243816784
70	107.966135917	37.7708295447	2.49448672267
71	58.0369784187	39.1950331873	4.09137384166
72	118.082501274	38.7520720238	1.83599235305
73	21.7659159065	39.010215248	1.66617399069
74	100.200651391	39.9277845204	2.25245205632
75	27.9041726714	39.5949112586	2.83792238133
76	34.1884809695	40.0701274426	2.65209642212
77	83.361014504	41.7698571292	1.87714844327
78	94.605989034	40.6534577624	3.37842235259
79	43.2247819632	41.3359203748	1.54472069745
80	48.5652770276	43.5874735163	1.83474365828
81	53.2536404259	44.3395704304	1.5735040015
82	37.7425847066	44.1626582663	0.913700120495
83	119.443964606	45.0259217035	1.06279988336
84	97.9448148891	44.7347968095	0.778428596859
85	103.042305425	45.3507902951	1.74167413206
86	29.3031571887	44.4413016856	3.09101092067
87	112.128966554	44.9747788303	1.83375084922
88	24.5304405074	45.4382845301	2.8689367941
89	89.8723701575	46.9610751519	3.40972582905
90	76.4549342593	49.3997404659	10.0016770905
91	69.1726115116	49.3304419135	3.58813777122
92	39.317143384	48.0597025307	1.33909965082
93	31.1810914965	48.1915885902	3.83132977545
94	58.6272547602	47.0381544333	5.83484568405
95	21.2027293532	48.6212059473	1.8824425161
96	111.015999219	49.4068419228	3.1680894515
97	85.5109989254	51.2226917231	1.63120797712
98	53.5590135101	51.3701541853	4.29589547706
99	99.9984077566	50.6134217733	1.74801822781
100	120.238418325	53.0360595219	1.14731407346
101	43.415465738	53.9904939245	4.10230433337
102	63.6790519766	54.9296863957	5.20742093527
103	35.3978976411	52.863430091	1.54060304135
104	92.031972031	53.8444111741	3.02145756814
105	73.8508076316	55.0785355025	3.68089426031
106	25.9496148485	54.4534291495	1.81132717099
107	105.011433244	55.4888681327	2.1745343292
108	114.298255457	54.3187458241	3.23470164053
109	81.0746997402	55.1807930769	6.52395215536
110	110.084815728	55.9984164802	1.2514619883
111	49.7158092282	56.593342325	1.83172104141
112	36.9343619752	57.0532898238	2.37409713814
113	59.3590372431	58.4240067088	3.79596394709
114	68.3338624688	59.3496638909	3.73800266076
115	15.8993918762	57.9194996959	2.51742355462
116	29.7311569678	58.7758327081	2.29871286465
117	21.5282101502	59.2842059803	1.83401532391
118	8.37430563143	59.926746537	1.77567852659
119	43.5617174683	60.7981465219	2.83719527482
120	89.8240745926	61.4554029163	4.4745301817
121	95.9320061042	61.1748282786	2.39142933703
122	101.494604901	60.1768718724	1.99443834689
123	114.359397906	60.6076136502	2.32445769284
124	118.519466114	60.8684421281	3.53297002392
125	56.2894335625	62.1009310782	2.96265746524
126	108.414281474	61.4110759607	2.74668875008
127	37.9612092716	61.2651666294	1.33595745365
128	76.1654445492	64.2553574995	2.84801035608
129	67.3915863058	63.5872579984	1.95880258586
130	83.6371197967	62.6791398123	3.71993206401
131	5.71059986381	65.1756849361	2.54002220622
132	52.0221944131	65.4267302206	3.48194080254
133	102.291661571	64.9101554594	2.39644454273
134	15.2543979352	65.133952969	3.20576656423
135	32.1333314368	65.0298126502	1.01863479963
136	39.9963708642	66.2463035624	4.25348904447
137	21.0970022048	67.3055077344	2.99718487878
138	88.0480669775	68.0091422082	3.88205238783
139	107.057693621	68.3141385266	1.13916142576
140	28.2129948861	67.5022183038	2.76697006279
141	70.5824502178	67.6026061243	3.92100912877
142	78.1219684083	67.7653587239	1.83000628255
143	10.6832177752	70.8233478571	1.20872300603
144	83.0863440804	69.8637860888	4.13116120555
145	34.6159570051	69.2991979695	3.06265950063
146	111.74132243	69.4812487023	1.50770054908
147	48.3475932953	70.0307678092	3.30684347575
148	99.5558966248	69.7659685436	1.96502346953
149	4.80973356097	71.210378924	2.06931580158
150	52.5602806802	73.2260416631	4.63582148388
151	69.7362027705	72.5582516282	2.64789842201
152	25.761328539	71.8184097166	0.503740459461
153	40.891851214	72.2205068855	1.02350300211
154	95.8338408725	73.636036228	2.2219385371
155	85.1537996622	74.5339409595	1.30352749919
156	106.74813087	74.3449842927	3.47207064386
157	60.6336235513	75.9928787457	3.11704846199
158	48.0302118807	75.6813209356	4.13863322041
159	17.476226648	76.4607191813	1.51728429396
160	80.0575363815	77.2397561411	1.02014470138
161	23.802122958	77.2011947257	2.52784814611
162	68.4286757645	77.2483716178	4.08408385886
163	100.877244936	77.1131458837	1.46091739416
164	76.695084675	79.0541752834	3.11661271156
165	86.3413482584	79.9013572287	3.02205847425
166	32.1979941447	80.6639199311	1.67341237584
167	111.104848964	79.9209421657	1.10430438512
168	13.9604333529	80.4008411101	1.67440514867
169	48.6572439056	80.9604486273	1.98843566552
170	100.376429737	81.8681254555	2.58409180847
171	96.0686505297	82.5397227867	3.30949825922
172	21.5846034794	83.5080797938	0.724754578988
173	89.8312862181	82.558583434	2.74462083671
174	75.9812250611	83.8432245289	2.97109010722
175	42.0233223005	84.0080898157	4.21409819369
176	82.357652959	83.8553516579	2.22702121833
177	48.9986258054	84.8075367477	4.2826186262
178	28.9057716018	85.560669079	3.53620276347
179	109.008121477	84.8017495311	0.631153254687
180	56.1504507245	89.2068372799	3.74357326013
181	84.8838789259	87.0712367216	2.51764903971
182	90.3269878354	87.9659457932	4.19946620143
183	11.5684625086	87.6333698033	2.8047484982
184	69.1954556938	88.3936321586	3.84315670581
185	93.9402968574	89.4954410637	3.19636684824
186	45.9524687109	89.9374150513	1.34601602671
187	63.3370539889	90.6831794992	3.59506035421
188	86.5420379819	92.7596247106	2.89016771015
189	71.8688657795	93.885139612	1.19172932331
190	94.9436019418	94.7665941865	0.598539103102
191	80.0153649998	94.9085226202	2.87244540571
192	13.1195974088	94.4686743219	1.39317293725
193	37.2806185323	96.3488769733	1.72986760215
194	102.158556956	94.923983346	0.980881385974
195	64.1126038543	96.5405100715	2.21584272771
196	46.44438598	96.819741044	1.3682684582
197	14.2849108168	98.1472887192	0.929843444227
198	72.7305511784	98.0422721476	2.75172413384
199	22.6364934325	100.332335998	3.32906331249
200	35.2384766817	102.043001666	2.89227516235
201	91.8501762905	101.381608705	1.97006163753
202	80.0334205064	101.517273829	3.79164655652
203	27.7668363242	101.348328335	3.67253145869
204	46.1049493999	103.188818761	1.42480107567
205	74.305910094	105.203126729	3.57789399408
206	67.1472186209	106.575599987	3.86742012416
207	43.3988653086	106.910474747	2.3372710615
208	35.0420446288	109.685491741	4.60286491318
209	26.2570670275	108.461788593	4.36030085419
210	55.1438320039	108.513573782	3.94395227077
211	79.4969818041	108.4885555	2.61275049817
212	63.9146472864	112.037452832	0.926870181784
213	71.6504242609	112.127356663	3.31053131954
214	56.6065738685	116.385334726	4.68133174714
215	68.661445696	4.16834427512	3.05244933716
216	9.47757593052	81.5179875379	2.35721022988
217	99.3260542247	32.9677801733	3.80798410865
218	73.9605892169	89.1628675593	4.01403449104
219	82.2662831431	5.31431297159	4.15474263848
220	77.9726418027	24.0186574128	3.96788879455
221	48.9081024144	60.0793996671	7.51546775171
222	103.219129878	91.2661608028	3.14515502579
223	86.3646871937	99.1864108089	3.43619802522
224	63.3561164951	22.7938971644	5.27863650231
225	14.2579196641	51.2556310679	2.75193490576
226	25.9189421843	60.8857813101	3.06860149573
227	102.019913948	71.8754771693	4.22063789842
228	58.2278515451	78.9028728661	4.17773274156
229	89.9727400912	7.52707434578	2.69963021248
230	68.6897677651	15.0447915242	3.8215859437
231	98.3983078876	25.9223400342	4.75022995482
232	108.21846968	44.2918349509	3.97922181425
233	92.9398521804	67.349873996	3.25879515611
234	43.8621337357	67.8137907418	3.8858233675
235	112.338903764	39.7717090917	4.81479436192
236	60.2868612579	110.322901075	5.82877707298
237	91.0660204382	14.3134780505	5.01656876214
238	89.1688272426	40.4006792916	4.79303115796
239	99.2906571038	55.6455072649	3.77676252207
240	19.5561434825	92.5273736896	4.895251916
241	45.9273202778	24.6679304369	4.66948355416
242	65.177780152	43.9220818075	6.30509500415
243	63.3483813763	69.6887438019	6.06309686904
244	92.7419985905	25.2390595453	5.48715788485
245	43.964891259	74.9396900509	4.38280282666
246	8.33127251075	76.1709931734	3.84937371791
247	104.296256261	79.0656518078	3.63595839838
248	99.5921091525	87.9360339914	3.38877828562
249	25.9781839345	90.5220323553	4.10421120488
250	64.3576610111	49.3457306055	8.33085169787
251	95.935956848	66.5804065725	5.52901432358
252	51.2285184618	13.7292075467	5.10404272333
253	80.9453451314	43.9681817576	7.24442107506
254	44.6672657781	46.631169807	5.4146478129
255	94.5953191533	47.1195907358	4.66445298352
256	52.8946454742	99.3048029726	5.61779578796
257	30.6567843942	35.6368434565	4.07495766881
258	73.1103931355	41.6496656702	5.60068781895
259	35.6153772417	48.8334928532	4.00215781801
260	97.5634495684	96.2934958487	3.55808022791
261	49.7716748413	29.0235846467	4.08474679151
262	68.0564165745	31.8486373415	7.36886587543
263	38.1533368996	79.236567776	5.83020580652
264	48.8819496347	113.673578959	4.96196100541
265	83.8552423042	23.6309232113	6.05108706145
266	115.827057984	68.0807061449	3.42277808283
267	78.6598683823	72.8840284269	6.03406966641
268	98.3800548196	19.2422608069	5.32814338962
269	31.3555034802	52.9284138018	6.43286341318
270	20.9577613557	53.1890760862	4.46195917383
271	112.262422089	74.3042300926	4.06241376793
272	70.5657460493	81.5635335708	5.2436627181
273	61.8647655366	101.885256782	5.86871030188
274	63.2224113437	16.9051484994	6.17735251734
275	53.2613019717	24.0108837224	5.09740617383
276	106.085363192	49.9225057041	5.94089031826
277	75.6762531673	60.3388265209	6.48605771855
278	35.0594482749	76.1437250236	6.39590764951
279	55.0098077575	80.6041420295	6.1126343379
280	44.5799550984	12.1910074426	4.17244753731
281	61.3164968745	35.2341156742	6.42083582416
282	112.324170236	63.5322057143	4.74216348922
283	37.7252747385	88.4360676837	5.50021722851
284	19.0331319051	44.6779343193	3.84447752754
285	84.3906153373	50.4539066842	6.62261476199
286	81.6942240957	36.7232307613	6.01555048412
287	97.7770598083	74.762657179	5.97853166594
288	93.8917531003	10.0322954118	4.59166120275
289	40.1270272143	30.2842511141	5.04574557728
290	49.5517576631	51.9241622797	6.71634878176
291	74.3842552097	72.8633378868	5.80424438093
292	41.7707399856	115.753830408	5.5545452888
293	33.7783377602	60.9470716929	6.57553946677
294	108.830154295	68.6163224049	5.34139554412
295	81.6564869637	76.9544879373	6.63314463272
296	63.4608447966	83.8459124622	5.4770440998
297	89.6492035945	20.6476015605	6.47568154522
298	26.9157158533	49.7086187724	6.4706107923
299	89.5940756277	76.7195322964	5.33960701863
300	18.0327323315	83.8013084085	5.37658454833
301	53.7611990388	39.0237328621	7.40001576676
302	57.7940160842	66.9512183874	7.868521269
303	90.7952329276	72.6049333189	7.04631481372
304	93.415221823	78.7669785953	6.87434623536
305	37.2086314294	45.0271256601	6.630912661
306	107.332959301	55.8438478546	6.14091429803
307	78.4467909215	17.0718418764	6.97513338238
308	53.6175646816	18.2032137436	6.03500922687
309	89.3499478549	32.3258296163	6.6988422788
310	103.650789296	44.2061174537	6.76181161755
311	103.943073848	63.2307168599	6.87454795551
312	91.6620073644	94.5727522513	5.32889374293
313	77.9340874554	5.04393121956	6.34057411064
314	107.362479264	32.7485657146	6.85376155328
315	34.2400768146	56.064509811	7.79642314011
316	86.6815412099	57.0791915685	8.68849349882
317	25.8633234278	66.142954194	6.37314229186
318	107.531080119	81.929185907	4.90465740864
319	44.433294264	94.6151261137	7.06726933576
320	39.8835900892	15.8534519569	5.21612421875
321	73.7577575333	27.3960407138	7.10950892123
322	118.191737372	54.8453116884	5.85926082331
323	36.1895604305	64.9836200198	6.31676741966
324	30.6717335744	73.20540817	6.53328761028
325	51.8934447854	91.1902982175	6.62806592998
326	70.7258814587	99.9640887044	7.36174412181
327	103.288808804	25.1656966963	7.3619782128
328	97.0027843841	45.4188488382	8.06096411571
329	100.391680893	50.2603683048	6.945012736
330	39.7992374776	52.2444073633	7.83515660702
331	94.6190180774	54.0462701001	7.4081855036
332	104.97043642	85.0693391149	5.51637758628
333	83.9403633041	17.7348028818	8.21492633679
334	26.9267864196	33.9755513044	6.22034559264
335	109.407972813	77.8470246153	5.91403898205
336	45.5882910654	19.1314133397	7.9400072237
337	40.3902206745	24.3541396417	7.33345559463
338	17.1912537706	50.4209978289	7.19854511997
339	29.8585361568	63.685498543	7.59592162224
340	79.3828690706	87.9809177232	7.2257283629
341	58.0960053187	26.7601268709	9.05666389178
342	94.7413487551	32.9493632343	8.26638255794
343	23.0765442968	42.1715566725	6.70382255464
344	117.197407407	46.7420927618	6.08295779252
345	82.4028271236	91.0547399564	8.0444453777
346	48.742855078	104.47509576	9.01812177582
347	81.5607629517	11.2431490242	7.67017331295
348	12.103020926	59.3970981788	6.50137804681
349	9.43496804513	67.5245254301	8.07201827097
350	31.3865881299	95.0550419354	8.0584152022
351	64.1242351099	27.3570699887	9.79076364229
352	80.289207274	30.8229916569	10.0793927541
353	30.1221289194	29.9129619106	6.86193970349
354	112.44570696	31.8111896848	7.42743847223
355	115.757044402	37.3019430678	5.6351693757
356	98.4428216691	60.7145241815	9.53465394984
357	43.7005601155	62.4320404518	8.35332284107
358	51.4318540987	66.9541182009	8.54479227683
359	16.3659003177	74.9624951403	6.90983271757
360	88.7825270334	85.525647088	8.89432758148
361	25.7113406412	71.4942703299	8.37347970943
362	57.8103779439	7.1167360528	8.18518483221
363	62.3146406279	12.0559765311	9.05306134156
364	84.5117338913	36.6274821748	10.7646384734
365	25.6634659793	38.0256345004	7.52519803731
366	100.222877919	40.0274213611	8.11481318622
367	31.9031706369	42.5231072368	8.91275182028
368	112.21573491	45.3350415241	8.8092760316
369	20.5125001055	60.3806102598	8.23992241551
370	74.4560271026	93.9212707771	10.5824802059
371	41.3113636259	101.733755867	9.09145802213
372	50.5452394366	8.73728057447	7.3608594673
373	108.378530793	24.6412090523	7.70810027368
374	65.9632466394	40.1685144488	10.4524716527
375	111.942294351	51.9997003954	9.74850961846
376	103.142805352	56.4408710384	9.34621808476
377	84.4232550016	105.197138334	8.30960307089
378	67.2109971394	113.976197487	8.32959896412
379	71.3136013884	10.4550841998	8.38451673116
380	35.5893481125	34.3772808881	8.95258112669
381	44.7251768685	33.964525176	9.17846359742
382	40.4482832392	36.0448668785	9.42172723816
383	95.0904569285	36.7919975056	9.22432016007
384	52.0401649606	45.4026274832	10.1465639297
385	69.9076521632	53.9796354626	11.4329496293
386	85.6102886685	67.2996376087	10.9099946417
387	40.1243664608	72.2511599727	9.87209262443
388	62.5557682563	94.2855729915	9.23431041198
389	98.5317572442	28.9217987814	9.58178465031
390	76.7362223192	67.0452893803	9.74916395466
391	69.3270916502	93.0393246182	8.68126741879
392	97.0613171376	69.6224836878	10.163880289
393	105.099174725	69.6769284428	9.36010354875
394	82.7151584071	80.5260941607	9.55991596639
395	74.9035913569	13.6573524752	9.13482850111
396	102.529767314	17.9504930351	7.9829061807
397	58.0194037213	35.0194030761	11.1961650799
398	26.6807549053	54.7868597125	9.16996009168
399	110.495049209	57.612537518	9.84079675136
400	68.1144100536	23.9154019253	10.9282469493
401	103.678605826	36.3413234038	9.41137996772
402	47.3391492672	41.0924896643	10.4029171944
403	108.789817981	64.9990701547	9.58294930876
404	17.2576717798	69.3899596337	9.48788286963
405	27.4271085995	77.8906499948	9.71315171851
406	49.2646639091	78.4879636236	10.3633802662
407	10.3880353335	78.8180761482	8.42253965614
408	45.4367757235	80.4496809823	9.93051189659
409	85.9806181629	83.4833799228	10.1689967832
410	15.9486649388	96.6547681011	8.50966810016
411	90.4389958608	100.920308093	8.851642455
412	65.6445354491	5.8973463873	9.2655509753
413	87.7295281067	8.6588842344	8.88307416268
414	97.1951882548	14.4578026425	9.48795556694
415	58.7464896476	18.2087438361	9.71248933399
416	35.2882906579	50.2416238138	9.64035621445
417	63.9393556773	63.5999898493	11.6670634449
418	23.2521134868	77.9676125077	9.41577216066
419	74.2235627513	5.68989586924	9.61003962813
420	70.0413825838	17.5612324995	10.2923004316
421	91.9338319996	42.1760872913	9.78571249723
422	55.5384748956	58.687791611	11.8894772932
423	23.8493690701	59.4858860645	9.45140590445
424	89.6100809994	25.7324878412	12.9993859092
425	50.0495416468	34.5188561558	11.1678985894
426	99.0661580515	66.448993429	10.7220707943
427	58.5422949325	74.1528922978	10.8998359195
428	78.2226070281	100.918415079	10.1223971679
429	69.2446257489	60.363247293	12.0240396237
430	91.4756052285	62.005152605	10.7726486791
431	84.013175695	73.1925533386	11.4458932393
432	101.510167524	75.1459160467	10.4119328381
433	98.5302875728	78.9289026269	9.98150738777
434	36.2634777515	95.161190401	11.5094053694
435	56.760710714	97.8538810319	12.13654174
436	45.3520287912	108.964053742	12.0052476795
437	91.8860980791	29.8561450202	12.3315162628
438	82.0283254946	62.7455937009	10.6974425773
439	69.0606099419	70.4173479386	10.8253784392
440	95.8087718146	95.0048608846	9.47983122463
441	94.5614447228	20.2252295256	11.0119490353
442	62.9741363335	34.1263084324	11.5565735904
443	22.1566558359	47.6034048187	10.4877954783
444	96.8900485954	83.5786466958	9.85260819836
445	93.9751789513	88.9230325284	10.107094165
446	83.0412454833	97.3392146532	11.1304199015
447	53.6026905713	23.5194601201	11.694122104
448	47.8174987339	27.824492784	11.688382069
449	86.2977650485	46.535826748	11.2796885247
450	114.011065872	66.9025770267	9.85615960247
451	73.9097751681	76.5905401715	11.9726344883
452	105.644879272	43.3774163712	11.2852432572
453	87.5062818511	15.6605182315	12.1404367647
454	95.5606400325	52.3403044107	11.7672338638
455	38.513363232	58.3903623249	11.2781036266
456	78.6002823037	82.5460368565	11.6125573661
457	62.6882771194	87.7125340932	11.9272850491
458	24.6595959609	94.297913888	11.4242604232
459	76.7314999272	109.81024042	11.446253612
460	54.352876168	32.2163798509	12.5302788861
461	77.6644056608	37.4313209138	13.322184958
462	71.7497930621	46.8017771074	15.9837719578
463	71.6611368615	84.7011507376	11.7609837314
464	52.3408027264	84.9183653151	12.2418793392
465	34.5516045698	27.7820752632	10.5870022082
466	98.528594421	90.8563484467	11.0277805907
467	15.0134417135	91.8599753765	11.0077711265
468	98.9802231586	34.8061231471	13.3195120281
469	71.3366011591	36.8827966816	14.7880297411
470	31.9509612374	82.7105114809	11.6387422674
471	27.3608643772	86.0970236583	11.535368012
472	101.294185861	87.3639423068	10.5640064609
473	86.9353465933	93.6708917569	11.3535078932
474	76.2956888542	21.1628178612	13.3957850128
475	108.39503825	27.4896744966	11.3100255161
476	41.743663312	39.6275686701	12.7037697273
477	25.7689828196	44.335115148	10.8384635868
478	105.289389334	51.2527856762	12.6829443759
479	116.618491517	52.7074102378	11.2378939509
480	28.67062395	58.6873120695	12.7348116153
481	115.412406942	59.1647930625	11.0372206126
482	38.2733075771	62.3691541358	13.1533110219
483	21.0707412287	65.4198000935	11.572102973
484	91.0882754875	68.7116333769	13.4723410611
485	55.2892327651	71.3550871417	13.1567287911
486	62.6246971657	78.495674937	14.1413225561
487	24.3309438815	99.6747946488	12.1889192554
488	54.6882799988	110.739257142	12.2980884533
489	114.912262288	40.6445777952	11.4515989279
490	44.6551199444	55.6916863593	12.6170847386
491	34.5288260181	69.4231952641	13.5099488829
492	89.226324618	77.6920536803	12.1620166118
493	46.0189243533	13.9594884362	12.1891953122
494	85.0920503854	30.0477032409	12.758998664
495	62.279468805	50.7355785166	14.6732465131
496	16.0141371549	58.5737907001	10.8987394966
497	107.297261669	60.1075649757	13.191533303
498	59.5669283229	105.980183738	12.9250607771
499	65.5396314575	108.920759648	12.7288432876
500	111.861616423	35.522968003	12.2713098926
501	44.8684929432	51.9458632265	13.5759182128
502	59.2987027955	54.9180851232	14.308423964
503	20.8527194271	86.7757484896	11.8957492275
504	45.7584091002	88.7972119599	12.7920648019
505	41.0545973101	29.7921345271	13.5607480184
506	37.1855491813	38.5822827103	13.9411556144
507	86.6494572261	43.4659500137	15.3459141249
508	34.9036654219	44.9539497823	13.4974971772
509	87.6190500224	51.155872354	13.6352818693
510	109.08469679	72.845069362	12.0137953812
511	56.5624058395	83.9614675921	12.8129846456
512	69.047182641	12.9313755103	13.2625788674
513	90.172522046	37.5305042818	14.2935820244
514	99.5784384073	57.2785219873	14.0255707961
515	90.2185676573	56.9555793649	14.426801316
516	63.0571469194	60.1917729331	14.9923815453
517	105.125858937	78.0527265971	12.3928439534
518	36.7283663952	89.0212840181	12.3698364259
519	71.7051137158	106.268291844	13.2272674164
520	109.439427104	45.1514484228	13.2351786217
521	54.515470494	49.5097632866	15.3356831173
522	21.3655627803	51.4568262501	12.3315286388
523	71.2729499345	65.8670431239	14.6791873704
524	82.9008126902	8.15104730007	13.1453463266
525	40.6405403771	19.0116581714	11.5240174386
526	73.2226695125	30.5777976248	13.803349663
527	55.7700077607	15.5869925105	13.4937943366
528	84.3073696801	21.1502122379	13.5458627303
529	97.3890859967	40.5360657844	14.4601342534
530	45.2542696607	46.9461466545	13.6643521961
531	49.847579971	68.021392051	13.4523982918
532	22.0828303236	69.5178713229	12.8028367604
533	32.3965552161	103.342000242	13.3838345495
534	61.3462715379	7.3560604436	12.9550755785
535	66.6904293978	57.7405117829	16.6935759719
536	45.7572247219	67.4625600712	13.6176483425
537	78.2733996309	69.0154323181	14.8238205019
538	55.1111334998	76.9116309777	14.6104282246
539	50.8846134701	94.2052033286	14.821444091
540	52.326197402	10.9858718839	13.6048068296
541	50.2237543363	20.6463202077	14.8401048171
542	101.880603501	68.8315663063	14.562852262
543	14.752883007	85.9592561397	13.5393895831
544	90.6391226248	88.1237109725	12.9317066078
545	64.9425304595	19.1871805821	16.1343761136
546	71.0692528992	42.3102818404	17.0488490383
547	36.7208128833	73.5855084733	14.2700879777
548	67.0804230491	80.5687589122	14.5646560736
549	102.051357755	81.7432854209	13.1936757917
550	79.4128692256	27.6407472239	15.7962094835
551	103.205895838	33.0885380954	15.0546787744
552	32.7785963518	32.7858578237	13.9515319964
553	30.7920119726	37.0881013772	13.4083128917
554	77.9506672207	41.1599623949	16.4093310424
555	43.5965309728	61.3663088357	14.6381064625
556	75.8136159643	62.6455016348	16.6993874503
557	104.533470781	62.7562834776	15.1417542979
558	41.6217620094	67.2293164499	14.561313309
559	96.9041668739	73.5496216253	14.9598676542
560	70.0832114331	7.46310535992	14.130000969
561	58.8779717806	22.492631941	15.1529968085
562	38.3331511351	23.4750156273	14.8279890387
563	100.644539635	43.9141252268	15.2064093941
564	67.4827962475	99.615785913	15.1274607601
565	80.27625993	15.9832549907	15.2710104644
566	90.6872385726	49.7600580489	15.51209309
567	90.8135261016	82.4987094639	14.9239914885
568	58.1672007358	90.76407901	15.9044153484
569	93.0409645853	95.095742343	13.7808598191
570	49.0274142481	116.857022967	14.944678922
571	90.6166074668	12.0510357344	14.4588773853
572	91.9417190245	21.2708609519	15.715893954
573	29.3661161255	42.1619507051	14.0886130069
574	20.2086826904	56.1175060948	14.1204128409
575	84.5106753943	57.806264631	15.3620988888
576	76.3941225178	58.9090264564	16.8369568749
577	95.3180139446	63.247072843	15.6304049741
578	32.3401260541	64.2639817544	15.1388563072
579	46.1927247994	38.1315367587	15.9088403993
580	40.2499129329	44.3277045099	16.2438597862
581	14.5550931278	66.2948656885	14.5697062713
582	60.4721526473	99.09670927	15.5015492483
583	35.7302403325	100.425505178	15.2590535767
584	103.193033341	22.3281759993	14.7326442923
585	114.303544769	48.0898927929	14.8877810235
586	50.0425387882	73.4058616652	15.2883060434
587	41.4502369769	75.7542378403	15.5422088479
588	41.4576589728	82.7278913662	15.3096922493
589	26.8309905889	105.363712082	15.8535635438
590	58.3071231581	115.641785856	14.9414011565
591	60.8721058246	43.5354876809	15.9301072046
592	97.9010160873	48.3869878674	15.4884353329
593	111.927260861	62.8486919293	15.1407371864
594	26.1180269068	67.1111623381	15.4653850149
595	30.4975979313	68.5923600627	15.5294449942
596	68.682100064	71.7504981095	15.5901935738
597	78.902728812	78.6243492657	16.4164916225
598	58.8772135679	9.47367572705	15.370350407
599	75.0930748567	14.1056963359	14.8517058947
600	42.4402455652	19.7177701434	16.411491367
601	45.0444585646	25.3024210062	16.044097961
602	96.4695765059	25.1921471333	16.1348542735
603	54.5482277991	41.2307269916	16.934913117
604	27.7293735894	47.2495783184	14.2576263547
605	69.4424085583	52.9098875612	17.8205001365
606	13.4764648934	74.4090264511	15.2975544704
607	21.9616891391	80.5147747992	15.5966059066
608	84.5345296132	90.6127317366	15.6753695308
609	42.1988574011	94.4012698601	16.1861544832
610	72.4763964062	22.9301697749	16.5965861572
611	66.9415812924	31.7087314314	16.3879096335
612	25.6613375378	51.643749478	15.113691263
613	51.4487253813	57.4094580991	16.5657110784
614	113.880714165	56.2105861091	15.508241667
615	95.232046996	59.0202789821	17.6271342906
616	63.2930961052	69.5877452648	17.2720599008
617	22.2922764503	74.6042233838	15.9079078027
618	14.4464981323	79.5247968554	15.3275271962
619	77.5312004359	85.9383176101	16.5553441754
620	76.1969889465	101.176347344	15.8157780462
621	94.1429400658	15.9615243517	16.3639210878
622	105.172497642	39.0004272332	15.9269694694
623	65.8531590066	43.8570169664	17.8852086119
624	38.926022616	49.4627572744	16.4312807671
625	78.8329200405	55.6636067239	18.2015195056
626	84.3680982849	69.6460764149	15.8985947628
627	73.7468410278	75.1533958688	15.9602965748
628	87.4815563823	99.6086177637	16.1227537402
629	108.18737816	32.3313453687	16.2809925514
630	81.6973589615	48.7682531435	17.6487856801
631	34.7208287301	54.9764421659	16.4393635999
632	92.9825601824	76.7334734826	15.9074093988
633	36.9616932394	83.3641896211	15.7376737304
634	65.0039570879	24.1614952692	16.9640566321
635	111.699800079	40.628231851	16.4504288344
636	56.4473531897	65.356252107	17.6961135601
637	83.3504483184	75.3083644738	16.0741771989
638	87.7819679456	85.7228125452	16.4679880766
639	63.8911640751	15.1249478411	16.946337036
640	99.1485547816	52.9554516517	16.926698445
641	46.5721740005	71.873953435	17.5848724335
642	68.9674035488	87.3260675296	16.8968435694
643	40.2519485384	104.596326954	16.55372293
644	78.8249740407	10.149919353	16.8584360434
645	58.3311882163	25.9060041977	17.0433018329
646	60.5925784569	30.7952522285	17.4854346706
647	49.6268124605	34.1906291486	17.407232122
648	94.4493183267	43.1270216014	18.1041336393
649	42.8531243607	112.506744648	17.5453715973
650	97.9441073396	19.5236314058	17.3800944481
651	104.919534271	26.8023753121	16.4714731536
652	88.554947769	34.7104966012	17.8584475125
653	30.4360668795	49.939318122	16.2763916918
654	87.5194702276	63.5774479182	17.1032538471
655	109.026256442	66.654732576	17.2646726046
656	38.5823776331	68.0847065285	16.8711671565
657	38.0312374336	77.4883961865	17.9405011751
658	54.0670718462	78.9866409861	17.4028301271
659	33.6527466988	59.5266777434	17.0458757595
660	87.3830293081	79.5560850306	17.4022624719
661	75.8127504393	82.1170598975	18.3127289343
662	96.8430436413	84.2061255135	16.551455451
663	72.0462218617	90.3323666201	17.2475959334
664	66.5995073543	92.559245753	17.3449806907
665	65.3380359445	9.44910743729	17.3954147896
666	73.0087519819	9.99895824414	17.9716927153
667	36.7350825105	29.9393136416	17.2733967339
668	39.2976288993	54.0338972514	17.3168408683
669	48.4026945352	57.9216169997	18.8213337635
670	28.1414442338	90.3738188702	17.572524449
671	53.9327405766	29.3990865665	17.7628551755
672	105.9193706	47.1926104384	18.1252014177
673	41.926056492	60.2108016818	17.851330528
674	100.878055029	63.1889947482	18.3129302297
675	105.215426902	72.6962265699	17.0109028071
676	93.6374237773	88.4019538371	17.4164004853
677	98.4183492096	29.784707564	17.6264194786
678	24.411884342	55.0711781007	16.9118079209
679	20.0301508388	61.9209549358	17.5143668149
680	82.0739065992	88.081609674	17.9678872306
681	89.8485929766	93.2385703866	17.5535524777
682	37.0557450819	108.778159119	18.7925843715
683	85.9568786743	29.11471738	18.26624755
684	104.526025761	56.0517533375	18.1255334611
685	46.4871434559	100.444567931	17.8518803417
686	61.2802758334	36.9849692245	18.7716708932
687	85.7408932943	71.6368929574	18.2151571837
688	30.8101618956	74.6963959851	18.4261826424
689	83.9028722367	83.1161494654	18.6661614537
690	76.9748761453	90.9734845948	18.7576807599
691	47.9486698524	17.155166353	18.2207446701
692	73.359385238	17.3814773256	18.725322105
693	57.8584284543	19.2957367421	18.9629565183
694	94.3096014814	35.1317247328	18.5314301072
695	29.0723207895	54.6877807196	18.1382444761
696	94.1371484603	54.3474302262	18.9674060631
697	16.9836498622	70.0309224055	18.0716495812
698	31.9534005485	44.6408146158	17.9990601504
699	81.5925512425	65.3589708931	20.20202331
700	52.731762408	84.7746382718	19.4071395572
701	25.6831803478	85.9385082208	18.1842063332
702	39.4433382231	87.5001794659	19.3762484647
703	79.4926054776	94.6844300725	18.1004278886
704	79.5424789272	107.312525775	18.6400459616
705	52.4303590019	24.1405779909	19.5022700906
706	65.6537236035	29.6335888986	20.0698076007
707	82.539136735	34.7127899652	20.366927004
708	21.8369959613	95.5853359421	19.2705770008
709	52.9943729165	109.631461836	18.6408717262
710	78.8274389093	25.0192374185	19.6154940666
711	72.158025817	28.1710747107	19.656300118
712	67.19722694	36.7490569659	21.4125609736
713	56.467992119	104.660441509	19.2893218857
714	82.2365427779	20.0980799414	19.7745605393
715	75.9710038059	33.7021111951	20.5164925721
716	43.852453704	35.0985661146	19.6109693242
717	70.3369837867	78.4951040326	19.5074413355
718	97.8338334047	79.2670086593	19.1391401414
719	54.4575653204	13.1309413699	18.9026499294
720	34.5792231372	38.9125894177	18.8391239653
721	48.5452129245	77.2919513218	19.6717772237
722	46.1672887364	80.8550817042	20.1220910836
723	19.9609121873	89.9341369736	18.3444172722
724	84.9164177306	13.7181853934	19.3059922534
725	86.6987502977	22.8663983698	19.2054716161
726	95.1654666191	67.9931646746	19.4093565955
727	30.8298879093	97.0963684159	20.4125621851
728	66.6680111485	105.352618373	19.878472317
729	72.0648498579	111.77472293	19.0972963734
730	44.4349837264	43.3879396252	20.7883777354
731	111.210901575	52.4619586115	19.1911963907
732	75.6543068365	72.0112656652	20.2065695757
733	60.5076712841	73.1112585443	20.5019660367
734	100.475406013	75.7147831152	19.5220385816
735	30.026337309	79.3120084954	19.4723614361
736	51.4597648955	99.5315684228	19.7976640312
737	55.2030491487	33.4588483389	20.9286563742
738	110.733025645	59.010651033	19.206373878
739	62.0091622769	83.3219087104	20.3728492654
740	64.6222707637	94.3650832088	20.2889075488
741	74.4718348783	103.505154017	20.0634652106
742	100.746053032	24.997706647	20.1552108019
743	53.2518591225	39.4970499607	21.1788579886
744	111.181275858	47.4845998407	19.6920520949
745	42.7779328963	51.3790685102	21.0004482522
746	102.263107234	49.9995995672	21.2758081335
747	26.2818754221	60.3581674556	19.3294340964
748	67.1777292431	74.2087655	19.9229587126
749	72.0872892329	34.7395475658	22.144747479
750	83.555860589	41.6597181542	21.7078679278
751	32.4403159435	85.3627744116	20.3752780361
752	56.7903476413	95.8125686266	20.5951352707
753	83.6048978707	99.1227333688	20.61184712
754	89.0625235535	25.426903048	21.4113268019
755	48.293218973	30.4577724846	20.899516681
756	91.5774016421	46.1607407223	21.3569807261
757	39.0036934929	60.0859766229	20.9220759961
758	60.3146434222	61.6274082419	22.0928787916
759	68.346591473	62.8255984536	22.7581638476
760	89.9814275166	70.9690165006	21.2878376767
761	50.5083393114	88.6865439961	21.1410574942
762	88.35512054	89.9102760894	20.205678256
763	39.6341999382	96.0085495671	21.0449460225
764	91.8532822027	38.5119919101	21.2758163289
765	92.3054049467	50.8640704109	21.6355023216
766	37.232287248	65.6549814888	21.1354412205
767	88.5801763734	64.9057166401	20.8046709898
768	60.7721933155	13.9223173018	21.5135592668
769	37.873214569	35.2834490398	21.0011376998
770	49.8898739482	44.2269304274	22.1451336175
771	97.8348060347	48.1857738442	21.4861299794
772	55.3741206435	54.5698504614	22.5247700679
773	86.3663856143	55.0822523845	22.7028515705
774	90.718247495	58.6605808275	22.5295091901
775	21.9900902624	69.0120367742	20.6506599164
776	84.3400275271	75.5641315252	22.1152423083
777	44.6646752817	22.5225146823	21.0229098286
778	98.6482773641	37.2229438696	21.3932467632
779	59.4153397113	50.7119433227	23.3653265797
780	52.117978564	70.9562077493	21.6526454353
781	90.0886425906	17.3778125247	20.9822534948
782	36.7767597302	43.548813198	21.2236741792
783	50.2584330146	48.9880214108	22.2501903055
784	75.0055368022	52.9283022996	22.4697720166
785	35.5476329072	73.0863031549	21.5748181548
786	21.2229153246	83.5511399221	21.3713876676
787	40.693841301	28.5685121246	21.2263115246
788	87.9847424114	41.2109399456	22.8923567239
789	60.6446165098	43.7586171372	23.1218328096
790	34.3043441585	49.7820210402	20.9713627006
791	44.5522310611	64.2104779068	22.1632833248
792	54.7960524891	70.160731652	22.6613808013
793	81.8005604086	103.033984466	20.9018437922
794	66.9854419592	111.716617613	21.4740930525
795	51.2259457276	115.407040433	20.6617733468
796	66.1903154246	11.9720780329	21.150588266
797	79.6515527743	38.3103607631	22.9570470723
798	100.276864352	42.2282306926	22.0203407068
799	108.3565642	43.4689744042	21.9748395852
800	100.043453018	57.1598709186	22.381219824
801	19.6650648503	77.1479511243	20.974096155
802	59.2538358639	77.3274373202	22.4643619533
803	92.10803982	80.9515492905	21.480529128
804	74.2622591608	98.4388362465	21.8074254524
805	54.8782030767	26.0476509942	22.1593428374
806	86.5126208422	60.2582334969	22.4107073807
807	56.2767879336	64.6438493156	22.6299960427
808	25.0727559438	64.6145230828	21.2169360939
809	63.5462646346	67.7575694156	22.7992706752
810	61.4214812816	87.0751954332	22.0496997431
811	62.169196567	98.0401602985	22.3183298357
812	61.019632766	105.244676042	22.8333554339
813	71.4392125514	13.8113728071	22.0869342164
814	102.176463485	30.8052770439	22.1881269216
815	94.082186625	32.1458589319	22.2929600165
816	60.4063566609	35.9896794364	22.4568634481
817	107.181326258	38.2444353289	22.1477417833
818	86.9132044136	47.9713592034	23.356980184
819	62.8702422617	58.0512966833	22.8555877984
820	73.8623560695	66.7884253666	23.4572323346
821	104.428690921	67.3924184835	21.8223339422
822	99.524216226	71.2529585254	22.2922441619
823	73.7869705453	75.1724426755	22.9384218823
824	89.6891008288	85.6021095495	21.4997812496
825	72.0410677529	94.7852397575	22.0821581952
826	85.8991074997	95.0810908956	21.6235567369
827	77.412915608	22.0634366842	22.6155026571
828	66.7234223846	23.9511628559	22.8980207205
829	61.2374102881	25.1199409488	22.4837787163
830	71.2518213734	51.4466337834	24.7973423873
831	33.6622609615	55.2947014006	22.3115256449
832	31.0198696662	60.7002746681	21.9696306517
833	98.7441850507	62.4304135643	22.2175561928
834	42.1940120667	72.2303291499	22.9139543468
835	78.3882368517	14.5182194455	22.5791231389
836	90.7202494252	29.4752563504	22.6231094411
837	64.6258498843	50.7064101763	23.8943210158
838	78.8572717821	77.3968215705	23.8389845048
839	47.8527167161	92.8901647729	22.8188992175
840	60.3760182995	112.414403787	23.1927657397
841	74.7995814598	41.1876437975	23.6293472433
842	71.9042804788	58.8307168757	25.0869188268
843	30.707010668	66.1477974593	22.3902413679
844	44.0608292918	83.767737048	23.0297591194
845	79.4746621221	45.2322108218	24.2407895477
846	107.921279447	59.7457997778	22.7424339061
847	68.392212601	68.9833725123	24.1208209163
848	94.7036877901	74.881914167	23.2687384325
849	66.2944130293	76.4551522727	23.0606416362
850	73.1568307299	22.9016473706	23.4826071751
851	98.1999102813	25.7547799703	23.1719342786
852	83.8461015634	27.816074527	24.0107236439
853	71.1565245509	30.2181698837	23.526074868
854	48.6627124051	38.646947286	23.7955407763
855	65.5523009986	43.4181185165	24.6906700067
856	93.9039147087	62.6985365069	24.0156166448
857	26.145956205	73.1130004947	22.7156302701
858	71.8443365877	85.0507277334	23.515762928
859	75.3044721201	88.0587891425	23.032364882
860	35.0516999247	90.2424247398	23.9411436731
861	51.4308839656	19.3311714651	23.0129443084
862	76.4695248888	48.5146123948	25.7822873852
863	82.1868264373	52.3488426839	24.4539348935
864	47.710538376	56.7869182536	24.1294293348
865	80.2047610273	62.0056999199	24.3756795999
866	48.8186921775	66.5646062304	24.3475558658
867	36.734142428	78.8227423131	23.2534323506
868	92.8806450344	21.9835720213	23.6104993865
869	59.9930707501	30.7155283907	24.6619660228
870	71.3365067051	40.5567945439	24.9116456574
871	55.1844848591	45.7579760154	24.5508319657
872	70.9498879384	46.430068585	25.6363950952
873	58.4372510523	91.7748811194	23.9101836182
874	45.467021833	50.4434420931	24.0036608414
875	29.2607756506	69.7644709233	23.4007791429
876	87.4184338778	83.8107708916	23.3007938638
877	52.0279917927	108.125813147	23.8931421547
878	103.41887212	34.9528431341	23.7581268442
879	66.8123325354	55.9772924871	25.4428228565
880	24.6669895525	77.6118263374	23.222436993
881	56.3889405556	78.3772726578	24.8368932357
882	47.5784381574	115.492166317	23.1925514451
883	57.1941253775	16.8778734942	23.654842486
884	86.8887106802	19.6116966827	24.2949090538
885	52.5012529001	33.832803078	24.6348398533
886	46.5905124134	71.9917820404	24.8675849988
887	84.6391648714	88.5432814707	23.5301668806
888	46.1483683065	25.1958277481	23.7641804722
889	93.7105107823	41.2397462082	25.2355133029
890	37.9834211125	55.150331609	24.6997012827
891	78.0645106326	57.9565949728	25.4282528312
892	43.0152782754	30.8486683403	24.5484595665
893	97.1730050418	44.2575739846	25.011150578
894	106.335140379	54.3268920229	24.5568080786
895	90.5219603001	76.5247885029	24.5594039128
896	86.5162547331	79.4897873084	25.1138869764
897	68.9164566375	100.44783703	24.6071699824
898	91.0843492165	35.8574870813	25.2953082579
899	106.903647914	49.3202256589	24.6212670539
900	67.213154824	30.3574488664	26.0423831557
901	76.6669548735	29.5309920742	25.7432065661
902	40.5001370905	37.2195645847	24.561031053
903	42.0997074939	88.1352865009	25.139513196
904	67.4966337904	17.1725360908	24.7346343174
905	87.170703767	33.5226685738	24.9230027665
906	61.4201789787	71.2297720062	25.3432603856
907	83.2795742722	93.7557744509	24.2536396286
908	37.8348035969	99.1239961742	25.8822173479
909	72.6639709901	17.047142737	25.3125465252
910	38.1682995672	49.1605565746	24.8323196682
911	103.191952294	63.2498427896	25.3335695797
912	89.3309779705	64.989160099	25.8653647345
913	83.1308219867	68.0886230318	26.3069194284
914	82.4695451338	86.3534434902	24.7368022869
915	67.864619736	91.1955344622	25.7384990822
916	72.8421935446	107.953395485	24.7702258657
917	81.2619487391	17.9567714909	25.1231054266
918	95.9483857972	28.7310582241	25.8459981682
919	52.1039900235	60.0481432857	26.2844347207
920	79.6573814752	100.067528934	25.1599124436
921	48.8191200808	101.827730851	24.6499442761
922	79.9058755404	33.3912985453	26.6545787646
923	76.8463979139	54.4625346195	27.015406741
924	94.7799056568	54.4846671574	26.0615477454
925	45.3330379979	96.7226639034	26.3205044934
926	49.4487009972	26.5091822274	26.1997165812
927	40.355581938	44.0522752462	25.528515691
928	98.6414583041	67.62032857	25.6497121287
929	67.5332245699	81.8589967149	26.5457660075
930	64.8580833712	101.932667399	26.1804302657
931	62.6499520203	19.7736230827	26.002072882
932	33.9890680126	69.1281375604	25.7675310726
933	32.0534519853	75.1645472689	25.9968936473
934	72.42857676	78.9847865625	26.2280377017
935	82.3534825639	81.7545698201	26.3309601668
936	55.8205035698	21.9518731252	26.0118079097
937	58.4612625229	39.0678667524	27.1969020499
938	36.3637658683	61.4560077147	25.8231084495
939	26.8743125798	88.1767197058	25.2850533542
940	57.1725794453	99.6402727211	26.3081744466
941	102.375092638	40.8290696839	26.4337683349
942	77.6066692671	70.1641154159	27.4699098456
943	103.25549688	59.758859649	26.8589207008
944	31.3525163016	79.1969223457	26.5603897765
945	80.1936847351	91.9291172271	25.7946921078
946	28.7227078803	97.7445625608	26.4768939796
947	74.9621656886	104.589808955	26.6326369132
948	45.6969724851	107.103673827	27.6978265764
949	84.3469964932	21.979823903	26.6314710557
950	103.07962186	46.0387304961	26.6880885407
951	85.5843433866	38.9277075207	27.5419834445
952	36.0446484745	64.9529583936	26.4781035699
953	47.0334182063	78.1078461838	27.2475294163
954	98.4634204527	35.6110258521	27.2014980566
955	43.1598125874	39.630630759	26.9501179108
956	98.5206375399	63.4250477392	27.5302933242
957	53.3939493469	73.2024792956	27.5700860775
958	51.4633941923	83.7468160499	27.2635879277
959	48.19790983	85.9010725044	27.9134173318
960	76.6077111778	19.4258533852	27.27289118
961	90.0053750436	26.1370113016	27.597820959
962	45.7213170192	33.624922048	27.5357683137
963	56.0607065371	52.8292349247	28.0448767953
964	41.3341555178	59.0789143492	26.9744705338
965	93.476604861	70.3342120578	27.4991307923
966	63.4423047511	94.5679485149	27.7668193523
967	92.3130283549	48.4977339219	27.5037500063
968	57.4315778353	63.7199966761	28.0042466397
969	40.9117912427	65.5751620289	27.5577652391
970	52.3821801306	79.7600185028	27.7964877635
971	32.1251721146	83.0987137644	27.5549083184
972	62.6762023642	85.582479665	27.2668880658
973	78.1136619466	90.1070220172	27.1970788939
974	71.9191524549	35.0412623643	28.2746189334
975	75.9132957086	37.1609398797	28.3707235216
976	65.840842277	38.1604676801	28.2042703148
977	69.7182624428	73.6114973579	28.573195779
978	58.0437679848	25.4583405398	28.1690798706
979	53.2182857934	65.8873565896	28.0435094938
980	89.2446860927	73.0168648058	27.910193153
981	63.5423623378	76.4356290584	28.1701123526
982	57.9187454016	84.7381265382	28.3091697518
983	62.1367402307	67.0065549404	28.3446714542
984	36.7139833441	71.3196611527	27.7733267993
985	77.0976627044	85.0930357745	27.7319337041
986	71.7112571135	22.7388675663	28.3916272547
987	82.4879505707	42.0661192929	28.8150821175
988	84.7033824632	48.8837712749	29.0417190288
989	51.7037301149	29.1971673035	28.5239722813
990	60.7081400612	44.7065025252	29.3256894387
991	101.541135381	51.6234812397	28.6436970875
992	86.4483732966	56.4029288225	28.7024377892
993	31.8425438233	87.5406150007	28.5902187563
994	56.2414117357	90.6388132979	28.9447268646
995	39.9138855949	90.8962193201	28.2951003571
996	75.7540888013	98.1948334879	28.03946179
997	80.6706899745	23.8776531485	28.4917920937
998	67.6711854112	107.59730452	28.3072838256
999	54.4480257452	112.205147562	29.0356515085
1000	41.26131709	50.9667244477	28.0282026442
1001	43.9347533036	54.5964467435	29.0113680638
1002	62.4799670018	59.603115483	29.3350563276
1003	70.5146694618	65.3164471469	29.5168989497
1004	67.3755425399	24.1057785339	29.044399845
1005	55.5406588251	31.5197716712	29.5395957874
1006	93.7080709472	31.6101934766	28.8257978397
1007	101.516863893	55.5992586276	28.7248982309
1008	39.5623190338	77.234410874	28.5860174961
1009	46.3513644264	91.4350266568	29.5767106412
1010	73.6760134708	95.0371601321	28.6788220858
1011	77.3643034454	43.4524499805	29.854224494
1012	42.9431585523	45.6041116008	28.5014827975
1013	46.7393710044	48.1971672057	29.2565442636
1014	81.5172448657	58.04486638	29.7082521118
1015	98.4129977035	59.4835597333	29.0730915095
1016	74.4046128888	60.6702235823	29.9600338431
1017	42.1130294747	70.7683832593	29.0845251164
1018	39.198195	83.0918091772	29.058070036
1019	41.6643422034	104.502360636	29.8181370675
1020	85.7968434666	26.7559049196	29.4086707316
1021	67.1520724523	43.7627878448	29.8904451568
1022	53.9688431564	95.1827574119	29.4536846383
1023	49.0000536742	36.1374881055	29.8044614008
1024	45.7479666493	41.3556309892	29.1592082444
1025	97.4401501215	46.9566908726	30.4294490547
1026	64.2455001844	51.4746064328	30.195778346
1027	93.4494187125	65.1732348624	29.9778430574
1028	84.9977067475	75.0929763783	29.4196379106
1029	76.6686725379	25.319769859	29.6535696196
1030	89.5604670956	32.3193936627	30.1278663968
1031	45.2226795114	59.2935189673	29.6250597393
1032	44.1482280604	65.5445788316	29.8129597933
1033	58.4747594071	109.978158564	30.293619946
1034	63.9444839293	27.1251309883	30.0737766973
1035	79.42064959	52.0936014102	30.3771338519
1036	70.8407829454	53.120519689	30.7059704836
1037	74.9609155857	81.3812468779	30.1556089007
1038	37.2331751713	88.3193394038	29.9486406017
1039	32.9042656774	94.6181206448	29.870456117
1040	97.6637218833	42.5231239029	30.0771078742
1041	49.4970500362	43.3974077581	30.3279128234
1042	73.4597036201	45.9240594009	30.6184486765
1043	50.6225093599	49.5996540492	30.4091044645
1044	43.318002886	74.3934400213	29.9099826243
1045	81.1820518187	77.2414241327	29.688369428
1046	71.8829409809	90.7447398303	30.2000363182
1047	47.1659963823	101.725301654	32.1812157656
1048	87.3616409758	68.864073141	30.9291608549
1049	96.1602884199	37.1959945966	29.423582416
1050	56.0386901631	102.430848143	30.4083158213
1051	70.9406526958	28.6383174353	30.8225108225
1052	81.3932248179	29.0102568098	30.6578933713
1053	60.9970318965	29.2089700449	30.7108564941
1054	85.7927026518	33.8762437644	30.964084432
1055	58.6997965521	33.8297578604	31.141772097
1056	54.1166351167	37.063336073	30.8650097518
1057	92.1546079452	38.1718775698	30.7609440202
1058	91.8478395444	60.5471838185	31.0587097002
1059	70.620847438	86.6398010782	30.527803045
1060	62.7254394661	106.838985283	30.7985821145
1061	50.1923770249	63.9925834942	31.9101236436
1062	47.0862166528	64.4309158727	30.9841363973
1063	49.6271450319	69.8805715114	31.5206629769
1064	75.4603001812	78.0643181562	31.3277928875
1065	92.1387253345	42.9282373739	31.8398558705
1066	68.6861057059	97.981351052	31.2857168533
1067	52.5156281129	40.2819196236	31.5180664932
1068	96.6943129686	56.1873097535	31.4786391785
1069	48.7843943391	56.1211145247	31.4567471154
1070	76.9814696188	30.3477425051	32.1258704957
1071	52.8273767514	44.8456525997	31.6726226111
1072	48.3728845786	74.5685040489	31.7034507477
1073	96.403307965	52.0607166141	31.9699743593
1074	55.3684113383	48.9169056061	32.7555398992
1075	85.9781935342	63.605326938	32.5317464712
1076	80.2164497709	72.6980669573	32.2034319046
1077	52.3362385858	54.4073510576	32.702336746
1078	64.725614246	32.49922041	32.4523338118
1079	55.4715898054	68.4200547948	32.8388794709
1080	57.0393790873	73.4138568722	32.8377782467
1081	45.7600388813	82.0915630011	32.3952134807
1082	66.3391242857	36.3985424957	33.5885268727
1083	82.5729452468	36.7862130252	32.9514240634
1084	60.768968947	37.3105724837	32.9504443146
1085	92.3838272656	49.199012405	33.4161192822
1086	72.9868842032	75.144556468	32.9969331168
1087	64.3433458855	83.9792957058	32.4384866632
1088	62.9234239034	89.8599196643	32.8876154825
1089	41.0763390371	91.276225916	32.8588081096
1090	70.329747835	32.287898107	32.8379787939
1091	86.7487802952	41.0680129818	33.1579432303
1092	54.1077350332	62.0583082701	33.4131921656
1093	80.2447285906	69.1403196693	33.2003548682
1094	59.4130546642	78.4092828678	32.9757206889
1095	88.1334423488	44.8103458611	32.9749895767
1096	87.6960970736	49.8540788439	33.6707488301
1097	92.2125819557	55.6356593084	33.2455795632
1098	87.8531038289	56.3879568689	33.7427242144
1099	73.5722537274	71.2089005772	33.5399342667
1100	54.0682755458	79.7861151549	33.2516440533
1101	67.4129605648	80.1541579361	32.954834103
1102	63.6365947222	100.925872535	32.9802063377
1103	78.9385028718	38.0334476405	33.7672279476
1104	77.81256941	65.4073229121	34.0329634938
1105	65.6669871694	71.2388188297	33.5621291944
1106	56.0540841822	58.0609689662	33.6963088271
1107	65.338255682	75.8613678788	33.7304860777
1108	73.0853518598	36.8077785361	34.1007263252
1109	58.801585347	42.3020101942	34.0148927741
1110	80.9937069501	63.9992125289	33.8932432662
1111	62.902604792	66.1871458106	34.3908733076
1112	76.0387994566	33.2782273229	33.429601642
1113	66.7794455024	40.5210298538	34.5828581775
1114	67.3570376316	66.3927230095	34.4674164188
1115	58.7311761262	67.6312569394	34.2029368192
1116	73.0777195014	67.9026058298	34.371211883
1117	52.7165751227	86.3050135176	33.5183019332
1118	58.5004056834	94.812484653	34.6653787624
1119	71.9777823644	41.3072203697	34.5916100836
1120	82.5831737413	44.7290071719	34.2896600952
1121	64.0004188522	47.7811920435	34.873678057
1122	58.2388915645	54.2622514588	34.8708555993
1123	70.0591533583	45.180231355	35.0482312652
1124	83.72613197	51.4048069831	34.7365460461
1125	83.6047334822	57.9772077013	34.7064473338
1126	66.1134623263	59.8546942674	35.3589507325
1127	60.3528394471	60.7099498935	35.1081891811
1128	80.143109284	47.4636492167	34.8039906403
1129	70.864505174	60.0561951417	35.3844057054
1130	77.7131048528	59.6622044598	35.1925709726
1131	73.5587222756	64.2074649115	35.2229912925
1132	49.1721173263	93.6919428466	34.5896533582
1133	64.6289261352	44.2115607359	34.9919021751
1134	78.7285168996	51.2724601475	35.5514540212
1135	77.0616187673	42.5053805738	35.0925919493
1136	70.6483311757	48.421196156	35.2440470459
1137	77.2077095573	55.8130397939	34.9375663726
1138	75.5297305677	46.552576301	35.6664461342
1139	58.8086962843	48.3217698683	34.4861341666
1140	74.1433417751	51.8742598951	35.5479174126
1141	67.5284606176	52.5260967484	36.0356974265
1142	62.2571095165	53.6560935596	35.5859963095
1143	70.2919934801	54.7664126495	36.3894501711
