2
3
4
5
6
8
12
14
21
28
33
39
41
46
49
61
71
76
88
89
113
117
137
151
173
174
187
189
193
195
201
202
205
208
209
223
227
231
241
242
251
257
258
260
264
268
274
275
281
283
296
304
310
313
320
322
329
330
331
334
339
341
346
351
352
358
360
366
372
378
380
384
388
394
395
396
399
410
411
412
415
418
420
422
432
438
443
447
452
469
475
476
479
482
486
489
492
493
503
509
515
516
522
525
527
528
529
530
533
537
543
544
545
547
548
562
565
568
572
575
584
586
589
590
592
595
597
600
603
604
605
607
608
621
624
625
626
631
634
635
637
638
639
647
650
653
654
658
659
664
667
670
675
676
677
678
681
684
689
691
693
694
698
704
716
717
718
720
721
724
727
730
735
737
740
743
745
752
758
761
764
765
768
769
771
775
776
777
778
779
783
791
794
795
800
802
805
807
810
811
812
813
814
818
819
820
822
827
833
840
843
844
845
846
847
850
852
854
857
859
860
861
863
864
865
866
868
869
870
872
873
876
877
885
888
889
891
892
893
894
897
900
901
902
903
905
907
911
912
913
914
915
916
917
920
921
927
928
930
931
932
933
934
935
936
938
940
941
944
945
946
947
948
949
950
951
952
954
955
956
957
958
959
960
961
962
964
968
969
972
973
974
975
976
977
978
980
981
982
983
984
985
986
987
988
990
991
992
994
995
996
997
998
999
1000
1001
1002
1003
1004
1005
1006
1007
1008
1009
1010
1011
1012
1013
1014
1015
1016
1017
1018
1019
1020
1021
1022
1023
1024
1025
1026
1027
1028
1029
1030
1031
1032
1033
1034
1035
1036
1037
1038
1039
1040
1041
1042
1043
1044
1045
1046
1047
1048
1049
1050
1051
1052
1053
1054
1055
1056
1057
1058
1059
1060
1061
1062
1063
1064
1065
1066
1067
1068
1069
1070
1071
1072
1073
1074
1075
1076
1077
1078
1079
1080
1081
1082
1083
1084
1085
1086
1087
1088
1089
1090
1091
