1	2	3	4	5	6	8	12	14	21	28	33	39	41	46	49	61	71	76	88	89	113	117	137	151	173	174	187	189	193	195	201	202	205	208	209	223	227	231	241	242	251	257	258	260	264	268	274	275	281	283	296	304	310	313	320	322	329	330	331	334	339	341	346	351	352	358	360	366	372	378	380	384	388	394	395	396	399	410	411	412	415	418	420	422	432	438	443	447	452	469	475	476	479	482	486	489	492	493	503	509	515	516	522	525	527	528	529	530	533	537	543	544	545	547	548	562	565	568	572	575	584	586	589	590	592	595	597	600	603	604	605	607	608	621	624	625	626	631	634	635	637	638	639	647	650	653	654	658	659	664	667	670	675	676	677	678	681	684	689	691	693	694	698	704	716	717	718	720	721	724	727	730	735	737	740	743	745	752	758	761	764	765	768	769	771	775	776	777	778	779	783	791	794	795	800	802	805	807	810	811	812	813	814	818	819	820	822	827	833	840	843	844	845	846	847	850	852	854	857	859	860	861	863	864	865	866	868	869	870	872	873	876	877	885	888	889	891	892	893	894	897	900	901	902	903	905	907	911	912	913	914	915	916	917	920	921	927	928	930	931	932	933	934	935	936	938	940	941	944	945	946	947	948	949	950	951	952	954	955	956	957	958	959	960	961	962	964	968	969	972	973	974	975	976	977	978	980	981	982	983	984	985	986	987	988	990	991	992	994	995	996	997	998	999	1000	1001	1002	1003	1004	1005	1006	1007	1008	1009	1010	1011	1012	1013	1014	1015	1016	1017	1018	1019	1020	1021	1022	1023	1024	1025	1026	1027	1028	1029	1030	1031	1032	1033	1034	1035	1036	1037	1038	1039	1040	1041	1042	1043	1044	1045	1046	1047	1048	1049	1050	1051	1052	1053	1054	1055	1056	1057	1058	1059	1060	1061	1062	1063	1064	1065	1066	1067	1068	1069	1070	1071	1072	1073	1074	1075	1076	1077	1078	1079	1080	1081	1082	1083	1084	1085	1086	1087	1088	1089	1090	1091
2	1	3	4	422	7	296	9	266	330
3	1	2	260	7	8	330	11	376	410	443
4	1	2	5	296	9	10	331	399	311
5	1	10	331	4	281
6	8	1	274	260	13
7	2	3	229	266	11	376	443	330
8	1	3	260	6	11	13	367	17	19	438	376	410
9	449	2	4	229	422	296	10	399	16	211	311	266
10	4	5	359	9	331	18	20	311	344	281
11	386	3	229	7	8	266	367	17	376	410
12	1	275	20	281
13	260	438	6	8	586	567	532	15	592	274	19	372	22	23	312	377	367
14	1	15	274	372	21	22	25	411
15	13	14	274	372	22	23
16	449	229	9	266	368	211	215	26
17	376	386	229	8	11	367	312	19	24	27	261
18	359	297	10	211	20	311	344	31
19	32	8	13	367	17	23	24	312
20	458	545	297	10	12	18	275	344	281	476	29	30
21	1	322	411	14	25
22	34	35	13	14	15	372	23	25	314	411	377
23	32	34	13	238	15	19	22	312	377
24	32	261	305	17	19	312
25	322	35	36	14	21	22	314	411
26	368	387	229	230	45	16	483	213	215	505	27	357
27	386	387	229	230	17	26	261
28	1	242	313	39
29	323	40	458	267	242	275	20	533	313	476	30
30	40	297	458	267	402	20	344	29	31
31	37	297	267	18	211	212	247	30
32	261	44	238	305	498	19	23	24	282	312
33	1	322	36	41
34	35	42	43	238	338	22	23	377	314
35	34	36	42	22	25	314
36	33	322	35	423	41	42	378	339	55	25	314	298
37	267	247	276	31
38	261	230	44	45	47	305	52	349
39	1	358	360	242	49	50	28
40	323	293	267	50	242	53	216	29	30
41	1	322	36	33	46	339	55	378
42	34	35	36	423	298	43	338	373	54	314	221
43	34	470	42	299	498	238	48	338	54	282
44	32	578	261	38	47	305	340	534	57	282	571	60	349
45	262	379	38	230	459	52	213	26	59	349	254	357
46	1	339	55	231	41
47	38	44	340	57	52	379	60	349
48	64	299	68	470	43	54	57	282
49	360	1	61	39
50	66	67	293	358	39	40	361	360	242	216
51	65	587	69	523	430	212	247	56	58	444	477	254
52	379	38	72	45	47	340	59	349
53	555	66	323	324	561	40	74	267	465	276	630	216	62
54	64	299	42	43	48	338	535	221
55	36	294	231	41	298	46	339	63
56	65	262	51	59	477	254
57	640	571	68	470	362	299	44	47	48	340	86	282	431	60
58	65	69	74	523	51	276	247	444	62
59	65	262	72	75	45	52	56	379	254
60	340	57	44	86	47
61	1	67	388	71	360	49	283
62	66	69	74	276	53	58
63	294	73	298	445	373	55	217	221
64	68	73	299	332	48	54	535	221	222
65	69	262	75	80	51	56	58	59	477
66	67	82	325	361	74	77	50	350	53	216	324	62	255
67	66	283	388	360	361	396	77	50	243	85	91	61	350	479
68	64	362	299	48	273	86	57	222
69	65	424	74	523	78	80	563	51	58	477	62
70	294	231	76	269	81	217	380
71	1	283	268	61
72	578	379	549	262	340	75	744	431	616	499	84	86	792	52	59	668
73	64	332	79	83	373	374	217	221	445	63
74	66	324	69	424	523	78	465	82	467	276	53	563	484	58	62	325
75	65	549	262	72	80	499	84	90	59	477
76	1	70	231	81	341	88	380
77	66	67	361	243	350	255
78	69	424	74	80	82	467	408	93	95
79	96	288	374	73	332	273	466	83	446	382	278	87	222	389
80	65	99	69	262	103	424	75	78	477	400	536	408	90	315	93
81	100	70	76	269	341	88	380
82	66	325	424	105	74	78	467	375	255	94	95
83	96	73	239	374	217	79	382
84	99	549	262	72	75	108	333	431	593	499	86	90
85	98	91	243	67	277	283	479
86	774	273	538	431	815	440	57	60	68	72	715	333	593	340	92	102	362	108	111	754	84	506
87	288	101	79	273	278	222
88	1	100	76	81	341	223
89	1	97	268	334	412	351
90	400	99	549	75	333	80	84	477
91	97	98	67	232	396	447	268	351	85	479	283	277
92	288	102	107	273	86	506
93	103	78	80	114	408	315	284	95
94	325	104	105	491	82	243	500	375	345	317	255
95	424	105	114	78	335	472	82	467	375	408	345	284	93
96	101	106	109	239	83	278	439	79	382
97	224	232	268	334	244	89	91	412	351
98	104	232	243	277	91	85
99	256	400	103	460	108	333	397	80	84	90	315
100	341	492	269	239	112	81	117	88	346	223
101	96	288	278	106	107	461	116	214	87	316	318
102	288	416	107	111	440	86	248	506	92	538
103	128	129	99	108	397	256	80	118	315	284	93
104	98	243	232	491	306	115	468	277	501	317	94	383
105	375	114	82	345	121	317	94	95
106	96	101	109	116	278	439	318
107	288	416	101	102	316	214	248	92
108	256	450	99	103	679	460	333	111	440	369	84	86	397
109	96	485	326	263	106	110	239	112	307	116	439	124	318
110	112	263	109	239
111	450	440	102	136	108	333	369	86	248
112	352	130	100	485	263	492	109	110	239	117	346	493
113	1	486	264	119	334	279
114	225	105	335	118	345	121	122	284	93	95
115	104	363	462	306	501	120	123	317	383
116	131	101	134	106	109	461	307	214	124	318	390
117	352	1	100	137	112	346	223
118	128	114	284	122	103
119	224	264	334	143	113	279	347	125
120	480	289	132	327	138	462	306	115	244	280	441	123	126	383
121	225	133	391	105	363	398	335	114	403	425	345	123	317	127
122	128	225	335	114	118	284
123	327	138	363	403	462	115	120	121	250	507	317	127
124	353	130	326	134	263	140	109	307	116
125	224	135	119	244	279	347	126
126	224	289	132	135	413	244	480	120	441	347	125
127	133	363	398	403	121	250	123
128	256	129	354	391	103	225	240	145	146	118	472	473	122	539	284
129	128	256	369	103	145	473	249
130	352	432	326	263	137	140	112	251	124
131	390	134	236	142	116	214	414
132	120	280	138	126	289
133	225	391	141	398	403	149	121	250	127
134	353	131	390	326	487	236	140	142	307	116	494	124	414
135	289	143	279	413	347	125	126
136	450	139	111	144	369	147	404	248	249	218
137	352	1	130	432	117	251
138	132	327	280	120	250	123
139	226	136	147	404	248	218
140	353	130	452	134	326	124	432	251	156
141	225	133	391	398	146	149	152
142	353	131	134	487	236	342	153	156	414
143	289	135	264	329	151	300	527	328	279	119	157
144	136	270	369	147	404	249	155
145	128	129	240	434	308	473	249	155
146	128	225	162	391	354	141	240	435	405	152	285	159
147	226	136	139	270	144	404	158
148	160	153	218	236	226
149	161	133	391	141	398	435	245	152	250	508	285
150	280	289	154	301	309
151	264	1	300	329	143
152	162	391	141	146	435	245	285	149
153	160	226	163	426	427	236	142	433	148	414	342	573	286
154	161	417	301	150	280	250
155	240	164	166	364	270	144	145	308	249
156	257	251	452	353	140	525	142	342	219	509
157	289	167	328	300	172	143	309
158	160	226	165	265	428	270	147
159	162	166	168	240	146	308	474
160	226	163	165	170	148	286	153	158
161	512	417	454	233	301	177	245	502	569	154	319	250	149
162	240	168	169	381	176	336	146	308	405	152	474	285	159
163	160	427	170	171	365	175	342	153	219	286
164	290	166	265	364	270	179	155
165	160	226	518	265	170	428	463	178	286	343	426	158
166	290	164	168	364	302	240	179	308	474	155	159
167	384	228	401	328	172	394	300	173	589	528	392	180	329	157	510
168	162	166	302	176	308	474	381	159
169	336	162	233	234	176	370	181	285	245
170	160	321	163	165	518	343	365	175	178	436	183	429	463	541	286
171	320	258	163	418	365	175	303	227	219	220	415
172	392	167	328	401	177	180	309	252	157	319
173	384	1	228	167	329	394	304
174	320	1	227	257
175	163	188	170	171	365	303	436	183	429	220	287
176	162	168	169	302	381	336	181	182	393	184	253
177	512	161	454	295	392	233	234	455	172	370	409	252	319
178	321	291	165	265	170	343	183	186	442
179	481	290	291	164	166	302	182	185
180	193	228	198	167	392	172	401	371	187	252
181	448	336	169	234	176	370	393	184	348	190
182	302	176	179	184	185	253
183	321	259	553	170	175	178	436	186	287	191
184	393	176	181	182	348	253
185	481	194	291	519	520	419	302	464	179	182	186	253
186	321	194	259	519	553	419	178	291	183	185	542	191
187	1	228	193	395	304	371	180
188	192	195	366	175	220	189	287
189	1	258	195	220	366	188
190	448	196	234	237	181	348
191	192	259	553	337	436	183	186	287
192	195	201	337	191	188	287
193	1	198	202	395	304	371	180	187
194	496	259	356	200	204	237	464	456	419	185	186	253
195	192	1	201	366	337	469	188	189	287
196	448	355	292	199	234	203	237	591	651	348	190
197	385	420	198	295	521	235	205	252
198	193	420	197	385	202	395	205	530	371	180	252
199	355	196	457	203	204	237	206	406
200	194	259	356	204	208	310
201	192	1	195	675	337	259	469	310	543
202	1	420	198	193	584	395	205	530
203	355	196	421	199	206	207	272	246	292
204	194	356	199	200	237	206	208	241	406
205	608	1	482	420	197	198	584	202	235	271	209	554
206	355	421	199	457	522	203	204	272	241	210	406
207	421	497	203	271	272	209	531	246	475
208	1	356	200	204	241	310
209	1	482	205	207	271	475
210	272	241	206
211	368	407	359	9	311	557	16	18	212	215	449	297	31
212	407	211	297	490	215	430	560	51	213	247	254	31
213	577	459	357	490	407	45	430	483	212	215	26	254
214	416	131	101	390	107	236	461	451	116	248	218	316	414
215	368	483	16	211	212	213	407	26
216	66	323	324	293	561	40	361	465	50	53
217	294	70	73	269	239	83	478	374	445	382	63
218	226	451	550	136	139	236	433	148	214	248	404
219	320	257	163	171	365	509	342	156	427	415
220	258	227	489	171	418	366	175	415	303	188	189	287
221	64	423	73	42	332	338	373	54	535	298	63
222	64	68	389	362	299	332	79	273	466	87	446
223	1	100	117	88	346	341
224	97	334	244	565	119	347	412	125	126
225	128	354	133	146	391	141	398	335	114	472	121	122	284
226	160	165	428	404	139	236	270	573	433	147	148	286	153	218	426	158
227	320	1	258	171	174	220	415
228	384	167	394	173	304	401	371	180	634	187	575
229	368	386	387	261	7	9	266	11	546	16	17	376	505	26	27
230	387	261	38	45	305	26	27	349	357
231	1	70	294	76	46	339	55	380
232	97	98	104	447	562	306	383	244	277	479	537	91	412	351
233	512	161	454	169	234	177	370	245
234	409	448	196	455	295	169	235	591	177	370	513	181	233	292	190	437
235	292	197	295	521	234	205	271	437	246	420	554
236	226	131	134	142	433	451	148	214	153	218	573	414
237	194	355	196	199	456	457	204	495	464	406	356	348	253	190
238	32	609	34	43	498	526	685	338	532	23	312	377	282	314
239	96	579	100	485	492	109	110	269	112	83	478	439	217	382
240	128	162	611	166	354	145	146	308	405	473	474	155	159
241	1	356	406	272	522	204	717	206	208	210	310	638
242	1	323	293	358	39	40	50	515	313	28	29
243	98	67	277	104	491	77	350	85	500	468	479	94	255
244	224	97	232	604	605	306	565	120	441	347	412	125	126	351
245	161	613	454	233	619	620	336	370	149	502	169	152	250	508	285
246	235	292	421	203	271	497	437	207
247	37	297	267	430	560	402	51	212	276	58	444	31
248	416	450	139	550	102	136	107	111	433	451	404	214	440	218
249	256	129	453	369	136	364	270	144	145	434	308	473	404	155
250	161	245	133	327	508	138	398	417	403	149	502	280	154	123	507	127
251	1	130	452	257	137	140	432	156
252	385	197	198	295	392	172	177	371	180	601	504	409
253	464	194	520	393	237	302	495	176	182	184	185	348
254	587	379	549	262	648	459	45	430	51	212	213	56	59	668	477
255	66	324	325	77	82	243	500	350	471	94
256	128	129	99	103	679	108	397	369	434	707	473	249	539	284
257	320	1	251	452	525	174	219	156	509
258	1	418	227	171	366	220	189	415
259	194	419	356	553	200	201	496	337	675	469	310	183	186	543	191
260	1	3	6	8	13	274	438	410
261	32	230	386	387	229	38	305	44	17	24	27	312
262	65	379	549	72	75	45	80	499	84	56	59	477	254
263	352	432	130	485	326	650	109	110	493	112	124
264	1	486	329	119	143	113	279	527	151
265	290	291	164	165	488	428	270	178	343	442	158
266	368	2	229	422	7	9	330	11	647	546	16	449	376	624	443	574
267	323	37	40	297	458	555	560	661	402	276	53	630	247	29	30	31
268	1	91	97	71	396	447	89	283	351
269	100	70	294	492	516	239	81	341	217	603	380	445	478
270	226	164	453	551	428	265	426	364	290	144	488	434	147	404	249	155	158	581
271	608	482	497	554	235	205	207	209	437	246	475
272	421	522	203	206	207	241	210	531	475
273	288	68	389	362	79	466	86	87	506	92	222
274	1	260	6	586	13	14	15	592	372	438
275	1	12	20	281	313	476	29
276	555	523	484	37	74	267	687	560	465	53	247	58	444	62
277	98	104	491	232	562	243	468	85	479	91	350	383
278	96	288	580	101	106	439	461	79	382	87	316	318	389
279	328	289	517	486	135	264	300	334	143	113	597	119	413	527	347	125
280	480	289	132	327	138	524	301	417	594	309	150	120	250	154
281	1	5	545	10	331	12	275	20	344	476
282	32	534	43	44	238	48	305	498	470	312	57	571
283	1	67	388	71	396	268	85	91	61
284	128	225	733	539	103	746	588	397	256	335	472	114	707	118	408	122	315	93	95
285	162	405	169	619	336	552	146	435	245	152	508	149
286	160	226	163	165	170	427	365	463	573	153	426
287	192	195	220	366	175	489	337	658	436	469	635	183	303	188	191
288	416	705	706	101	102	316	107	79	273	466	692	278	87	506	774	92	389
289	480	441	132	517	135	328	143	280	594	309	150	279	120	413	540	157	126
290	481	291	164	166	551	488	265	364	270	179	302
291	321	290	481	488	265	519	178	179	185	186	442	542
292	448	651	235	196	421	234	203	591	497	355	628	437	246	623	348
293	323	358	561	40	361	242	360	50	515	626	216	572
294	70	231	298	269	595	339	373	55	217	603	380	445	63
295	385	420	197	513	521	234	235	177	437	504	409	252
296	1	2	4	422	9	399
297	576	514	407	359	490	267	402	560	18	211	212	247	344	20	30	31
298	704	36	294	423	730	42	445	595	339	373	598	55	548	378	221	63
299	64	640	610	68	470	362	43	332	466	48	338	674	446	54	535	57	222
300	517	167	328	329	151	143	528	566	279	527	157	510
301	161	417	657	594	309	150	280	569	154	511	319
302	481	290	570	612	166	168	393	696	364	381	176	520	179	182	632	185	474	253
303	418	489	171	365	590	175	529	436	429	415	220	287
304	1	228	193	394	395	173	371	187	575
305	32	386	387	38	230	44	578	558	559	312	498	534	24	282	349	261
306	104	604	462	232	562	115	244	537	120	441	412	605	383
307	134	326	109	494	461	116	124	318	390
308	162	166	551	168	583	364	240	145	434	473	249	474	155	159
309	289	517	657	328	566	172	301	392	594	150	280	511	157	510	319
310	1	259	356	200	201	208	241	496	585	637	638	543
311	544	449	4	359	9	10	331	557	399	368	625	18	211
312	32	386	261	305	567	13	238	367	17	498	19	532	558	534	23	24	377	282
313	1	323	476	515	242	275	533	28	29
314	34	35	36	423	42	322	238	338	547	526	22	377	25	378	411
315	400	99	103	588	460	397	80	408	284	93
316	288	214	706	451	580	101	107	461	688	416	692	278	663	389
317	425	642	491	104	105	363	564	115	468	501	345	121	123	94
318	641	580	101	326	106	485	109	494	461	307	116	278	439	390
319	512	161	392	172	301	177	309	569	409	511
320	1	227	257	171	174	219	509	415
321	291	553	170	183	541	178	436	343	186	442	542
322	1	547	36	33	41	21	25	314	411	378
323	515	293	678	40	458	267	626	661	561	242	53	630	216	313	29	533
324	66	484	325	561	361	74	465	53	471	216	602	350	255
325	66	324	74	471	82	467	500	375	484	602	669	94	255
326	353	130	485	134	263	650	140	109	494	493	432	307	600	124	318
327	480	417	507	138	524	462	280	403	120	250	123
328	289	517	167	392	300	172	143	401	309	566	279	413	157	510
329	384	1	167	264	503	300	173	143	528	151	527
330	1	2	3	422	7	266	443
331	544	1	4	5	359	10	399	545	311	344	281
332	64	598	535	73	599	299	652	79	373	374	446	445	221	222
333	588	816	99	549	747	460	715	108	111	400	593	788	84	789	86	440	756	90	538	773
334	224	1	486	97	279	113	565	119	89	347	412
335	225	391	425	556	398	114	345	472	121	122	284	95
336	448	162	613	405	169	619	620	381	176	552	370	181	393	570	285	245
337	192	195	201	675	496	635	259	436	469	553	191	287
338	673	34	299	470	423	42	43	685	238	498	526	54	535	314	221
339	704	1	36	294	231	41	298	46	595	55	548	378	380
340	578	571	72	44	686	47	52	431	86	57	379	60	349
341	1	100	492	76	269	81	88	516	346	380	223
342	353	163	452	582	487	427	525	142	694	631	153	219	156	509	414
343	321	165	518	488	265	170	428	178	442	541
344	545	514	359	297	10	331	402	18	20	281	476	458	30
345	425	105	491	556	335	596	114	564	375	472	121	317	94	95
346	352	1	100	492	493	112	117	223	341
347	224	486	135	279	334	413	244	565	119	664	441	125	126	597
348	448	355	196	393	682	651	237	495	628	181	184	292	570	253	190
349	578	387	38	230	616	459	44	45	47	305	52	340	379	559	357
350	66	67	324	360	361	491	396	77	654	653	568	243	468	277	471	500	388	479	572	255
351	1	97	232	268	244	537	89	91	412	447
352	1	130	263	137	493	112	432	117	346
353	452	134	326	487	124	140	525	142	432	494	342	631	600	156
354	128	225	611	645	391	240	146	435	405	473	539
355	292	421	199	457	203	237	206	495	628	196	348
356	496	194	259	456	406	615	200	585	204	237	208	241	310	636	638
357	577	387	230	459	45	559	483	213	505	26	349
358	1	515	293	39	360	361	242	50	626	572
359	544	545	514	407	297	10	331	557	18	211	311	344	667
360	1	67	388	293	358	39	361	49	50	568	572	61	350
361	66	67	324	293	358	360	77	653	561	50	626	471	216	602	572	698	350
362	640	674	68	299	431	273	466	86	57	506	222
363	642	507	643	425	403	462	115	564	501	121	123	317	127
364	481	290	164	166	551	583	270	434	308	302	726	632	249	474	155	666	725
365	163	518	529	170	171	429	175	303	463	607	219	621	427	286	415
366	1	258	195	188	418	469	489	220	189	287
367	546	376	386	8	11	13	592	17	19	659	438	567	312	660	410
368	449	546	483	407	229	266	311	557	16	211	215	505	26	574
369	256	129	450	708	581	679	136	108	111	144	434	723	404	473	249
370	448	613	454	455	169	234	620	336	177	245	233	633	181
371	193	228	614	198	385	392	737	394	395	712	304	401	180	601	634	187	252	575
372	1	676	586	13	14	15	274	22	377	411
373	294	423	73	42	332	221	598	535	445	298	63
374	652	579	73	332	79	83	446	662	599	478	217	445	382
375	325	105	491	596	472	82	467	500	408	345	669	94	95
376	386	3	229	7	8	266	11	647	546	367	17	659	410	443
377	609	34	676	586	13	238	372	526	22	23	312	532	314	411
378	1	322	547	36	423	41	298	339	548	314
379	578	549	262	72	648	459	45	47	616	52	431	340	59	668	349	254
380	1	516	294	70	231	76	269	81	595	339	341	603
381	336	162	612	613	168	393	302	176	552	405	474	570
382	96	579	580	374	649	617	599	662	239	83	478	278	439	217	79	446	389
383	104	562	462	232	306	115	468	277	120	537	604	670	501
384	1	228	167	329	394	173	589	528	401	503
385	420	197	198	295	712	521	395	684	371	504	601	252
386	376	546	387	229	305	11	558	367	17	660	567	312	505	27	261
387	386	229	230	357	558	559	305	505	26	27	349	261
388	1	67	360	396	568	283	61	350	479
389	288	705	580	649	617	79	273	466	692	382	278	446	316	222
390	750	131	644	134	487	618	461	451	307	116	414	214	494	318	671
391	128	225	354	133	751	556	141	398	335	472	146	435	149	665	152	121	539	508	645
392	646	614	167	328	172	401	177	371	180	309	566	601	409	511	252	510	319
393	448	336	520	302	381	176	627	181	184	570	495	348	253
394	384	1	228	167	173	589	304	401	371	634	575
395	1	420	198	193	712	737	202	684	304	385	530	371	187	575
396	1	91	388	268	67	479	568	283	350	447
397	256	588	99	747	103	460	679	108	707	315	284
398	672	225	751	133	391	425	556	141	335	709	403	149	121	250	539	508	127
399	544	1	4	422	449	296	9	331	625	311
400	99	549	588	460	333	80	536	755	756	408	90	315	477
401	384	228	614	167	328	394	172	589	392	371	180	758	634	510
402	576	514	555	297	458	267	560	661	247	344	30
403	672	507	133	327	425	363	398	709	643	564	502	121	250	123	508	127
404	656	226	708	453	550	433	136	426	139	450	270	655	144	369	434	147	248	249	218	573	581
405	336	354	611	645	552	162	381	240	146	435	474	700	285
406	356	199	456	457	522	615	204	237	206	717	241	585	764	638
407	576	514	483	359	297	490	557	368	211	212	213	215	697	574
408	400	424	588	767	78	733	80	536	467	755	375	472	315	284	93	95
409	512	513	646	454	295	392	234	455	622	177	504	601	511	252	319
410	1	3	260	8	11	367	659	438	376	443
411	1	322	526	676	677	14	547	372	21	22	377	25	314
412	224	1	97	232	334	306	244	565	537	89	604	605	351
413	289	517	135	328	724	597	279	664	441	347	540	126
414	131	644	342	134	487	618	427	236	142	710	433	582	451	214	153	573	390
415	320	1	258	227	509	171	418	365	303	529	621	219	220	427	607
416	288	706	451	550	102	107	688	440	692	214	248	506	316	538
417	161	327	680	524	301	594	502	280	569	154	507	250
418	1	258	489	171	366	303	529	590	220	415
419	496	194	259	519	456	553	683	464	520	690	185	186	542
420	608	1	395	197	198	295	584	521	202	235	684	205	385	530	504	860	554
421	355	292	623	457	522	203	206	207	272	497	531	628	718	246	475	764
422	1	2	449	296	9	330	399	624	625	443	266
423	673	547	36	677	730	42	810	526	221	338	373	598	535	548	314	378	298
424	484	69	74	78	80	536	82	467	563	408	767	732	477	95
425	672	363	556	749	398	335	403	564	345	121	317
426	701	226	165	427	428	270	463	656	433	404	606	153	573	286	581
427	163	694	582	426	365	463	752	573	414	342	153	607	219	509	286	415
428	226	165	518	581	488	265	426	270	463	656	606	343	699	701	158	453
429	175	518	170	365	590	303	529	436	463	541	735	621
430	577	587	483	490	459	560	51	212	213	247	798	697	731	444	254	629
431	640	578	571	72	340	362	744	686	593	754	499	84	86	57	506	379
432	352	1	130	452	326	263	137	650	140	493	353	600	251
433	226	451	550	426	236	655	656	404	248	153	218	573	414
434	256	453	369	404	551	364	270	145	583	308	723	473	249	581
435	354	645	391	552	619	146	149	152	665	508	285	405
436	321	635	553	776	489	170	175	590	303	337	658	469	183	429	191	541	542	287
437	513	292	295	521	234	235	271	497	246	504	591	554	703
438	1	260	8	13	367	592	274	659	410
439	96	641	579	580	485	617	106	109	662	239	848	382	278	461	318
440	416	450	550	102	679	460	715	108	333	782	111	817	790	789	86	823	248	538
441	480	289	689	604	462	605	664	306	244	565	120	347	540	413	126	693
442	481	291	742	518	321	488	265	519	695	178	343	541	542
443	1	3	422	7	266	647	624	659	376	410	330
444	587	555	523	430	687	560	51	276	629	247	58	731
445	704	652	827	598	294	73	298	332	269	595	373	374	217	603	478	63
446	610	389	649	599	299	332	674	79	466	222	374	535	382
447	1	232	268	396	562	479	537	91	351
448	736	513	292	613	455	393	234	651	591	336	753	370	181	633	196	570	348	682	190
449	713	368	546	812	422	647	9	266	777	557	399	16	625	211	311	624	574
450	440	708	550	679	136	460	108	782	111	369	404	790	823	248	655
451	416	644	550	390	236	461	688	433	214	663	248	218	316	573	414
452	1	257	140	525	353	432	342	631	600	251	156
453	581	551	488	428	270	434	404	249	699
454	512	161	455	233	759	620	622	784	177	370	245	502	569	409	702
455	448	513	454	753	234	759	620	622	177	370	633	409	785
456	496	194	419	356	615	808	457	683	237	464	406	585	636
457	717	355	421	199	456	522	615	237	206	495	464	628	406	770	764
458	576	514	323	678	779	267	813	661	402	20	533	344	476	29	30	639
459	577	357	616	587	45	430	559	648	213	729	379	349	254
460	816	450	99	679	588	747	108	333	397	400	789	440	315
461	214	641	451	580	101	390	663	494	848	307	116	750	278	439	644	316	318	671
462	480	507	327	363	524	693	306	115	643	501	120	441	721	123	604	383
463	768	165	518	681	170	427	428	365	429	752	573	606	582	621	426	286	607
464	194	419	615	456	457	683	808	237	495	520	690	627	185	770	858	253	738
465	324	74	555	687	561	276	53	630	804	216	484	602	732
466	288	640	674	389	705	649	362	299	79	273	446	506	222
467	801	739	484	325	424	74	471	78	472	82	596	375	408	602	767	732	669	95
468	642	795	104	691	491	654	562	243	277	501	479	317	350	383
469	1	259	201	366	635	337	658	195	436	675	489	543	287
470	640	673	610	299	772	43	780	498	685	48	338	674	535	57	282	571
471	739	324	325	698	361	653	467	500	852	602	669	350	255
472	128	225	707	391	746	855	556	767	335	467	596	375	408	345	835	539	284	733	734	95
473	128	129	354	611	369	583	679	256	240	145	434	707	308	723	722	249	474	539
474	162	611	612	166	583	168	364	302	240	552	725	308	405	632	473	700	381	159
475	1	482	421	497	623	716	718	271	272	209	531	207	765
476	1	514	545	458	275	20	533	281	344	313	29	639
477	65	587	523	69	262	424	75	760	80	536	400	51	756	766	563	755	56	787	90	254	549
478	800	579	516	485	652	492	269	239	720	374	745	217	603	445	382
479	691	1	67	388	232	447	396	654	562	243	468	85	568	91	350	277
480	289	643	327	680	524	462	783	280	594	693	120	441	540	126
481	290	291	741	742	519	488	551	364	302	520	179	726	826	632	185	442	666	696
482	608	1	209	554	716	205	271	497	475
483	577	357	697	490	215	430	559	368	713	213	407	505	26	574
484	324	325	424	74	523	687	465	467	276	563	602	732
485	641	579	326	263	840	745	650	492	109	494	239	112	478	439	761	493	318
486	1	264	334	527	113	565	279	347	597
487	353	644	390	134	618	582	142	694	494	342	631	414
488	832	481	290	291	453	518	551	265	695	428	270	701	742	818	726	343	442	699	666
489	1	418	590	366	303	658	436	469	220	287
490	576	483	297	557	430	719	560	212	213	407	697	798
491	669	642	104	748	691	468	500	654	564	596	243	350	277	375	345	794	795	317	94	863
492	1	100	485	745	650	269	239	112	341	516	346	493	720	478
493	352	1	485	326	263	650	492	112	432	346
494	353	802	134	326	487	618	485	461	307	761	631	600	641	671	650	318	390
495	738	355	520	393	682	237	464	770	627	628	457	570	348	253
496	194	259	356	456	553	683	337	419	675	310	585	819	635	636	637	543
497	482	475	292	421	623	554	716	718	271	851	820	437	246	591	207
498	32	609	786	772	534	714	43	685	238	305	338	532	470	312	282	571
499	549	262	72	828	75	744	431	593	84	792	793	668
500	491	325	805	471	653	654	243	94	375	794	669	350	255
501	642	643	104	363	462	721	562	115	468	691	822	604	317	670	383
502	161	709	454	417	619	620	403	245	569	250	507	508	762
503	384	1	527	528	329
504	385	420	646	295	712	521	684	622	513	437	601	409	252	797	703
505	386	387	229	713	546	558	559	368	483	660	728	26	574	357
506	288	416	706	640	774	102	705	362	754	431	273	466	692	86	538	92
507	672	417	643	709	327	680	363	524	462	403	564	502	569	250	123	762
508	672	803	709	391	762	619	435	398	751	403	149	502	665	250	285	245
509	320	1	694	257	427	525	342	607	219	156	415
510	758	614	401	328	167	300	589	528	392	309	566
511	512	646	614	711	392	301	657	594	309	566	569	409	319
512	161	646	454	657	233	711	622	784	177	569	409	511	702	319
513	448	455	521	234	295	622	591	753	437	633	504	409	785	554	703
514	576	545	359	297	458	557	402	407	344	667	476	778	639
515	1	323	293	358	626	678	242	533	313
516	1	492	269	720	341	603	380	478
517	289	740	775	328	811	300	527	528	657	594	724	309	566	279	540	413	597
518	768	701	165	769	488	681	170	695	428	365	429	818	735	343	442	463	541	606	621
519	481	291	742	520	690	419	185	186	442	542
520	481	419	742	519	393	826	302	495	464	690	627	696	185	570	253
521	385	420	197	295	712	554	235	684	513	437	504	860	703
522	1	421	457	717	206	272	241	531	406	764
523	587	484	69	74	555	687	563	51	276	629	760	58	731	444	477
524	480	417	643	327	680	462	594	693	280	507
525	1	452	694	353	257	342	631	156	509
526	609	547	676	677	423	810	685	238	338	377	314	411	673
527	1	740	517	486	264	329	503	300	143	528	597	279
528	384	1	740	517	167	329	300	589	527	758	566	503	510
529	1	418	365	590	429	607	303	621	415
530	1	420	198	737	584	202	395	684	888	575
531	421	522	207	623	272	718	475	764
532	609	843	676	586	727	13	238	498	558	534	567	312	377	714
533	1	323	678	458	515	313	476	29	639
534	578	839	809	714	44	786	558	559	305	498	532	312	282	571
535	64	673	610	470	423	780	299	332	338	373	54	599	598	221	446	799
536	400	424	733	80	563	755	408	732	477	766	767
537	1	232	604	562	306	447	351	412	383
538	416	706	550	102	715	333	782	688	817	774	86	440	506	862
539	128	256	354	611	645	391	556	398	751	722	707	665	472	473	284	734
540	480	289	517	775	783	689	594	724	693	664	441	413
541	321	518	769	776	553	170	695	429	590	807	436	343	442	542	735
542	321	291	742	519	553	683	907	541	807	690	419	436	695	186	915	442	865
543	1	259	201	496	675	469	310	636	637
544	1	359	331	743	557	399	625	545	311	667
545	544	1	514	359	778	331	20	344	281	667	476	639
546	449	386	229	647	713	266	791	367	368	728	659	660	777	376	505	574
547	1	322	548	677	423	526	314	411	378
548	704	1	547	677	423	298	339	378	730
549	587	773	262	72	828	75	793	333	400	593	499	84	788	787	760	756	90	379	668	477	254
550	416	450	451	644	433	782	573	688	440	404	790	248	218	655	538
551	481	290	453	583	488	364	270	434	308	666	699	581
552	612	613	619	381	336	435	405	825	665	474	763	700	285	645
553	321	259	807	776	683	907	496	337	658	419	436	183	819	186	635	541	542	191
554	608	513	482	420	521	235	716	205	974	271	912	497	851	437	981	591	860	703
555	523	804	821	267	661	560	465	402	276	53	630	687	444	629
556	672	391	425	855	748	749	398	335	596	824	564	849	472	345	539	734	751
557	544	449	514	359	812	490	311	743	719	368	625	211	833	407	576	697	667	574
558	386	387	809	714	728	786	559	305	660	532	534	567	312	505
559	577	578	387	357	616	713	459	809	558	305	483	534	729	728	505	349
560	576	555	297	490	267	430	719	402	821	276	629	247	212	444	798	661
561	323	324	293	678	361	813	814	465	626	53	630	216	602
562	1	232	501	306	691	468	277	479	537	383	604	670	447
563	484	69	424	74	523	687	760	536	732	477	766
564	672	642	363	643	425	491	556	749	403	596	345	748	507	317
565	224	1	486	334	244	597	664	441	347	412	605
566	740	517	614	657	328	811	300	528	392	309	758	510	511
567	386	771	586	843	13	558	367	592	659	532	727	312	660	714
568	1	388	360	396	653	654	572	350	479
569	512	161	454	417	680	759	620	301	784	657	594	502	511	762	507	319
570	448	736	612	613	796	520	393	682	302	495	336	627	696	348	381
571	640	578	786	772	534	839	44	674	686	431	498	867	340	470	57	282
572	1	293	358	360	361	653	626	568	698	350
573	644	655	656	404	153	286	710	550	426	427	433	414	829	831	451	582	463	606	226	236	701	757
574	449	546	483	812	697	266	777	557	368	625	713	407	728	505
575	1	228	737	394	395	304	530	371	634
576	833	514	297	458	779	557	719	560	402	778	661	407	847	889	667	490	639
577	587	483	357	648	713	459	834	430	559	213	729	697	731	798
578	809	571	839	72	616	44	744	686	431	305	883	340	534	729	559	890	379	349
579	800	641	485	848	745	652	662	239	720	382	374	439	894	879	478	885
580	641	389	617	663	461	662	848	692	318	278	439	316	382
581	708	453	551	426	583	428	270	656	369	434	723	404	699
582	694	710	487	618	427	463	752	606	342	573	414	757
583	611	581	551	364	722	434	723	308	725	473	474	699	666	830	853
584	608	1	420	202	684	205	530
585	356	310	615	456	717	846	496	406	636	637	638
586	1	676	567	13	727	592	274	372	377	532
587	577	523	549	648	668	459	430	51	629	760	793	731	444	477	254
588	707	806	746	747	460	333	397	400	755	756	408	315	284	733
589	384	1	167	394	528	401	758	634	510
590	1	418	776	489	429	303	529	658	436	735	541	621
591	448	513	292	870	753	234	651	623	497	851	820	437	196	981	554	703
592	1	771	586	727	13	367	274	659	438	567
593	549	744	715	333	431	754	499	84	86	815	828	773
594	480	289	811	517	417	680	775	524	301	783	784	657	309	857	280	569	540	511
595	704	1	827	294	298	339	603	380	445
596	801	835	748	491	556	733	855	467	564	375	472	345	669	767
597	1	740	517	486	527	724	565	279	664	347	413
598	704	673	610	780	423	844	652	298	599	332	373	535	730	827	445	799
599	610	374	649	652	332	674	662	781	446	598	535	382	799
600	1	802	452	326	353	650	494	432	631	761	671
601	385	646	614	737	392	712	371	504	409	634	252	797	869
602	739	324	325	561	361	903	814	465	626	467	804	630	471	852	484	698	732
603	800	1	516	294	269	720	595	827	380	445	478
604	1	721	562	462	689	306	244	501	693	537	441	412	605	670	383
605	1	604	689	306	244	565	664	441	412
606	768	701	518	582	426	428	463	752	818	757	573
607	768	1	681	427	365	463	752	529	694	621	509	415
608	1	482	420	584	554	716	205	271	912	981	860
609	676	714	843	685	526	498	532	238	854	727	377	786
610	674	470	535	299	780	598	599	446	799
611	354	830	645	583	240	722	405	473	474	539	700	734	725
612	898	613	552	302	381	696	882	632	825	474	700	570
613	448	736	898	612	880	552	619	620	336	881	370	245	825	696	633	570	763	796	381
614	737	758	646	657	392	711	401	371	566	869	601	634	510	511
615	738	356	456	457	717	846	464	808	406	585	952	770	636	858
616	578	72	459	744	559	648	883	792	729	890	379	668	349	834
617	705	580	389	649	879	848	692	662	439	382
618	802	644	390	582	487	841	494	710	750	694	631	868	414	671
619	880	803	613	552	886	875	620	336	881	435	245	502	665	762	763	508	285	645
620	880	613	454	455	886	619	759	336	881	370	245	502	633	569	762
621	1	518	681	365	590	463	529	429	607	735	415
622	512	513	646	454	455	842	785	837	759	504	409	797	702	703
623	292	421	945	651	716	718	591	497	531	628	820	475	764
624	1	422	449	777	266	647	625	443
625	544	1	422	449	777	743	812	557	399	624	311	574
626	1	515	293	358	361	813	814	678	561	323	630	602	572	698
627	738	520	393	682	906	495	464	808	690	696	570	796	826
628	738	355	292	421	871	872	457	682	651	770	495	851	820	764	623	348
629	523	587	555	430	687	560	884	661	731	444	798	821
630	555	323	804	678	561	267	813	814	465	626	903	53	602	893	661
631	1	802	452	694	487	618	525	494	353	342	600	868
632	481	612	741	364	302	882	725	726	887	696	836	474	700	666
633	448	513	899	613	455	620	753	370	759	785	736	881
634	1	228	614	737	394	589	401	371	758	601	575
635	1	675	553	683	496	337	658	819	436	469	287
636	866	675	356	615	456	585	683	846	496	808	819	637	543
637	1	866	675	585	846	496	310	636	638	543
638	1	356	310	585	717	846	241	406	637
639	576	1	514	678	545	458	779	533	476	778
640	705	674	867	909	362	299	754	686	431	466	470	57	506	571	924
641	928	579	580	485	840	745	461	494	848	914	750	439	761	894	859	318	671
642	672	491	691	363	748	749	643	564	501	822	891	468	795	317	863
643	480	672	642	891	709	864	680	905	363	524	845	462	721	403	564	501	822	762	507	693
644	451	390	550	487	904	841	618	461	750	655	688	710	782	663	829	573	414
645	354	611	763	391	552	619	830	435	405	875	824	665	922	539	700	734
646	512	837	614	711	392	935	622	911	712	869	601	504	409	797	702	511
647	1	546	449	777	266	624	659	791	376	443
648	577	834	459	731	616	587	908	798	729	890	379	668	254
649	705	674	389	617	781	879	466	446	662	599	382	799
650	1	485	326	263	840	745	492	493	494	432	600	761
651	448	292	870	838	871	682	623	944	753	851	628	820	196	591	348
652	800	579	374	332	781	662	885	598	599	827	445	478	799
653	1	805	361	654	500	471	568	852	698	572	669	350
654	1	805	491	653	691	468	568	500	794	350	479
655	896	450	644	550	904	782	829	656	433	404	790	708	573
656	896	701	708	581	426	428	874	655	433	404	757	829	699	573	831
657	512	811	517	614	711	775	876	301	784	758	594	869	309	566	857	569	511
658	1	776	553	590	819	436	469	489	635	287
659	1	546	771	647	791	367	592	660	438	567	376	410	443	861
660	843	386	771	901	809	714	791	546	558	367	786	659	567	728	505	861	927
661	576	323	804	678	779	458	555	813	719	560	402	931	629	630	267	847	893	821
662	579	580	649	617	439	652	781	879	848	885	374	599	382
663	848	451	580	968	841	461	750	688	692	937	644	1019	316
664	783	1	775	605	689	724	565	441	347	540	413	597
665	763	645	391	552	619	751	880	435	875	824	803	539	508	734
666	832	481	836	583	488	551	364	725	726	632	699
667	544	1	514	545	778	359	557	743	576	833
668	731	549	72	648	587	908	616	499	792	793	890	379	254
669	801	863	375	325	491	748	653	941	835	913	467	500	471	852	596	739	795	794	805
670	1	721	562	691	501	822	604	383
671	641	802	390	840	618	461	494	750	600	761	859
672	642	643	709	425	891	556	749	398	751	403	564	803	507	508	972
673	470	902	423	844	810	780	685	526	338	598	535	730
674	640	705	610	867	772	649	362	299	780	909	879	466	470	599	571	924	446	799
675	1	866	259	201	683	496	337	819	469	635	636	637	543
676	1	677	609	586	727	685	526	372	854	377	532	411	810
677	1	547	548	423	810	526	676	730	411
678	1	515	458	779	813	661	561	626	323	533	630	639
679	256	450	707	708	460	747	108	397	816	369	722	723	789	856	823	440	473
680	480	417	643	905	524	845	783	784	594	693	857	920	569	762	507
681	768	1	518	769	621	463	818	735	607
682	448	736	738	838	871	796	651	495	753	627	628	570	348
683	496	866	419	456	553	907	464	808	690	675	819	635	636	542
684	1	420	385	584	521	395	712	530	888	504	737	860	703
685	609	676	854	902	673	810	780	338	526	498	238	470	772	786	932
686	640	578	867	839	744	923	909	431	754	883	340	571
687	555	484	732	523	878	465	563	276	629	884	760	804	731	444	766	821
688	416	706	451	644	550	904	841	782	937	692	663	1012	538	316
689	1	540	783	693	664	441	604	605
690	865	419	742	519	520	683	907	464	808	627	826	915	542
691	1	642	491	654	562	468	501	822	794	795	670	479
692	288	416	706	580	389	774	705	617	924	879	688	937	663	506	316	848
693	480	1	643	864	721	680	604	524	845	462	783	689	441	540
694	1	868	710	582	487	618	427	525	752	342	631	509	607
695	769	742	518	807	488	850	701	818	726	442	892	541	542	865
696	736	481	898	612	613	520	302	882	627	632	825	570	796	826	741
697	577	834	483	877	833	713	490	812	557	430	719	921	798	407	900	957	574
698	1	361	653	814	626	852	471	602	572
699	832	708	453	583	488	874	551	428	910	656	723	725	853	666	831	701	581
700	898	611	612	645	552	882	405	887	632	825	474	763	830	725
701	832	934	518	488	426	428	850	656	818	757	726	695	699	573	606	831
702	512	646	454	711	842	951	622	784	759	797	837
703	513	837	870	785	712	521	554	939	684	622	591	753	842	437	504	860	797	981
704	339	1	548	298	844	595	598	730	827	445
705	288	640	674	389	774	617	754	879	937	466	692	649	506	924
706	288	416	966	774	937	782	688	817	692	506	316	538
707	256	929	679	746	747	588	397	942	856	722	967	855	472	473	539	284	734	895
708	896	450	963	581	679	874	971	910	655	656	369	723	404	853	790	823	856	699
709	672	643	933	905	891	398	403	502	803	762	507	508
710	897	644	582	841	618	829	752	757	694	868	573	414
711	512	614	646	935	951	876	911	784	657	837	869	702	511
712	385	869	646	737	521	395	684	973	888	371	504	601	860	797	703
713	449	546	483	877	577	777	729	812	834	957	559	916	697	728	505	873	574	930
714	609	854	843	786	558	498	532	917	534	567	660	901
715	773	774	817	333	815	593	789	86	440	538	862
716	608	1	482	554	718	623	912	497	851	820	974	475	765
717	1	770	615	872	457	522	846	241	406	585	952	764	638
718	1	421	945	716	623	497	531	820	475	764	765
719	576	833	931	490	557	847	560	921	946	661	889	697	778	798	821
720	800	1	579	516	894	745	492	885	603	478
721	864	1	643	462	501	822	604	670	693
722	929	611	679	583	707	830	723	856	473	539	734	853
723	708	581	679	583	722	369	434	725	856	473	699	853
724	1	740	517	775	811	597	664	540	413
725	832	611	836	583	919	364	910	723	853	887	632	474	699	700	666	830
726	832	481	836	741	742	488	364	850	695	632	666	892	701
727	1	771	676	609	586	843	592	532	854	567
728	546	713	791	777	809	558	559	873	660	729	930	505	969	834	861	574	927
729	577	578	616	713	459	834	559	648	969	809	728	890
730	704	1	548	677	673	298	423	844	598	810
731	577	523	648	668	587	908	430	687	884	629	760	793	444	798
732	961	739	484	982	424	878	687	465	467	1022	563	983	536	804	602	988	766	767
733	835	806	536	746	588	472	755	596	408	284	925	766	767
734	929	611	645	849	556	751	824	722	707	855	472	665	539	830	895
735	1	518	769	776	681	807	621	590	429	541
736	448	898	899	613	838	785	682	753	696	633	570	796	926	881
737	1	869	614	712	395	684	530	371	758	888	601	634	575
738	770	838	615	808	682	871	495	464	627	628	858	796	906
739	801	961	804	903	947	467	852	982	471	980	602	732	669	767
740	1	517	811	527	528	758	724	597	566
741	832	481	836	742	936	696	882	726	632	964	826	892
742	936	481	741	519	488	520	690	915	726	695	442	892	826	542	865
743	544	1	833	812	557	625	667
744	578	923	883	72	616	686	431	593	754	499	792	815	828	979
745	1	579	485	641	840	650	492	720	914	894	478
746	707	806	747	588	942	925	835	855	472	284	733	895
747	707	806	679	460	746	967	588	333	942	397	816	756	856
748	642	835	491	556	749	941	849	596	855	564	955	669	863
749	672	642	955	748	997	425	556	751	849	564	891	972	863
750	928	641	802	644	390	968	841	618	461	848	948	663	868	859	671
751	672	803	933	998	391	972	875	556	749	398	849	918	824	665	922	539	508	734
752	768	1	868	710	582	897	938	427	463	757	694	606	607
753	448	513	899	870	838	455	682	651	591	944	785	633	943	736	926	703
754	640	705	923	774	744	909	686	431	593	86	506	815	924
755	806	925	989	588	878	733	400	536	787	756	1045	1080	408	953	477	766
756	816	549	806	747	588	333	989	400	755	788	953	787	793	477
757	768	752	582	710	897	938	701	656	818	949	829	573	606	831
758	1	740	869	614	657	811	589	528	401	566	634	737	510
759	899	950	454	455	842	951	620	622	784	785	886	633	569	762	702	881
760	523	549	587	878	687	563	884	953	787	793	731	477	766
761	1	802	485	641	840	650	494	600	859	671
762	643	709	680	905	619	620	784	803	950	886	502	759	920	569	507	508	956	933
763	1024	1025	875	613	552	619	880	881	887	919	825	824	665	922	700	830	645
764	1	770	421	872	457	522	717	718	623	945	531	628	406	820
765	1	475	716	718
766	925	878	477	760	563	884	755	536	787	687	732	733	767
767	801	739	536	424	878	925	472	467	596	982	983	408	980	835	732	733	766
768	1	518	681	938	463	752	818	757	949	606	607
769	1	518	807	681	850	818	695	865	541	735
770	994	738	995	615	872	457	1002	871	717	495	464	628	952	820	858	764
771	1	843	901	567	592	659	660	727	861
772	674	867	932	839	780	685	498	470	786	571	986	959
773	993	549	970	715	333	815	816	593	788	789	828	989	862
774	288	705	706	966	937	970	715	815	817	754	692	86	506	924	538	862
775	1	517	811	876	783	657	594	724	664	857	540
776	1	807	553	907	590	658	819	436	541	735
777	1	546	449	713	647	812	877	873	624	625	916	791	728	574
778	576	1	514	545	779	719	847	889	667	833	639
779	576	1	678	458	813	847	661	778	639
780	960	673	610	867	772	470	902	940	844	674	685	598	535	932	986	799
781	962	649	652	879	885	662	599	954	827	799
782	450	644	966	550	904	937	706	655	688	817	790	440	538
783	480	1	775	680	845	689	594	693	664	857	540
784	512	837	454	711	680	951	876	857	911	657	594	950	759	920	569	762	702
785	736	513	899	870	455	842	622	943	753	759	633	703
786	609	772	854	839	809	714	685	558	498	660	917	534	932	959	571	958	901
787	549	878	755	756	953	760	793	477	766
788	993	773	333	816	756	793	828	989	549
789	993	971	773	679	715	460	333	816	817	856	823	440	862
790	896	450	708	966	550	904	971	782	655	817	823	440
791	1	546	647	777	659	660	873	728	861
792	923	965	72	828	908	744	616	499	793	890	883	668	979
793	549	828	587	908	792	499	756	788	953	760	787	731	668	989	884	965
794	1	805	491	941	654	913	691	500	795	669	863
795	1	642	491	691	468	822	794	669	863
796	736	738	613	838	682	898	906	882	627	696	570	826	926
797	977	837	646	935	712	939	1036	973	622	888	869	504	601	860	702	703
798	900	648	1033	908	921	931	430	560	946	821	697	957	577	834	719	978	985	731	490	1008	884	629
799	960	962	610	867	992	780	844	649	535	652	674	781	879	598	599	940	954	827
800	1	579	827	652	720	885	603	478
801	739	805	941	913	947	467	596	982	852	835	980	669	767
802	1	868	618	494	948	750	631	600	761	859	671
803	672	875	709	998	956	619	972	751	886	665	762	508	990	933
804	961	739	903	1000	988	555	878	687	465	1011	884	661	630	602	975	732	893	821
805	1	801	653	654	913	500	852	794	669
806	989	746	747	588	942	925	816	755	756	733
807	1	769	776	553	907	915	695	865	541	542	735
808	738	907	615	456	906	683	866	846	464	952	690	627	984	915	826	636	858
809	578	901	839	969	999	930	558	559	786	883	660	534	728	729	890	958	927
810	1	676	677	902	673	423	844	685	526	854	730
811	1	740	517	775	876	758	657	594	724	566	869
812	1	449	713	743	557	877	625	833	777	697	574
813	1	678	458	779	814	847	561	626	661	630	893
814	1	903	813	893	561	626	852	630	602	698
815	993	773	774	744	924	970	715	593	754	979	86	923	828	862
816	993	971	773	806	679	747	460	333	942	756	789	967	823	856	788	989
817	706	971	966	774	970	715	782	789	790	823	440	538	862
818	768	1	934	518	769	488	681	850	757	695	949	701	606	831
819	1	866	675	776	553	683	907	496	658	635	636
820	1	770	995	945	871	872	651	716	994	718	623	912	497	851	628	974	591	764
821	847	931	804	975	1000	555	687	560	946	884	629	719	893	798	661
822	864	1	642	643	891	721	691	501	795	670	863
823	450	963	708	679	967	971	856	816	817	789	790	440
824	929	645	875	556	751	849	830	918	855	665	922	763	734	895
825	1025	898	612	613	552	875	880	881	882	887	696	763	700
826	936	481	915	836	741	742	520	906	882	808	690	627	984	1014	696	964	796
827	704	1	962	844	652	781	595	885	598	603	800	445	799
828	993	549	744	815	593	499	788	792	793	965	989	979	773
829	896	897	644	710	904	841	874	938	1006	655	656	976	757	1015	949	1039	573	831
830	1024	929	611	645	583	1020	919	1051	722	725	887	824	922	763	700	734	853
831	832	987	829	934	874	938	701	656	818	757	699	573	949
832	987	836	741	934	488	874	910	850	725	726	1016	964	666	699	892	701	1028	831
833	576	1	877	743	778	812	557	719	921	889	697	900	667
834	577	930	616	713	908	978	1021	1008	648	969	916	1032	729	728	697	890	957	798
835	801	1026	925	1004	746	983	748	941	733	596	855	472	980	955	669	767
836	832	964	741	934	919	910	1007	1016	882	725	726	887	632	666	826
837	939	646	711	842	935	622	911	784	977	951	797	702	703
838	736	738	871	682	651	944	753	796	906	926
839	1043	1010	578	867	772	999	809	1042	909	686	786	883	534	890	571	958	959
840	928	1	485	641	745	650	914	761	859	671
841	897	644	710	904	937	618	750	688	968	1012	948	976	663	868	1019	829
842	899	837	870	977	939	622	943	785	951	759	860	702	703
843	1	771	901	609	714	727	660	917	854	567	532
844	704	1	962	902	673	940	810	780	598	730	827	799
845	864	1	643	680	905	783	693	857
846	1	866	615	808	585	717	952	636	637	638
847	576	1	931	778	779	813	719	661	889	893	821
848	641	1027	1037	914	662	663	928	937	692	439	954	579	580	968	461	996	617	1003	750	879	1019	894
849	997	998	556	1005	748	749	751	918	855	824	922	955	972	734
850	832	1	934	769	818	726	695	892	701	865
851	994	870	871	1001	554	651	716	974	591	944	497	628	981	820	991
852	1	739	805	698	903	653	814	913	801	947	471	602	669
853	929	1058	963	708	583	1059	910	722	723	725	919	856	699	830
854	1	676	902	609	714	843	685	786	917	727	932	810
855	1026	707	997	849	748	746	556	1004	942	1005	824	835	596	1038	918	472	1049	955	925	734	895
856	929	707	708	679	747	816	722	723	789	967	823	963	853
857	1	775	680	905	876	845	783	784	657	594	920
858	738	871	808	906	615	770	464	984	952	1031	1002
859	928	1	802	641	840	750	948	761	671
860	608	1	420	870	712	521	554	939	684	973	1036	943	842	981	888	797	703
861	1	771	901	873	659	660	791	728	927
862	993	971	773	774	970	715	1068	815	817	789	966	538
863	1	642	891	972	491	748	749	941	822	955	794	795	669
864	1	643	905	845	721	693	822	891
865	1	742	769	936	807	850	690	915	695	892	542
866	1	675	808	683	907	846	984	819	952	636	637
867	640	960	674	992	772	959	839	780	909	686	879	1009	1010	1017	986	571	799
868	1	802	976	710	897	841	618	750	752	948	694	631
869	1	614	646	711	712	811	876	973	911	657	935	758	888	601	737	797
870	1	991	785	842	651	1036	591	944	753	851	981	943	860	703
871	994	770	838	1031	682	651	738	944	1002	851	820	628	858	906
872	1	770	995	1002	717	945	628	952	820	764
873	1	930	777	713	916	791	728	861	927
874	832	896	963	708	987	938	910	1039	656	1034	949	1015	1028	699	829	831
875	1024	1025	803	645	998	619	751	880	886	825	824	665	922	763	1029	990	1023
876	1	811	869	775	711	911	784	657	951	920	857
877	1	900	833	713	812	916	777	697	957
878	804	988	983	1011	1045	687	1048	755	884	1022	953	760	787	732	925	766	767
879	1027	1046	649	781	662	924	799	674	937	1037	692	954	705	579	909	848	992	867	996	617	885	1017	1018	894
880	1025	898	875	613	619	620	1040	881	1013	886	825	665	763	1029
881	736	1040	898	899	613	619	620	825	880	1013	886	759	633	763	1052	1029
882	898	612	741	1030	796	906	964	1007	696	926	1014	887	632	825	826	700	836
883	1043	1056	578	839	616	809	909	686	744	1042	979	792	890	923	1053
884	798	804	1065	985	1022	1047	908	878	687	1000	946	1011	1033	629	953	760	793	731	1045	766	821
885	800	1	962	579	652	781	879	720	662	954	827	894
886	880	803	1029	875	620	619	881	899	951	950	759	762	956	990	1013
887	1024	1025	898	836	1035	1007	1016	882	725	919	632	825	763	700	830
888	1	869	737	712	684	973	530	860	797
889	576	1	931	900	833	778	847	921	719
890	1056	578	965	839	616	809	999	908	834	1053	648	1042	883	1032	969	792	729	668	1021	979	1055
891	672	1	642	643	709	864	905	972	749	822	933	863
892	832	1	964	741	742	865	936	850	934	726	695
893	1	961	931	804	903	813	814	847	661	630	975	821
894	848	1	579	996	641	745	1003	879	720	914	885	954
895	929	707	1057	967	1064	746	942	1073	1038	918	855	824	1049	922	1020	734
896	963	708	904	874	971	1070	655	656	1034	790	1015	1050	1039	829	1054
897	1	868	710	841	938	1006	752	976	757	829
898	736	1025	899	612	613	1030	796	1040	1007	880	881	882	887	696	825	700	926	1029
899	736	898	753	842	951	943	1040	785	1013	886	759	633	1052	926	881
900	1	833	877	921	978	697	889	957	798
901	1	771	809	714	843	786	660	917	861	958	927
902	960	1	932	673	780	810	940	844	685	854
903	1	739	804	961	814	947	852	630	602	893
904	896	976	644	1015	966	841	971	782	655	688	1012	1006	790	937	1039	829	1054
905	864	1	643	709	680	845	920	857	762	891	933
906	738	1061	838	871	808	1031	994	944	936	882	627	1014	984	826	796	858	926
907	1	866	807	776	553	683	808	690	819	984	915	542
908	834	965	648	1033	1008	1032	884	1065	953	792	793	890	731	668	798	1055
909	640	674	867	839	1043	1010	686	879	1009	754	883	1044	1017	923	924
910	832	929	963	836	874	1035	987	1051	1059	725	919	1016	708	699	1034	1028	853
911	1	869	646	711	935	876	784	977	951	837
912	608	1	554	716	974	820	981
913	1	805	801	941	947	852	980	794	669
914	928	1	641	840	745	1003	848	894
915	1	742	807	808	907	936	690	984	826	542	865
916	1	834	777	713	877	969	873	957	930
917	1	932	901	714	843	786	854	958	959
918	998	1005	1038	751	849	855	824	922	1020	895
919	1024	929	1051	836	1035	910	725	887	1016	763	830	853
920	1	933	680	905	876	784	950	951	857	762	956
921	1	931	900	833	978	719	946	697	889	957	798
922	1024	929	645	998	1023	875	751	849	918	824	763	1020	830	895
923	1043	1056	1066	744	1084	970	1067	909	686	815	754	883	1044	792	924	1053	979
924	640	705	674	923	1062	774	937	970	1067	909	815	754	692	1046	1017	879	1044
925	1026	835	806	746	983	878	989	1072	1080	755	942	855	1048	1049	1045	733	766	767
926	736	1040	898	899	1060	1030	838	1052	906	943	944	753	882	1014	796	1061
927	1	930	901	999	873	969	660	809	728	861	958
928	1	641	840	1003	750	848	968	914	948	859
929	1024	1057	1058	707	1059	967	1064	910	1051	856	722	963	734	919	824	922	895	1020	830	853
930	1	834	873	713	969	916	809	728	927
931	1	975	847	946	821	921	889	719	893	798	661
932	960	1	772	902	780	685	786	917	854	986	959
933	1	803	709	998	905	972	751	920	762	891	956	990
934	832	1	836	850	1007	818	949	1016	964	987	892	701	831
935	1	869	646	711	973	911	977	951	797	837
936	1	964	741	742	865	906	915	1014	984	826	892
937	848	705	706	1027	966	774	1062	904	841	970	1063	1037	782	879	688	692	1046	663	1012	1019	924
938	768	1	897	874	1006	752	757	1015	949	829	831
939	837	1041	842	1036	943	977	860	797	703
940	960	1	962	902	780	844	799
941	1	835	801	1004	748	913	980	794	955	669	863
942	1088	1072	707	806	967	746	747	989	816	1073	855	1049	925	1086	895
943	977	899	1041	870	785	1052	842	939	1036	944	753	1013	951	1060	860	926	991
944	1	994	1060	838	870	871	1001	906	651	943	753	851	1078	1061	926	991
945	1	994	995	872	718	623	820	974	764
946	1	931	1000	719	978	884	821	985	921	975	798
947	1	961	739	903	913	852	982	980	801
948	928	1	802	1019	868	968	841	750	976	1012	859
949	768	1	934	874	938	818	757	1015	987	829	831
950	1	951	784	1013	886	759	920	762	956
951	1	899	1041	837	711	842	935	876	911	784	977	950	1013	886	759	920	943	702
952	1	770	615	808	1002	1031	717	846	872	984	858	866
953	965	1033	1047	908	878	1071	1080	787	756	1045	755	760	793	1065	989	884	1079
954	992	1	962	996	781	879	848	885	1018	894	799
955	1	1004	835	997	972	1005	748	749	941	849	855	863
956	1	803	933	1013	886	950	920	762	990
957	978	1	834	900	713	877	1008	969	916	921	697	798
958	1	901	839	809	999	1010	786	917	959	927
959	1	867	772	839	1010	786	917	932	986	958
960	992	1	962	867	932	902	940	780	1009	986	799
961	1	739	804	903	988	975	947	982	732	893
962	960	1	992	940	844	781	885	954	827	799
963	896	929	1058	1059	708	967	874	971	910	1076	853	823	856	1070	1050	1087	1034	1077
964	832	1	836	741	934	936	1007	882	1014	826	892
965	1056	1065	1079	908	1071	1074	979	1081	953	792	793	890	828	989	1055
966	706	1062	774	1063	904	937	970	971	1068	1069	782	817	1012	1054	790	862
967	1088	929	1058	707	1073	971	1064	747	942	1085	816	993	963	823	856	1087	989	1086	895
968	928	1	1027	841	1003	750	848	948	663	1019
969	1	834	999	809	930	1021	1008	916	728	729	890	957	927
970	993	1067	773	774	1075	937	971	1068	1084	1062	815	817	979	966	1082	923	924	862
971	896	904	789	790	1050	1054	1068	1069	1070	816	817	1076	1077	823	1085	1087	1089	963	708	966	967	970	862	993
972	672	1	955	803	933	998	997	749	751	849	891	863
973	1	869	935	712	1036	977	888	860	797
974	1	994	1001	554	716	912	945	851	820	981	1083
975	1	931	804	961	1000	946	1011	821	988	893
976	897	868	1	904	841	1006	948	1012	829
977	1	837	935	842	939	1036	973	911	1041	951	943	797
978	1	834	900	1008	946	985	921	957	798
979	1056	993	965	1066	1075	744	1084	970	815	1074	883	792	1081	890	923	828	989	1082
980	1	835	801	1004	941	913	739	982	983	947	767
981	608	1	1083	870	1001	554	974	591	912	851	1078	991	860	703
982	1	961	739	801	988	947	980	983	732	767
983	1	1026	835	988	1004	878	980	982	1048	732	925	1022	767
984	1	866	1031	808	906	907	936	915	1014	952	826	858
985	1	1000	1033	978	1008	946	884	798
986	960	1	867	932	780	1009	1010	772	959
987	832	1	1028	934	874	910	949	1015	1016	831
988	1	804	961	878	975	1011	982	983	732	1022
989	773	788	1045	1048	793	925	1072	806	942	816	1079	1080	1081	828	1085	1088	1090	965	967	979	953	993	755	756
990	1	803	933	998	875	1029	1013	886	956	1023
991	1	1060	870	1001	1036	943	944	1041	851	981	1078
992	960	1	962	867	879	1009	1017	954	1018	799
993	1089	1090	1091	773	967	970	971	1068	1085	815	816	979	788	789	1081	1082	828	989	862
994	1	770	995	1061	871	1001	906	1031	974	944	945	851	820	1083	1002
995	1	770	872	1002	994	945	820
996	1	1027	1003	879	848	954	1018	894
997	1	998	972	749	1005	849	855	955
998	1	803	933	875	972	1005	751	849	918	922	1023	1020	990	997
999	1	839	809	1042	1010	969	890	1021	958	927
1000	1	804	1033	975	946	1011	884	821	1047	985
1001	1	994	974	944	851	981	1078	1083	991
1002	1	770	995	871	872	1031	994	952	858
1003	928	1	1027	996	968	848	914	894
1004	1	1026	835	983	941	1038	1005	980	855	955
1005	1	997	998	1004	1038	849	918	855	955	1020
1006	1	897	904	938	1039	976	1012	1015	829
1007	1	898	836	1029	934	1025	1040	882	1014	887	1016	964	1030
1008	1	834	1032	969	908	1021	978	1033	985	957	798
1009	960	1	867	992	909	1010	1044	1017	986
1010	1	867	839	999	909	1009	1042	1043	1044	986	958	959
1011	1	804	1000	878	975	884	1047	988	1022
1012	1	976	966	1063	904	937	1037	1006	1039	688	948	841	1019	1054
1013	1	899	950	1041	1052	943	880	881	886	951	956	990	1029
1014	1	964	1061	1030	1031	936	906	1007	882	984	826	926
1015	896	1	1028	904	874	1006	938	1034	1039	949	987	829
1016	832	1	1035	836	934	1025	887	910	1007	919	1028	987
1017	992	1	867	909	879	1009	1044	1046	1018	924
1018	992	1	1027	996	1037	879	1046	1017	954
1019	1	1027	968	937	663	1037	848	948	841	1012
1020	1024	1	1057	998	929	1005	1038	918	922	1023	830	895
1021	1	834	999	1032	969	1008	1042	890	1053
1022	1	988	1047	878	1011	884	1045	983	1048	732
1023	1024	1	1029	998	1025	875	922	1020	990
1024	1	1035	1025	1057	929	875	1051	887	919	922	763	1020	830	1023
1025	1024	1	898	1035	1029	875	1007	880	887	1016	825	763	1023
1026	1	835	855	1004	1038	1072	983	1048	1049	925
1027	1	996	968	937	1003	1037	879	848	1018	1019
1028	832	1	1059	874	1035	910	1015	1016	987	1034
1029	1	898	1040	1025	875	1007	880	881	1013	886	1052	990	1023
1030	1	898	1061	1007	1040	882	1014	926
1031	1	994	1061	871	906	984	1014	952	858	1002
1032	1	834	1033	908	1053	1008	890	1021	1055
1033	1	1000	1065	1047	908	1008	1032	884	953	985	798	1055
1034	896	1	963	1028	874	910	1039	1059	1070	1015
1035	1024	1	1059	1028	1025	887	910	919	1016	1051
1036	1	870	1041	939	973	943	977	1078	860	797	991
1037	1	1027	1062	1063	937	879	848	1012	1046	1018	1019
1038	1	1026	1057	1004	1005	1073	918	855	1049	1020	895
1039	896	1	904	874	1006	1034	1012	1070	1015	1050	829	1054
1040	1	898	899	1060	1029	1030	1007	880	881	1052	926	1061
1041	1	1060	939	1036	943	977	1013	1078	951	1052	991
1042	1043	1	999	839	1053	1010	883	890	1021
1043	1	1042	839	1066	909	1010	883	1044	923	1053
1044	1	1062	1066	1067	909	1009	1010	1043	1046	1017	923	924
1045	1	878	989	1080	755	884	1047	1048	953	925	1022
1046	1	1062	937	1037	879	1044	1017	1018	924
1047	1	1000	1033	1011	884	1045	1065	1080	953	1022
1048	1	1026	878	925	1072	1045	983	1080	989	1022
1049	1	1026	942	1072	1073	1038	855	925	1086	895
1050	896	1	963	971	1069	1070	1039	1077	1054
1051	1024	1	1059	1057	929	1064	1035	910	919	830
1052	1	899	1060	1029	1041	943	1040	881	1013	926
1053	1043	1	1056	1032	1066	1042	883	890	923	1021	1055
1054	896	1	966	1063	904	971	1069	1039	1012	1050
1055	1056	1	965	1032	1033	908	1071	1074	1065	890	1053
1056	1	965	1066	1074	883	890	923	1084	1053	979	1055
1057	1024	1	929	1064	1038	1073	1051	1020	895
1058	1	963	929	967	1064	1070	1059	1076	853	1087	1077
1059	1	1058	963	1028	929	1064	1034	1035	910	853	1070	1051
1060	1	1061	1040	943	944	1041	1078	1052	926	991
1061	1040	1	994	1060	1078	1030	1031	906	944	1014	926
1062	1	966	1063	937	970	1067	1068	1037	1075	1044	1046	924
1063	1	1062	966	937	1068	1037	1069	1012	1054
1064	1	1058	1059	1057	929	967	1087	1073	1051	1086	895
1065	1	965	1033	1079	908	1071	884	1047	1080	953	1055
1066	1056	1	1067	1043	1044	923	1084	1053	979
1067	1	1062	1084	970	1075	1044	923	924	1066
1068	1089	1	1091	1062	966	993	970	971	1069	1075	1076	1063	1082	862
1069	1089	1	966	1063	971	1068	1076	1077	1050	1054
1070	896	1	1058	963	1034	971	1039	1059	1077	1050
1071	1	965	1065	1074	1079	953	1055
1072	1088	1	1026	942	989	1080	1048	1049	925	1086
1073	1	1057	967	1064	1038	942	1049	1086	895
1074	1056	1	965	1071	979	1079	1081	1084	1055
1075	1	1062	970	1067	1068	979	1082	1084
1076	1	1058	963	1089	971	1068	1069	1077	1085	1087
1077	1	1058	963	971	1069	1070	1076	1050
1078	1	1060	1061	1001	1036	944	1041	981	1083	991
1079	1088	1	1090	965	1065	1071	1074	1081	1080	953	989
1080	1088	1	1065	1079	925	1072	755	1045	1047	1048	953	989
1081	993	1090	965	1	1074	979	1079	1082	1084	989
1082	1	1090	993	1075	970	1068	979	1081	1084	1091
1083	1	994	1001	974	981	1078
1084	1056	1	1075	970	1067	1074	979	1081	1082	923	1066
1085	1088	993	1090	1091	1089	1	971	1076	967	989	1086	1087
1086	1088	1	967	1064	942	1072	1073	1049	1085	1087
1087	1	1058	963	967	1064	971	1076	1085	1086
1088	1	1090	967	942	1085	1072	1079	1080	989	1086
1089	1	1091	993	971	1068	1069	1076	1085
1090	1088	1	1091	993	1085	1079	1081	1082	989
1091	1	1090	993	1089	1068	1082	1085
