1	333916.015409
2	156.438803037
3	155.904882208
4	58.8947363946
5	46.4838011951
6	51.1038508216
7	69.3661224585
8	123.248540862
9	242.432745614
10	104.223525183
11	109.737074973
12	23.1547298499
13	302.809384719
14	78.5190509638
15	15.6907345806
16	118.519527801
17	165.755176695
18	85.1549241302
19	68.7886162551
20	229.771194515
21	62.8610054136
22	182.18686263
23	86.6804122144
24	26.2383950487
25	25.5628217542
26	259.529108501
27	37.7776227715
28	15.8541797325
29	191.721163157
30	97.1082129045
31	67.5791221312
32	87.6937721561
33	20.0819609945
34	66.4676950984
35	19.0468083659
36	124.447138642
37	17.8808996158
38	107.481531877
39	37.1783238813
40	80.5348745037
41	56.1161688126
42	158.182217991
43	205.62489741
44	263.081316468
45	300.662805058
46	20.5831927936
47	112.733569424
48	72.1882754143
49	33.1684694885
50	100.769384307
51	312.256514498
52	160.612102582
53	309.728562815
54	85.220302191
55	33.0050243366
56	138.361769239
57	479.842276893
58	173.644129359
59	98.6228046452
60	71.2511898768
61	106.489964622
62	33.1357804581
63	94.6238465959
64	190.500772689
65	138.99375716
66	81.9622954968
67	219.376082855
68	97.9799203812
69	220.498406231
70	20.3434732375
71	49.2187834032
72	498.431438834
73	81.37389295
74	341.011964885
75	381.273953965
76	105.215092438
77	31.2398166963
78	265.402237625
79	243.664032425
80	459.847486647
81	46.62545366
82	232.342731571
83	60.7253220957
84	439.56939147
85	27.0120354343
86	1466.15749409
87	40.5888793839
88	47.2247525503
89	128.522371096
90	270.523519051
91	124.316382521
92	240.188098861
93	186.087753589
94	264.279914249
95	302.188293142
96	53.7407659386
97	61.6406149462
98	26.6851451305
99	285.560473024
100	132.510432802
101	160.938992886
102	402.685268862
103	192.037157117
104	184.540472818
105	110.848502006
106	18.9814303052
107	303.877226378
108	540.316983089
109	180.497929394
110	14.3177953048
111	380.086252528
112	192.342254734
113	223.385937248
114	186.578089044
115	175.006172291
116	177.904599651
117	115.719167532
118	22.7188761115
119	54.9284673756
120	239.654178032
121	233.900908686
122	47.1266854591
123	159.424401145
124	56.6827786725
125	21.258766088
126	92.727882834
127	77.9633374474
128	404.232549633
129	143.047196927
130	94.2642672617
131	56.8026384505
132	14.7536490432
133	62.5232187664
134	187.373522117
135	26.5434926655
136	276.265892053
137	151.75337535
138	20.9536684712
139	23.0239737284
140	140.900617265
141	26.4018402006
142	154.074296507
143	185.433972981
144	112.0253071
145	194.260011183
146	146.860917137
147	103.221061585
148	18.4584058191
149	136.66193966
150	67.8406343742
151	150.053545771
152	62.1418467453
153	171.75906194
154	78.5626363377
155	87.8681136514
156	140.279525688
157	46.0261547698
158	97.4242068648
159	59.5376206587
160	48.6412771999
161	280.559051376
162	329.625285971
163	92.5644376822
164	81.896917436
165	240.286165953
166	198.760201031
167	442.544093234
168	98.6445973321
169	124.599687451
170	179.495465796
171	156.929138493
172	266.546353688
173	98.7644571102
174	23.2963823148
175	165.482768108
176	107.928281959
177	455.401778515
178	147.580075805
179	56.0725834388
180	283.21775918
181	307.527501437
182	39.0089095824
183	206.714531756
184	24.0046446396
185	318.641771764
186	351.908308344
187	94.3405416659
188	63.1987920608
189	101.052689237
190	178.798099815
191	133.055249975
192	13.990905001
193	136.97793362
194	273.650769623
195	206.44212317
196	357.105864174
197	108.102623454
198	174.428666088
199	73.5939037205
200	63.6019567688
201	422.189723653
202	224.780669211
203	218.60244247
204	176.444489628
205	471.354025339
206	320.29801597
207	348.312515003
208	68.9629577505
209	363.807115401
210	18.621850971
211	223.407729935
212	297.633621576
213	320.919107547
214	368.841226079
215	112.047099786
216	158.421937547
217	253.06757683
218	241.136080742
219	166.539713424
220	143.864422686
221	219.757454876
222	222.13285775
223	85.7651193639
224	169.950268926
225	259.605382905
226	318.990454755
227	143.788148282
228	308.911337056
229	248.066155182
230	173.971019663
231	115.817234623
232	212.228081546
233	165.885932816
234	647.24280145
235	387.550247798
236	190.664217841
237	387.691900263
238	307.603775841
239	330.311755609
240	389.522485964
241	631.966127921
242	236.221829842
243	185.891619406
244	287.042375734
245	440.615440442
246	185.967893811
247	285.451509589
248	446.880837931
249	378.789587657
250	349.402149349
251	225.445346162
252	348.715679711
253	359.492163391
254	409.310245685
255	121.526918596
256	568.582098022
257	203.380250658
258	144.518203294
259	494.301724663
260	261.207145393
261	187.863857572
262	320.090985445
263	189.955955517
264	506.810726954
265	216.270624969
266	365.921006032
267	373.984300192
268	176.67331284
269	204.796775307
270	422.832607917
271	412.263154762
272	214.984856441
273	267.374475791
274	303.746470256
275	177.80653256
276	376.414184783
277	111.436904553
278	216.390484747
279	391.570998534
280	285.756607206
281	298.483536366
282	389.751309176
283	169.590689592
284	583.717119086
285	254.244381923
286	138.99375716
287	262.460224891
288	438.392586376
289	345.207057117
290	318.728942512
291	222.797534701
292	543.53140441
293	151.317521612
294	184.845570434
295	425.349663256
296	107.132848887
297	286.475765874
298	302.711317628
299	340.52162943
300	374.932282072
301	216.957094607
302	487.600473436
303	147.351252593
304	371.096769175
305	361.954737013
306	187.983717351
307	103.831256819
308	241.452074703
309	422.680059109
310	548.173246723
311	219.397875542
312	405.9541719
313	178.046252116
314	207.237556242
315	280.515466002
316	325.626327922
317	256.608888454
318	253.895698933
319	359.503059735
320	177.327093448
321	123.488260418
322	217.970454549
323	431.974640079
324	271.515086305
325	227.788060005
326	235.67701267
327	207.411897737
328	273.912281866
329	399.710567098
330	178.808996158
331	309.58691035
332	300.706390431
333	747.500057614
334	329.047779768
335	228.637974795
336	336.77328728
337	243.83837392
338	260.389919634
339	391.930577868
340	326.291004873
341	267.374475791
342	276.690849448
343	133.665445209
344	191.13276061
345	249.439094458
346	183.952070271
347	273.334775663
348	522.229052948
349	286.08349751
350	312.910295105
351	171.606513132
352	210.473770249
353	299.278969438
354	268.954445593
355	244.742770427
356	429.076212719
357	136.836281155
358	241.702690602
359	148.88763702
360	245.451032752
361	273.10595245
362	284.906692416
363	232.429902319
364	394.39315149
365	181.380533215
366	233.236231735
367	318.402052208
368	268.180805207
369	494.901023553
370	330.180999487
371	405.049775392
372	250.528728804
373	184.148204453
374	288.186491797
375	299.12642063
376	224.105095916
377	277.344630056
378	193.813261101
379	378.103118019
380	317.018216589
381	256.173034715
382	384.444789912
383	117.778576446
384	317.410484954
385	239.708659749
386	226.840078124
387	127.650663619
388	161.919663797
389	266.404701223
390	213.361301266
391	400.048353745
392	447.229520921
393	276.015276154
394	326.890303763
395	508.728483403
396	131.769481447
397	202.301512655
398	327.707529522
399	289.559431073
400	384.128795952
401	308.061422266
402	168.806152863
403	224.584535028
404	505.459580365
405	278.793843736
406	503.999470341
407	246.758593967
408	397.258889819
409	255.137882087
410	299.278969438
411	308.965818773
412	288.513382101
413	209.776404268
414	216.662893334
415	256.652473828
416	331.760969289
417	167.672933143
418	138.11115334
419	158.280285082
420	792.534645129
421	462.320956612
422	222.634089549
423	321.060760012
424	206.344056079
425	208.196434467
426	269.837049413
427	265.685542555
428	271.286263093
429	88.4565161982
430	349.957862865
431	447.850612498
432	291.869455886
433	188.920802888
434	249.35192371
435	243.52237996
436	248.18601496
437	215.73670414
438	185.946101124
439	294.571749064
440	446.586636657
441	232.059426641
442	195.992529793
443	287.968564928
444	176.934825083
445	261.16356002
446	207.226659899
447	105.607360802
448	619.10844264
449	271.231781375
450	358.369840015
451	293.122535384
452	258.777260802
453	112.97328898
454	455.020406494
455	234.380347798
456	212.173599829
457	338.25518999
458	276.930569004
459	280.973112428
460	305.435403492
461	361.028547819
462	225.434449818
463	230.381389749
464	480.517850188
465	189.607272526
466	246.73680128
467	292.610407242
468	174.276117279
469	341.676641836
470	291.498980209
471	353.259454933
472	438.392586376
473	459.161017009
474	293.264187849
475	234.358555111
476	190.936626428
477	394.578389329
478	318.173228996
479	197.485328847
480	223.625656804
481	367.359323369
482	449.735679917
483	265.652853525
484	103.340921363
485	368.982878544
486	388.91229073
487	175.278580878
488	287.56540022
489	194.151047748
490	184.76929603
491	321.11524173
492	261.141767333
493	191.372480166
494	277.083117813
495	333.983823354
496	393.412480578
497	394.763627167
498	320.134570818
499	195.099029629
500	196.548243309
501	184.13730811
502	266.688006153
503	59.9952670839
504	265.79450599
505	248.948759002
506	385.41456448
507	217.229503194
508	305.762293796
509	253.863009902
510	165.526353482
511	201.604146674
512	284.906692416
513	423.028742099
514	181.435014932
515	257.807486234
516	151.077802056
517	333.221079312
518	207.466379455
519	160.655687956
520	326.879407419
521	188.855424827
522	229.226377342
523	209.721922551
524	142.349830945
525	211.290996009
526	137.980397218
527	375.934745671
528	329.091365141
529	113.245697567
530	439.776421996
531	186.806912257
532	260.673224564
533	144.180416646
534	264.541426492
535	280.014234203
536	165.526353482
537	106.82775127
538	343.670672689
539	463.421487301
540	149.661277406
541	227.384895297
542	301.229414917
543	229.923743323
544	193.104998776
545	336.152195703
546	224.846047271
547	166.507024393
548	171.061695959
549	442.838294507
550	204.513470377
551	163.772042185
552	182.034313822
553	424.303614284
554	540.404153837
555	234.358555111
556	265.118932695
557	275.492251668
558	216.325106687
559	313.858276986
560	286.552040278
561	142.306245571
562	212.598557224
563	249.765984762
564	155.676058995
565	180.694063577
566	211.345477726
567	252.413796222
568	151.927716845
569	287.914083211
570	320.821040456
571	366.629268357
572	187.91833929
573	324.983443657
574	138.906586412
575	287.935875898
576	261.544932041
577	239.109360859
578	317.410484954
579	263.920334915
580	216.826338486
581	236.690372611
582	169.699653027
583	214.647069794
584	338.908970598
585	196.308523753
586	184.834674091
587	242.07316628
588	235.023232062
589	255.203260148
590	183.799521462
591	386.177308522
592	181.990728448
593	258.799053489
594	315.786929778
595	227.89702344
596	202.105378473
597	278.227233876
598	254.985333278
599	168.51195159
600	287.118650138
601	354.272814875
602	217.338466628
603	287.358369694
604	206.583775635
605	78.7260814895
606	198.37882901
607	237.387738593
608	764.901518118
609	157.190650736
610	117.201070242
611	279.75272196
612	226.218986547
613	399.754152471
614	337.917403343
615	349.282289571
616	170.734805655
617	236.178244469
618	198.880060809
619	427.757755161
620	372.883769502
621	124.85030335
622	246.998313523
623	362.935407924
624	142.131904076
625	297.42659105
626	225.151144888
627	246.290051198
628	491.054614312
629	171.290519172
630	244.633806993
631	303.288823831
632	215.682222423
633	236.832025076
634	317.203454428
635	225.543413253
636	226.611254912
637	218.722302248
638	293.231498819
639	179.114093775
640	339.758885388
641	260.607846503
642	179.778770726
643	283.326722615
644	291.161193562
645	212.151807142
646	240.613056256
647	215.050234502
648	211.977465647
649	248.458423547
650	278.83742911
651	383.475015344
652	150.881667873
653	234.380347798
654	186.381954862
655	235.796872448
656	240.689330661
657	349.84889943
658	142.469690723
659	254.647546631
660	229.640438393
661	281.027594145
662	239.545214597
663	257.513284961
664	200.056865903
665	166.321786554
666	148.560746717
667	141.423641751
668	189.846992082
669	350.524472725
670	124.610583794
671	121.766638152
672	190.152089699
673	149.432454193
674	273.236708572
675	226.44780976
676	312.986569509
677	200.852298975
678	243.086526221
679	294.310236821
680	226.251675578
681	109.998587216
682	258.842638863
683	335.509311439
684	292.784748737
685	213.176063427
686	225.401760788
687	308.366519883
688	232.909341431
689	135.299896727
690	257.055638536
691	197.899389898
692	239.80672684
693	177.163648296
694	215.823874888
695	113.844996457
696	322.902242057
697	225.292797353
698	147.580075805
699	258.995187671
700	237.75821427
701	189.574583495
702	139.516781646
703	479.035947477
704	221.860449164
705	291.193882592
706	186.665259792
707	406.226580486
708	360.145943999
709	126.288620687
710	184.823777747
711	268.082738116
712	372.491501138
713	327.805596613
714	116.841490908
715	213.339508579
716	339.998604944
717	415.924326164
718	342.014428484
719	140.061598819
720	229.94553601
721	109.737074973
722	150.816289813
723	139.146305968
724	126.201449939
725	234.434829515
726	161.712633271
727	206.028062118
728	225.118455858
729	133.676341552
730	117.952917941
731	217.948661862
732	328.557444312
733	206.333159735
734	242.933977413
735	109.094190709
736	172.3256718
737	318.293088774
738	304.280391086
739	213.927911126
740	208.327190588
741	137.915019158
742	173.796678167
743	171.944299779
744	218.526168065
745	332.752536544
746	240.275269609
747	294.397407569
748	181.217088063
749	152.385363271
750	249.526265206
751	215.900149292
752	223.287870157
753	259.681657309
754	304.814311915
755	235.14309184
756	232.909341431
757	165.373804674
758	362.205352913
759	310.480410514
760	173.894745258
761	173.938330632
762	217.839698428
763	167.106323284
764	348.944502923
765	50.4609665575
766	155.665162652
767	263.092212812
768	194.358078274
769	128.456993035
770	415.237856526
771	184.998119243
772	171.399482606
773	244.317813032
774	270.904891072
775	189.792510365
776	154.074296507
777	264.988176574
778	136.585665256
779	171.301415515
780	196.482865248
781	117.375411738
782	160.666584299
783	208.022092971
784	197.398158099
785	191.721163157
786	202.715573707
787	125.591254706
788	111.796483887
789	173.447995177
790	171.039903272
791	151.818753411
792	197.834011837
793	310.295172675
794	164.491200853
795	99.4291340612
796	210.179568976
797	347.571563647
798	349.423942035
799	271.37343384
800	113.278386597
801	189.814303052
802	204.251958134
803	169.350970036
804	311.711697325
805	134.11219529
806	111.622142392
807	116.547289635
808	349.21691151
809	228.234810087
810	231.274889912
811	224.813358241
812	153.747406203
813	200.863195319
814	193.290236615
815	237.202500754
816	282.760112755
817	221.577144234
818	227.373998954
819	233.552225695
820	500.774152678
821	270.272903151
822	151.12138743
823	152.189229088
824	145.95652063
825	127.247498911
826	316.604155538
827	260.31364523
828	230.370493405
829	244.078093476
830	205.156354642
831	126.887919577
832	273.378361037
833	162.551651718
834	301.45823813
835	177.959081368
836	269.946012847
837	149.181838294
838	98.7753534537
839	260.477090382
840	133.338554905
841	234.118835555
842	218.689613217
843	129.786346937
844	230.7954508
845	150.184301892
846	206.311367048
847	216.891716547
848	321.518406438
849	130.178615302
850	116.187710301
851	327.130023319
852	217.654460589
853	203.271287223
854	222.710363954
855	359.764571978
856	137.424683702
857	187.0684245
858	222.220028498
859	148.53895403
860	642.971434814
861	159.696809732
862	151.764271694
863	220.36765011
864	111.088221562
865	128.195480792
866	291.542565583
867	217.15322879
868	240.830983125
869	332.70895117
870	419.334881667
871	314.947911332
872	238.32482413
873	141.29288563
874	180.901094102
875	205.831927936
876	223.527589713
877	116.460118887
878	180.519722081
879	289.232540769
880	212.783795063
881	198.171798484
882	225.663273031
883	181.740112549
884	359.982498847
885	158.835998598
886	226.317053638
887	213.099789023
888	456.589479952
889	85.8304974246
890	286.595625652
891	183.014984733
892	109.704385943
893	221.086808778
894	197.648773998
895	263.331932368
896	174.254324592
897	190.81676665
898	292.272620594
899	268.453213793
900	103.842153162
901	195.709224863
902	162.399102909
903	129.208840734
904	184.213582514
905	194.260011183
906	272.234244974
907	242.650672483
908	248.643661385
909	270.893994728
910	280.580844063
911	192.048053461
912	207.302934303
913	189.149626101
914	130.29847508
915	152.777631635
916	224.11599226
917	176.193873728
918	38.9980132389
919	177.969977712
920	162.322828505
921	158.465522921
922	93.5015232196
923	234.620067354
924	242.334678523
925	292.991779263
926	257.720315487
927	207.782373415
928	191.9826754
929	299.736615864
930	97.6857191078
931	206.594671978
932	190.794973963
933	197.539810564
934	252.435588909
935	195.545779711
936	248.15332593
937	289.701083538
938	173.698611076
939	17.4995275948
940	95.6372065375
941	192.985138998
942	185.237838799
943	324.711035071
944	339.050623063
945	419.661771971
946	267.973774681
947	135.735750466
948	252.958613395
949	196.853340926
950	112.0253071
951	313.542283026
952	287.979461272
953	221.925827225
954	265.467615686
955	179.462776766
956	117.843954506
957	217.567289841
958	167.019152536
959	162.192072384
960	272.059903478
961	157.572022757
962	178.471209511
963	273.38925738
964	205.396074198
965	220.727229444
966	195.818188297
967	233.737463534
968	150.990631308
969	223.571175087
970	219.681180472
971	367.239463591
972	181.827283296
973	301.381963726
974	531.578115636
975	247.673886818
976	166.191030433
977	189.040662666
978	116.427429857
979	199.599219478
980	175.529196777
981	397.444127658
982	125.198986341
983	210.430184876
984	371.031391114
985	191.721163157
986	122.006357708
987	155.479924813
988	189.007973636
989	351.23273505
990	237.453116653
991	126.757163456
992	164.066243459
993	206.006269431
994	569.878762893
995	217.643564245
996	163.63038972
997	140.835239204
998	272.005421761
999	181.031850224
1000	197.430847129
1001	132.118164437
1002	339.508269488
1003	172.391049861
1004	290.627272732
1005	252.882338991
1006	137.991293562
1007	294.756986903
1008	210.53914831
1009	185.172460738
1010	257.927346012
1011	160.655687956
1012	282.716527381
1013	321.572888155
1014	288.807583374
1015	226.16450483
1016	189.727132304
1017	153.889058668
1018	292.403376716
1019	154.292223376
1020	203.718037305
1021	124.370864238
1022	134.384603877
1023	155.109449135
1024	139.723812172
1025	217.959558206
1026	206.104336522
1027	178.231489955
1028	259.507315814
1029	403.142915287
1030	164.959743622
1031	369.037360261
1032	178.798099815
1033	218.787680308
1034	176.945721427
1035	240.3733367
1036	249.940326257
1037	226.654840286
1038	292.098279099
1039	198.618548566
1040	129.197944391
1041	187.253662339
1042	121.614089343
1043	167.37873187
1044	237.148019036
1045	120.764174553
1046	205.298007106
1047	164.556578914
1048	215.73670414
1049	197.757737433
1050	147.37304528
1051	143.406776261
1052	137.958604531
1053	280.875045336
1054	192.58197429
1055	237.780006957
1056	168.097890538
1057	209.460410308
1058	198.94543887
1059	174.003708693
1060	207.270245273
1061	567.895628384
1062	163.586804346
1063	216.543033556
1064	261.425072263
1065	127.094950103
1066	144.594477698
1067	105.106129003
1068	296.326060361
1069	217.610875215
1070	177.054684861
1071	124.316382521
1072	175.22409916
1073	112.482953525
1074	130.984944718
1075	165.352011987
1076	172.216708366
1077	187.0684245
1078	279.992441516
1079	259.300285288
1080	112.123374191
1081	138.176531401
1082	189.106040727
1083	134.155780664
1084	168.294024721
1085	173.676818389
1086	160.906303855
1087	158.258492395
1088	279.033563292
1089	120.611625745
1090	232.21197545
1091	98.7208717364
