2
3
4
5
8
10
16
20
21
28
31
32
38
45
55
62
74
76
82
86
90
95
103
111
134
137
149
156
159
165
172
173
187
192
195
203
208
218
222
225
232
233
238
240
246
251
252
254
261
263
269
273
275
287
290
291
293
304
305
307
310
314
321
325
330
331
334
339
347
349
352
360
363
374
376
378
381
385
394
397
398
426
438
441
442
444
445
447
455
464
465
467
473
474
475
477
481
487
490
504
510
511
513
516
519
524
525
527
533
539
540
544
545
549
551
552
553
554
565
573
585
592
594
595
596
597
598
603
605
606
609
613
616
623
625
627
631
637
646
661
663
667
668
670
671
676
678
694
696
699
702
706
707
708
709
713
714
715
718
721
722
726
731
732
736
740
743
747
749
751
757
759
762
763
769
775
779
781
786
796
797
799
804
805
819
820
821
825
826
830
833
834
836
838
842
843
845
846
849
850
851
855
858
860
861
863
864
868
874
875
878
880
882
883
886
889
890
891
895
897
898
903
904
905
907
909
911
913
918
922
923
924
926
929
936
939
941
942
943
946
948
950
953
954
955
958
961
962
963
964
965
969
970
971
972
977
978
980
981
982
983
989
991
992
993
994
1002
1003
1005
1006
1008
1010
1011
1012
1013
1017
1019
1020
1023
1024
1025
1026
1027
1028
1029
1030
1031
1032
1033
1034
1035
1037
1040
1041
1042
1043
1045
1046
1047
1048
1050
1053
1054
1055
1057
1058
1059
1060
1063
1064
1065
1066
1067
1068
1069
1070
1071
1072
1073
1074
1075
1076
1077
1078
1079
1080
1081
1082
1084
1085
1086
1087
1088
1089
1090
1091
1092
1093
1094
1095
1096
1097
1098
1099
1100
1101
1102
1103
1104
1105
1106
1107
1108
1109
1110
1111
1112
1113
1114
1115
1116
1117
1119
1120
1121
1122
1123
1124
1125
1126
1127
1128
1129
1130
1131
1132
1133
1134
1135
1136
1137
1138
1139
1140
1141
1142
1143
1144
1145
1146
1147
1148
1149
1150
1151
1152
1153
1154
1155
1156
1157
1158
1159
1160
1161
1162
1163
1164
1165
1166
1167
1168
1169
1170
1171
1172
1173
1174
1175
1176
1177
1178
1179
1180
1181
1182
1183
1184
1185
1186
1187
1188
