1	61.9999790876	54.0014640898	27.9467951434
2	69.4608486357	5.30677883039	2.03718662589
3	85.2584831972	7.20875635593	1.48388979403
4	55.4577744192	7.9481194369	2.19182655478
5	92.2031018241	9.68335844751	1.15341448442
6	72.9435155644	9.28484258964	0.513436767834
7	75.6632291772	11.6149195079	3.03286578804
8	80.4695407698	11.5659319127	2.22251220271
9	85.6174954594	12.0121430377	1.12982208083
10	54.6054251712	12.4072236744	1.06188692706
11	90.8392042048	14.4158603994	1.02894737986
12	75.3683301931	16.930666469	1.43787751918
13	82.7308638282	16.2011655495	1.49353283506
14	48.4261293341	16.751533692	1.30494484247
15	104.202510385	17.9989813731	0.753209287434
16	60.0142800389	17.7788467044	0.88872763606
17	96.9673335756	18.158838563	1.32749986581
18	53.9308699519	19.809599893	2.32671756943
19	35.4236739574	20.5659845106	0.894577571558
20	85.5192580939	20.041720302	3.2902621218
21	78.8775736841	21.147570087	1.22139796033
22	39.2107483594	21.439302526	0.564052619693
23	54.5835240484	22.7955797871	1.10941515867
24	109.351840626	24.1482122995	1.91037811254
25	71.4669472163	23.208597879	1.38997646555
26	65.4304923321	24.1141066114	1.63727164824
27	93.3525951551	23.6599626482	2.15216269987
28	88.6318625503	24.1188059536	1.97542690378
29	82.9011991261	25.3817104863	1.97708227038
30	104.525756122	24.6505091533	1.3625782301
31	58.553488179	25.1071341418	1.31696153867
32	99.5025478611	25.0976348232	1.29202072308
33	44.6256431416	26.8024733928	0.555036449594
34	38.7544758375	26.884717781	2.14509110247
35	53.8449631232	27.8705557101	2.57918896543
36	75.1535928627	28.7833930527	2.18442764476
37	95.2716989604	27.6461341682	4.64321139385
38	79.1088566283	28.8421575365	2.47823356727
39	101.353361493	29.563427903	1.88839438647
40	107.954705694	29.9016711171	1.57103006273
41	90.619749765	30.1302359017	1.86322434735
42	64.3562701285	31.0380747556	1.05678420108
43	84.4602005602	31.41130669	1.17726111287
44	58.3017345829	32.3236280272	1.47780026738
45	71.3669207974	33.3440577663	1.11003901248
46	34.3609972161	32.1656652886	2.90019042445
47	53.7720076082	31.8601983343	1.04824342093
48	48.8465863571	33.1546192863	1.45644436963
49	43.1517146622	34.5963745344	1.90447932437
50	96.1320918238	34.5144052022	3.03972183767
51	115.549512286	34.9671383098	1.07035536786
52	104.965004149	35.1600804254	3.85415082408
53	38.3036475242	34.3853796678	3.53558146667
54	89.730313647	36.184674984	1.80766739631
55	102.276873054	36.7140867788	1.05136233795
56	53.3600311392	37.0018073832	2.77857491049
57	63.3891614605	37.1851602084	2.19972289755
58	82.6058096079	37.3397055516	3.73588007623
59	110.710891637	36.832781011	2.38052798616
60	94.0961613663	38.8330116461	1.01421088416
61	98.1450708199	39.8230468589	2.78104060154
62	60.1763559224	40.7299408214	1.86981866699
63	67.9947878814	39.8441570109	3.28747770194
64	117.80926415	40.3733729969	1.46005909252
65	39.3596261883	39.9843572173	3.64135148112
66	76.8907101891	44.1402441196	9.71192070334
67	47.9546716438	40.864907373	2.51712976594
68	107.737552964	41.7790903345	1.19971951345
69	114.36754135	42.8265684742	0.933402705515
70	91.2330611284	44.308261992	2.51773350574
71	101.700856113	43.6928233667	3.05127659134
72	68.4808762027	45.5746444589	4.87410846684
73	20.7386864955	44.5637725052	1.45075341738
74	83.4017006098	43.8193136947	6.59105666234
75	97.0304242292	45.8189459044	2.81813021753
76	51.4262828423	47.4296848518	3.16688288921
77	102.379213295	47.3715796338	1.67677964548
78	110.550507499	47.67248997	1.65913044669
79	34.2368632421	47.1862338781	1.76803434812
80	61.5355091431	49.1369226209	4.76220405467
81	44.6913235365	49.4455948722	2.50926128651
82	73.3569939896	53.9411961927	6.68032593423
83	114.859687048	49.5093621154	1.84168134408
84	90.8787718769	49.5659549416	2.76308271696
85	22.5205145718	50.8503594343	1.19986997403
86	10.9971172678	52.0058197981	2.12204838134
87	55.4136629946	53.724740524	2.78370586964
88	97.7632631958	51.5630845354	1.9443521371
89	86.9614433378	53.0988226092	1.56714257756
90	105.087989516	52.7398996451	2.58245872207
91	30.5823207345	51.6979013075	2.35888569782
92	118.435684612	52.9052553766	2.50319112312
93	109.206874351	53.1342231292	0.765868977667
94	6.92098810561	54.4111382371	0.915159234042
95	36.7293954558	55.5050227279	1.39324547936
96	66.3476376873	56.8084628528	5.04446564945
97	14.516579762	55.3325558174	1.42136539928
98	79.2518458772	54.6561150394	7.17763010364
99	112.907284962	55.5848669091	3.09499070095
100	98.3388127328	54.80597991	4.50649713715
101	60.6644829925	60.6815658443	2.71370165155
102	107.659681282	58.8484367596	1.03506371176
103	71.4374978166	61.9354788802	6.64527780482
104	90.2895448834	59.2262882398	1.54922504157
105	29.2637241648	58.5761425397	2.50764363711
106	40.5290614318	59.1328028808	1.00273685905
107	9.24099456504	60.3189769617	1.14875057079
108	95.9321587038	61.7089519804	1.94022107826
109	24.0126151728	60.9254473482	0.67050549089
110	47.0664005707	63.3649054276	1.46028500735
111	0.740358421053	63.2740623246	0.915661942997
112	14.2169179588	63.2063694172	0.517273385525
113	19.3641418858	63.9047745807	1.30806390319
114	28.6979904384	64.1460509039	3.04569675598
115	106.945686258	64.1267514672	0.951790490325
116	84.6196127929	64.0968986609	2.01115720401
117	100.582465957	65.1460308083	2.67665442783
118	116.361439885	66.1041331889	2.59480056553
119	55.4600932579	65.4147576848	0.637295874391
120	40.4761523935	66.6043778425	2.40894985904
121	52.4037174113	67.2544146893	1.75742040696
122	31.5679743753	69.5652715291	2.96969106325
123	109.112732536	68.838399932	2.39969594818
124	84.8458181518	68.7753963554	2.4316524629
125	13.1316780112	69.1689438086	2.51922753988
126	6.42437872926	69.6342218428	2.44265557982
127	57.0402516852	70.8758979475	4.02815091069
128	36.2210261698	71.0260614795	1.81898262022
129	49.2467263698	71.2272852241	4.47546709716
130	77.7736454835	71.3271270366	2.0845408119
131	40.4924862924	72.6359546186	1.58004441959
132	22.3603808622	72.7148240901	2.15538405591
133	106.618489119	72.7931075159	2.83681526141
134	70.2742291293	75.1955243586	2.62620637439
135	87.230143205	73.2750178372	0.98692984205
136	13.1358912438	75.0736266797	2.72637932955
137	28.0756659242	74.4690343928	1.67429552656
138	19.4003102992	73.8974440054	1.01189481561
139	32.2751499656	74.5345334129	1.02705492606
140	44.9685078383	75.2752483083	1.34916200113
141	82.1526446145	76.048274819	3.49197814943
142	111.394325654	74.628550577	2.9363721205
143	101.501718545	77.1065957272	2.68122091029
144	62.8807936563	77.433028249	1.70904519906
145	88.5486323752	77.3326649075	1.9944608378
146	18.2153303257	77.6566815198	0.39549782471
147	40.8339971216	79.1618721044	3.45732476772
148	32.2172138849	79.7510087295	3.28623704316
149	49.9240016366	79.0900695629	2.30991901884
150	57.9105025066	80.3153882724	4.07529072759
151	23.000097893	80.1301863386	2.77295301337
152	77.3740699009	81.8171415293	1.83324344653
153	29.2677070078	82.4375361482	2.08688622479
154	45.4345310499	80.9169987315	1.94789290431
155	2.17654161418	81.8431114624	2.07819819962
156	8.66339512481	83.0292723618	3.17108243771
157	100.674381656	82.1520273511	0.674946995877
158	16.1690022152	82.4159036099	2.87591492752
159	40.8581277127	83.0642063705	2.15537830237
160	72.9412123701	84.9038449118	2.13679804886
161	104.921625624	84.2531464725	1.60504563903
162	87.5212820174	85.113608283	2.0468443429
163	96.3662480337	85.0101440899	1.44418830837
164	53.693290663	86.153775587	2.85564771277
165	31.2636063476	88.077041617	3.80579913283
166	79.8758933287	86.2847965376	3.73792994961
167	24.8477125553	88.7505734495	2.08049995783
168	101.273511101	87.9631773435	1.87063379061
169	4.4373444633	89.8543600733	3.39547749196
170	38.1133491182	88.7932953623	1.57990702586
171	62.7965515403	89.0244641556	1.83464965127
172	85.1342130547	88.9165589018	1.23289517573
173	53.2669765856	89.892918932	1.68113976535
174	16.9715514343	89.6575014477	1.01184060887
175	90.7036779707	89.8936148947	1.68962549923
176	78.0377905976	90.9131191256	1.48439724685
177	46.7767532987	91.7384904841	3.64535647957
178	34.9783827588	92.1571217738	1.22975753651
179	71.196529154	91.794304867	3.25020449035
180	59.1399522454	91.1738210576	2.06181802004
181	65.0095030901	92.3659150385	1.77118109282
182	82.3657878818	93.0613582679	2.01342713793
183	43.5311596883	93.9300641895	2.58948515846
184	92.7809022545	92.8019970288	0.617565013122
185	54.0974251666	95.7502367732	2.15982395393
186	98.7577820656	93.644760709	0.696006032555
187	74.0976013817	96.5571730739	2.73925566481
188	89.9234283676	95.7356477968	1.76694772344
189	68.2757626514	96.1601117227	0.767575966473
190	95.7951597783	97.1714841689	1.75731442781
191	80.4578624742	99.6853305098	1.91365999587
192	47.0055809011	100.203698458	1.69572962015
193	39.7016168453	99.2577474998	1.49583180209
194	59.4135163025	99.2188230166	0.666949899903
195	18.9229569689	100.337649635	1.86000414427
196	54.0838217281	101.628494826	1.18584101535
197	86.806569285	102.000541552	3.02848400254
198	96.5849824236	100.770413703	0.862306237663
199	23.9628740762	104.708230196	2.03926714943
200	31.7382435629	105.354543007	3.45172498979
201	75.2964360774	104.399318087	2.50739010322
202	1.61572134469	102.816152419	2.06190113045
203	13.9034928592	105.805418313	3.17109204823
204	44.0762604256	104.540385235	1.05265114005
205	81.3563028189	104.258267811	1.17872141311
206	68.099334835	105.594534597	2.15573163035
207	88.5798080539	106.208148102	1.49495725451
208	50.0529656163	108.632250663	3.38784521106
209	40.8456678216	108.9426579	2.68230460213
210	63.2297253628	109.341762413	0.926096067418
211	82.7879814161	107.685965262	1.04688671691
212	94.6929376964	107.744485417	0.617201540436
213	68.9083704172	109.670146013	2.64116084598
214	77.1062106506	111.265048472	1.19676868801
215	85.071646013	110.747994217	3.41903172216
216	20.3200942017	113.309113438	1.68166048392
217	70.3067851772	113.846405793	3.1969367202
218	36.8208098266	114.937291222	4.27155043589
219	29.3168938174	114.941178076	1.2581444205
220	42.4599920599	118.607581706	4.15144260299
221	56.7250303891	118.17798223	3.82455261731
222	49.2874448844	117.652210388	1.52303549363
223	66.0974106338	119.125932856	1.53758450592
224	73.5577732918	118.950375986	1.49758425985
225	15.1851328627	118.650165586	0.624296041449
226	85.0793342893	119.116132116	3.18016194739
227	71.2182021491	121.038315916	1.42033946655
228	23.4063298506	121.046790073	3.45693364584
229	54.6460579483	121.96512747	1.73876244841
230	43.6089398554	122.03598551	0.60211874846
231	57.7098724026	122.176680346	0.723823601872
232	18.4385706557	122.142764221	0.348260695722
233	63.1822768582	121.118642236	4.14829083589
234	48.4776822082	11.2497384909	2.27930663849
235	77.2400211289	63.7513323591	3.07375876684
236	63.386407059	83.9484658655	3.75997616461
237	68.3353326905	9.89556799908	2.48183612924
238	27.7091006172	36.6720388376	2.63769916667
239	118.730811706	46.7298983194	1.97305221134
240	112.30336744	62.7442080085	2.42515973335
241	68.0303374073	86.4163717437	3.3143855866
242	59.394911606	12.5331069481	2.93459845874
243	43.5809221202	21.0410690931	3.7471624817
244	69.1895636373	29.084019134	4.47851326725
245	30.0246797305	31.2713109438	3.41243245848
246	39.9980868283	47.1394436128	3.52558513768
247	17.2509820612	48.0755756116	2.18197473753
248	21.4417684527	56.1623124902	2.92088779751
249	106.148302433	80.1113044043	2.56011405605
250	87.5299948053	93.1173722861	2.55453184731
251	79.2394207181	115.740975403	3.73948674443
252	66.4507643417	19.4324840989	4.57933939391
253	12.3087329316	94.5175501117	4.14631617098
254	62.1751494324	6.79948887822	2.03163811682
255	71.1647142402	18.8242547477	4.27980389445
256	49.3412547368	22.7261693734	4.3173237633
257	33.1090291226	37.9981394743	3.19868062981
258	58.2737916692	45.9784428713	3.83830102877
259	64.7794175603	68.0780951251	6.51585741899
260	24.6876466681	67.9929852636	3.25008493821
261	91.8841833961	71.7689216379	3.71573659469
262	91.417844476	81.160156746	3.19951349374
263	24.2384592446	97.4726485291	5.48283966039
264	68.7661630734	101.617016866	3.45925903566
265	6.66463290293	99.4514530678	2.99422840161
266	78.5094151628	121.657666682	4.44565211496
267	76.7493854778	6.60804258836	2.99464822168
268	84.0886065046	57.6787608639	4.08612231148
269	117.567926519	59.0516851087	2.66940606572
270	41.9669860343	88.0200935712	4.74758751613
271	59.4416038505	96.0025369304	3.65416876769
272	61.1828529528	104.316150864	4.15253941348
273	93.5977229033	18.564271413	3.48980483313
274	77.719467007	34.4857392959	6.00804188837
275	66.4026037272	34.4648279776	4.93740131611
276	73.2056668149	35.4396421389	4.92341165278
277	26.726264016	54.393167247	2.40844493326
278	34.6156487558	61.2944948185	4.49986502549
279	18.7195391242	69.9352602596	4.20166017775
280	77.3967806161	76.5678729301	4.12422560116
281	31.8169262683	97.9225583298	6.85343693387
282	95.344406797	12.6980566189	3.81587786142
283	41.6674341673	16.0383818714	2.7437068825
284	87.3841110036	40.4936420337	5.67138750443
285	89.6533932166	64.2715543909	4.44468139284
286	68.7987654336	13.8485801009	3.25165317401
287	75.5840461228	22.8455144708	5.95238765248
288	112.673879023	30.6365279181	3.15761071838
289	25.6631053092	42.8009019543	2.25201319979
290	30.849002326	43.4715983148	3.21091285811
291	106.483364925	44.866163385	4.84183996533
292	95.5926544816	76.1414552331	2.94681345624
293	84.3915194904	82.4389948975	4.67193348774
294	34.4749402694	120.437636884	4.66645439143
295	55.1853687225	41.242079879	4.16168061735
296	35.8023898077	53.7226885692	3.91968159394
297	102.557750962	59.2216297823	4.48590301036
298	54.7219440515	62.7333545215	5.17744225713
299	94.8254431881	68.060435427	5.57155148516
300	101.364610619	70.5812538773	3.34465678217
301	92.9993612844	104.255366052	2.81371386279
302	6.93821106633	108.822839863	2.89736500046
303	98.9187394405	21.6587030888	4.53875495091
304	60.1196733405	22.0316649908	3.8990485634
305	63.4622215615	27.5920163318	5.36282852933
306	34.9877084848	85.3337419167	5.84624691886
307	96.3052517192	90.1150260732	4.12987567992
308	89.5187402007	113.624032352	3.70390479557
309	88.9231431692	15.2342229538	4.34861788618
310	59.73820666	35.6855789476	5.14320243589
311	67.9118217203	50.6371549319	7.33754551675
312	49.6188181775	55.33554701	3.88126497274
313	0.406674821883	89.2377881891	3.27642276423
314	18.8130570734	106.744209684	4.50137599687
315	50.5864191339	16.547310811	4.91165037232
316	61.0069963048	16.821986523	4.0984309559
317	78.4686359065	17.4933614167	5.00949515929
318	73.6234659642	70.7317040793	6.07945695588
319	17.4915795172	76.9377743514	5.73463275082
320	68.9090646937	79.2514120637	5.32881339868
321	91.0375341488	87.7182330839	3.61038346514
322	18.8321537336	92.9327211644	6.44332213771
323	92.5817204718	42.7554249223	5.73322427127
324	36.3810462812	77.2903235961	6.21109527523
325	59.0841861889	112.454343753	4.92603144736
326	46.390675438	26.8941808094	4.66773872683
327	87.1719562038	26.1647097552	6.52023398214
328	106.511745339	30.4052603317	5.10264986045
329	88.3574638111	33.2190215195	5.88659336909
330	70.7749394963	41.6203607713	7.05664851663
331	93.0195177944	54.8982598318	6.03068290001
332	43.4780142238	59.3445409429	4.8000081984
333	4.43408178732	62.0708285875	4.03187455356
334	47.2061578079	85.0752952702	6.68402200787
335	14.9770447289	86.6512246036	5.66518657726
336	11.3170218687	114.570112003	5.1106661873
337	43.3407888425	31.7597820878	5.81511640652
338	45.3908883798	41.3649291634	4.72765731535
339	109.749195959	50.7491502534	5.77983242891
340	13.3932641754	62.379402026	4.45954852419
341	17.9325839987	61.7279721125	4.188349263
342	42.5525996309	73.0388289103	7.00342172736
343	54.6921936939	76.7339335486	7.3470224077
344	37.8452619648	93.0149354136	5.63734452147
345	78.9953719028	95.6807495795	5.28688745392
346	103.192911407	18.4474352573	4.50177395018
347	60.2991239447	28.4947840925	6.93813526009
348	102.325378033	38.9513119124	7.23677385438
349	23.2902868634	47.2412868534	3.94325217826
350	108.351906428	58.4579126146	6.15925030847
351	46.7927798991	64.7439424396	5.64030333935
352	71.9242888818	65.5699918653	6.73523837744
353	74.9930609104	81.9663893196	5.65857131605
354	63.6123462136	96.1114294799	6.67822772901
355	49.7784421591	100.153492177	5.76697141558
356	91.5057927227	109.187041275	4.08446275663
357	102.261238953	25.8439101692	5.28715829493
358	94.8301695857	47.830433469	10.7927928672
359	30.2371771909	48.129376635	5.03947786361
360	16.318429301	52.1054212017	4.6800349496
361	27.6390504101	109.861022482	6.10743404889
362	62.3328453142	116.709241841	6.90397234539
363	66.8389659145	118.4896175	5.93832667646
364	13.2443095714	121.204262143	5.40275950168
365	37.9238712513	20.6277635791	5.23583087425
366	80.4185660715	23.9371355196	7.89764271737
367	72.9597320558	27.9177942592	7.22776285232
368	114.835934148	35.7515256868	5.50529883791
369	112.115390799	44.3183659417	5.77776498419
370	84.1380141843	50.08528793	12.612682795
371	43.3463831787	54.1583321653	5.92127769493
372	104.70565127	65.302568929	6.69256695187
373	96.2902096896	81.1699808316	6.55199480111
374	84.4273039259	98.2142943295	5.7838015745
375	40.950029726	103.36860555	6.33338210363
376	18.3905723441	116.228245261	6.05695884628
377	82.4483720977	32.4049327349	8.92233252534
378	98.9931820896	33.0827052533	6.95406841133
379	116.351835125	41.4927569456	5.68658983293
380	91.0000663229	60.203304335	7.58051117995
381	110.570123324	63.2731743467	6.3913661622
382	25.9242274359	78.2051666068	6.2409554172
383	93.3773115677	95.0299217443	4.78644376818
384	54.9734298557	108.353331714	8.34844623887
385	48.7333786475	114.445048087	8.84695190818
386	50.3778425841	121.139122791	5.64239113784
387	33.9910543524	26.6227337104	5.93504011104
388	83.5950835086	14.2723765163	6.20590219432
389	69.6034960034	23.3338167644	8.44342063738
390	109.743174859	38.2902723419	6.83509117361
391	101.453130934	48.4296045761	7.62589088524
392	34.3747622347	66.1462278316	7.40033246195
393	37.9368812833	70.7042637928	7.39273001879
394	82.5874156621	87.838176664	6.76468138627
395	91.7206338226	99.9055922759	5.02242459303
396	69.7672765071	120.686937136	7.13939097937
397	65.1795022	7.76668544138	5.91924426722
398	84.6247128941	8.41731181144	5.15373578353
399	96.3880987626	61.7670973578	6.87012371907
400	76.2083927803	90.7879431278	7.44581287397
401	47.1293218568	13.3595275174	6.34607990767
402	98.4864945816	15.0692953288	6.07529700699
403	57.0266184284	30.3658414408	7.41827604241
404	49.5967737576	33.7626213775	6.48453651264
405	21.8300518933	66.2364321429	5.86019163763
406	81.1991163312	68.2694511728	9.90548239335
407	87.0663335512	76.6821287582	6.28607979969
408	26.9605768587	84.968699191	7.00287011018
409	85.7805280896	92.1450716077	6.43957302441
410	55.8619821746	91.8668903354	8.21424444043
411	74.2778940767	107.957240461	7.02089203075
412	25.5575219279	60.2733531296	7.10616209291
413	82.7214756681	63.1628469997	9.54534571267
414	48.4058852368	74.5537530977	8.85452111612
415	6.00469443516	77.8023423501	6.66612299865
416	67.4613155287	89.6609215534	8.68269451097
417	80.7336493172	106.883597247	6.07352358087
418	89.6976061113	10.7567759299	6.81606799571
419	54.8382561709	17.0984530864	7.68243778576
420	106.890413469	24.0857127717	7.28418621007
421	56.3215507882	24.2707780047	7.86083879195
422	22.3763119818	61.1411473833	6.68169822793
423	63.4400809054	76.096482877	8.5685231357
424	50.6295255403	93.2912566763	9.14075606113
425	70.487120343	95.7343562416	8.16047264341
426	61.0497492848	13.8186391609	7.49507201354
427	109.527504408	27.5589486028	7.27102146021
428	21.1863118754	51.9646641602	6.40774719674
429	102.372789404	54.2027040174	8.74918179524
430	112.995072032	70.3878967055	7.6471726783
431	87.4080730981	70.8060669011	7.98962916814
432	29.6074115785	73.3193166372	7.64395011088
433	71.672943631	7.95436163245	7.14256755602
434	40.0739818881	27.7216649157	7.5042021593
435	54.9564680179	32.3580089583	8.04216798129
436	40.9595178284	65.4115538936	8.67797394744
437	61.5843422629	86.853176967	9.39087696414
438	25.7882946236	119.112607666	8.2474260309
439	73.3909791145	119.839363896	8.32486571471
440	53.6508625488	11.1055934071	7.77695951573
441	85.7066625267	20.9490981816	8.5268045106
442	117.125806295	47.6471447711	7.41693637028
443	34.7603910143	49.7825597474	7.78129988718
444	112.765058041	53.2415921923	8.52741548322
445	98.0098300018	71.5178019775	9.84567055491
446	73.324681047	100.770140971	9.02224905417
447	47.8960301389	121.232351771	8.19188097119
448	60.1002827813	20.2351635415	8.03344374492
449	92.5856543479	20.4700427115	8.03403694725
450	36.217867099	44.2261719683	8.41617001268
451	52.2653657756	45.9115791912	9.28669705398
452	88.3865793708	47.1591980066	10.3005261916
453	26.0807550297	50.4025817081	6.9105166637
454	89.6655079343	52.3013279908	13.9728539257
455	13.002648329	56.1988853142	7.35286901425
456	61.5746200354	56.3898046807	10.2401545208
457	17.1506094036	60.8294284562	7.86645140677
458	107.675231095	69.401993502	8.67377710621
459	9.64089558592	72.0993994188	7.98693790714
460	106.229664124	78.9164351208	7.13401543296
461	71.6878967464	84.6585057923	8.78259695057
462	101.181619327	83.6024013458	7.21831197443
463	59.7034634768	9.06167882109	8.07535367203
464	104.994432677	30.7582716346	8.21897986837
465	92.9324879819	38.946766381	10.7086733638
466	62.6059725478	40.9974475096	10.0724283217
467	40.4530932715	58.2870378044	8.42464552766
468	57.5138101972	60.0564809367	11.2015743145
469	9.01607142598	59.9899981075	7.01683231263
470	116.260185604	59.9820470704	8.69244943314
471	102.094296994	75.4568977571	9.04672690659
472	49.1360237306	79.5558014087	10.918816404
473	66.1252928468	110.571469913	9.84159084986
474	105.177213685	44.8989604175	9.23108780148
475	54.3300840959	83.4105646617	9.46552022067
476	89.1780748001	85.7168768156	9.12261317157
477	80.2265115415	91.011683428	8.95248445118
478	78.5984380243	13.8633553736	8.49591952981
479	92.2553435406	31.6355063936	10.0873635411
480	35.7069636589	36.902867139	9.24849396856
481	27.8018036359	44.2379430078	7.60883835315
482	70.5362543484	75.3482195527	9.82578692205
483	43.2733868576	87.3186153407	10.3114854768
484	96.3301761812	86.337534552	8.75091245867
485	57.1173465498	101.002376911	9.30063890211
486	78.4756529059	101.614062057	8.14692289423
487	78.9709699668	8.84695134961	8.56267961466
488	53.6079352363	25.3817573925	11.1975165739
489	117.482200741	53.7995547613	8.09257438086
490	30.1412465457	56.9267757522	8.3974453443
491	91.2416273282	93.0091855054	7.59524968566
492	64.0644297304	34.5758926249	11.4933043391
493	27.6385190452	91.8025902566	10.4798487318
494	42.43757718	98.1820485121	9.47653305247
495	33.0993468305	121.614449989	9.30983851989
496	97.698194981	38.007325734	10.9402474128
497	41.4139641886	45.7643341331	9.18671461007
498	56.4325466703	51.5644481493	10.1686700738
499	26.6125580829	114.694719319	8.56238609241
500	83.528782559	28.794447812	11.6984215402
501	77.6506311799	29.8353679185	10.2071173842
502	57.3638684252	37.4616579777	10.1459617845
503	63.6806447808	50.8830490969	12.5117992383
504	81.7082222585	74.0988283901	9.32998257305
505	45.0398171258	22.2635194697	9.59126325961
506	101.228928929	27.140017752	9.48538081375
507	44.6327565441	35.8327616089	9.69857053253
508	34.2328149601	55.1564860181	9.4319921026
509	49.2591582203	58.0621490573	10.8463867199
510	89.9972631125	105.649931295	9.09043216951
511	75.8747759982	114.471891573	9.10151347576
512	30.940534369	37.1650131627	9.61515814494
513	46.5061809176	49.2001399389	10.767863647
514	107.909829397	52.2021812265	10.251542337
515	29.6035251232	62.2547339973	10.3125788515
516	13.7708657033	67.5980802753	9.61997726573
517	27.7787193064	67.3845892537	10.1147505887
518	44.2675496614	77.588646542	11.1198719345
519	78.3824413802	78.8346059897	12.0685968233
520	65.9086724775	103.07357596	10.2291138184
521	8.62574886786	106.459203031	9.69353627466
522	86.5960205149	17.3160455678	10.4785061016
523	49.3997662873	30.2031806532	10.8491038739
524	111.029252209	32.537540453	9.98744271216
525	40.2521658741	38.8162829254	10.1316609423
526	40.8840625006	52.690543164	10.8893761987
527	100.374736577	64.3715824333	11.4103811244
528	75.0061737155	77.9909279156	11.2223410158
529	16.3323529447	99.4726390052	9.96231833244
530	94.3799736198	15.0924859149	9.99983984965
531	73.9301470069	16.7989491308	10.6461431467
532	43.9531554909	17.0417984091	9.79251787871
533	96.7463557204	24.4162075616	10.7165520505
534	70.7764784675	31.8657922316	11.4199059763
535	104.924674981	59.8978177736	10.7569569791
536	34.5242132961	70.5108877158	10.4275366651
537	67.5802965787	81.4029496023	11.6447786432
538	88.2919520987	97.7550475418	9.7338074148
539	83.6319895271	106.02921193	10.2140803268
540	80.3588315675	115.636193893	9.93731502574
541	63.790815461	16.5292789335	10.9020233203
542	103.980462841	33.6048718634	11.6256358713
543	87.6645623789	35.9068255576	13.7498461044
544	25.0253813092	55.6212960205	10.049858194
545	87.1192680961	59.4410387333	12.9159014331
546	66.1286754487	62.7915588656	13.6290818229
547	89.772637818	78.7439216611	10.9652520678
548	66.2309905172	10.1578424766	10.3786472487
549	100.214441086	18.5414134268	9.97335184568
550	51.2551642924	19.8315563586	11.1165326708
551	63.3817084079	25.6353726257	11.9548541584
552	69.7179380947	40.367133187	12.9772207203
553	46.769743559	41.2972923531	10.7061892702
554	20.1838211074	55.5839532619	9.53668928638
555	16.7969942584	57.2684591437	9.96614001758
556	32.3973960036	79.031433733	11.3594713381
557	91.7676672927	89.2969092479	10.1299666747
558	84.1892988134	119.838641766	10.6714054387
559	69.2592882728	26.2431423474	12.751767643
560	98.5880788225	29.5875241872	11.3860802844
561	54.6157929335	37.2410319248	11.980472282
562	107.484262759	39.8241138551	11.6336381757
563	98.5498604127	42.9559711249	12.9134152959
564	91.810634987	42.9796950316	14.1693419471
565	98.0373249812	57.2269699223	12.1032649681
566	38.7718661035	63.0124576479	12.0639213572
567	20.4959143234	75.7904992678	9.97384804117
568	8.79519495577	82.8342941185	11.6430775
569	20.9968689583	84.2116762319	11.7688411457
570	69.8275349202	114.998275425	11.4629880881
571	65.1605556637	121.385216262	11.0712781836
572	69.6393769004	16.839660263	11.8261431915
573	80.7087526301	18.261888937	12.249700301
574	92.5946682548	24.1377705064	12.2089430472
575	64.8839619887	44.9352053792	14.2307989175
576	110.060003706	62.6869059132	11.6056702366
577	58.1714773294	71.1066422652	12.812173237
578	24.680855181	72.3737068725	11.000354541
579	8.14815102716	91.5450037219	11.1379832865
580	7.48361230001	99.6787226987	11.2008557175
581	15.8993205921	105.022243292	11.1140197754
582	38.7101994432	108.581874505	11.235950113
583	87.9952047193	110.606496372	10.5838984383
584	114.830796041	41.7150852375	11.3890059376
585	53.8745278759	67.9468119873	12.6137430612
586	45.2655497348	70.1436650715	12.1677423127
587	24.0966297085	89.8239451759	10.9059453569
588	102.786336055	22.1966320187	11.6006552794
589	109.656851465	45.7642432147	12.4639224887
590	47.2966956528	64.1221936686	12.1658261211
591	28.9028482807	83.379702412	11.4293283317
592	38.6778850687	82.6718363113	12.3028970797
593	80.0943192618	95.4043503686	11.6257733853
594	84.5630705486	11.3294169807	11.7076094645
595	56.7737108249	42.1660578508	12.8777476129
596	114.463445119	65.8833581586	10.9533058749
597	20.5689681509	67.5249315254	11.6080240802
598	46.9039817657	106.169070311	13.3731755483
599	34.4312459487	115.929267278	11.9989129109
600	73.1839964275	10.1773743142	11.2843263358
601	53.0777815113	52.3647599625	13.3254287744
602	68.1531453524	52.3530444707	14.7236198016
603	108.194763804	75.7709568335	11.8248618365
604	97.1951135505	78.2785046243	12.4705691057
605	77.0983411476	83.983710104	13.5707577596
606	37.8075877743	92.4458384558	12.5021781084
607	76.9885576971	24.7860329838	13.4295705667
608	72.5658672013	35.6748216151	15.2133436946
609	112.557392349	36.9837464348	11.8146143224
610	94.6805505617	65.2647784019	13.3866046097
611	89.0109991224	67.8975375649	12.7709670084
612	25.4455775366	77.6264140047	10.3952828813
613	82.3453976271	79.5041286491	12.9292680205
614	69.1178287497	97.7266023661	12.0234907367
615	17.6956553294	116.494857598	12.2437771952
616	98.5934002403	50.1600343735	14.8296106981
617	52.6218925029	63.0562722769	13.5915038401
618	78.5870794936	65.6755450601	14.6685769708
619	73.69784519	70.4207322308	12.8956079736
620	39.1222248856	72.8479358167	11.6979716096
621	94.1740006328	72.3456550228	13.9627928165
622	15.3200345679	84.4682721123	11.4922701829
623	44.9042103645	96.0258445627	12.8634453137
624	31.2291759782	107.277240843	13.2036656841
625	43.7601958663	116.852465438	12.966611228
626	56.762469997	19.3078536911	13.3097322634
627	39.0024650599	24.1434726412	12.8297899099
628	103.185032218	47.4556883955	13.7579829214
629	15.2435538693	72.6883580764	12.4572416565
630	8.91256412839	74.3653838046	12.1259870153
631	53.7597170882	86.3228485109	13.5885131423
632	80.0365003232	101.881034972	12.6112315431
633	24.07622872	104.949575042	12.6868330596
634	10.7348665896	114.630088971	11.981260961
635	40.934844821	121.002826439	13.0118687188
636	51.6138226537	13.8591151005	12.5778566185
637	86.7009892526	22.8644227303	13.8082570324
638	47.9367103653	24.9069527303	13.7678462373
639	115.231894996	48.6451041041	13.2111946075
640	34.3591078392	61.6041543215	13.0824320155
641	66.375937014	72.8786881068	13.9965582911
642	71.8949431498	87.7120763639	13.6101554524
643	85.8626101721	95.4741974585	12.1354963625
644	39.2414763075	100.707272729	13.5014035888
645	65.56211311	19.8696427362	13.9374592663
646	39.7984967903	33.0954424172	13.057116235
647	56.9928722445	47.2494903517	15.287822214
648	81.9060401342	88.8683996194	12.9722614565
649	86.9904670999	91.4521546905	13.0156819115
650	60.0717444403	110.940739822	13.2241254535
651	54.9112117221	119.179173674	12.9499051961
652	58.4162054242	27.9534766512	14.3482513566
653	61.0902318872	32.1294720217	15.3175381889
654	101.272476807	35.3635607579	14.2973903443
655	53.1123563801	41.7197900686	14.8535183628
656	103.697794495	54.3619049414	14.2094960814
657	71.28111138	59.5391268586	15.8663609863
658	103.679928198	70.9899048684	13.5396981223
659	35.4278159005	74.5196160765	13.42273356
660	23.5563634987	122.071416882	12.9449215619
661	59.7401997393	12.5833594079	13.375231267
662	90.0995691025	26.9598561397	15.2037714373
663	104.552205679	42.2142895427	15.2991971086
664	30.3118309157	49.8602132416	12.9634562014
665	35.9993855545	50.1790259958	13.2068887787
666	32.5309412312	91.6737353689	14.1815062483
667	20.3765543195	107.177953283	13.5298951627
668	105.945729632	26.4528642467	13.0826464699
669	78.3906927458	32.0213259546	15.1964026502
670	32.283028154	44.1176989001	14.0954320297
671	71.4371930888	46.1527491315	16.6149448365
672	93.1239592164	59.4428076921	14.661759336
673	29.9582158105	74.5362269335	13.1468755898
674	43.4110274939	29.8140495266	14.1980050945
675	80.880591642	61.1101613258	16.5291636383
676	86.4776329388	72.7874702105	13.8881957696
677	83.5899399762	85.4530952148	14.3341749937
678	59.8538041325	91.218888571	15.078195669
679	58.8074961006	97.978208161	14.2619183303
680	87.3363554712	103.45448901	13.0446901805
681	86.0828688088	115.294918984	13.3298435112
682	78.5294741581	12.7830395378	14.3806398893
683	97.1268644089	31.3331451441	14.3737091127
684	77.1219725273	54.3657215527	15.965638918
685	32.6920993468	67.1947293395	14.4296993691
686	63.0866951222	80.6035368923	14.5292653363
687	14.7190869257	121.011574725	14.4859711682
688	89.5170038022	14.6040697765	13.4385267225
689	107.65278989	29.9625428634	13.9917516552
690	82.5030763985	37.7274537107	16.5488345862
691	72.7049981852	53.2037924055	16.5458011962
692	115.540388975	55.0172795465	13.8666108884
693	22.5418741303	61.3119084069	13.5390339765
694	38.4214555027	78.8237082831	14.6669065372
695	76.1748581345	92.5038863447	14.3148398236
696	68.9415586238	102.460593858	14.0209785661
697	38.0287626333	56.8289558753	14.3631227449
698	6.14748185512	68.2719879384	13.6512224759
699	97.3543133684	84.7662690258	14.184712433
700	66.0926934882	91.4310113654	15.0372580442
701	78.4746403945	109.341331234	13.8446520352
702	96.716547026	19.0561201848	13.8336811024
703	55.3401432253	29.9497780193	15.4034540987
704	71.9354099547	30.4558123486	15.9117450412
705	48.9495521681	32.1026932012	15.1111414122
706	44.4382596988	47.5527125503	15.012292317
707	109.025458521	56.9323339436	15.2373835227
708	60.3189613426	77.4332689361	14.8922653311
709	72.9091954969	106.798276031	14.9367453019
710	60.8520553843	120.34501604	14.9541353884
711	30.0123501689	56.2390772104	14.2737176611
712	16.9625518516	61.364839231	14.3020501401
713	13.3041795184	62.7604239963	14.1903395966
714	50.9606536993	103.38784357	15.6233706693
715	91.3817281327	17.7831350983	15.2112130918
716	65.9463777454	31.5230654823	16.7026997517
717	45.3437858554	36.7741967109	14.5035438477
718	27.5042112277	60.0004706753	14.5830510063
719	104.972419421	66.4859911799	16.4203408664
720	26.5306979255	71.8330196979	14.866679419
721	31.0688557056	99.0111227386	15.0951701219
722	75.9559873007	98.5382824029	14.8135129489
723	32.9709736901	120.468656284	15.0216912807
724	67.9669036077	12.4064956524	14.9581937401
725	61.2598632079	22.6457468672	16.013199133
726	51.7099692604	36.1090313062	16.1855520952
727	45.9448758044	58.2921964492	16.123348766
728	110.210468565	70.29753651	15.0527930592
729	20.4221694874	72.5668705378	15.2660284164
730	18.8861277621	92.304507928	15.2946678116
731	56.5175407584	102.078394993	15.3145570829
732	46.1162592624	19.0434678611	14.9820219472
733	38.4899071139	42.6105182934	15.4083935232
734	62.5938957092	56.0438368417	16.7421005593
735	64.42651702	96.6430181509	16.7834089299
736	83.6689839876	101.058079409	15.1956453751
737	83.6078583515	24.3995166182	16.653294905
738	109.896832424	35.7277419412	15.4337407269
739	9.05085569079	64.8575019171	14.7952134923
740	70.2152646357	78.763297961	15.6508842827
741	103.386136571	80.2503670442	15.1047091829
742	21.6885214739	97.7276225428	15.7250401386
743	73.1160281813	21.8709764992	16.4985432235
744	34.9581157409	31.7038905525	13.8837706376
745	86.2516646031	43.0590072091	17.8946065579
746	44.6574082874	76.5953901132	15.3176815098
747	32.8157817426	84.5442245893	15.4657107685
748	66.6192669172	84.6778429502	17.0431682242
749	10.4093079183	102.371166009	15.5430332936
750	63.6209279005	104.654344719	15.7751817707
751	77.3705540272	117.112016969	15.9978009429
752	43.164607783	40.6628863751	15.9505813307
753	114.571077791	60.0704399489	15.6375722617
754	45.5328653089	81.9302113493	16.6009745946
755	59.7378121911	83.9292402281	16.8373229102
756	92.1837165667	87.6479991589	15.747460546
757	85.151742935	15.820149068	16.0994113821
758	51.0863952761	56.3252206554	16.5370581398
759	99.2683304149	58.0356463331	17.2710626794
760	51.3117651745	74.121526839	16.0233516401
761	55.6578801749	77.8070050559	17.1630602601
762	54.2998627255	121.727006438	16.651108562
763	73.0364216624	13.924417957	16.572862187
764	94.5265397881	34.9762301303	17.9377295995
765	98.4508018484	38.6701809398	17.956991803
766	36.774499903	63.2223125018	16.3832486202
767	41.5432137075	69.1074681179	16.5928341609
768	35.5717728421	70.5477026478	17.0181714737
769	91.5118165818	82.3213046389	16.6643129624
770	72.0329081626	95.1511130354	17.0570786723
771	53.6015852414	112.702375889	16.0975409848
772	73.7158635953	121.219904988	15.5303989973
773	56.6668604721	15.1419822461	16.7934488635
774	112.774534354	42.7606047749	16.2452171452
775	107.487828203	50.6544928604	17.1272848169
776	78.7551131782	71.9123755872	16.9139839513
777	13.194126635	78.0793638372	15.8101048871
778	13.4930861965	107.883284386	16.1524699113
779	47.8476171096	120.155302438	17.5645372428
780	98.188068082	22.4724445254	16.3901852499
781	89.1373173319	30.3449566733	18.0875407584
782	92.8526026565	54.5594271235	18.70317498
783	105.237536287	59.1632087577	18.4769783171
784	48.0235720829	64.3556941284	16.8762073424
785	97.4667502993	77.4015848233	16.8137599625
786	52.981138685	91.2230443546	16.8754532098
787	75.4360877165	104.565176699	16.5873894015
788	85.4365228176	109.422733012	16.1778289552
789	29.4344647431	111.526337824	16.7652298892
790	67.3603028186	112.905915916	15.7689468517
791	101.442450391	26.2986552754	16.3888715613
792	34.1276168058	38.839877477	16.7557216667
793	90.0708484141	46.4902424539	19.0739258792
794	39.8502224595	73.3487043936	17.3630715014
795	49.6259687305	85.5244579447	17.007631344
796	82.3013484647	93.3306903377	16.3657275381
797	51.4156412233	95.1545455545	17.2314431827
798	23.4978901239	110.938449831	16.7063416021
799	51.6812577956	18.1891204838	17.4458053009
800	90.5117206395	65.3408102711	19.1505417871
801	24.1572774687	87.9172285182	16.8382694541
802	11.864887093	95.3698856277	17.0970590449
803	41.9577903905	99.2220897031	17.3260043185
804	37.1764444768	115.754862808	17.7323293026
805	65.0754073024	39.2225184197	18.3142035981
806	81.5468018616	41.4893909241	19.367787953
807	39.6732237679	48.4420145009	17.8821405755
808	60.2743117463	63.3682749258	18.3637167608
809	27.9984160662	63.9676885924	16.3846615401
810	101.021653407	63.7843980373	18.1544969188
811	42.4283517298	65.2336830058	17.4071088846
812	72.8085388757	73.8617202059	18.4092287267
813	39.0638629745	90.1014911583	16.9336994528
814	26.9063435579	90.8505990676	17.1721233533
815	82.0727961256	120.797671346	16.626942472
816	64.0526017139	15.1037143382	17.7145288908
817	72.9730501909	26.8120458863	19.2676565201
818	78.1985793337	37.9607900183	19.6329232899
819	46.1495520187	90.1007473106	18.6873030936
820	79.7167526913	16.5527130084	17.9483690345
821	48.9717797835	26.9259547466	17.9677301732
822	103.069841756	30.1154017281	17.8436524917
823	61.6120754713	39.098118099	19.0411035737
824	112.783806725	49.3875670328	18.3604436788
825	70.5586848874	67.1081487263	18.4842226106
826	47.2989418178	70.9233220984	17.6044278091
827	89.162202288	72.7773750731	18.2160239052
828	99.6525916497	73.3717022463	18.6278305159
829	24.7788706159	77.6381122113	17.5324702008
830	18.1008676418	79.0045873203	17.4162035557
831	42.7139981841	85.5413052695	18.7112125016
832	13.0905163169	113.890006263	17.774795418
833	92.1386957325	21.7597943128	18.3876090631
834	66.9290663772	25.632453759	18.7469095896
835	80.222955567	27.5590197415	19.247920184
836	41.0698378052	54.5130619805	19.3859858201
837	42.2609385228	60.7530756613	18.1221897843
838	111.619564053	64.8275916163	17.9600898312
839	67.5256225887	105.800300037	17.6724184475
840	20.6464119382	109.927121449	18.2591853889
841	67.9337627291	119.21690769	17.9165149581
842	42.2648365353	25.5836848697	18.8401175782
843	49.1919696188	42.7452087528	18.6153366627
844	113.797334629	54.4472179031	17.5434624411
845	34.0728127314	58.3663367959	17.9204757097
846	64.5085470848	66.7108991855	18.8975523881
847	9.91949390603	70.6178873036	17.6565552881
848	70.901550874	81.7122082483	18.7252291794
849	76.0760185369	88.1715240801	17.6986854365
850	81.3527922322	98.6558377925	17.0549895372
851	22.7068533658	116.605708393	17.8582133121
852	62.9810086257	27.1644570981	19.5392777363
853	106.89642803	35.8587997257	18.2323331971
854	40.5634132199	38.0338329501	18.6970621477
855	70.5013741335	39.0647181365	20.4274331748
856	81.8803007688	53.471119228	19.9502392609
857	75.093506207	65.1418793576	19.9328052651
858	21.1623744676	65.4758985741	17.3580743549
859	55.0842600005	67.1429496583	19.0511042783
860	96.381358168	65.8587356415	19.35769
861	86.0273974634	67.0208724224	21.3914457508
862	27.3321360795	67.9345356066	17.5401639649
863	83.7772628062	77.1705687914	18.5364435094
864	99.052934589	82.6957784277	18.3938125977
865	86.7350144952	89.3369053209	17.6053690634
866	43.3275962778	112.387414452	18.7645110976
867	76.4625100512	111.557124558	18.0120893402
868	58.8613875678	116.030872082	18.2963184807
869	56.1009706107	37.3575678213	20.0037215339
870	47.4127873137	54.1037444497	18.8861168303
871	56.9791806295	54.3828998459	19.4067855126
872	66.0244101964	72.0866440032	20.2286835127
873	93.8951110885	76.3993544974	19.9428429302
874	51.6150159534	78.8024765214	18.6893084961
875	36.4768535071	82.2339966612	17.8988942333
876	56.1971325106	26.1554553197	19.3809289513
877	84.8858595035	32.8435539532	20.1294090502
878	44.0529452255	32.3642175648	19.0545716678
879	17.3224270917	68.3107187087	18.7109727977
880	82.1308851077	70.5737214337	19.6178117758
881	27.6385257854	80.4425011719	18.2734301303
882	55.1047982684	84.4925410025	19.6820662409
883	12.9838591786	88.9315428349	18.4565406396
884	58.9438090226	94.7421008858	19.3573221889
885	46.8861884257	97.7327436608	19.8747079346
886	37.301545446	103.595746982	18.879072255
887	110.250135425	41.8453297887	18.9710066246
888	83.1898126178	47.830643659	22.7198473913
889	32.2880577839	76.8855428661	18.9520924782
890	84.6626596205	83.1810569219	19.5571672018
891	15.599285621	85.053805307	19.2356595743
892	56.4524161826	106.872123621	19.446126239
893	24.4445044953	120.41663373	18.5145806614
894	68.8776302765	17.4042351844	19.7669372791
895	85.9165477184	18.8847151474	18.7836197862
896	96.3423604087	27.1481154785	19.2811302289
897	102.854664966	49.577083701	20.0719069781
898	50.0258941519	49.0951091726	20.3671352261
899	78.4152633623	51.9967738653	26.0574576789
900	40.982027517	78.5703721599	19.3348022136
901	77.5799987906	79.4663803581	20.1436695461
902	69.4690672181	90.3226057405	20.004726154
903	38.4687011959	108.973138373	19.7409323325
904	75.1325530519	17.5656683432	19.7220469002
905	62.2896739039	48.8875115664	21.873220255
906	103.772655795	77.2565102472	19.3535185511
907	61.4807712261	86.7627568895	19.5449173323
908	60.8470238916	18.1967779269	19.772878005
909	42.814718366	44.3199047217	19.9996119991
910	93.8740883184	59.9522835838	19.7795754616
911	33.1466578288	62.9224540145	19.1800808085
912	59.2499376185	71.1455699204	20.0881983853
913	44.0909133777	75.3433164236	19.6585717396
914	78.7924951904	94.2625323341	19.1593577033
915	29.3626810545	104.538993135	19.6617562509
916	16.1414244983	104.421441971	19.2877116083
917	99.2599113141	32.4084539505	20.7035780324
918	91.394840684	38.2137373292	21.2766455743
919	34.9614644591	54.4037158022	19.9135447987
920	88.0304983011	59.8356521789	21.2859123164
921	99.7359696432	68.7017342023	20.9266853641
922	32.4574351139	89.8038038089	19.4508779783
923	32.0817763509	120.85833449	20.2165549891
924	49.3209993197	21.5675684341	20.1275040888
925	103.359966615	36.1492066909	20.2959846629
926	65.7524524265	43.9766845334	22.0637558419
927	57.0567905472	45.1561735008	21.3492378666
928	78.2011832145	44.3078749386	21.9553551097
929	68.7624617226	50.6583758598	22.8473050212
930	107.378019508	71.33625685	20.1134720476
931	8.07025202497	77.0159587623	19.5902229157
932	71.4996163767	102.517375177	20.3257040578
933	63.5161681424	110.195699614	20.6712847165
934	53.8414217549	30.2945531484	21.1776692483
935	94.662100145	42.7114322397	21.551615113
936	109.91487782	46.451223948	20.7425179753
937	54.7778856757	52.6872429581	21.6984509248
938	25.7937663394	71.9370483425	20.3702424338
939	63.5972971971	78.0647411187	20.3343313843
940	8.31227606799	83.639980182	20.7622831734
941	78.5452804613	32.6187586489	22.1862189145
942	57.483758088	87.8823321236	21.5671719141
943	68.7607524238	98.8813450451	20.5116396442
944	53.7723170924	72.7889505589	20.7114269934
945	83.2570113999	111.614125652	19.5892973322
946	72.5312207977	114.817993876	21.844236717
947	55.9644247869	121.019965553	20.7205299609
948	55.5747936911	20.0989263199	20.9991203612
949	80.7592959268	21.1326335895	21.0845031654
950	38.4171640898	33.035049828	20.6978389326
951	46.9024670334	36.2083094187	21.7878904817
952	110.872587366	59.9072543552	21.8225744107
953	33.3926212747	67.012445117	20.5125865546
954	94.335885083	85.4216734496	21.0009336896
955	36.0146676086	98.4141817369	21.308370345
956	59.9206465016	100.526112783	21.4687075139
957	74.3369440165	34.0280217025	22.5920334639
958	107.206526764	40.8771429755	21.1583121353
959	34.8223238308	48.6324770797	21.1248397043
960	73.1697809973	49.8777804596	23.2775931897
961	66.1787660528	58.6542793188	22.7296720061
962	90.3568475097	77.4085317472	21.7941018624
963	38.9519550181	79.2895843547	21.329607721
964	16.2275028645	96.461733172	20.9836897257
965	28.547409487	109.706671211	21.0203626296
966	29.55228008	115.139805478	21.5747087684
967	81.7119063978	116.759888588	20.9558397994
968	92.2995289594	24.495245582	20.9658498349
969	60.4292266882	33.1027834983	22.3638464135
970	97.2382963032	49.8102493276	22.5825717958
971	59.5386360239	57.3000732447	22.657635154
972	69.0781637278	62.5178695337	22.6739452169
973	43.462849502	65.6641320887	21.5084470167
974	16.56229017	73.4211861698	21.2355753506
975	27.5191379787	84.8254193936	20.6759221384
976	81.817864708	89.312085172	21.2703335443
977	76.635868441	98.4782506742	21.3479157154
978	52.4111774801	99.0321591003	21.7734587727
979	17.1686833552	111.549163701	21.3622909885
980	49.5469302425	111.69591344	21.6414854902
981	70.3025411437	34.0242383599	23.382559265
982	43.9983006057	49.0004679236	22.7826231545
983	110.435697429	54.3478684151	22.3502631099
984	48.0191569818	73.4498162182	21.422106555
985	45.8532505435	78.2831215146	21.9474066453
986	58.945958582	81.0044116577	22.3614892591
987	77.1371238636	84.3560358299	22.0023999428
988	70.9676593209	109.419538077	21.7962819335
989	41.3977074427	121.456570246	22.5348658443
990	71.9275815187	44.3021724017	23.5211693101
991	78.3398035893	58.3063782278	24.0329111832
992	11.6258937853	72.2795220048	20.6540476153
993	70.6536553298	76.058378183	22.8730857277
994	22.4512873277	85.2990746935	21.7976867786
995	71.7402995465	20.8934898856	22.3094641882
996	85.938942948	38.9733110672	23.682626866
997	73.5218223348	55.8447074922	23.7848980542
998	38.3619695177	61.5581809348	22.3083536049
999	79.3097870757	63.4306103351	24.1560231904
1000	64.0334717949	91.2726675327	21.9072843138
1001	19.4049523186	102.544091799	21.8781704789
1002	79.6374019219	107.629815868	21.283244164
1003	69.3710991246	120.787279949	22.7969592788
1004	85.5933299958	23.1099625253	22.1194986625
1005	45.4028210028	60.5946657626	22.0561489553
1006	84.8104236221	60.5266955576	23.8150677238
1007	106.996635901	65.0669061054	22.6889890095
1008	31.3102588603	71.4382089406	21.419380164
1009	98.6321893607	80.6465355688	22.0860972
1010	71.223568092	87.4890170336	22.0760313579
1011	77.1310057833	103.946338958	21.8026043166
1012	76.9429788664	22.1397495726	22.603009453
1013	60.7968381826	22.6668984689	23.1858743012
1014	82.9317802027	35.3310551041	22.9288177184
1015	64.5188252626	53.4095343082	24.0605191135
1016	97.7838292204	56.2502842552	23.5230621695
1017	56.7915747806	59.5623243348	23.501342257
1018	48.6948076474	68.5076196872	23.2309900472
1019	38.6062359834	68.2435495899	22.2902909795
1020	79.2886892003	73.6762675083	23.2189398194
1021	64.5257563574	85.2297248733	23.1753269405
1022	88.5505842203	87.1481457007	22.1599659959
1023	7.71608426613	93.4658613538	21.8404098641
1024	43.0477788871	93.8222016754	22.5033870085
1025	35.4543715342	93.5085241758	22.317997555
1026	27.2309116919	96.0726236875	23.2013476239
1027	45.8465067206	105.965733006	22.5379309654
1028	16.4102659158	117.378241467	23.2958013514
1029	62.2379644448	119.851294985	22.6799101768
1030	89.2263433613	25.5512771697	22.367969477
1031	93.2871628466	30.1142184587	22.9943533074
1032	65.3066048792	33.6971272597	23.3762739617
1033	51.2011013509	34.5784584	23.363355259
1034	105.054985892	42.5097154164	22.5446166298
1035	93.3339520529	47.868714897	23.7430775431
1036	93.4197928337	71.3486092231	23.5417107276
1037	22.0644942319	75.8554679088	22.2350932212
1038	34.1812522934	84.7444593671	22.8775717127
1039	64.6328271751	95.8739345191	23.1196302529
1040	45.2696213213	42.5594226126	23.5490509505
1041	85.2335279379	55.1327198311	24.4862165049
1042	97.6056905924	61.9762349363	23.430796938
1043	86.7428777502	79.3645291164	23.7279087961
1044	55.2496687236	117.602727768	23.5591890182
1045	47.7112497065	26.0563460834	23.1961596918
1046	38.1301802024	39.5275929855	23.3235432861
1047	37.2360079652	44.0363736414	23.1112603635
1048	62.2845891374	75.8851356094	23.0509442591
1049	52.872119315	80.236180126	23.7782183964
1050	20.0029444402	92.8870363279	23.0074354351
1051	76.959724194	120.492035607	23.1719208745
1052	66.7682021572	21.43356175	23.2207683805
1053	100.486233351	38.1910380081	23.4300614117
1054	11.3112784642	108.799257415	23.2639097328
1055	56.1041042327	110.785610916	22.7991706156
1056	50.5025122404	116.480847584	23.9324614411
1057	77.4555758313	46.9968479447	25.0694934504
1058	49.7874943097	63.1026683833	24.5934433363
1059	55.3698816849	71.3807028273	23.4007084092
1060	13.3376074574	80.6405138191	23.2973702056
1061	73.5948385998	94.9671169832	23.5131186492
1062	87.6202263351	44.030087103	25.3474042762
1063	106.821484676	48.6912968966	24.3961097248
1064	63.32167984	65.5155474818	24.11016478
1065	80.8027379982	69.6828964273	24.2287344153
1066	73.0955200848	81.2195114782	25.0608732401
1067	53.3948047601	84.9457703968	23.9309992166
1068	40.3701304188	88.5625413172	24.0227588464
1069	76.9890204775	89.958829709	23.8425527468
1070	25.7098960227	90.1382468494	23.7243637069
1071	43.1182456475	115.925904268	24.0160943009
1072	20.3974185487	120.061898445	26.0805501935
1073	48.9978695108	57.5179377579	24.0331489159
1074	73.0936125186	67.184830039	24.6996886278
1075	104.294333116	71.5322531527	23.7291609806
1076	34.6683953717	74.1843530407	23.9194472332
1077	47.4293717811	83.4128436432	24.4011955716
1078	30.5853394758	90.7078195441	24.2424943822
1079	22.5075657624	99.7732485313	23.3480671978
1080	11.1548374185	101.118627593	23.1999304833
1081	66.2862104405	103.550324494	24.4167165488
1082	35.0688250547	118.388682849	24.4535652623
1083	67.15021631	81.7414755655	24.3370903702
1084	60.7491897482	90.5474014486	24.2732307776
1085	78.1821169854	114.823151634	24.5015250409
1086	29.4946108245	121.845767786	24.2322594718
1087	53.5028835077	23.5337838441	23.5788538191
1088	86.1125638393	27.9254625689	24.7615493361
1089	46.1552847551	52.0654295463	24.7438903824
1090	53.0578226041	65.4644345118	25.6082130092
1091	86.2512908059	72.9571832173	25.7992529175
1092	18.4281132599	80.3378233239	24.2994146912
1093	61.0460287479	111.365573068	24.3203644488
1094	65.7266654315	26.1979597905	25.3533584238
1095	95.2429473622	35.1282296934	24.8945752857
1096	60.3006508188	37.6621926337	25.5837913591
1097	101.0682121	43.8820595691	25.140425385
1098	74.0608032375	73.382326709	25.4046804426
1099	38.9975981376	74.514760265	24.2834106164
1100	82.8203947099	78.2773443679	25.1735321141
1101	43.9556905473	102.018002711	24.8878101545
1102	56.9135583954	104.894716112	24.6623011206
1103	57.6031439814	41.4254174693	25.5612497975
1104	51.6454822424	42.1846005073	25.422231542
1105	78.9068770309	26.3344009475	25.0490370195
1106	41.8200167556	35.8058963684	25.1689847022
1107	74.4280709636	39.4016699105	26.3877970418
1108	91.3412198611	52.9357965889	26.166113378
1109	91.5383675567	62.3909287275	26.1748015312
1110	100.235111649	74.3465579087	25.3835774603
1111	29.3046463725	78.2425448142	24.5883712789
1112	51.5531507844	91.7671113666	25.5259698903
1113	49.7657633887	104.580679683	25.6331236897
1114	34.5749950932	110.017241117	25.2451725319
1115	44.7462380389	29.9991166959	24.7330192072
1116	38.471432153	52.366614347	25.287711582
1117	105.998323677	58.6023756291	26.0499096658
1118	103.157170438	65.1218011332	26.073110894
1119	55.9225406501	75.9340946933	25.1952068843
1120	93.6856202806	82.3481472372	24.9980381166
1121	12.4446185406	90.2009553595	24.8486674488
1122	58.180588081	94.1685390241	25.7504821015
1123	70.5923984162	26.460685855	25.6420416491
1124	51.5287016645	47.8090893497	25.6793189578
1125	58.2353025309	68.1054263821	26.4922462237
1126	91.8649493233	68.2853857694	25.7822517493
1127	43.4692246729	70.7345716258	25.3259445576
1128	52.4594439957	88.0719293844	25.6477454874
1129	58.4610078765	26.298156325	25.1933677059
1130	62.8821663864	28.4610208925	26.4952684635
1131	67.0005805637	39.4905884751	26.4203636981
1132	81.9787717571	43.7940437932	27.0865186886
1133	91.5985479181	58.09529755	26.4257583528
1134	42.8076189355	74.5226756658	25.0870369002
1135	13.0704780934	97.1497068034	25.51199827
1136	73.3488259588	100.375112394	25.1781415883
1137	25.3080922925	106.383696248	25.9694215191
1138	67.1836915875	113.991408524	26.0781960059
1139	25.8917699018	118.311543321	25.3775357829
1140	55.0552537896	60.4820610791	26.5543480862
1141	88.87239306	84.378732559	25.8510241723
1142	45.188453441	86.2568988096	25.4614341978
1143	56.9419006191	121.317939631	25.5415428771
1144	74.0858305957	25.5333150796	25.4426184382
1145	97.5417852182	39.63968579	25.914440573
1146	105.562310013	53.0527430135	26.2321982367
1147	51.4094800108	54.6816572539	26.4680561604
1148	39.3970843803	58.9961828573	24.9624018963
1149	37.2969783765	104.660914061	26.4415737324
1150	52.2494340293	28.1880447286	26.2923590423
1151	68.0630955059	78.1325148689	26.0504749561
1152	81.82238743	85.9334947123	26.6288548261
1153	24.2046848211	112.915822475	26.9721786163
1154	89.9770250449	33.9217000069	26.2832746727
1155	58.5892758082	45.2657517276	27.0653434128
1156	87.4756771764	51.0617738639	27.4900437028
1157	40.941620546	56.2863564482	26.6840696153
1158	72.2899341403	58.0100095801	27.0481119227
1159	30.7989588828	101.309629981	27.6046666289
1160	42.2205867182	66.4508620972	26.2975645294
1161	54.1242517342	70.1021449878	26.5811295147
1162	77.1554955924	77.8490063329	27.0493085918
1163	36.4971926184	80.5977959022	26.3336961332
1164	21.3853409718	83.0753911867	25.9896699072
1165	69.3859534221	92.6162447486	26.304804736
1166	39.9923212757	97.41730276	27.2950330691
1167	101.330063054	50.9663973377	27.0585317824
1168	63.452308807	72.9045685872	26.8423721562
1169	81.0947954677	31.1526321185	27.2714146139
1170	74.3913896689	43.49190194	28.0152048235
1171	95.8091990614	44.6659976746	27.8685012533
1172	57.1846531889	53.0097582888	28.1915822841
1173	17.0486636836	89.4916878136	26.8996273237
1174	33.7767152456	95.8605796022	27.5693039399
1175	16.626574994	104.571233731	27.4272275144
1176	68.296332127	30.0220140585	27.4501659235
1177	65.5653878011	43.1811971697	28.1376641244
1178	84.855369498	65.311196729	28.2420764517
1179	49.0429104488	75.0172020556	27.3788348549
1180	42.6949636507	79.1919665448	26.8968334235
1181	25.9204698743	83.652779997	26.850433749
1182	56.1689998118	30.8322387924	27.7376003439
1183	85.2732949606	33.2590718191	27.662972573
1184	92.7960769695	40.7967482419	28.0553072227
1185	61.88057375	51.261656453	28.4342981524
1186	96.7362891728	76.9974980963	27.199378481
1187	30.8277228997	83.3186332699	27.2506012252
1188	47.7655835235	94.0912475696	27.5492922697
1189	71.5360059271	104.964586604	27.939372545
1190	63.4517567839	106.530965015	27.5473071251
1191	62.1344840401	118.678309907	27.9545969012
1192	59.9675490119	31.7111106322	28.3015394759
1193	68.7568407262	70.2087910455	28.5440334276
1194	71.2872200384	87.7459065765	27.4943052611
1195	56.7025070882	99.8948390152	28.1518031223
1196	73.511727747	48.449769616	29.0984511034
1197	100.874414716	56.2765983129	28.3121706706
1198	44.2775900224	61.1177283506	28.3354841676
1199	72.8279175493	109.989347419	28.0119328285
1200	38.3680948852	118.821184621	28.1538584188
1201	50.1536294433	32.3619866232	28.4323259915
1202	41.9949116122	43.5499687547	28.1710455699
1203	40.5066556437	49.5264284664	27.8785556998
1204	97.9157318149	69.6499180617	28.5286771727
1205	91.7532973568	79.025194055	28.5550068141
1206	60.5109061258	111.321071228	28.3560802073
1207	55.5470568724	112.322756154	28.3138360646
1208	72.7774409356	31.294189415	28.3665524947
1209	76.2934968145	30.8610650916	27.8640836864
1210	46.1098909408	37.2532768318	28.6778739621
1211	99.1768023589	47.8555450169	28.3479916584
1212	63.2343233856	60.5755769499	29.2608191734
1213	100.532981415	60.9376636781	28.61821667
1214	61.9223562963	65.0368084585	29.1762387973
1215	77.8003333754	70.7677048506	29.1268809772
1216	47.8580622914	80.535291749	28.4263494737
1217	40.4867755789	83.4928695622	27.865386314
1218	44.3685867165	54.7039049201	29.4400441879
1219	81.2543489865	60.1353488593	29.7345120112
1220	69.3753276319	64.0417767166	29.5614137904
1221	64.3857373572	91.3746481166	28.6168111556
1222	43.6183397762	108.373998548	29.3777155547
1223	66.7107187084	33.0667525489	29.5062154947
1224	87.8010962667	39.3646457286	29.6648699182
1225	97.2943016822	65.6330293827	29.2513244182
1226	77.2922273175	66.1819281294	29.7087704172
1227	46.8720804998	67.5879726485	29.2998606259
1228	61.8782596254	85.398300263	28.6311797714
1229	81.7145229381	37.518917451	29.8038732025
1230	91.2359367032	45.9200492887	30.0263545254
1231	65.7950690974	57.483475387	29.91542775
1232	51.6772915738	79.8992150927	29.3594026619
1233	67.2208846737	99.9245623043	28.9461538061
1234	72.4811958414	116.799367104	29.4466847557
1235	44.2574799729	117.327214643	29.1031438951
1236	48.5506969397	121.268157705	29.7570934704
1237	74.7747401421	35.4993845438	30.1172677412
1238	69.103273609	51.7582567074	30.2646544131
1239	61.9313253429	79.7558893024	29.5072142308
1240	54.4044086946	84.5409566139	29.8909056532
1241	38.2642082806	87.6400973218	29.3761668133
1242	29.7737608086	88.8759969471	29.5775541367
1243	22.3457363218	91.7092386307	28.821703817
1244	53.5625964856	120.070029307	29.3938882476
1245	52.2819527756	73.6386475125	29.7776054727
1246	56.8076815225	79.2098334614	29.6299618784
1247	54.8369959557	104.964742748	30.4276005229
1248	70.5014602468	120.709047768	28.845988947
1249	95.7633140703	51.2830647538	29.9446964647
1250	67.7383264399	83.1993357374	30.0009039789
1251	39.8435871831	114.302429746	29.8030917211
1252	47.9323632346	43.7901000196	30.7627323309
1253	71.8191123874	59.9028964179	30.4943775772
1254	92.5857725834	74.1394847917	30.303659494
1255	82.6420553097	81.517191743	30.129072848
1256	62.5960031112	96.7316470949	30.3268062504
1257	49.1212786126	113.674670227	30.7261007326
1258	33.1559169997	120.526187858	30.9924093175
1259	56.1510387268	35.6342460941	30.6081492746
1260	46.8766923295	48.8114908212	30.4959082024
1261	95.7496905503	57.4437511821	30.8667724513
1262	87.4109203954	80.0301055992	29.998681577
1263	50.2240841419	38.9196948451	30.535060692
1264	52.4783331024	69.4719868701	31.120014002
1265	77.7826985492	82.7668899548	30.5465228195
1266	22.819812768	99.0704911537	30.1536769818
1267	45.4202220814	99.8168420949	31.0233166694
1268	33.1013820124	114.115561589	31.2528278132
1269	72.5203757645	82.1228200412	30.9575467775
1270	46.5656414391	86.6807676295	30.4686899206
1271	56.9074362127	89.0625608221	30.616225448
1272	91.7823292273	67.4864016409	31.6465861333
1273	37.7137573619	91.9645233733	30.9203077297
1274	63.7562524531	122.021520804	30.3563462241
1275	95.0438673747	61.8619640235	31.1618067731
1276	67.933928556	77.7588881569	31.5319011468
1277	62.9345902127	37.7372473536	31.8585270717
1278	50.3907181238	64.4643444042	31.6067710197
1279	58.0297825244	74.3606059456	31.1426430359
1280	81.8131673297	76.8037521093	32.1828376161
1281	79.1886886904	42.2069484288	32.1037929574
1282	52.7165723256	50.1668507212	32.1689301772
1283	49.1185248995	54.1030458092	32.0400460181
1284	90.5125053505	56.020496998	32.0247117104
1285	50.6501612009	59.0620346106	31.8353560279
1286	88.0694414823	74.6050527501	31.9726591626
1287	67.9444963875	38.4298571648	32.0986320981
1288	56.8465697008	41.8659450956	32.3212070535
1289	61.1624530405	43.9771718032	32.5279833415
1290	85.7576972736	44.4812334714	31.998540335
1291	56.4906260126	94.072441484	31.5780924405
1292	53.0427800782	40.7020559495	31.7077761604
1293	87.5464418974	68.8035721717	32.97222489
1294	37.3009557963	101.135634244	31.8191147245
1295	34.4142437139	107.450476649	32.1977411675
1296	67.1596996073	110.077462493	32.2212273891
1297	53.1875220147	46.4269585369	32.4115343911
1298	79.8271806033	46.3583089117	33.0407468749
1299	89.5881716778	50.6103462242	32.2681023436
1300	29.1793091643	95.197039627	31.9068537363
1301	76.8399562736	38.2383609591	31.8533998659
1302	22.9175840162	105.311834198	31.8611939976
1303	52.1288004065	108.509964124	32.6311278102
1304	66.2809143374	118.649840458	32.6904567032
1305	72.6480175286	40.7651325763	32.6101043133
1306	57.825833331	48.4868491504	33.3049624552
1307	83.8562624491	50.7529782864	33.5335691938
1308	90.2235528558	61.1230069986	32.7197110286
1309	55.9481373065	64.57579204	33.1135937257
1310	62.794391125	74.5711290258	32.7117457492
1311	74.3222966175	76.5648243717	32.8291700507
1312	24.5687597333	110.960927662	33.0013038026
1313	59.8152639023	111.596157401	32.5118086238
1314	81.3431626601	72.0735989454	34.072367225
1315	46.200990606	91.8916969092	32.7707781622
1316	54.3089637236	55.3812169825	33.4393806886
1317	35.4938447147	97.074021017	33.2469999157
1318	60.4540008775	102.809036493	33.7210783323
1319	69.4567224784	44.8257930131	33.8965161292
1320	73.7898408901	45.7625888022	33.6443874344
1321	85.0578941655	55.9664099644	33.5374432478
1322	52.1595124512	95.2519550735	33.2557244039
1323	61.2699799764	49.6157263457	34.194191742
1324	59.2599085781	60.1698119359	34.4776886954
1325	57.3076670469	70.7711795177	33.1154207017
1326	45.0810762845	105.983045694	34.2078939062
1327	40.1514421107	109.905444804	33.7781877411
1328	86.2125092737	60.9579924813	34.1496325426
1329	67.9581073559	72.8340258962	33.9774790705
1330	61.9790112068	69.5281694023	34.1154944593
1331	65.2074376503	45.8901997486	34.2138403789
1332	73.62089429	71.8182055399	34.4556342966
1333	43.4322618162	119.675125023	35.0282299032
1334	54.7891823499	115.667547584	34.6342829596
1335	79.3486584797	53.8931662361	35.1929972596
1336	29.9459821175	104.274374576	34.9864346727
1337	59.1385164619	120.80842838	35.4131241655
1338	78.1524518577	49.7347404282	34.9009265725
1339	57.6469434075	53.8398970684	34.8936942341
1340	79.4104937873	63.3486141175	35.2729189852
1341	84.4433614299	64.9613544612	34.869093876
1342	63.1162240037	116.9484177	35.0752531736
1343	74.677655993	51.8058021302	35.4117157964
1344	64.2527949215	53.5611160229	35.6757755437
1345	61.5077034694	57.4404827701	35.144121595
1346	80.1083948815	58.363573211	35.0852665007
1347	64.1736884278	64.0440611175	35.3699741887
1348	59.4995022343	64.8986168851	34.854050455
1349	81.5026519256	67.7313250422	34.7624326251
1350	74.8923080556	68.3384944953	35.0990329148
1351	69.1904906577	50.1017241483	35.7407146689
1352	73.1538270994	63.4092309689	35.9822017251
1353	68.4564049257	67.8331232405	35.2522767469
1354	69.94765196	55.2398940131	35.9807953475
1355	74.6094258245	58.154801951	35.7564926725
1356	67.3819712525	60.4729229572	36.1906636939
1357	42.6427640458	98.0229600655	35.5628111702
1358	62.932054197	112.164277744	35.9612406564
1359	41.5453859789	114.148776516	35.9035395453
1360	50.185956833	101.022679254	36.1016173182
1361	37.9903080919	103.903663362	36.781146104
1362	57.8132557031	107.509377249	37.3563828774
1363	48.0738255571	107.175945135	38.439607065
1364	53.9255196396	121.462280686	36.9969116527
1365	48.4764862446	114.545076975	38.8717315589
