2
3
4
5
15
17
19
24
46
51
64
73
86
92
94
111
118
126
142
155
161
168
169
186
190
198
202
212
226
234
238
239
245
247
249
254
265
267
269
282
283
288
289
301
302
307
308
313
333
336
346
349
356
360
364
365
368
379
383
387
395
397
398
401
402
415
418
420
427
428
430
433
440
442
453
455
459
460
462
463
469
470
481
484
487
489
491
510
512
521
524
530
532
538
544
548
549
554
555
557
558
568
579
580
583
584
588
594
596
600
603
609
627
630
634
636
639
643
649
661
664
668
670
680
681
682
687
688
689
692
693
698
699
702
711
712
713
715
718
724
728
732
736
738
739
741
744
749
753
756
757
763
773
774
777
778
780
788
791
792
796
799
802
809
815
816
820
822
824
832
833
838
842
844
845
847
850
853
858
862
864
865
879
883
887
894
895
896
904
906
908
911
914
917
919
924
925
930
931
936
938
940
945
948
949
950
952
953
954
958
959
967
968
974
976
977
983
992
995
998
1002
1004
1007
1008
1009
1011
1012
1013
1019
1022
1023
1028
1030
1031
1034
1037
1045
1046
1047
1051
1052
1053
1054
1060
1061
1063
1069
1072
1075
1076
1080
1085
1087
1088
1092
1094
1095
1097
1099
1105
1106
1110
1111
1115
1116
1117
1118
1120
1121
1123
1127
1129
1130
1134
1135
1136
1139
1141
1144
1145
1146
1148
1150
1152
1153
1154
1157
1160
1163
1164
1165
1167
1169
1171
1173
1175
1176
1179
1180
1181
1182
1183
1184
1186
1187
1189
1192
1194
1197
1198
1199
1201
1202
1203
1204
1205
1208
1209
1210
1211
1213
1216
1217
1218
1221
1223
1224
1225
1227
1228
1229
1230
1232
1233
1234
1236
1237
1239
1240
1241
1242
1243
1245
1246
1248
1249
1250
1252
1254
1255
1256
1258
1259
1260
1261
1262
1263
1264
1265
1266
1268
1269
1270
1271
1272
1273
1275
1276
1277
1278
1279
1280
1281
1282
1283
1284
1285
1286
1287
1288
1289
1290
1291
1292
1293
1295
1296
1297
1298
1299
1300
1301
1302
1303
1304
1305
1306
1307
1308
1309
1310
1311
1312
1314
1315
1316
1317
1318
1319
1320
1321
1322
1323
1324
1325
1326
1327
1328
1329
1330
1331
1332
1333
1334
1335
1336
1337
1338
1339
1340
1341
1342
1343
1344
1345
1346
1347
1348
1349
1350
1351
1352
1353
1354
1355
1356
1357
1358
1359
1360
1361
1362
1363
1364
1365
