1	2	3	4	5	15	17	19	24	46	51	64	73	86	92	94	111	118	126	142	155	161	168	169	186	190	198	202	212	226	234	238	239	245	247	249	254	265	267	269	282	283	288	289	301	302	307	308	313	333	336	346	349	356	360	364	365	368	379	383	387	395	397	398	401	402	415	418	420	427	428	430	433	440	442	453	455	459	460	462	463	469	470	481	484	487	489	491	510	512	521	524	530	532	538	544	548	549	554	555	557	558	568	579	580	583	584	588	594	596	600	603	609	627	630	634	636	639	643	649	661	664	668	670	680	681	682	687	688	689	692	693	698	699	702	711	712	713	715	718	724	728	732	736	738	739	741	744	749	753	756	757	763	773	774	777	778	780	788	791	792	796	799	802	809	815	816	820	822	824	832	833	838	842	844	845	847	850	853	858	862	864	865	879	883	887	894	895	896	904	906	908	911	914	917	919	924	925	930	931	936	938	940	945	948	949	950	952	953	954	958	959	967	968	974	976	977	983	992	995	998	1002	1004	1007	1008	1009	1011	1012	1013	1019	1022	1023	1028	1030	1031	1034	1037	1045	1046	1047	1051	1052	1053	1054	1060	1061	1063	1069	1072	1075	1076	1080	1085	1087	1088	1092	1094	1095	1097	1099	1105	1106	1110	1111	1115	1116	1117	1118	1120	1121	1123	1127	1129	1130	1134	1135	1136	1139	1141	1144	1145	1146	1148	1150	1152	1153	1154	1157	1160	1163	1164	1165	1167	1169	1171	1173	1175	1176	1179	1180	1181	1182	1183	1184	1186	1187	1189	1192	1194	1197	1198	1199	1201	1202	1203	1204	1205	1208	1209	1210	1211	1213	1216	1217	1218	1221	1223	1224	1225	1227	1228	1229	1230	1232	1233	1234	1236	1237	1239	1240	1241	1242	1243	1245	1246	1248	1249	1250	1252	1254	1255	1256	1258	1259	1260	1261	1262	1263	1264	1265	1266	1268	1269	1270	1271	1272	1273	1275	1276	1277	1278	1279	1280	1281	1282	1283	1284	1285	1286	1287	1288	1289	1290	1291	1292	1293	1295	1296	1297	1298	1299	1300	1301	1302	1303	1304	1305	1306	1307	1308	1309	1310	1311	1312	1314	1315	1316	1317	1318	1319	1320	1321	1322	1323	1324	1325	1326	1327	1328	1329	1330	1331	1332	1333	1334	1335	1336	1337	1338	1339	1340	1341	1342	1343	1344	1345	1346	1347	1348	1349	1350	1351	1352	1353	1354	1355	1356	1357	1358	1359	1360	1361	1362	1363	1364	1365
2	1	6	267	397	237	433	254
3	1	418	5	8	9	267	398
4	1	10	463	242	440	234	254
5	1	418	3	9	11	282
6	2	267	237	286	7
7	6	487	8	267	12	237	433	531	478	600	317	286
8	3	388	7	9	267	12	13	398	487	317	478
9	418	3	388	5	8	11	13	398	309
10	4	234	18	14	16	242	440	315	254
11	418	5	17	9	13	273	20	309	282
12	7	8	13	21	25	287	317	286	255
13	388	8	9	11	12	20	21	317	309
14	256	315	234	401	18	243	283	10
15	1	303	17	24	346	30
16	316	10	18	304	242	23	26	315	252	286
17	32	1	11	15	273	402	303	282	27	346
18	256	304	419	421	10	14	16	448	23	315	316
19	1	34	387	365	22	283
20	449	388	327	522	11	13	366	317	273	21	441	28	29	309
21	38	12	13	366	317	20	25	29	287
22	283	34	19	365	243
23	256	304	35	421	16	18	31
24	288	1	420	40	427	15	346	30
25	36	389	12	367	244	21	26	287	252	255
26	304	389	42	16	305	244	25	252	31
27	32	449	37	273	41	327	303	17	28
28	449	37	327	41	43	273	20	27	29
29	38	327	43	500	366	20	21	377	28
30	32	420	357	39	40	427	303	328	24	346	15
31	35	421	44	304	305	23	26	347
32	37	39	303	17	27	30	357
33	256	34	326	337	48	49	243
34	33	387	337	326	243	365	46	49	434	19	53	22
35	256	421	326	488	44	435	47	48	403	404	23	347	31
36	38	45	367	274	244	501	25	287	276
37	32	449	357	39	41	327	303	560	50	533	378	27	28	506	574	479
38	36	43	366	274	500	21	501	377	58	29	287
39	32	37	40	464	328	50	52	55	378	30	357
40	288	39	328	427	52	24	59	30
41	37	327	329	43	50	54	27	28	479
42	44	45	305	275	244	310	57	26
43	38	327	41	54	329	377	58	28	29
44	35	42	435	47	305	403	310	56	57	347	62	31
45	36	42	275	244	276	63
46	480	1	34	387	646	257	744	238	434	53	512	245
47	48	56	35	44	435
48	33	67	326	337	435	47	49	35	404	56
49	33	34	67	65	48	337	338	404	53	507
50	37	39	41	496	465	52	54	55	348	378	60	61	329	479
51	64	1	379	69	288	368	59
52	291	68	390	39	40	562	464	328	50	55	378	59	348	542
53	480	257	34	646	65	337	525	46	49	434	507
54	323	41	43	465	50	284	329	58	60
55	68	71	39	50	52	348	61
56	67	502	295	44	47	48	561	435	404	310	62
57	42	44	466	275	310	62	63
58	66	38	329	74	43	274	54	377	284	543
59	64	288	68	69	390	369	40	524	368	328	51	52	379
60	323	70	465	50	54	284	61
61	323	70	71	348	75	496	465	50	563	55	60
62	258	295	72	44	80	466	310	56	57	63
63	66	72	330	45	80	552	466	275	276	57	62
64	1	379	69	239	368	51	59
65	480	257	290	337	553	450	79	49	338	497	53	246	507	525
66	899	274	276	669	671	928	806	552	684	818	690	691	311	58	330	63	72	74	82	855	856	608	98	745	370	888
67	451	81	295	76	48	49	338	595	404	561	56
68	291	69	390	71	77	78	369	52	55	59	348
69	64	51	379	68	78	239	369	83	59
70	323	452	358	284	74	75	84	60	61
71	291	68	391	75	77	563	55	474	348	61
72	66	552	330	258	80	466	82	311	575	671	62	63
73	1	289	85	349	247
74	98	452	690	70	745	370	66	564	274	806	84	377	89	58	284	543
75	323	100	358	70	71	391	77	563	84	88	61
76	513	258	67	295	498	81	338	451	87	312	601
77	291	68	71	75	78	391	88	90
78	99	68	69	291	339	77	369	83	90	444	93
79	65	290	443	359	296	450	246	91	95
80	96	258	451	101	503	72	311	647	498	456	466	87	575	62	63
81	513	67	76	451	338	371	246	312	95
82	96	66	675	103	72	235	684	98	657	691	311	602	413
83	99	69	444	78	239	369	442	92
84	331	452	358	70	454	74	75	370	88	89
85	97	453	289	360	73	428	277	247	248	91	349
86	1	455	97	360	107	469	247	94
87	258	101	456	298	76	80	498	468	312
88	75	100	358	391	331	77	84	90
89	98	454	104	74	331	268	370	84
90	514	291	100	102	391	297	77	78	429	339	88	93	350
91	289	290	453	359	296	105	490	79	277	443	508	349	85	95
92	1	99	489	269	239	83	442	444
93	99	102	78	339	90	350
94	1	107	333	86	469
95	278	296	105	106	332	467	79	81	371	246	91
96	546	259	101	103	456	503	80	657	82	311	602
97	455	360	457	469	107	340	85	86	247	248	341
98	545	66	675	1041	454	103	684	74	235	268	370	1006	920	82	856	89	413
99	102	444	339	269	78	381	240	83	470	489	92	93	350
100	331	358	391	616	297	75	108	429	399	565	88	90
101	96	546	259	103	456	298	87	80	468	119	127
102	99	297	240	115	372	90	93	350
103	96	352	98	259	101	618	235	546	619	657	82	675	406	857	825	413	318
104	268	331	108	89	380	285
105	515	422	296	508	490	109	114	277	278	248	91	412	95
106	332	110	312	371	278	120	95
107	97	333	112	340	94	86	126	469
108	331	100	104	297	299	399	117	380	285
109	260	422	105	113	114	248
110	129	106	332	312	119	120	121	298	351
111	1	333	126
112	113	107	340	125	341
113	260	422	109	112	340	341	279	248	125	405
114	515	260	517	422	392	105	109	278	122	412
115	102	297	300	240	372	117	123	381	350
116	268	235	124	285	413
117	297	299	108	399	115	372	300	527	445
118	1	269	142	240	596	430	470	123
119	121	298	101	110	127
120	128	129	131	342	392	393	106	332	110	436	278	122	351
121	129	617	298	110	119	127	351
122	128	260	517	392	137	139	432	536	114	278	393	120	324
123	133	458	300	142	240	115	372	430	118	381
124	130	261	135	235	141	413	116	406	431	285
125	516	136	459	112	113	340	629	279	126
126	1	459	516	136	107	333	111	340	469	156	125	415
127	129	259	617	101	423	585	298	343	577	144	149	150	119	121
128	131	324	392	393	139	148	342	120	122
129	577	131	617	585	586	140	110	149	342	343	120	121	351	590	414	127
130	134	235	141	504	406	280	124	318
131	128	129	324	393	140	147	342	120
132	260	137	138	151	567	279	612	382	319
133	603	460	458	300	142	143	471	249	123
134	160	320	130	259	353	423	236	482	144	241	318	152	280
135	145	431	124	141	261
136	138	459	622	629	146	126	279	415	156	125	158	319
137	132	260	324	139	432	612	148	151	153	122	382
138	132	136	151	146	279	319
139	128	137	122	148	324
140	129	131	147	149	342	154	414
141	130	293	135	519	431	145	406	407	152	504	124	280	613
142	1	603	133	458	460	430	118	249	123
143	292	133	460	300	462	445	373	471	249	157
144	320	259	134	423	236	150	127
145	162	547	292	261	262	135	141	431	407	293
146	136	138	319	158	151
147	131	324	518	140	334	592	306	483	148	342	472	154	414	159
148	128	324	137	139	556	591	306	147	408	153	382
149	129	164	140	334	150	343	472	154	475	414	127
150	164	423	437	236	686	144	149	343	708	475	127
151	132	569	167	137	138	146	382	567	408	153	158	319
152	160	353	166	134	519	141	176	280	293
153	165	167	137	306	148	151	408	382
154	164	140	270	147	334	149	472	414	159
155	1	169	568	313	156	415
156	579	136	169	174	335	126	568	155	253	158	415
157	161	163	168	462	143	373	249
158	167	136	174	335	146	622	151	568	569	415	156	319
159	483	170	334	306	147	270	154
160	320	353	134	166	461	176	241	400	179	152
161	168	1	157	462	249
162	321	293	262	394	172	175	145	476	166
163	321	292	262	168	462	175	307	373	484	157
164	334	424	171	236	173	270	177	180	149	150	154	475	410	437
165	167	170	178	493	408	306	281	344	153	666
166	160	353	162	293	519	394	172	461	605	176	400	182	152	477	613
167	322	165	263	587	493	174	335	178	151	408	153	569	281	158
168	1	163	161	462	307	186	157
169	1	579	265	568	313	155	156	253	415
170	165	178	270	306	183	344	159
171	416	354	164	236	241	180	181	437
172	321	162	166	394	175	182	409	250
173	164	424	177	180	185	410
174	322	195	167	335	156	253	158
175	321	162	163	491	172	307	184	409	250	188	383
176	160	166	400	179	182	152	345	187
177	192	355	164	424	173	270	623	483	334	183	185	494
178	193	165	167	170	183	344	281
179	160	400	354	425	461	176	241	416	181	642	187	189
180	354	164	171	236	173	271	181	185	410	437
181	416	354	171	271	241	179	180	189
182	400	166	394	172	176	374	409	345	250	477	191
183	192	193	355	170	270	177	178	494	375	344	185
184	175	307	186	188	250	190	383
185	192	194	355	196	485	424	173	271	272	177	180	183	410
186	1	168	307	184	190	383
187	400	486	264	201	176	179	425	345	189	446	191
188	197	395	175	374	184	250	538	190	383
189	354	264	425	179	181	187
190	1	198	395	184	186	188	383
191	417	197	486	201	205	182	345	374	187
192	193	355	196	375	204	208	177	183	185
193	192	200	375	204	209	178	183	344	281
194	272	185	196	271
195	322	263	203	174	529	314	253	199
196	192	272	194	355	325	208	384	185	485
197	417	680	395	205	207	211	301	374	215	539	188	510	191
198	1	395	301	190
199	195	263	200	361	529	216	633	314	219
200	193	633	582	263	361	599	199	624	209	375	281	218	219
201	417	411	486	264	205	206	213	214	345	217	187	446	191
202	1	302	265
203	195	581	265	302	336	529	521	216	314	253
204	192	193	375	208	209
205	417	197	201	211	214	191
206	264	201	272	210	213	473	411
207	356	197	301	211	308	215	510
208	192	384	355	196	325	385	204	209	598	375	221	222
209	193	582	385	200	204	208	625	375	218	220	222
210	325	362	206	272	213	473	217	221
211	417	197	205	207	214	215	251
212	1	308	301	356
213	325	201	206	210	473	217	570	411
214	224	417	411	201	205	211	217	251
215	417	226	539	356	197	583	681	207	211	308	251	540	510
216	225	228	199	361	203	336	499	438	376	314	219
217	224	411	325	201	362	363	396	210	511	213	214	439	473	570	251	223
218	635	582	294	625	200	361	209	499	599	219	220
219	228	294	199	200	361	499	438	216	218
220	385	386	230	294	625	209	218	635	222	447
221	385	386	229	325	231	233	362	651	208	710	210	571	222	223
222	385	386	229	230	208	209	220	221
223	224	227	233	362	363	396	217	221
224	227	266	396	214	439	217	251	223
225	228	232	364	336	376	216
226	1	681	266	558	308	215	251
227	224	439	396	223
228	225	294	615	232	364	495	376	660	438	216	219
229	386	221	222	231
230	386	220	222
231	233	221	229
232	225	228	364
233	231	362	363	396	571	221	223
234	1	315	4	10	14	401	440	283
235	352	98	103	268	130	82	116	406	124	413	318
236	320	416	164	134	423	171	461	144	241	180	437	150	537
237	2	548	6	7	267	397	433	242	286	254
238	512	1	290	289	257	46	481	245
239	64	1	69	369	83	442	379	92
240	99	470	102	269	430	115	596	118	123	381	350
241	160	320	134	171	236	461	179	181	416
242	419	4	10	237	397	16	254	463	440	315	316	426	286
243	256	33	34	315	326	365	14	434	627	532	22	505	283
244	36	389	42	492	45	367	305	275	276	534	25	26	559
245	512	1	387	257	744	238	46
246	65	450	497	296	526	79	81	338	371	513	443	95
247	1	97	360	73	428	85	86	349
248	544	97	422	341	360	105	453	555	428	109	113	277	457	412	554	85
249	1	133	161	460	142	143	462	157
250	321	374	491	172	175	182	184	409	538	188	383
251	224	417	226	681	266	439	558	211	308	214	215	217	411	540	511
252	448	304	389	551	572	16	305	645	25	26	316	541	286	255
253	322	195	521	169	203	174	335	529	579	622	265	580	314	156
254	1	2	4	10	237	397	242	463
255	389	572	12	531	25	252	317	286	287
256	33	35	421	326	488	523	419	14	18	243	23	550	505	315	638
257	480	65	290	450	46	238	245	512	670	53
258	451	295	72	76	498	80	466	87	62
259	96	320	482	619	101	134	103	808	298	423	546	846	144	352	468	577	641	825	318	127
260	578	132	517	422	137	567	109	432	113	114	405	279	612	122	412
261	547	292	135	299	300	621	431	145	407	445	124	285
262	321	162	163	292	293	145	547	373	407	476
263	322	195	742	199	200	361	167	493	529	633	587	281
264	354	411	520	201	206	272	425	473	187	189	446
265	1	579	580	169	202	203	302	521	253
266	224	226	772	558	815	439	251	540
267	1	2	3	6	7	8	487	237	398	433
268	545	98	331	454	104	235	413	370	116	89	380	285
269	1	99	118	489	240	470	92
270	483	164	170	334	177	306	494	183	344	154	606	159
271	194	485	679	354	272	180	181	185	410
272	384	194	196	325	264	650	354	206	271	520	210	750	473	185	485
273	449	11	530	303	17	402	20	309	282	27	28
274	608	66	36	38	74	367	690	276	501	534	377	58	669
275	608	534	276	552	42	492	45	305	466	244	310	57	63
276	608	66	36	552	330	45	367	274	275	244	534	63
277	544	453	105	490	85	248	91	412
278	640	515	296	105	106	332	392	114	467	436	566	120	122	508	490	95
279	578	132	597	136	405	138	516	629	113	340	341	567	260	125	319
280	320	353	130	134	519	141	528	504	152	318
281	193	644	165	582	263	200	167	493	494	624	721	178	742	375	344	633	666	606
282	1	418	5	17	11	530	273	402	309
283	1	243	234	365	14	401	19	532	22	315
284	323	452	70	329	74	465	564	54	58	60	543
285	545	610	611	261	104	268	299	108	399	116	380	431	124	413
286	541	548	6	7	316	426	572	12	237	397	16	433	242	531	252	317	255
287	36	389	38	501	12	366	367	573	531	21	25	607	317	255
288	1	328	427	524	368	40	51	24	59
289	1	290	453	359	73	238	481	85	91	349
290	512	65	450	257	359	289	238	79	481	91	670
291	514	68	390	71	391	77	78	589	369	562	339	52	90	348	474
292	163	261	262	299	300	621	143	145	547	373	471	604	445
293	162	547	166	262	519	394	141	145	677	407	152	476	613
294	635	228	495	499	438	599	218	219	220
295	258	67	502	76	561	466	451	310	56	595	62
296	443	246	105	490	467	79	371	526	278	91	508	95
297	514	100	102	108	429	399	115	372	117	535	90	527	350	565
298	577	259	101	617	585	87	110	468	119	312	121	351	509	127
299	610	611	292	261	108	300	621	399	117	527	445	431	285
300	292	261	458	299	143	658	115	372	117	471	527	123	445	133
301	1	356	197	198	395	207	212	510
302	1	521	202	203	336	265
303	32	449	549	37	273	588	530	15	17	402	533	346	27	506	30	357
304	448	421	551	316	16	305	18	23	26	347	252	31
305	448	534	716	389	551	492	42	44	559	304	275	244	310	26	347	252	31
306	483	324	165	170	747	556	493	270	591	592	408	147	148	344	153	666	606	159
307	1	163	484	321	168	491	557	462	175	184	186	383
308	1	226	356	583	681	558	207	212	215	251
309	449	418	388	9	522	11	13	398	688	273	530	20	441	282
310	295	492	42	44	435	305	466	275	502	56	57	347	403	62
311	96	66	72	80	82	691	503	602	671	575
312	513	451	332	106	76	110	509	81	498	371	468	87	601	298	351
313	1	155	169
314	195	581	199	361	203	336	376	499	529	633	216	615	667	253
315	256	419	732	550	636	234	242	14	16	401	18	243	532	440	505	283	316	10
316	448	304	419	426	242	16	18	315	252	541	286
317	388	7	8	12	13	366	531	20	21	478	441	287	573	286	255
318	320	352	130	259	134	103	618	235	482	619	528	504	406	280	641
319	459	132	136	567	138	279	777	622	146	382	151	569	158	629
320	160	353	482	259	134	423	236	461	144	241	528	280	537	318
321	162	163	484	262	394	491	172	557	175	307	373	409	250	476
322	587	195	742	263	883	167	493	174	335	529	579	622	569	730	802	253
323	452	358	70	60	75	465	563	564	54	284	61
324	128	592	131	659	518	137	139	556	483	432	306	147	148	342	393	536	122	694	382	620
325	384	272	196	650	385	362	651	208	210	213	473	217	221
326	256	33	34	35	488	523	674	48	337	434	243	404	505	638
327	441	37	449	41	43	500	366	637	20	662	329	377	27	28	29	574	479
328	288	420	357	390	39	40	427	524	464	52	59	30
329	327	41	43	465	50	500	54	377	58	543	284	479
330	66	72	552	466	276	575	63
331	672	100	454	358	104	268	108	782	399	616	84	565	88	89	380
332	467	106	110	312	371	436	590	278	120	351	509	95
333	1	459	107	111	94	698	126	469
334	483	164	518	424	795	270	177	754	147	149	631	472	154	475	159
335	322	579	167	174	622	568	569	156	253	158
336	1	581	225	521	203	364	302	376	216	615	314	634
337	33	34	646	326	65	523	674	48	49	434	404	53	507
338	497	65	67	513	81	553	76	49	595	451	404	561	246	507
339	514	291	589	78	369	99	90	444	93	350	639
340	97	516	455	457	713	107	112	113	341	279	125	126	469
341	97	516	422	457	112	113	340	405	279	248	597
342	128	129	131	324	518	393	586	140	147	436	120	620	746	414	351
343	129	708	423	577	149	150	472	761	475	414	127
344	193	165	170	375	306	270	178	494	183	281	666	606
345	400	643	182	486	201	176	593	722	374	425	409	187	477	446	191
346	1	420	357	588	303	17	402	24	15	30	549
347	652	35	716	421	551	492	44	653	304	305	403	310	31
348	474	291	68	390	71	391	663	562	654	496	50	563	52	55	378	61	542
349	1	453	289	73	428	481	85	247	91
350	576	656	514	99	102	297	339	381	240	115	372	707	535	90	444	93
351	129	586	617	298	332	110	312	436	590	342	120	121	509
352	546	259	103	618	235	619	406	318
353	160	320	134	166	519	461	400	280	528	152	605
354	416	485	614	679	264	425	171	678	271	272	520	179	180	181	696	410	735	700	189	437
355	192	384	196	485	424	714	375	494	623	208	177	598	183	185
356	1	583	301	207	308	215	212	510
357	32	506	420	37	39	328	588	303	464	346	378	30
358	323	100	454	70	391	616	970	75	782	564	1035	465	563	84	793	88	452	331
359	289	450	443	453	481	290	79	664	91	508	670
360	1	555	97	457	554	455	428	85	86	247	248
361	667	582	263	200	199	624	376	499	599	216	633	218	219	314
362	651	325	710	233	650	363	210	473	217	570	571	221	223
363	233	362	396	217	570	571	223
364	1	228	225	232	615	687	336	376	634
365	627	1	34	387	243	434	19	532	22	283
366	737	38	327	501	500	29	573	20	21	441	607	637	317	287
367	704	36	389	276	559	274	244	501	534	25	607	287
368	64	1	59	390	609	584	524	288	51	379
369	291	68	69	390	379	339	589	78	239	584	562	83	442	59	444	639
370	1108	545	66	452	1062	454	1041	684	74	1035	268	98	888	1156	84	745	856	89	793
371	513	296	106	332	526	81	467	246	727	312	601	509	95
372	576	102	297	458	300	445	658	115	719	117	535	527	123	381	350
373	321	163	292	262	769	604	462	143	547	471	484	699	476	157
374	736	417	643	197	486	680	395	593	850	182	409	632	345	250	539	188	538	191
375	192	193	355	644	582	385	200	204	494	208	209	598	183	344	281
376	225	228	581	615	361	364	336	499	438	216	314	667	798
377	877	38	327	329	74	43	690	669	274	500	501	58	29	543
378	496	357	39	683	654	464	50	52	560	506	479	348	542	37
379	64	1	69	390	584	239	368	369	51	442	59
380	672	545	610	454	104	108	331	268	399	285
381	576	99	458	430	240	115	372	470	596	123	444	350
382	132	569	324	137	567	556	591	432	612	148	151	408	153	319
383	1	538	491	395	175	307	184	186	188	250	190
384	272	355	196	325	385	650	651	208	771	598	731	714	485
385	384	386	771	325	582	625	779	651	866	208	209	980	598	375	220	221	222	447
386	385	779	229	230	651	220	221	222	447
387	627	1	34	744	365	46	434	19	245
388	418	487	8	9	522	13	398	573	594	20	309	441	317	478
389	607	645	551	572	743	367	305	531	244	25	26	255	252	559	287
390	464	291	68	609	328	379	524	589	584	368	369	562	52	59	348	542
391	514	291	100	358	71	616	75	77	429	656	563	628	88	90	348	474
392	128	640	515	517	393	566	685	536	114	436	278	120	122
393	128	131	324	566	392	586	620	536	659	436	342	120	122
394	321	162	293	166	648	172	605	400	677	182	409	476	477	613
395	1	197	198	680	301	510	374	538	188	190	383
396	224	227	772	233	363	841	439	217	570	571	223
397	1	2	548	426	237	463	433	242	254	286
398	1	418	3	388	487	8	9	267	594	309
399	672	610	331	100	297	299	108	527	117	380	285	565
400	160	353	642	166	849	425	394	461	605	176	593	722	179	182	695	345	187	477	416
401	1	315	234	14	532	440	283	636
402	1	549	17	303	273	530	282	346
403	652	35	421	488	492	44	653	435	310	347
404	705	67	726	326	337	488	553	523	435	48	49	338	35	561	502	56	507
405	578	260	517	422	113	341	279	597
406	352	880	130	611	676	861	103	776	618	235	141	431	619	675	504	124	413	318
407	547	676	293	262	613	141	431	145	504	261
408	165	167	587	493	591	306	148	151	153	569	382
409	321	538	643	374	648	649	394	491	172	557	175	593	182	345	250	476	477
410	354	164	485	678	679	424	173	271	786	180	437	631	185	475
411	417	709	486	264	201	206	520	790	213	214	473	696	217	570	251	701	446	511
412	544	515	260	517	422	105	490	718	114	277	248	693
413	800	545	98	611	861	103	618	235	268	431	82	675	116	406	124	285
414	129	518	577	585	586	140	590	760	147	149	342	343	472	761	154	826
415	1	136	169	459	622	126	630	568	155	156	158
416	354	748	614	425	171	236	461	400	241	179	181	642	537	700	437
417	539	411	197	486	201	205	211	511	214	215	632	374	251	540	701	191
418	1	3	388	5	9	522	11	594	398	688	530	309	282
419	256	448	421	550	636	426	242	18	773	626	440	315	316	661
420	1	357	328	427	588	464	24	346	668	506	30
421	256	448	35	550	551	488	725	652	419	304	18	403	626	23	347	31
422	544	260	517	105	554	555	109	597	113	114	341	693	457	248	412	405
423	320	577	482	259	708	134	641	236	686	144	437	150	343	537	127
424	355	164	485	731	679	795	714	173	334	623	177	786	483	494	631	185	410	475	797
425	416	354	614	264	642	400	520	722	179	695	345	770	187	700	189	446
426	448	419	548	397	463	242	626	440	316	541	286	661
427	288	1	420	689	328	524	464	40	24	668	30
428	544	1	453	360	554	85	247	248	349
429	514	100	391	616	297	656	628	565	535	90
430	1	603	458	142	240	596	118	728	123	381
431	547	676	261	135	299	141	413	145	611	406	407	504	124	285	621
432	673	578	324	517	137	556	612	659	536	260	122	382
433	1	2	487	7	267	237	397	531	600	548	572	286
434	627	34	387	646	326	744	365	46	337	243	53	674	505	638
435	652	35	502	488	492	523	44	653	47	48	561	403	404	310	56	726	703
436	620	811	278	392	393	586	566	332	590	784	536	467	342	120	767	351
437	416	354	164	678	423	748	171	236	686	755	180	150	631	537	410	475	700
438	923	228	966	294	615	495	376	499	660	723	599	216	851	219	893
439	224	227	772	841	266	396	751	217	570	251	540	511
440	1	419	4	10	463	401	242	661	315	636	234	426
441	449	388	327	522	366	573	20	309	317	574	637
442	1	584	444	239	369	83	489	379	92	639
443	450	359	296	526	79	497	246	664	665	91	508	670
444	576	83	99	753	844	489	707	514	78	589	369	339	692	470	442	92	381	350	639
445	610	292	261	860	828	810	299	300	621	143	785	658	372	117	471	921	527	604
446	411	614	486	264	201	520	722	787	425	696	345	187	709
447	385	386	779	625	635	220
448	419	421	551	316	426	626	304	305	18	725	252	541	645
449	702	37	327	522	715	549	303	688	273	530	20	309	441	27	28	574	533
450	480	65	290	359	733	257	525	79	497	807	246	792	665	443	512	670
451	513	258	67	295	553	843	647	76	466	655	80	81	338	595	498	312	601	898
452	323	70	358	454	745	74	370	84	793	564	284
453	544	1	289	490	359	428	711	664	481	85	248	91	508	349	277
454	672	545	98	1035	452	358	1041	970	331	268	782	920	370	84	793	856	89	380	1108
455	1	97	360	457	555	340	469	86	713
456	96	546	101	503	80	657	498	468	87	602	734
457	97	516	422	455	360	713	555	712	693	340	341	248	597
458	576	603	133	300	142	719	658	372	430	471	728	596	123	381
459	1	516	136	777	333	622	629	469	630	568	698	415	125	126	319
460	1	133	462	143	142	471	249	603	741
461	160	320	642	740	166	353	236	400	241	179	528	537	848	605	416
462	1	163	484	741	161	168	460	143	307	373	471	249	699	604	157
463	1	4	426	397	242	661	440	548	254
464	420	357	390	39	328	427	524	689	52	378	668	506	542
465	323	764	358	935	60	918	765	496	50	563	564	54	329	543	284	61	479
466	258	451	502	295	72	330	647	492	80	552	595	275	805	310	823	57	575	62	63
467	566	296	332	526	371	436	590	278	727	697	508	509	95
468	577	546	259	101	617	456	585	298	871	971	808	498	758	87	312	601	509	734
469	1	459	516	455	97	713	107	333	739	340	94	86	698	126
470	576	1	99	489	269	240	753	596	118	692	444	381
471	292	133	828	460	458	300	462	143	785	658	906	373	603	604	445	741
472	795	518	746	631	334	754	147	149	343	760	761	154	475	874	414
473	750	325	710	839	264	362	206	272	520	210	213	790	696	217	570	411	650	933
474	514	291	391	71	589	562	563	628	663	348
475	164	424	631	334	755	149	150	343	472	708	410	686	761	437
476	321	162	547	484	293	262	769	648	649	394	557	756	373	409	699	865	677
477	166	648	649	394	695	400	593	182	409	345	605
478	388	487	8	682	7	573	594	531	600	317
479	560	37	327	41	683	781	496	465	50	500	662	329	378	764	574	543
480	512	65	450	646	257	744	525	46	53	854	792	733	670
481	512	1	290	453	359	289	238	664	349	670
482	320	641	259	740	134	423	619	812	528	537	318
483	831	324	813	518	424	754	270	623	592	177	306	147	334	819	494	786	795	797	606	159
484	1	163	321	557	462	307	756	373	699	476
485	384	354	355	196	679	424	650	750	271	272	520	185	410	731	714
486	539	417	411	709	201	593	722	787	374	632	345	187	701	446	191
487	1	388	7	8	682	267	398	433	594	600	478
488	256	35	421	326	876	821	523	652	435	626	403	404	725	550	638	703
489	1	99	92	269	692	470	442	444	639
490	544	640	515	453	711	296	105	718	277	278	664	91	412	508
491	1	643	321	649	557	175	307	409	250	538	383
492	608	653	502	552	716	534	855	403	435	559	305	466	275	244	310	823	347	805
493	801	322	587	747	165	742	263	167	814	591	721	306	408	281	666
494	355	644	582	424	375	270	623	177	483	598	183	344	281	606
495	228	294	723	438	599	635
496	764	683	654	765	465	50	563	663	378	348	61	479
497	65	450	513	553	807	525	526	752	338	246	706	665	443	733
498	258	451	647	456	905	503	76	80	468	87	312	601	734
499	667	893	966	294	615	361	851	624	376	723	789	438	599	216	633	218	219	314	798
500	669	737	835	877	38	327	329	781	366	637	501	662	377	607	543	29	479
501	704	36	38	366	367	274	500	534	377	607	669	287
502	295	492	653	561	466	435	404	310	823	56	595
503	96	929	647	456	905	80	498	311	602	734	575
504	130	547	676	613	519	776	619	141	431	528	406	407	280	318
505	256	627	550	326	842	434	243	532	315	732	638
506	560	420	357	588	303	464	689	533	791	378	668	542	37
507	65	674	646	337	553	523	525	717	49	338	404	53	726	705
508	640	443	711	453	359	296	105	490	566	845	526	467	919	278	697	664	665	91
509	513	617	298	332	467	784	371	468	590	758	727	312	601	351
510	1	356	197	583	680	395	301	207	788	215	539
511	417	411	751	439	217	570	251	540	701
512	480	1	290	257	744	450	238	481	46	792	670	245
513	706	451	758	870	497	553	843	76	898	526	81	338	371	246	727	312	601	509
514	291	391	297	775	844	429	589	656	339	628	707	535	90	444	474	350	639
515	544	640	517	711	392	105	490	685	718	911	114	693	278	809	412
516	739	457	713	459	597	629	879	340	341	630	279	698	847	125	126	469
517	673	578	515	260	422	392	809	720	685	432	693	114	405	536	122	412	862	597
518	483	324	694	586	620	334	592	760	754	147	342	472	826	746	414
519	353	293	166	776	812	141	528	280	152	901	504	863	1020	605	613
520	354	485	614	679	264	425	650	839	750	272	790	696	473	411	446	735
521	1	580	581	265	778	203	749	302	336	529	634	253
522	449	418	388	715	594	637	688	530	20	309	441	573	574	757
523	256	705	674	326	488	337	435	404	821	726	507	638	703
524	288	1	738	390	609	328	427	368	689	562	464	59	542
525	480	65	450	646	553	717	752	497	53	854	507	733
526	513	706	836	870	807	296	727	467	497	371	246	697	665	443	508
527	783	610	759	297	810	299	300	399	656	658	372	117	535	719	445	565
528	320	353	482	740	901	519	776	619	812	461	504	280	537	605	318
529	322	195	580	581	742	263	730	521	203	749	579	916	633	314	802	253	199
530	1	418	549	449	522	715	303	688	273	402	309	282	702
531	763	389	7	904	682	743	573	433	820	478	600	607	255	572	317	286	287
532	627	1	315	550	732	365	401	243	505	283	636
533	896	449	549	780	683	588	303	560	702	791	506	574	37
534	608	704	716	492	367	305	274	275	276	501	244	559	669
535	576	783	514	707	297	429	527	656	372	565	759	719	350
536	768	673	324	517	392	393	620	685	432	659	436	566	122	794	767
537	320	416	482	740	848	423	748	236	461	686	528	437	642	641
538	736	1	491	680	395	643	374	409	250	188	383
539	736	417	197	486	583	680	1002	788	374	215	632	540	701	510
540	417	539	772	815	583	681	266	215	558	751	788	439	251	701	511
541	448	548	645	252	426	908	816	626	724	661	725	316	286	572
542	560	738	390	668	683	524	654	464	689	562	52	853	822	791	378	348	506
543	996	764	877	329	74	781	564	465	690	500	918	745	377	58	284	479
544	1	515	453	422	711	490	428	718	277	248	412	554	693
545	672	800	98	611	454	268	610	782	413	370	675	920	380	285
546	96	352	961	259	101	103	456	619	972	846	808	657	468	825	734
547	769	261	262	785	407	292	677	476	431	827	962	676	604	863	293	613	145	873	621	373	504	890
548	1	426	237	397	433	724	661	600	463	572	541	286
549	1	449	588	402	303	530	533	346	702
550	256	419	421	488	732	626	532	505	315	636	638	799
551	448	834	389	716	652	653	559	304	305	852	725	645	347	252	421
552	608	66	805	72	330	492	466	275	276	855	575	671	926	63
553	65	706	451	513	843	717	525	655	752	497	338	595	404	561	726	507
554	544	1	422	360	555	428	693	248
555	1	422	455	360	457	554	712	693	713	248
556	592	875	324	673	747	591	432	881	306	659	148	694	889	612	382
557	1	484	321	649	491	307	756	409	699	476
558	1	226	815	681	266	751	308	251	540
559	704	834	389	551	716	743	492	367	645	305	244	534	817	607
560	37	683	654	533	822	791	506	574	378	542	479
561	67	726	295	553	653	655	338	435	404	502	823	56	869	595	703
562	609	738	291	774	390	584	887	524	589	654	369	52	853	663	474	348	542
563	897	323	391	358	71	616	1097	970	75	765	496	465	564	935	663	628	474	348	61
564	323	452	358	935	745	74	1035	465	563	918	793	284	970	543
565	672	610	100	616	297	331	759	429	782	527	656	535	399
566	640	768	837	392	393	811	620	685	590	784	467	436	278	727	536	697	508	766	767
567	578	830	260	569	777	729	151	622	629	612	597	279	132	829	382	319
568	1	579	169	459	940	622	335	883	630	777	891	155	156	931	158	415
569	801	322	587	612	975	167	567	994	622	335	830	881	382	151	408	891	730	591	829	158	319
570	473	571	772	709	710	841	362	363	396	751	946	867	213	790	439	217	411	701	511
571	772	710	233	362	363	396	841	570	221
572	816	548	389	743	904	645	433	531	724	894	600	763	252	541	286	255
573	737	895	388	682	522	743	366	637	594	531	820	757	949	441	607	317	478	287
574	896	449	715	37	327	522	683	780	560	533	662	833	441	637	702	479
575	929	805	647	72	905	330	311	80	552	466	595	823	503	602	927	926	671
576	707	838	458	719	753	372	470	535	728	596	783	444	381	350
577	129	259	708	423	808	585	298	846	912	760	468	872	343	641	761	859	414	127
578	673	260	517	729	279	432	405	567	612	720	829	597
579	1	322	580	265	802	622	335	529	883	169	568	156	253	1023
580	1	802	579	581	521	749	529	265	253
581	580	742	615	521	778	203	749	336	529	916	376	633	314	667	634
582	385	866	721	644	886	625	200	361	599	494	903	624	209	804	598	375	281	218
583	1	356	681	308	215	788	539	540	701	510
584	1	774	390	609	589	368	369	562	442	379	639
585	129	577	808	617	298	590	784	468	760	826	859	586	414	127
586	129	518	393	746	620	590	784	436	342	585	794	767	826	414	351
587	801	322	742	263	167	493	814	591	408	569	730
588	1	420	357	780	303	533	791	346	668	506	702	549
589	936	514	291	774	390	775	584	887	369	562	339	628	663	824	474	444	639
590	129	585	586	727	332	784	467	436	566	617	826	859	509	414	351
591	801	747	612	587	556	493	814	975	881	306	148	408	569	382
592	483	324	518	746	747	556	754	813	306	147	694	875	606	831
593	643	486	648	649	695	850	400	722	374	409	632	345	796	477	914
594	1	418	388	487	522	398	688	682	573	478	757
595	67	295	553	647	466	655	561	338	451	502	823	927	575
596	576	1	470	838	458	430	240	753	118	728	381
597	578	516	517	422	712	457	713	567	629	720	693	405	279	729	858	879	938	862	341
598	384	385	866	355	644	582	903	714	1027	494	623	208	625	771	980	885	375	803
599	804	582	294	200	361	723	495	624	625	499	789	438	966	218	635
600	1	548	487	682	7	433	531	724	763	572	478
601	513	898	451	647	905	871	76	498	371	468	758	937	312	509	734
602	96	929	960	456	311	657	82	691	503	671	734	575
603	1	930	133	458	460	142	658	430	471	728	906	741
604	864	769	547	292	741	621	462	785	373	471	699	828	445
605	848	353	642	740	613	166	519	648	394	461	400	849	528	695	901	890	987	477	677
606	1025	483	644	747	813	494	623	592	721	306	803	270	344	281	666	955
607	669	704	835	389	737	743	366	367	817	531	500	501	820	559	573	949	287
608	704	66	552	716	492	818	957	274	275	276	981	534	855	669
609	1	738	774	390	584	524	368	562
610	672	545	611	860	810	299	621	910	527	285	565	759	399	380	445	800
611	800	545	610	676	861	299	621	431	406	413	827	285
612	673	578	132	569	137	556	591	432	881	567	260	829	382
613	547	676	293	166	519	776	394	141	407	504	901	890	863	605	677
614	416	354	520	425	770	943	722	696	700	446	735
615	832	851	228	581	893	840	778	364	687	336	499	660	438	376	1028	314	667	634	798
616	897	100	358	391	970	331	429	782	656	563	628	565	759	1016
617	129	1058	859	1140	808	585	298	971	590	784	1073	1017	468	758	727	121	127	509	351
618	352	675	103	776	619	861	880	657	406	999	857	413	318
619	352	641	482	259	103	776	618	812	546	528	406	857	504	825	318
620	768	324	566	518	393	586	694	659	436	342	536	794	746	767
621	800	610	547	292	261	860	828	299	1036	431	921	785	611	873	676	827	604	445
622	322	579	136	777	459	335	883	891	830	567	568	569	730	415	253	158	319
623	355	644	424	714	813	494	177	483	885	598	819	803	797	606
624	804	582	633	200	361	903	721	499	789	886	599	281	915
625	385	866	804	582	779	1071	209	980	598	599	218	635	220	989	447
626	448	419	421	550	488	908	426	876	1013	773	661	948	799	636	541	638	725
627	1	674	387	646	744	842	365	434	243	532	505	732	638
628	897	514	391	616	775	429	589	656	563	663	474
629	992	516	136	567	459	777	974	847	597	630	279	729	879	125	830	319
630	1	931	516	777	459	847	629	568	698	415
631	795	678	942	424	874	882	334	786	755	437	472	761	410	475
632	736	417	486	1002	850	593	722	787	374	539	701	1011
633	721	581	742	263	200	361	199	624	529	499	789	1001	281	314	667	915	798	1079
634	832	1	581	615	521	778	364	687	336
635	804	294	779	495	625	723	599	218	923	220	989	447
636	1	419	773	550	401	626	532	661	440	315	732	799
637	737	1030	327	522	715	1004	366	500	757	662	833	441	573	574	895
638	256	705	674	550	326	488	924	842	523	876	626	434	627	948	821	505	799	732	703
639	1	514	774	775	584	489	844	589	369	339	692	824	442	444
640	515	278	711	392	490	685	845	566	697	911	508	766
641	577	482	259	708	423	872	846	619	812	686	740	825	537	318
642	416	848	770	902	425	748	461	400	849	179	695	537	700	605
643	736	1	649	491	593	850	374	345	409	538	796
644	803	886	582	903	494	623	721	598	375	281	955	606
645	448	834	389	551	572	743	908	1052	559	816	724	725	252	541	894
646	480	674	878	744	842	525	46	717	752	337	434	627	53	854	950	507
647	898	451	871	905	843	498	655	80	937	466	595	503	601	927	575
648	865	677	796	849	649	394	605	976	593	695	409	476	477
649	1	643	677	865	648	796	491	557	593	756	409	476	477
650	384	771	868	485	710	520	362	651	750	272	790	473	731	892	933	325
651	384	385	386	771	868	325	650	362	779	710	947	1044	762	221
652	421	551	488	876	403	653	435	852	725	969	347	703
653	716	869	551	1032	652	492	435	561	969	403	852	502	823	347	703
654	560	683	925	496	562	853	822	663	378	348	765	542	917
655	451	869	647	553	843	561	595	726	823	927
656	897	514	707	391	616	759	429	527	775	628	565	535	783	350
657	96	961	546	675	997	103	456	972	618	684	82	691	857	825	602	734	991
658	930	458	810	300	906	527	1075	372	471	728	921	603	828	445	719
659	768	673	900	324	393	875	620	432	963	694	536	889	794	556
660	687	228	893	438	615
661	1	419	548	773	426	908	463	816	626	724	440	636	541
662	896	737	1030	327	968	683	781	500	833	1031	637	574	479
663	897	775	936	1034	589	654	925	496	562	563	628	853	887	474	348	765	958
664	481	453	1	490	359	711	919	665	443	508	670	959
665	450	836	807	526	497	919	664	697	443	508	670	959
666	1025	1026	165	747	493	814	813	721	306	344	281	922	955	606
667	581	742	615	840	361	778	1079	499	916	1001	376	633	314	798
668	1	420	427	588	464	689	822	791	506	542
669	608	704	66	835	941	690	877	817	274	500	501	534	377	818	957	607
670	480	1	450	359	807	257	290	792	481	512	1047	664	665	443	733	959
671	928	929	66	899	960	1057	72	855	552	691	990	311	602	926	575
672	800	545	610	454	331	782	399	565	759	920	380	910
673	768	720	578	612	517	556	685	432	881	659	536	889	829	862
674	705	646	326	842	523	717	878	337	434	627	821	950	507	638
675	800	545	98	103	618	999	684	1006	861	657	82	406	856	857	920	413	991
676	800	547	613	776	621	431	880	611	406	407	504	827	861	863
677	769	547	613	865	648	649	394	976	849	890	987	476	605	293
678	354	679	1000	1084	907	942	786	755	884	437	631	410	700	735
679	354	485	678	424	750	271	520	786	884	410	731	956	797	735
680	736	1	197	1002	395	788	374	538	539	510
681	1	226	815	583	967	558	751	945	308	215	788	251	540	701
682	1	487	594	531	820	757	600	763	573	478
683	896	560	822	781	654	496	533	662	791	917	378	574	764	765	542	479
684	66	675	82	997	98	657	370	691	856	899	991
685	640	673	515	517	392	809	911	720	953	862	566	768	536	889	1008	766
686	641	708	423	872	740	939	748	755	437	150	537	475
687	832	1	1028	615	364	1072	660	634	893
688	1	418	449	522	715	594	530	309	757
689	1	738	427	524	464	853	822	506	668	542
690	66	996	806	745	74	818	877	274	1014	377	669	543
691	960	929	66	899	997	961	684	657	82	311	602	734	671
692	1	707	489	844	753	470	444	639
693	544	1	515	517	422	712	457	554	555	718	597	809	858	412	862
694	963	324	518	620	746	875	556	592	754	659	900	794	831
695	642	902	796	849	648	425	770	605	400	593	722	700	477	914	1061
696	354	932	709	614	839	520	770	750	943	722	787	790	473	411	446	735
697	640	836	837	998	919	845	526	467	566	727	665	508	766
698	1	739	516	459	333	847	931	469	630
699	864	1	484	741	769	604	557	462	756	373	954	476
700	416	354	678	614	1000	425	907	748	642	1039	755	437	902	695	770	1021	735
701	417	411	709	486	583	867	681	1002	751	945	787	788	790	632	570	539	540	511
702	1	549	449	780	715	588	530	533	833	574
703	705	869	934	488	876	523	652	653	561	435	821	726	969	638
704	608	834	957	716	941	559	817	501	534	981	367	669	607
705	674	934	1033	523	717	878	404	821	726	951	507	638	703
706	513	898	836	870	807	553	843	909	526	752	497	982	733
707	576	514	838	775	983	844	783	656	753	692	535	952	444	350
708	641	939	577	872	423	686	912	755	150	343	761	475
709	867	932	486	839	787	790	696	570	411	988	701	446
710	868	1029	650	762	362	651	947	790	841	473	570	571	221
711	544	1	515	453	490	845	718	911	919	664	640	508
712	1	713	555	879	597	457	858	693
713	1	739	516	455	712	457	555	847	340	469	879	597
714	384	1027	355	485	424	623	978	771	980	885	598	1113	731	892	797
715	1	449	522	688	530	702	833	895	637	574	757
716	608	704	834	805	551	1032	855	492	653	559	305	852	981	534	823	347
717	705	674	646	553	843	525	878	752	726	951	507
718	544	1	515	711	809	490	911	693	412
719	576	930	838	1007	458	527	658	1075	372	535	728	921	783	828	810
720	673	578	517	938	685	597	889	729	829	862
721	1025	1026	644	742	582	1079	493	814	624	915	886	633	281	666	955	606
722	770	932	614	486	977	425	696	914	400	593	850	787	695	632	345	446	1011
723	923	804	966	495	499	438	599	635	893
724	1	548	645	816	661	600	763	572	541	894
725	448	834	421	551	488	876	908	652	626	852	1013	1052	541	645
726	705	843	869	934	553	523	717	655	561	435	404	951	507	1033	703
727	513	1058	836	758	870	467	617	1005	526	784	1073	371	1140	590	566	697	509	837
728	576	1	930	838	458	430	719	658	596	603
729	578	938	1037	974	879	720	629	567	858	829	830	597
730	801	322	964	742	587	802	622	529	883	814	569	1050	891	994
731	384	771	485	679	424	956	650	750	797	978	892	714
732	1	550	924	842	627	532	505	315	636	638	799
733	480	450	1046	807	525	792	909	752	497	854	1047	706	670
734	929	546	971	1015	871	456	905	961	808	657	498	691	468	503	601	602
735	354	614	678	679	520	956	770	750	943	1000	884	902	696	1039	700
736	1	643	680	1002	850	1011	374	632	538	539
737	1088	835	1030	877	1004	781	366	573	500	949	662	895	637	607
738	1	774	609	524	689	562	853	887	542
739	1	516	713	847	469	698
740	848	641	482	901	993	872	812	939	748	461	686	528	537	605
741	864	1	699	906	460	462	785	471	603	604
742	322	964	581	263	802	1001	587	1026	493	814	529	1050	916	633	281	721	667	730	1079
743	834	835	389	904	995	559	645	817	531	820	949	1012	572	573	894	607
744	480	1	387	854	646	842	46	434	627	245	512	950	792
745	66	452	1062	806	935	74	690	370	564	918	888	793	996	543
746	900	694	518	913	586	620	874	592	760	754	984	342	472	985	794	826	767
747	813	875	556	493	814	591	592	881	306	1038	889	666	975	922	606
748	416	642	939	740	902	907	686	848	1010	755	437	537	1083	700	1021
749	1	802	580	581	521	778	529	916	1080	1054
750	485	679	520	956	650	839	943	272	696	473	731	892	933	735
751	867	772	841	681	967	1003	1085	558	815	945	946	439	570	1051	540	701	511
752	706	646	909	553	843	717	878	525	1040	497	854	951	733
753	576	1	707	838	844	692	470	952	596	444
754	483	900	518	746	334	592	913	1077	694	1049	472	985	795	874	831
755	939	708	678	942	907	748	686	882	437	631	761	986	475	700	1021
756	1	484	769	649	557	954	699	476	1022	865
757	1	522	715	573	688	594	820	895	682	637
758	513	898	1140	1073	870	871	617	971	784	937	1017	468	727	601	509
759	672	897	610	910	616	810	782	527	656	1042	565	535	1016	783	860	970
760	577	912	944	518	585	746	784	984	472	761	826	859	874	414
761	577	939	708	874	343	1048	912	760	882	755	944	631	472	1049	986	475	414	1119
762	779	651	947	710
763	1	904	682	531	724	600	820	572	894
764	896	1031	683	781	1053	496	465	917	918	1145	1095	479	765	543
765	897	935	1097	1034	683	654	1053	496	465	563	917	918	663	1145	764	925
766	640	768	1019	837	998	811	685	845	566	953	697	911	767
767	768	984	1127	586	811	620	973	1134	784	913	436	566	536	826	794	1019	746	766
768	673	963	620	685	1008	659	1076	566	953	536	889	794	1019	766	767
769	864	865	962	547	677	1009	476	1120	785	756	373	873	890	699	604	954	1022	1141
770	642	932	902	614	977	425	914	943	849	722	695	696	1039	700	1061	735
771	384	385	779	868	1056	650	651	947	980	598	1044	731	892	714	1055
772	815	1051	841	266	1003	396	751	439	570	571	540
773	1	419	908	816	626	948	661	636	799
774	1	738	609	584	589	936	562	887	824	639
775	897	514	707	1063	936	983	844	589	783	656	628	663	824	639
776	880	676	613	519	1065	618	619	812	528	1074	406	504	857	1020	863
777	992	1	931	1060	974	459	940	622	847	629	630	567	568	891	830	319
778	832	1	581	615	840	521	749	979	916	1080	634	667	1054
779	1056	385	386	771	1236	651	866	1071	625	947	980	1044	762	635	989	447
780	896	1	833	588	533	791	574	702
781	896	737	1154	918	1030	1031	1088	683	877	500	662	479	764	543
782	672	545	358	454	1041	616	970	331	1133	910	1016	1108	565	759	920
783	576	897	707	1007	838	775	810	759	719	656	1016	1042	983	535	952	527	1117	1118
784	1058	811	1090	758	585	586	727	973	590	837	944	1018	436	566	617	760	1005	826	859	509	767
785	864	769	547	741	828	906	621	873	1009	471	604	445
786	483	678	679	424	942	1128	882	819	884	631	1112	410	795	797
787	867	932	709	486	1002	696	722	1011	632	988	701	446
788	1	583	680	681	1002	945	539	540	701	510
789	804	965	966	903	624	499	599	633	851	915	798
790	867	868	709	710	839	520	841	650	1138	1029	946	696	473	570	411	988	701	933
791	896	1	780	683	588	560	533	822	506	668	542
792	480	1	450	854	744	1047	512	950	1046	733	670
793	452	358	454	935	745	1035	370	564	1062
794	768	963	900	586	1099	620	1134	913	659	1076	694	536	1019	746	767
795	483	424	874	1067	786	334	1112	754	819	1077	631	472	1049	1128	882	831
796	1	643	849	648	649	914	976	593	850	695	865
797	1122	483	679	424	714	978	623	786	819	884	885	1112	731	956
798	1153	1139	965	966	615	840	1001	1137	499	789	1079	376	633	851	667	915
799	1	773	550	636	924	626	948	732	638
800	672	545	610	611	676	1126	1036	621	910	861	1042	675	1109	920	827	860	413
801	994	587	493	814	591	1070	569	730	975	1050
802	1	322	579	580	742	1121	749	1135	529	883	916	1080	964	730	1023
803	1024	1027	644	886	903	813	1101	623	819	885	598	955	606
804	866	923	966	582	903	1071	624	625	723	1114	789	599	1082	635	989
805	1131	552	492	855	716	1032	466	823	926	575
806	928	66	996	1062	745	74	1132	690	818	888
807	706	836	450	526	909	497	1203	982	1047	665	1116	733	670	959
808	577	546	259	961	1064	617	971	846	912	468	585	1017	859	734
809	1	515	517	685	718	911	693	953	862
810	783	610	1007	1042	719	658	759	921	527	860	445	1118
811	837	998	973	1005	784	436	566	826	1019	1018	766	767
812	848	641	482	993	740	901	519	776	1098	619	528	872	1074	857	825	1020
813	1024	1025	483	747	1068	1038	623	592	803	875	819	666	955	922	606	831
814	801	1026	747	742	587	493	922	591	721	1050	1070	1078	730	975	666
815	1	772	967	681	266	558	751	1051	540
816	1	645	1052	908	724	661	572	541	894	773
817	704	834	835	743	957	941	559	1105	995	1012	981	1123	1144	1209	1208	1052	669	607
818	608	928	66	996	806	957	1132	877	941	690	1107	1014	855	669
819	1024	1077	803	1188	1128	1068	813	623	786	483	885	1142	1112	795	797	831
820	1	895	743	904	682	531	757	949	763	573	607
821	705	674	934	488	1033	842	523	876	878	1045	1087	924	638	703
822	896	1	683	654	560	689	853	791	668	925	542	917
823	805	969	716	1103	1131	492	653	655	1032	561	466	595	502	869	1096	1177	927	926	575
824	1	774	775	936	844	589	983	639
825	641	546	259	103	872	972	619	812	846	657	1074	857
826	944	518	585	586	811	973	590	784	913	984	760	1018	746	414	767
827	800	962	611	676	873	1036	621	880	1091	547	861	863
828	930	1009	873	906	1036	621	719	785	658	1075	1110	471	921	604	445
829	673	578	612	1164	729	1111	1037	994	889	720	881	567	569	938	830
830	1092	994	1060	974	777	567	1164	1037	622	629	729	569	891	829
831	1024	483	900	1142	875	1068	813	592	754	819	1077	694	795	963
832	1	1028	615	840	778	687	851	1054	634	979
833	896	1	1030	968	1004	715	780	574	662	637	702	895
834	704	995	645	1094	551	1032	743	716	559	817	1123	852	725	1176	1052	894	981
835	1088	737	1105	743	1169	1004	877	941	817	500	949	1012	669	607
836	1157	1089	706	837	870	807	1218	697	919	1005	526	1073	1148	982	727	665	1116	998	959
837	836	998	811	973	1005	784	566	727	697	1148	766
838	576	1	930	707	1007	719	753	952	596	728	783
839	932	709	520	988	750	943	790	1081	696	473	956	933
840	832	1153	1139	965	615	1001	778	1137	851	916	979	667	798
841	772	933	710	1191	1003	396	1138	751	946	790	439	570	571	1029
842	1	674	646	744	924	878	627	821	950	505	1115	732	638	1045
843	513	706	451	1124	869	1040	647	909	553	1104	717	655	752	1033	726	951	898	927
844	1	514	707	775	753	952	692	983	824	444	639
845	640	1	998	711	911	919	697	508	766
846	577	546	259	641	808	961	972	912	872	1074	1064	825
847	992	1	739	516	713	879	931	629	630	777	698
848	993	642	1083	740	901	902	812	1066	939	748	461	1021	849	1010	537	987	605
849	848	642	976	677	902	648	770	1069	400	914	1061	695	987	796	605	1010
850	736	1	643	977	914	593	722	1011	374	632	796
851	832	1139	1028	966	615	840	1072	499	789	438	979	893	798
852	834	1094	551	1032	652	1129	716	653	876	725	969	1052	1130	1013
853	1	738	887	654	689	562	958	822	663	925	542
854	480	1040	1046	646	744	525	878	909	752	1106	950	951	792	733
855	608	928	66	805	552	716	1131	492	990	1032	818	1107	981	957	926	671
856	66	675	454	684	98	1006	1041	370	899	888	991
857	675	997	1158	103	776	972	618	619	812	880	657	1074	1065	999	825	1020	991
858	1	712	938	879	597	729	862	693
859	577	912	944	1090	1125	808	617	1058	590	784	1064	1059	1140	585	760	1017	1018
860	800	610	1126	810	1036	621	910	1042	759	921	445
861	800	1091	675	676	1126	999	1065	618	1036	1006	880	611	1109	406	920	1178	827	413
862	1	1008	517	673	809	938	685	720	693	953	889	858	597
863	962	547	676	613	519	776	1100	1091	880	1043	890	827	1020	901
864	1	1009	741	769	906	785	954	699	604
865	1	677	796	769	648	649	976	756	890	476	1022
866	385	1027	804	582	903	779	1071	625	980	598
867	709	967	1002	1085	751	945	946	787	790	570	988	701
868	771	933	710	650	651	947	1044	790	1055	892	1029
869	934	1096	969	1103	843	653	655	1104	561	1033	726	823	927	703
870	513	706	836	982	1089	937	898	526	1005	1073	758	727	1147
871	1185	1015	647	905	971	1017	468	758	937	601	734
872	577	993	708	641	1064	1193	1098	939	812	686	912	1074	1168	846	825	1048	740
873	1120	769	962	547	1186	1009	1036	621	785	1110	827	828
874	1049	985	746	1067	882	944	760	754	984	631	472	761	795
875	963	900	1068	747	556	813	1038	592	659	694	889	831
876	934	488	969	821	652	1087	1192	626	852	725	1129	948	1013	924	638	703
877	1088	737	1154	835	996	1014	1183	781	941	1169	690	500	918	377	818	669	543
878	705	674	950	646	1033	842	717	752	1106	821	854	951	1115	1045
879	992	1	516	712	713	938	1037	974	847	597	729	858	629
880	1091	676	999	776	1065	618	406	857	827	1020	861	863
881	673	994	1187	612	747	556	1037	1038	591	1181	889	569	1111	975	829
882	1067	1128	874	907	942	786	755	1049	631	761	986	795
883	1	322	579	964	1121	940	802	622	568	730	891	1050	1023
884	1122	678	679	1000	1084	978	942	1039	786	956	797	735
885	1024	1027	803	1188	714	1101	623	978	819	598	1112	1113	797
886	1027	803	644	582	903	1101	624	721	915	1114	955	1149
887	1	738	774	936	589	562	853	663	958
888	928	1057	66	899	1156	1062	806	745	1132	1041	370	856
889	768	673	875	1008	1163	938	747	556	685	1038	720	881	659	1076	963	1111	829	862
890	1120	769	962	547	677	865	1152	1100	613	976	1043	1141	901	987	605	1022	863
891	1092	1121	994	1060	777	940	622	883	1173	568	569	730	1050	830
892	771	868	933	650	750	978	980	1102	1113	731	956	714	1093	1055
893	923	1028	966	615	499	1072	1139	723	660	438	851	687	1086
894	1	834	995	645	743	904	1052	908	816	724	763	572
895	737	1	715	1004	637	820	757	573	833	949
896	1	822	833	968	683	780	781	533	662	791	1031	764	574	917
897	775	616	1097	970	663	1197	1117	783	656	936	1034	563	628	935	983	759	1016	1063	1146	1167	765
898	1089	513	706	451	1124	982	870	647	937	843	909	1040	1172	758	601	1147	927
899	1156	1158	1196	1346	1041	1298	1307	671	928	1057	1321	684	691	1335	1338	991	1343	960	66	1219	1355	1238	856	1253	997	1132	888
900	963	1180	746	875	1134	913	754	659	1077	694	985	794	1099	831
901	848	993	740	613	519	1100	1066	812	528	1098	1162	890	987	1020	605	863
902	642	1061	1000	1165	1194	748	770	1221	943	848	849	1010	695	1039	700	1021	735
903	1027	866	803	644	886	582	1149	1101	1071	624	915	789	598	966	804	1082	1114	1222	965
904	1	995	743	531	820	949	1012	763	572	894
905	929	1155	647	937	871	1185	498	1331	1015	926	1238	503	1177	601	927	1289	734	575
906	864	1	930	741	1009	785	658	1075	1110	471	603	828
907	678	1000	1084	748	942	882	755	986	700	1021
908	1	645	816	626	773	661	948	1013	1052	541	894	725
909	1040	706	982	807	843	898	752	1202	854	1047	1046	733
910	672	800	610	1133	782	1016	1042	1109	759	920	860
911	640	1	515	998	711	809	685	718	845	953	1019	766
912	577	1059	708	1125	808	1168	939	846	944	872	1048	1064	760	761	859
913	900	1127	746	1134	754	984	985	826	794	767
914	1	770	1061	849	977	850	1069	976	593	722	695	796
915	1026	1137	965	903	1159	624	721	789	886	1079	633	1114	955	798
916	802	964	581	742	1137	840	1001	778	749	529	979	1175	1080	667	1054
917	896	1	1031	683	1053	654	925	822	1095	764	765
918	1184	1154	996	1062	935	1224	745	1031	781	877	465	564	1145	1095	764	765	543
919	1	836	1157	998	711	1116	845	1148	665	664	697	508	959
920	672	545	98	675	454	1006	1133	782	1041	910	861	1109	800
921	1042	860	810	1036	621	719	658	1075	1204	1110	1225	1007	828	445	1118
922	1025	1026	747	813	814	975	1038	1078	666
923	1139	804	966	989	723	438	1082	635	893	1086
924	1	842	876	1045	948	821	1087	732	638	799
925	1	1034	654	1053	853	822	663	765	958	917
926	929	1131	927	805	552	905	855	1103	1155	1238	823	1177	575	990	671
927	1185	898	1155	1124	869	647	905	843	655	1104	937	595	1172	823	1103	926	575
928	1057	66	899	806	1132	1170	818	1107	855	888	990	671
929	960	961	997	1158	990	905	1015	1196	691	926	1238	503	1177	602	671	734	575
930	1	838	1007	906	719	658	1075	728	603	828
931	992	1	1060	777	940	847	630	568	698
932	1189	770	709	839	943	1136	977	722	787	696	1081	988	1011
933	868	1029	1190	839	841	650	956	988	1138	750	946	1044	1102	790	1081	473	892	1191	1093	1055
934	705	869	1096	969	1129	876	1182	1192	821	726	1033	1087	1045	1150	703
935	1184	897	1171	1062	745	970	1035	1053	465	563	564	1145	918	1097	793	765
936	897	1	774	775	1034	887	589	983	663	824	1063	958
937	1185	898	971	1124	870	871	905	647	1073	1172	758	1017	601	1147	927
938	1	1008	1111	1037	879	720	597	889	729	858	829	862
939	912	740	993	872	748	686	848	755	761	1048	708	986	1083	1021	1151
940	1	931	1060	1121	777	883	568	891	1023
941	704	835	1105	1169	1132	877	957	817	818	1107	1237	1014	1144	1209	1229	669
942	1122	1067	678	1128	907	1228	882	786	755	884	631	1112	1049	986	1084	1021	1271
943	770	932	902	614	839	1233	750	1039	1136	977	696	1081	956	1061	735
944	912	1090	1059	874	1048	784	984	1018	1049	760	761	826	859	986	1119
945	1	867	967	681	1002	1085	751	788	701
946	1248	867	933	1234	841	1002	1003	1199	751	1138	790	570	1051	988	1085
947	771	651	1029	710	779	1044	1143	868	762
948	1	773	908	876	626	1013	1087	924	638	799
949	1	835	737	904	743	1004	1105	820	1012	895	573	607
950	1	674	1046	646	744	842	878	1106	854	792	1115
951	705	726	1040	1104	1033	843	717	878	752	1201	1106	854	1210	1115
952	1	707	838	844	783	753	983	1007	1117
953	768	1	809	685	911	1008	1076	766	1019	862
954	864	1	769	1120	1009	756	1141	699	1022
955	1024	1025	1026	803	644	1174	1159	1149	813	1166	1101	721	915	886	666	1114	606
956	1122	1195	933	839	1039	679	750	943	978	884	1102	1081	731	892	797	735
957	608	704	941	817	818	1107	981	855	1144	1209	1208	669	1237
958	1	936	1034	663	853	887	925
959	1	836	807	1047	1203	919	664	665	1116	670
960	929	899	997	1057	1196	691	602	990	671
961	929	546	1220	997	1158	808	971	972	846	1231	657	691	1064	1015	1212	734	1253
962	1120	769	1091	547	1254	873	1036	1186	1043	1205	890	827	863
963	768	1217	1099	900	1142	1163	875	1068	1038	659	1076	1077	694	985	889	794	1180	831
964	1121	802	742	1001	1175	1135	883	916	1079	1080	730	1050
965	1153	966	903	840	1137	915	789	1114	798
966	1082	1139	804	438	903	1153	1137	499	1114	789	723	599	1268	851	923	893	798	965
967	1	867	681	751	1051	945	815	1085
968	896	1	1030	1031	662	833
969	869	934	1223	1032	876	1130	652	653	1096	852	1129	823	1192	1182	703
970	897	1171	358	454	935	616	1097	1035	782	1167	563	564	759	1016	1108	1211	1249
971	961	1172	871	808	617	1015	1185	1064	468	758	937	1017	1231	1212	734
972	961	546	1220	997	1158	1064	846	657	1074	825	857	1253
973	1227	837	998	1127	1160	811	1005	1198	784	984	826	1019	1018	767
974	992	1	1092	1060	777	1037	879	629	729	830
975	801	994	1187	747	814	591	881	1038	1078	1242	569	922	1181	1070
976	1152	1	677	865	648	1069	849	914	890	987	796	1022
977	1	770	932	1061	850	943	1136	722	1011	914
978	1122	1027	1188	956	714	1195	1101	1102	884	885	1112	1113	731	892	797
979	832	1153	1139	1028	840	778	1137	851	916	1175	1054
980	1056	385	866	771	1222	1257	714	779	1102	1071	625	1027	598	1207	1303	1113	892	1055
981	608	704	834	1123	1223	1032	1131	716	817	1107	1237	855	1176	1287	1208	957
982	1089	706	836	870	807	1260	909	1040	1202	1203	1047	1124	1116	898
983	897	1	707	775	936	1063	844	783	952	824	1146	1117
984	1179	1127	746	973	1134	1245	944	913	1018	1049	760	985	826	1119	874	767
985	1216	963	900	746	1134	913	754	1077	984	1049	1179	1180	874
986	939	907	1228	942	944	882	755	1246	1049	1048	761	1083	1021	1239	1119
987	1152	976	901	1255	1066	1265	1100	1069	848	849	1010	1162	1194	890	605	677
988	1189	867	932	709	839	1002	1138	1199	946	787	790	1081	1011	933
989	923	804	779	1071	1200	625	1235	1236	1333	1082	635
990	928	929	960	1057	1131	1196	1170	1107	855	1177	926	671
991	1219	675	1041	997	1158	999	684	1006	657	899	856	857
992	1	931	1060	777	974	879	629	847
993	1168	740	901	872	1193	1066	939	812	848	1311	1162	1048	1083	1098	1151
994	801	1243	1092	1164	1037	1070	975	1181	881	1050	1173	569	730	891	829	830
995	1	834	1123	743	904	817	1012	1144	1052	894
996	1184	1154	1014	806	1224	745	1132	877	1062	1229	690	918	818	1183	543
997	960	929	899	1158	961	972	684	657	691	1238	857	1196	991
998	1	836	837	1160	973	811	845	1198	911	919	1005	697	1019	1148	766
999	675	1253	1158	1065	618	1006	880	1074	1219	1226	857	1178	861	991
1000	1221	678	902	1084	907	1165	1039	884	700	1021	735
1001	964	742	840	1175	1135	1137	916	1079	1080	633	667	798
1002	736	1	867	680	1199	1085	945	946	787	788	632	539	988	701	1011
1003	1248	772	1029	1191	841	1138	751	946	1051
1004	1088	1	835	1030	833	1105	949	737	637	895
1005	1058	1227	836	837	870	1218	811	973	1198	784	1073	727	998	1018	1148	1157
1006	98	675	1041	999	1133	920	1219	1109	856	1178	861	991
1007	1	930	838	810	783	1075	952	921	719	1117	1118
1008	768	1	938	1111	685	1076	953	889	862
1009	864	1	1186	769	873	906	1120	785	1110	954	828
1010	1083	1061	902	1066	748	1069	1165	848	849	1194	987	1021
1011	736	1	932	1189	1002	850	1199	1136	977	722	787	632	988
1012	1	835	1105	743	904	817	995	949	1144
1013	1	1094	876	1130	908	626	852	725	1129	948	1052	1087
1014	996	1132	941	877	1169	690	818	1229	1183
1015	961	1158	929	905	971	1185	871	1238	1231	734
1016	897	1213	1249	616	970	1133	910	783	1197	1042	1261	1108	782	759	1167	1117
1017	1147	1073	871	808	617	971	1064	1140	758	937	1172	859	1212	1214	1125
1018	944	1058	1059	1090	1127	1160	1161	811	973	1005	784	1264	1179	1227	984	826	859	1245	1278	1119
1019	768	1	1099	998	1127	1160	811	973	1134	911	1076	953	794	766	767
1020	1280	1091	901	519	776	1065	1098	812	1215	880	1074	857	1100	1162	863
1021	1250	939	1221	902	1000	1084	1194	907	748	942	848	1010	755	1228	1239	986	1083	700
1022	1120	1	865	1152	976	756	1141	890	769	954
1023	1	802	579	1121	940	1135	883	1080
1024	1025	803	1188	1068	813	1166	1101	819	885	1142	1112	955	831
1025	1024	1026	1174	1068	813	1038	721	1166	1078	1273	666	955	922	606
1026	1025	1243	1174	742	1137	1159	1266	814	721	1050	915	1300	1070	1078	1079	1242	666	955	922
1027	866	803	598	1222	903	714	1101	1071	978	980	885	886	1113	1149
1028	832	1	1139	615	1153	1312	687	1072	851	1054	1175	893	979
1029	868	933	710	1191	841	1003	1138	947	1044	790	1143	1093
1030	1088	1	833	968	1031	1004	781	662	737	637
1031	896	1	1154	918	1030	1095	968	1088	781	917	662	764
1032	1287	834	1131	805	1094	1223	1096	969	1130	855	716	653	852	981	823	1176	1277
1033	705	1259	869	934	1096	1182	843	1292	1263	878	1103	1104	1201	821	726	951	1210	1115	1150	1045
1034	897	1	936	1097	1063	1053	925	663	765	958
1035	1108	1249	1211	1156	358	454	935	970	1230	370	1171	564	793	1062
1036	800	962	1091	1254	1126	1186	828	621	1042	1204	1110	873	921	827	860	861
1037	1	994	1092	938	1164	974	879	1181	881	1111	729	829	830
1038	1025	747	1241	1174	1217	1273	875	1068	813	975	881	963	1163	1078	1111	889	922	1187	1242
1039	770	1061	902	1000	956	1195	1221	1084	943	1165	1233	884	1081	1122	700	1256	735
1040	1104	898	1124	982	1202	843	1260	909	752	1106	854	951	1252	1046	1210
1041	98	899	1156	454	1321	1133	782	888	370	1219	1108	1006	856	1284	920	991
1042	800	1126	1225	810	1036	1133	910	783	1213	1261	1204	1109	759	1016	921	1275	860	1117	1118
1043	1120	1152	962	1091	1205	1100	1262	1141	890	863
1044	1056	771	651	933	1191	779	947	1236	1206	1143	868	1055	1244	1207	1093	1029
1045	1	934	1033	842	878	821	1115	924	1150	1087
1046	1	854	1202	909	1040	1106	950	1047	792	733
1047	1	1046	807	909	1202	1203	982	792	733	670	959
1048	944	1059	993	872	1168	939	912	1239	761	986	1083	1151	1119
1049	1216	1232	1179	1246	874	1067	1228	754	942	944	1240	882	1077	985	984	761	986	795	1239	1119
1050	801	994	1243	964	742	1121	1175	1026	814	1135	1266	883	1070	1079	730	891	1173
1051	1248	1	772	967	1003	1234	815	946	751	1085
1052	1	834	995	645	1094	908	816	817	1123	852	725	894	1013
1053	1	935	1097	1034	1095	765	917	1145	764	925
1054	832	1	1028	778	749	979	916	1175	1080
1055	1056	771	868	933	1102	980	1206	1207	1044	892	1093
1056	771	1236	1257	779	1071	1235	1044	1207	980	1244	1055
1057	928	960	899	1196	1132	1170	888	990	671
1058	1090	1285	617	1227	1005	1198	784	1073	1140	727	1018	859	1278
1059	944	1090	1125	1161	1168	912	1048	1018	859	1119
1060	992	1	931	1092	1121	777	940	974	1173	891	830
1061	1	770	1069	902	977	1165	1233	1010	943	1136	849	914	695	1039
1062	1184	1156	996	806	935	1224	745	1290	1035	1132	1230	370	1171	918	888	793
1063	897	1	936	1097	1034	775	1167	983	1146
1064	961	1220	1125	808	1193	1168	971	972	846	912	872	1074	1140	1017	859	1212	1214
1065	1091	999	776	1226	880	1074	857	1178	1020	861	1215
1066	1152	993	1250	1083	901	1311	1193	1098	848	1265	1010	1269	1194	987	1276	1162	1151
1067	1128	874	1228	942	882	1077	1271	1240	1049	795	1084
1068	1024	1025	963	1188	1217	875	813	1038	819	1166	1142	1273	1241	831
1069	1152	1	1061	1194	1010	1165	976	849	914	987
1070	801	994	1026	814	975	1078	1242	1050	1243	1181
1071	1056	866	1027	804	1222	1114	903	1257	779	1200	625	1235	980	1251	1236	1082	989
1072	1312	1	1139	1028	1153	687	851	893
1073	1089	1058	1283	836	1285	870	1218	617	727	1005	1198	1140	758	937	1017	1147
1074	1220	1253	1158	999	776	972	1098	1065	812	846	872	1064	857	825	1215	1020	1226	1193
1075	1	930	906	719	658	1204	1110	921	1007	828	1118
1076	768	1	963	1111	1099	1008	1163	889	953	794	1019
1077	1216	1217	963	900	1270	1128	1067	1232	754	819	1142	1049	1240	985	795	1180	831
1078	1025	1026	1070	1038	975	1300	814	1174	1273	922	1242
1079	1026	1243	964	742	1137	1001	1159	1135	721	1266	915	1175	633	1050	667	798
1080	1	802	964	1001	778	749	1135	916	1175	1054	1023
1081	932	933	1190	839	988	1195	1199	1102	943	1136	1233	1138	1039	956	1189
1082	804	966	903	1258	1071	1200	1139	1268	1114	923	989	1086
1083	993	1250	1066	939	748	848	1010	1168	1269	1194	1048	986	1276	1021	1239	1151
1084	1122	1067	1221	678	1000	907	1228	942	1039	1128	1256	884	1271	1021
1085	1	867	967	1234	1002	1199	751	945	946	1051
1086	1139	1082	923	893	1258
1087	1	934	1129	876	1045	948	821	924	1150	1013
1088	1	1154	835	1030	737	1169	1031	1004	877	781	1105	1183
1089	898	1283	836	1157	870	1260	1218	1073	1203	982	1124	1147	1116
1090	944	1058	1059	1125	1161	1264	784	1140	1018	859	1309	1278	1285
1091	1280	962	1254	1126	1286	1065	1314	1036	1215	1262	1293	880	1100	1043	1205	1272	1178	827	1020	861	863
1092	1	994	1060	1164	1037	974	1173	891	830
1093	933	1190	1029	1191	1102	1138	1044	1206	1207	892	1055
1094	1	834	1123	1032	1130	852	1013	1176	1052
1095	1184	1	1154	1031	917	918	1145	764	1053
1096	1131	869	934	1223	1032	969	823	1103	1192	1259	1033	1288	1177	1289	1277	1182
1097	897	1	1211	1171	935	970	1063	1053	1034	563	1145	1167	765
1098	993	901	872	1193	1066	812	1074	1332	1311	1020	1162	1215
1099	1	963	900	1163	1134	1076	794	1019	1180
1100	1152	1280	1091	901	1255	1162	1262	1043	890	987	1020	863
1101	1024	803	1188	1267	1222	903	1166	978	1027	885	886	1113	955	1149
1102	1303	933	1190	892	1195	978	980	1206	1113	1081	1247	956	1207	1093	1055
1103	1155	869	1096	1033	1259	1292	1104	1288	823	1177	1289	926	927
1104	1155	1124	869	1288	1033	843	1292	1103	1040	1297	951	1252	1210	1263	927
1105	1088	1	835	1169	1004	941	817	1012	949	1144	1209
1106	1	950	878	1040	1202	854	951	1046	1115	1210
1107	928	1281	1301	1170	1287	1131	1132	941	1229	818	981	855	1305	957	990	1237
1108	1249	1156	454	970	1035	1133	782	1041	370	1299	1230	1016	1284
1109	800	1126	1225	1133	910	1272	1042	1006	920	1178	1275	1308	861
1110	1	1186	873	906	1036	1009	1075	1204	921	828
1111	1	1187	938	1163	1037	1038	1181	1008	881	1076	889	829
1112	1024	1122	1315	1188	1270	1128	1322	1291	978	942	786	819	885	1142	1271	795	797
1113	1027	1188	1222	714	1195	1101	1102	978	1267	980	885	1303	892	1247
1114	1222	1153	1251	804	965	966	903	1159	1071	1200	1137	1295	915	1268	886	1082	955	1149
1115	1	1033	842	878	1201	1106	1045	950	951	1210	1150
1116	1	1218	836	1157	1089	807	1203	982	919	959
1117	897	1	1197	1007	1016	1042	983	952	1146	783	1213	1118
1118	1	1225	810	1007	1213	1042	1075	1204	921	783	1117
1119	1168	1059	1125	1161	1239	1245	944	1048	1049	984	761	986	1179	1018	1246	1279
1120	1	962	769	873	1186	1009	1043	1141	890	954	1022	1205
1121	1	802	964	940	1135	883	1173	1060	1050	891	1023
1122	1291	1188	1221	1128	1084	1195	942	1039	1256	978	884	1271	1112	956	797
1123	1	834	995	1094	817	981	1144	1176	1208	1052
1124	1089	898	1155	1252	1104	937	843	1260	1282	1040	1297	1172	982	1147	927
1125	1168	1090	1059	1348	1064	1161	1325	1264	1279	912	1330	1140	1310	1017	859	1309	1214	1119
1126	800	1091	1254	1225	1036	1042	1204	1109	1272	1178	860	861
1127	1	1179	1160	1227	973	1134	913	984	1018	1019	767
1128	1122	1291	1270	1067	882	942	1240	786	819	1077	1142	1271	1112	795	1084
1129	1	934	1192	969	1130	876	1182	852	1013	1150	1087
1130	1	1094	1223	1032	969	1192	852	1013	1129	1176
1131	1287	805	926	1223	1032	823	1096	1170	1107	981	855	1177	1305	1277	990
1132	928	1057	899	996	1062	806	1281	1224	1290	1196	941	1229	818	1107	1298	1014	888	1156	1307	1299	1170
1133	1249	782	1219	1284	1041	1261	1006	1016	1042	1108	910	920	1178	1275	1308	1109
1134	1216	1	1179	900	1127	1099	913	984	985	794	1019	1180	767
1135	1	802	964	1121	1001	1175	1173	1079	1080	1050	1023
1136	1	932	1061	1233	943	977	1011	1081	1189
1137	1312	1153	1026	965	966	1159	840	1001	1079	1295	1266	915	916	1302	979	1336	1268	1114	1175	798
1138	1248	933	1190	1191	841	1003	1234	1199	1296	946	1342	790	1304	1081	988	1206	1093	1029
1139	1	1028	966	1153	840	1258	1072	851	1268	1086	979	1082	923	893	798
1140	1058	1147	1316	1125	1064	617	1324	1090	1073	1172	758	727	1017	859	1212	1309	1214	1285
1141	1120	1	769	1152	1262	1043	1205	890	954	1022
1142	1024	1217	963	1188	1128	1068	819	1077	1270	1112	1241	1180	831
1143	1244	947	1044	1029	1191
1144	1	995	1105	941	817	1123	1012	1208	1209	957
1145	1184	1	935	1097	1095	765	1171	918	764	1053
1146	897	1	1063	1197	1167	983	1117
1147	1089	898	1283	1124	1285	870	1316	937	1282	1172	1218	1073	1140	1260	1017
1148	1	836	837	998	1005	1198	919	1157
1149	1027	1174	1222	903	1159	1101	1166	1295	1268	1294	886	1114	955
1150	1	934	1033	1201	1045	1129	1115	1182	1087
1151	993	1250	1193	1066	939	1168	1269	1239	1048	1083	1276
1152	1	1255	1066	1100	1069	1262	976	1265	1043	1141	890	987	1194	1022
1153	1312	1	1139	1028	965	966	840	1072	1137	979	1268	1175	1114	798
1154	1088	1	996	1031	1224	1095	781	877	918	1184	1183
1155	1185	1124	1288	905	1103	1104	1297	1172	1289	1177	1306	926	927
1156	899	1284	1062	1321	1290	1035	1132	1230	1041	370	1299	1108	888	1307
1157	1	1218	836	1089	1148	1005	1198	1203	919	1116
1158	961	899	997	929	999	972	1231	1253	1074	1219	1238	1015	857	991
1159	1026	1302	1166	1295	1137	1266	915	1300	1294	1174	1079	1336	1114	955	1149	1317
1160	1	998	1127	1227	973	1198	1018	1019
1161	1090	1059	1125	1309	1264	1018	1279	1245	1119
1162	1280	993	901	1255	1066	1100	1311	1265	1269	987	1020	1098	1215
1163	1	963	1217	1099	1038	1187	1076	1111	889	1241	1180
1164	1	994	1092	1037	1181	1173	1243	829	830
1165	1	1061	902	1000	1194	1069	1039	1233	1010	1256	1221
1166	1024	1025	1188	1317	1222	1159	1068	1101	1294	1295	1267	1174	1273	955	1149
1167	897	1	1063	1097	970	1249	1197	1016	1146	1211
1168	993	1059	1125	1329	872	1193	1151	1279	912	1064	1330	1310	1239	1048	1083	1276	1214	1119
1169	1088	1	835	877	941	1105	1229	1237	1014	1209	1183
1170	928	1057	1281	1320	1196	1131	1132	1298	1107	1305	1177	990
1171	1184	1	1062	935	1097	970	1035	1230	1145	1211	1249
1172	1344	1185	898	1155	1124	1316	937	971	1324	1282	1345	1231	1297	1140	1323	1017	1306	1147	1212	1339	927
1173	1	994	1243	1092	1121	1164	1135	1175	1060	1050	891
1174	1025	1026	1317	1159	1038	1294	1300	1166	1078	1273	1242	955	1149
1175	1312	1	964	1153	1001	1135	1137	1266	979	916	1173	1302	1079	1080	1028	1050	1243	1054
1176	1	834	1123	1094	1223	1032	1130	981	1208
1177	929	1155	1319	1287	1096	905	1131	1196	1103	1320	1170	1331	926	1238	823	1305	1289	1277	990
1178	1314	1091	1349	1126	999	1065	1226	1341	1133	1006	1293	1328	1219	1109	1272	1308	861	1215
1179	1216	1	1127	1227	1134	1232	985	984	1049	1018	1245	1246	1119
1180	1216	1	963	900	1270	1217	1099	1134	1163	1077	1142	985
1181	1	994	1187	1164	1037	1070	975	881	1111	1242	1243
1182	1	934	1201	1096	1033	1259	1192	969	1129	1150
1183	1088	1	1154	996	1224	877	1229	1169	1014
1184	1	1154	996	1062	1095	1224	935	1230	1171	918	1145
1185	1344	1345	1155	871	905	971	1231	937	1331	1172	1238	1015	1323	1306	1289	927
1186	1120	1	962	1254	873	1036	1009	1204	1205	1110
1187	1	1163	1038	975	881	1111	1241	1242	1181
1188	1024	1122	1291	1270	1267	1315	1322	1195	1068	1101	1166	978	819	885	1142	1241	1112	1113	1273
1189	1	932	1190	1296	1199	1136	1233	1011	1081	988
1190	1313	1189	1318	1195	1102	1199	1296	1233	1138	1206	1081	1247	1093	933
1191	1248	1313	1334	933	1244	841	1003	1138	1044	1206	1143	1304	1337	1274	1029	1207	1342	1093
1192	1	934	1223	1096	1129	1130	1259	876	969	1277	1182
1193	993	1220	1350	1329	872	1311	1066	1330	1168	1064	1074	1332	1353	1226	1215	1276	1098	1214	1151
1194	1152	1	1250	1083	1221	902	1066	1228	1069	1165	1265	1010	1269	987	1021
1195	1122	1188	1318	1190	1256	1322	1291	1102	1039	1360	1233	978	1267	1081	1113	956	1247
1196	960	929	899	997	1057	1320	1319	1132	1298	1170	1238	1177	1338	990	1343
1197	1	897	1249	1261	1167	1213	1016	1146	1117
1198	1	1058	1157	998	1160	1218	1227	973	1005	1073	1148	1278	1285
1199	1	1189	1190	1234	1002	1138	1296	946	1011	1081	988	1085
1200	1251	1258	989	1359	1235	1268	1333	1082	1071	1114
1201	1	1033	1259	1263	1150	951	1210	1115	1182
1202	1	1252	982	1260	909	1040	1106	1203	1046	1047	1210
1203	1	1218	1157	1089	807	1260	1202	982	1047	1116	959
1204	1	1186	1254	1126	1225	1036	1042	1075	1110	1272	921	1118
1205	1120	1	962	1091	1286	1254	1186	1262	1043	1141
1206	1313	1093	1190	1191	1102	1296	1138	1044	1207	1247	1342	1055
1207	1056	1313	1334	1093	1191	1257	1102	1044	1206	1303	980	1247	1244	1055
1208	1	1123	1223	817	981	1144	1209	1176	957	1237
1209	1	817	1169	941	1105	1237	1144	1208	957
1210	1	1252	1104	1033	1202	1263	1040	1201	1106	951	1115
1211	1	1249	1097	970	1035	1167	1171
1212	961	1347	1220	1345	1064	1356	971	1324	1231	1172	1017	1140	1214
1213	1	1225	1197	1261	1042	1016	1275	1117	1118
1214	1347	1220	1125	1064	1193	1348	1324	1168	1330	1140	1353	1017	1212	1309
1215	1280	1314	1091	1349	1350	1065	1098	1293	1074	1332	1193	1226	1178	1020	1162	1311
1216	1	1134	1232	1077	1270	985	1240	1049	1179	1180
1217	1	963	1270	1163	1068	1038	1077	1142	1241	1180
1218	1	1283	836	1157	1089	1260	1005	1198	1073	1203	1147	1116	1285
1219	1349	1346	899	1284	1253	1158	999	1321	1226	1355	1133	1006	1328	1041	1340	1178	1308	1341	991
1220	961	1347	1253	1350	1064	1193	1226	972	1231	1352	1074	1353	1356	1212	1214
1221	1	1122	902	1000	1194	1291	1228	1165	1039	1256	1271	1084	1021
1222	1027	1251	903	1361	1257	1101	1166	1071	1267	1327	1295	1235	980	1326	1303	1113	1114	1268	1359	1149	1247
1223	1	1287	1032	969	1130	1131	1208	1096	981	1176	1192	1277	1237
1224	1184	1	1154	996	1062	1290	1132	1229	1230	918	1183
1225	1	1126	1042	1204	1109	1272	921	1275	1213	1118
1226	1219	1220	1253	1349	999	1352	1065	1074	1350	1193	1178	1340	1215
1227	1	1058	1127	1160	973	1198	1005	1264	1018	1179	1245	1278
1228	1	1250	1221	1194	1067	942	1239	1240	1049	986	1084	1021	1246	1271
1229	1	996	1281	1224	1290	1132	941	1301	1169	1107	1237	1014	1183
1230	1184	1	1156	1062	1249	1224	1290	1035	1171	1108	1299
1231	1344	961	1220	1253	1158	1185	1354	971	1356	1345	1172	1238	1015	1212
1232	1216	1	1077	1240	1049	1179	1246
1233	1	1318	1061	1190	1256	1195	1165	1296	1039	1136	1081	943	1189
1234	1248	1	946	1199	1296	1138	1304	1051	1085
1235	1056	1251	1222	1257	1071	1200	1236	1333	1359	1244	989
1236	1056	1	1257	779	1071	1235	1044	1333	1334	1364	1244	989
1237	1	1223	1287	941	1229	1169	1107	981	1305	1208	1209	957	1301
1238	1344	929	1351	899	997	1158	1185	1320	905	1354	1319	1196	1231	1331	1015	1177	1355	1343	1323	926	1253
1239	1	1250	1151	1228	1279	1168	1310	1048	1049	986	1083	1276	1021	1246	1119
1240	1216	1	1128	1067	1228	1232	1077	1270	1271	1049	1246
1241	1	1187	1188	1270	1217	1163	1068	1038	1315	1142	1273	1242
1242	1	1026	1187	1174	1070	975	1300	1038	1078	1273	1241	1243	1181
1243	1	994	1175	1164	1026	1070	1266	1300	1173	1079	1242	1050	1181
1244	1056	1191	1364	1257	1143	1235	1044	1334	1207	1236	1337
1245	1	1161	1227	1279	1264	984	1018	1179	1246	1119
1246	1	1228	1279	1232	1239	1240	1049	986	1179	1245	1119
1247	1303	1313	1318	1222	1190	1363	1195	1102	1360	1362	1267	1326	1206	1207	1113
1248	1	1191	1234	1003	1138	946	1304	1274	1051
1249	1	1284	1261	1299	970	1035	1133	1230	1167	1197	1171	1108	1016	1211
1250	1	1194	1228	1021	1269	1239	1083	1276	1066	1151
1251	1222	1071	1200	1359	1235	1268	1114	1327
1252	1	1124	1104	1292	1260	1263	1040	1297	1202	1210
1253	961	899	1220	1158	999	1352	1356	1226	1355	972	1231	1074	1219	1238	1340	1354
1254	1	962	1091	1286	1126	1036	1186	1204	1205	1272
1255	1152	1	1280	1162	1100	1262	1265	987
1256	1	1122	1291	1221	1318	1195	1165	1039	1233	1084
1257	1056	1222	1363	1303	1326	1071	1235	980	1333	1334	1207	1236	1359	1244	1365
1258	1	1359	1200	1139	1268	1333	1082	1086
1259	1	1201	1096	1033	1292	1103	1192	1288	1263	1277	1182
1260	1	1218	1283	1124	1089	1282	1040	1297	1202	1203	982	1252	1147
1261	1	1284	1249	1133	1197	1042	1016	1275	1308	1213
1262	1152	1	1091	1286	1255	1100	1280	1043	1141	1205
1263	1	1252	1033	1259	1292	1104	1201	1210
1264	1	1090	1125	1161	1227	1325	1309	1018	1245	1278	1279
1265	1152	1	1255	1066	1280	1269	1194	987	1162	1311
1266	1	1026	1159	1175	1137	1300	1302	1079	1336	1050	1243
1267	1315	1188	1317	1222	1322	1195	1101	1166	1295	1360	1361	1326	1294	1357	1273	1113	1247
1268	1312	1	1251	1222	966	1153	1258	1149	1200	1137	1359	1139	1327	1336	1082	1295	1114
1269	1	1250	1194	1311	1265	1162	1083	1276	1066	1151
1270	1216	1	1315	1188	1217	1128	1240	1077	1142	1271	1112	1241	1180
1271	1	1122	1291	1221	1128	1322	1067	1228	942	1240	1315	1270	1112	1084
1272	1	1286	1091	1254	1126	1225	1293	1204	1109	1178	1275	1308
1273	1	1315	1188	1174	1025	1068	1357	1166	1267	1300	1038	1078	1241	1242	1317
1274	1248	1304	1337	1191
1275	1	1225	1133	1261	1042	1109	1272	1308	1213
1276	1	1250	1193	1066	1168	1329	1311	1269	1239	1083	1310	1151
1277	1287	1	1259	1223	1032	1289	1131	1096	1331	1177	1192	1288
1278	1	1090	1285	1227	1058	1198	1264	1018	1309
1279	1	1125	1161	1264	1325	1168	1310	1239	1245	1246	1119
1280	1	1314	1091	1286	1255	1162	1100	1262	1265	1311	1020	1215
1281	1	1320	1290	1132	1229	1170	1107	1298	1301	1305
1282	1	1283	1124	1260	1297	1172	1316	1306	1147	1339
1283	1	1218	1316	1285	1089	1260	1282	1073	1147
1284	1	1219	1156	1249	1321	1133	1261	1328	1041	1299	1108	1308
1285	1	1058	1283	1316	1218	1090	1198	1073	1140	1147	1309	1278
1286	1280	1	1314	1091	1254	1293	1262	1205	1272
1287	1	1319	1223	1032	1331	1131	1107	981	1305	1177	1277	1237
1288	1	1155	1096	1289	1259	1292	1103	1104	1297	1306	1277
1289	1	1155	1185	1096	905	1323	1103	1288	1331	1177	1306	1277
1290	1	1156	1062	1281	1224	1132	1229	1230	1298	1299	1307
1291	1	1122	1188	1221	1318	1128	1322	1195	1256	1271	1112
1292	1	1252	1288	1033	1259	1103	1104	1297	1263
1293	1	1314	1091	1349	1286	1328	1272	1178	1308	1341	1215
1294	1317	1159	1357	1166	1295	1361	1267	1174	1336	1149
1295	1312	1	1222	1159	1361	1166	1327	1137	1267	1268	1294	1336	1114	1149
1296	1	1318	1189	1190	1313	1234	1358	1199	1233	1138	1206	1304	1342
1297	1	1282	1155	1124	1288	1292	1260	1104	1172	1252	1306
1298	1	899	1281	1320	1196	1290	1132	1170	1338	1307
1299	1	1156	1249	1321	1290	1132	1230	1108	1284	1307
1300	1	1026	1078	1159	1266	1174	1336	1273	1242	1243	1317
1301	1	1281	1229	1107	1237	1305
1302	1312	1	1159	1137	1266	1175	1336
1303	1365	1	1222	1313	1257	1102	1360	1362	1363	980	1326	1334	1207	1113	1247
1304	1248	1	1191	1234	1296	1138	1337	1274	1342
1305	1287	1	1319	1281	1320	1131	1170	1107	1237	1177	1301
1306	1	1282	1155	1185	1288	1289	1323	1297	1172	1339
1307	1	899	1156	1321	1290	1132	1298	1299	1335	1338
1308	1	1219	1284	1261	1133	1328	1293	1109	1272	1178	1275
1309	1	1090	1316	1125	1161	1324	1325	1264	1330	1140	1278	1348	1214	1285
1310	1	1125	1325	1168	1329	1330	1239	1276	1279
1311	1280	1	1314	993	1193	1066	1329	1265	1332	1269	1162	1276	1098	1215
1312	1	1028	1153	1295	1072	1137	1268	1302	1175	1336
1313	1334	1318	1190	1191	1303	1358	1296	1362	1206	1207	1342	1247
1314	1280	1	1091	1350	1349	1286	1293	1332	1178	1311	1215
1315	1	1188	1322	1357	1267	1270	1271	1112	1241	1273
1316	1	1282	1283	1285	1324	1172	1140	1147	1309	1339
1317	1	1159	1357	1166	1361	1267	1300	1294	1174	1336	1273
1318	1	1291	1190	1313	1256	1322	1195	1362	1358	1296	1233	1360	1247
1319	1	1287	1320	1351	1196	1331	1238	1177	1305
1320	1	1351	1281	1319	1196	1298	1170	1238	1305	1177	1338	1343
1321	1	1346	899	1284	1299	1328	1041	1219	1335	1156	1307
1322	1	1291	1188	1318	1315	1195	1357	1360	1267	1271	1112
1323	1344	1	1185	1289	1331	1172	1238	1306	1339
1324	1	1347	1316	1345	1348	1172	1140	1339	1212	1309	1214
1325	1	1125	1264	1330	1309	1310	1279
1326	1	1222	1257	1363	1357	1327	1360	1361	1267	1303	1359	1247
1327	1	1251	1222	1326	1295	1361	1268	1359
1328	1	1346	1219	1284	1321	1293	1340	1178	1308	1341
1329	1	1193	1168	1330	1332	1353	1276	1310	1311
1330	1	1347	1348	1125	1193	1325	1168	1329	1310	1353	1309	1214
1331	1344	1	1351	1323	1319	1185	905	1287	1238	1289	1177	1277
1332	1	1314	1350	1193	1098	1329	1353	1215	1311
1333	1	1257	1258	1359	1200	1235	1236	1365	1334	1364	989
1334	1	1191	1364	1257	1303	1313	1358	1362	1236	1333	1207	1337	1244	1342	1365
1335	1	1346	899	1321	1355	1338	1307	1343
1336	1312	1	1317	1159	1361	1294	1295	1137	1266	1268	1302	1300
1337	1	1191	1364	1334	1304	1274	1244	1342
1338	1	899	1320	1196	1298	1335	1307	1343
1339	1344	1	1282	1316	1345	1323	1324	1172	1306
1340	1	1346	1219	1253	1350	1352	1226	1355	1328	1341	1349
1341	1	1219	1349	1293	1328	1178	1340
1342	1	1334	1191	1313	1358	1296	1138	1206	1304	1337
1343	1	899	1351	1320	1354	1355	1196	1238	1335	1338
1344	1	1351	1185	1354	1323	1356	1345	1231	1331	1172	1238	1339
1345	1344	1	1347	1185	1356	1324	1231	1172	1339	1212
1346	1	899	1321	1355	1328	1219	1335	1340
1347	1	1220	1345	1353	1324	1330	1356	1348	1212	1214
1348	1	1347	1125	1324	1330	1309	1214
1349	1	1314	1219	1350	1226	1293	1178	1340	1341	1215
1350	1	1314	1220	1349	1352	1193	1226	1332	1353	1340	1215
1351	1344	1	1319	1320	1354	1331	1238	1343
1352	1	1220	1253	1350	1353	1226	1355	1356	1340
1353	1	1347	1220	1350	1352	1193	1356	1329	1330	1332	1214
1354	1344	1	1253	1351	1355	1356	1231	1238	1343
1355	1	1346	899	1253	1352	1354	1356	1219	1238	1335	1340	1343
1356	1344	1	1347	1220	1253	1345	1352	1353	1354	1355	1231	1212
1357	1	1315	1317	1322	1294	1360	1361	1267	1363	1326	1273
1358	1	1318	1313	1296	1362	1334	1342
1359	1	1251	1363	1222	1257	1258	1326	1327	1200	1235	1268	1333	1365
1360	1	1318	1322	1195	1357	1326	1362	1267	1363	1303	1247
1361	1	1317	1222	1363	1357	1294	1295	1267	1326	1336	1327
1362	1	1318	1313	1358	1360	1363	1334	1303	1247
1363	1	1257	1357	1326	1359	1360	1361	1362	1365	1303	1247
1364	1	1236	1333	1334	1337	1244
1365	1	1257	1359	1363	1333	1334	1303
