1	67.238514737	50.8201865663	27.7934336558
2	61.5568411301	8.89965441788	0.993248292058
3	75.4322342186	9.99970200974	2.07528542646
4	83.1441824227	11.8315065804	2.31606462566
5	69.6011512135	12.5991715595	0.827843262671
6	64.321717845	13.5524397449	1.55085752408
7	76.5533668527	13.8707596402	0.796381136516
8	93.0307066223	15.5872361542	1.33768988952
9	54.5021432857	14.3320197302	0.75755952381
10	59.3489360575	15.4832645319	2.57475265665
11	79.8318996897	17.0294519222	2.48152605217
12	36.9592140122	19.0915522681	2.7822753428
13	74.6278362682	17.6382591568	1.81675478746
14	85.5623513883	17.256820456	1.18893301541
15	65.5045125783	18.0074201192	0.586678938756
16	53.0475762166	18.5114394885	3.89670268118
17	43.5445678522	19.4605224892	0.830068520393
18	97.9761665322	19.9498869451	2.1343154314
19	102.452642341	21.1672605309	0.579313858696
20	57.4262574632	20.8885787259	1.41047912206
21	88.4029712436	20.5524054686	2.33655247402
22	51.5543540537	21.5453268318	0.678282374101
23	71.7482636974	22.0627935957	2.75646868869
24	75.924416353	21.6255953473	1.88116143943
25	92.4835017495	21.5275615237	1.73517596802
26	31.7849720848	23.0654496974	1.52527819731
27	84.1235023817	23.7152966262	0.952327687639
28	81.176580181	24.4043386455	2.88318184014
29	39.9704268253	24.0435898243	3.44937298874
30	96.9158188054	25.1206335773	1.30508102072
31	45.368076164	25.5413332275	1.02068257859
32	76.1203357195	25.9996429779	0.932492047864
33	93.023296922	26.5621057853	1.29656823172
34	104.586215968	25.7162995337	1.50816730049
35	51.382602965	25.7189395105	2.32865975936
36	33.4224376898	28.2651128657	0.704794079794
37	64.5340414788	29.4835236124	1.59910107841
38	100.077703255	28.4575445452	1.06076388889
39	80.3774077785	29.9000720448	2.25957081202
40	85.9730155234	29.6652507805	3.12377788581
41	108.88750239	30.3238379044	0.730353860294
42	96.156744761	29.2360869854	3.59591510499
43	40.3347405053	30.9112534355	1.45910297307
44	48.6326124205	31.9239175928	1.91685845117
45	103.300906926	31.6906431047	0.872088878327
46	57.9873237383	31.8481719306	1.25709551831
47	25.4315836874	33.0114403465	1.89113506238
48	68.9848857742	32.7810782745	3.0133123891
49	86.0537263804	35.0544900185	2.38365838275
50	60.9585145933	34.6286499522	0.989555481283
51	31.2205796958	33.5604212979	2.72384956099
52	110.512804982	35.1052570694	1.31984355324
53	94.7993736317	36.083491815	2.81589777379
54	42.9502889574	35.4909816047	2.02262592639
55	52.1015941764	37.5914488081	2.56246304899
56	37.2744678203	36.3834176697	2.70529014704
57	73.613039498	37.2796175319	2.43212650355
58	46.2335015523	37.8096627686	2.5529741066
59	27.5159056903	39.0345069983	2.87350484914
60	105.791611955	38.2068305338	1.46816226393
61	87.7127545137	40.0539431454	5.04745331568
62	59.4963638619	41.2244314568	1.63549802508
63	113.243536594	40.6660947491	1.29521972568
64	100.299300302	40.0119639567	2.42854446927
65	32.4774563725	40.5702563723	3.26163435624
66	67.3720172337	42.0517463173	1.97007024459
67	80.7899595108	40.2873924641	7.150216922
68	94.6261102484	42.4438141899	4.72246445433
69	42.710932199	43.2815632525	0.552230497543
70	20.4367576313	42.3412286217	0.422975089499
71	107.320891608	42.4649496634	2.13648881512
72	76.1648403612	50.67798814	8.82672895261
73	104.130190765	44.9548575174	1.65538706434
74	49.6263199656	46.6304721872	1.91527452466
75	57.4091216337	48.3540829288	2.60573197026
76	100.60917235	47.3235692918	1.79689472355
77	95.9401735356	47.7412993266	5.28988239962
78	33.5835643506	48.1474534042	2.81511346449
79	18.8801237309	48.9789625975	0.594729938272
80	105.527606207	48.8823462693	1.96071858888
81	114.99862225	50.329855788	1.29646882616
82	44.3982550588	49.8139271618	1.26696583045
83	90.9200243541	50.9694076964	4.40393922538
84	109.671962627	51.1314512382	2.98453689257
85	99.2709524097	52.1805712407	1.52319282723
86	52.7149261492	51.6499186699	2.66671136031
87	39.0047872455	51.4736432666	2.96295286837
88	88.7995109598	54.0684119649	7.20563199627
89	25.8276625619	52.7512553724	0.83274575575
90	105.230094432	54.7131349981	2.83215148894
91	94.215898923	54.3975921467	0.839832405615
92	17.4449533987	55.0185718443	0.968414600296
93	32.4639653793	55.7729180618	2.21423386111
94	64.228589205	58.6545390929	3.3928356357
95	98.3405583835	57.4531837917	1.73203184889
96	110.554281337	57.622112285	1.69208918463
97	12.1866899317	56.8112732828	0.738486490816
98	24.7145270326	57.422931315	2.78615236298
99	7.04816731524	57.6123739184	0.752766551193
100	37.4721623652	57.5853750533	2.3910043563
101	105.63576906	58.7881261175	1.16487746499
102	84.1731140323	59.236524568	4.08079247238
103	92.9453841129	60.3368737152	2.04709178579
104	27.2377551536	60.4330095055	2.09143117198
105	50.8525900291	60.358562014	6.35632902929
106	99.3313090909	61.9585457206	0.620397286822
107	22.0824451427	61.5159251308	1.8955499001
108	44.0906723448	61.6410561358	3.64797504064
109	58.2305003458	62.8218509702	1.01947767727
110	88.046853659	63.1553618843	3.05680699654
111	80.0075306758	62.9802085374	10.6303176064
112	108.342186593	63.4139798406	3.25322159735
113	0.813115376149	64.2520712455	1.72942062552
114	16.8022402693	65.8022338107	2.23622970123
115	50.871975056	66.0661015193	1.12491950487
116	69.3101719665	67.4137760831	2.28255392254
117	112.971490323	67.4999841418	2.28769207653
118	25.5792211022	65.177656045	1.10368198576
119	61.2184320169	69.3373453896	3.47209825474
120	93.8183447544	67.1601203471	1.41432533643
121	101.84665474	67.7472818544	3.36863304395
122	45.8391685195	67.0849627956	3.26138033892
123	3.55425183183	67.9670175145	2.91849502052
124	31.3933117334	67.9723544706	5.22221480542
125	86.958177144	69.0319522175	2.20592746707
126	107.306934493	69.7241816053	1.51099730861
127	9.06481851564	69.0888105928	2.02323736114
128	0.235654421488	69.179424876	0.40625
129	76.5969004938	70.2353407842	1.21924559951
130	41.822703909	70.1263860118	4.48640694695
131	25.1723307216	70.838849358	5.85530718451
132	20.3490426817	70.1209499886	0.768911192647
133	95.2993926712	71.1206753836	3.40506452264
134	0.668188354961	73.1163245039	1.91082471614
135	37.4505565176	74.7140761286	8.52337136305
136	99.1890180925	74.4917987967	2.78807962509
137	30.8567883398	75.9374922261	7.09445123976
138	51.4176043396	76.8569291938	2.54686222175
139	104.439705198	74.8202598217	2.55700999871
140	16.4298348806	75.2165849188	1.48256465517
141	57.228218816	86.6587746682	6.26286818147
142	77.9122118347	77.6555448677	1.19026951058
143	9.85645015445	77.1468229726	2.78140904534
144	3.47491398563	77.0692884432	1.71446927664
145	66.9608608202	79.045091014	1.76002501735
146	85.9903779497	77.552456081	3.52115005404
147	101.969691658	79.504059786	0.845685442387
148	72.5260508207	79.4495878834	2.18554861199
149	12.996314217	81.5594983278	4.84619275756
150	27.6581060831	80.8715824512	2.45788801115
151	91.3670063015	81.749181532	3.10647519743
152	97.0384501628	82.7642839062	1.74771431655
153	81.4468057758	81.1270742346	4.7162437239
154	3.01201284966	83.7593317287	5.12112815312
155	70.999150603	82.8560027916	2.89053071009
156	63.6183085483	83.9044077202	1.49567782656
157	31.7565244727	84.2542357428	3.04082005391
158	20.3279988088	85.1365590178	3.56413544534
159	86.1220680773	85.3628277201	0.730912998394
160	75.6862323847	84.6437007214	0.929995854063
161	102.848491926	84.6345478141	1.94070420866
162	7.67502181886	84.5896042546	6.58235949601
163	25.3337760374	86.6938258249	2.1806614786
164	46.9505174005	83.5325805127	8.47032635192
165	80.0588546583	86.6012248058	1.87688391388
166	23.7911234073	88.5446174522	1.52222009691
167	68.2470044496	88.1707043831	1.26840147356
168	13.536421064	89.8396562521	2.29366477273
169	1.22576975266	91.3514370542	1.31469361612
170	42.1177820455	91.0064194134	2.96488665721
171	74.4692904353	90.6141211486	1.55352798358
172	6.3176673699	90.6876341937	6.35489198782
173	62.1414250755	89.9781807192	7.73506277123
174	95.8375397893	90.5566285073	1.56973635037
175	23.6747156697	91.1171122126	0.888837106833
176	83.4689289621	90.6589252216	2.25236709687
177	86.9992848726	92.2586006147	0.585925787106
178	68.1201660885	94.6288289262	7.51078649846
179	35.7740898939	94.5048047929	3.06450443652
180	51.4566357816	97.9810879148	3.46817776894
181	28.1797298594	94.3037006222	2.57773684589
182	63.710780464	95.6798473506	5.01294863774
183	91.0221543555	93.5392476453	2.64588947821
184	78.9047085883	95.071853306	1.96850389746
185	34.25784564	96.8142970217	2.45878013652
186	24.5479084254	96.5219447083	2.88489803359
187	40.3984570049	98.7023213991	2.43528165568
188	14.9586031322	98.997766021	2.27518400402
189	74.8560994887	99.3983530847	4.77144513424
190	22.6498001853	98.9828500735	1.96707639514
191	83.9542442317	97.9375613353	0.707682826623
192	46.1078780804	101.638179477	4.44352910959
193	5.16494588438	102.055561155	2.16166192738
194	68.8917023754	100.889938196	5.59058384358
195	36.8762298528	101.380899041	1.27687364719
196	40.7785267934	101.826843908	1.30975226797
197	30.5183388428	102.850361891	1.76473109326
198	54.8368795635	103.279277043	1.09244489559
199	82.8566499217	102.305031242	0.603881227758
200	73.5122687852	102.747929027	1.40359152031
201	66.0196482379	103.688990014	3.50292126886
202	25.7630741709	107.59356089	6.42232823373
203	43.3846584689	106.657417425	4.29796319145
204	37.161161087	104.701591055	0.864627518558
205	13.2201252454	105.642347498	9.10770985047
206	50.294948746	109.829477605	3.21605255764
207	70.3285463566	108.323533438	1.56947677626
208	77.279160507	108.915151982	2.01130919841
209	62.6040693184	109.071696937	4.10370696627
210	74.5348468339	109.201974576	0.580643503289
211	1.2400815094	112.493795618	5.37432767533
212	44.1574085237	111.391924448	2.52070637634
213	84.5142717043	110.68624155	2.01613089904
214	9.15141405044	113.529595059	4.43407071707
215	59.9929186638	111.779417706	3.06486061151
216	55.6667695439	112.716092262	1.6069922466
217	80.799666243	113.201039637	1.1619777974
218	24.6530612256	117.093442884	5.70921757253
219	16.4073945308	117.361413904	5.35602566764
220	34.462813057	114.030541421	5.23019415486
221	49.402049312	117.492982951	6.07051848315
222	57.1895689976	116.10177428	1.08246149465
223	70.5752905342	115.629609705	1.16800424363
224	85.96532296	118.148820725	1.10868264176
225	43.2678179914	119.112580419	2.36842497401
226	62.8223917828	118.824196468	5.1677599096
227	33.2761896468	120.042581473	3.38422914458
228	0.650973191388	120.031155953	4.00803528708
229	4.3038611757	121.063031569	2.47965876089
230	54.8301868017	121.351066395	1.84564256298
231	79.9866221495	120.964146238	1.54428300234
232	11.3111853156	121.748949266	3.25011280544
233	74.2692858174	121.383434073	3.11538613143
234	86.257214179	121.373183106	0.936535568711
235	47.6553175745	22.3176620981	2.97061096302
236	57.5367512521	23.8363597795	3.61895789827
237	56.9938712905	35.7730473431	3.55692467821
238	13.0671152104	72.2788914347	2.4845408925
239	64.9824558586	37.986579124	5.00905724956
240	39.1414832441	65.7239071237	3.80037465421
241	88.9366270362	71.9817968721	4.16549949468
242	90.3672183503	88.246406785	3.45936367057
243	2.85975730294	117.349662952	2.69900746855
244	48.4298062782	12.4557587649	2.35033704516
245	88.8638038495	14.3344318407	2.42940278456
246	74.3872579275	29.8699558504	2.83091521321
247	49.7801177388	42.4868298332	4.23264192212
248	45.5092574342	55.3349614602	4.7400040894
249	21.5039749587	78.6313160143	3.85492955029
250	67.1094017243	8.79886447539	1.77000916405
251	68.9731871967	26.2272386034	4.40026087867
252	91.2143076979	31.2648010801	3.57843642979
253	81.1628908778	71.7074769808	4.91126317676
254	81.1762760725	107.512638388	3.27261400215
255	64.3028442986	22.0322559782	2.91456706494
256	59.9790902919	28.0011923696	4.88593964354
257	56.3911424181	57.6374086529	4.63419676325
258	33.8296510412	61.9228205315	2.32339284005
259	46.496787929	73.2096790754	4.48631271695
260	36.2172903878	90.526858666	5.52948653862
261	71.1040140208	15.9299147674	3.59373933811
262	41.2065928473	40.0399389372	3.47228275582
263	29.321176839	90.8695959509	5.55361589611
264	100.946367077	35.5224746037	4.64872801126
265	22.8048854251	39.2039446041	2.33171919185
266	112.95782279	45.5778865892	3.43423283159
267	16.176280563	59.9348686521	3.11473527677
268	73.0454970432	72.8763612655	5.81110309047
269	62.2227139085	76.5072398007	5.46720820712
270	73.269012992	105.200525925	4.89296103667
271	29.4229750858	27.4048180985	3.34048285642
272	43.4481812805	29.4726068022	3.28004941814
273	38.8908890006	43.4969121565	5.17110344963
274	22.5069489534	46.6241040387	3.33737514287
275	3.30327045949	61.0960342534	3.0231314392
276	70.9336142131	64.3902278986	7.1097378528
277	53.8368755374	64.5476660374	6.42871685606
278	13.2290572264	66.6006958647	3.11066244607
279	49.9004690109	70.4936421438	4.45271852347
280	26.7337207404	75.0028622162	5.18403402822
281	93.3593654821	76.7578090166	3.18402651807
282	16.3382249041	85.8729744188	4.24480677238
283	45.8892735625	97.917750169	6.45440317615
284	54.8669123025	109.734580756	5.26270024956
285	56.6726174257	10.544996529	3.14518869391
286	100.304884791	42.8309637977	4.35718904276
287	114.428551318	60.7830331248	3.34352410561
288	68.7440005211	73.5422724383	3.78021337123
289	19.2639875308	93.2980081525	5.07749570592
290	69.3465625669	120.879668209	5.02581286657
291	56.6178440937	41.5199735962	4.98474081597
292	79.9553539663	99.511803574	3.08685766678
293	50.4544454526	106.421968544	5.12197750034
294	101.486486253	62.0905844598	5.04544383082
295	21.1499926097	66.5238649994	4.00864448777
296	31.5729507133	100.698391223	4.17608768647
297	76.760905744	116.737002487	4.04771165554
298	42.966680576	16.1447462449	4.10362147474
299	95.9526003012	66.7242838571	4.71581255304
300	65.790807396	16.3709970054	4.99887386547
301	48.40686113	17.6226533669	2.9078395374
302	46.8014945597	27.7225238501	5.62182954545
303	106.600818291	32.5798667849	4.20940037914
304	78.59563692	34.6677773631	5.1594223301
305	110.44688843	38.6012498417	4.17687488117
306	28.1257722042	46.5941502319	3.19371572977
307	11.2646582291	60.0915160214	3.00083737172
308	104.849248369	81.6974344237	4.75716991342
309	68.1713785837	83.9624961917	4.56352405193
310	83.3097705304	19.6938630173	5.00416246435
311	87.2288560043	23.8561396545	5.80492284571
312	21.3824541778	52.847653303	4.96194582545
313	114.416140254	54.1047318326	4.43925620474
314	95.9739723635	54.0805708776	8.23054266958
315	55.9328231719	118.924270576	6.59335190392
316	25.8303108913	65.2798731107	6.04344205097
317	87.4233591159	83.4204963231	5.42854820029
318	72.5950298943	86.895426806	4.21431159809
319	65.2598103619	26.3482660567	7.87807015545
320	53.8841081955	30.2431840437	5.1262905419
321	101.03804125	52.2352528481	6.48675817353
322	7.86702504127	66.2981162398	4.60800280055
323	106.325395025	69.825362779	5.80556519991
324	84.1483491974	115.705800357	4.11017393127
325	90.8784521236	26.1546104774	6.6228106648
326	45.0286668901	47.4155253438	5.89785332521
327	50.6196823745	53.4520863615	5.06460968173
328	85.2189846692	95.3062886729	4.65080785604
329	75.4472503573	26.8546600084	6.78056335763
330	35.1732017439	29.8460761313	5.55861231955
331	101.603764607	47.1971062002	6.23384331197
332	59.1285501303	51.8162078578	7.94868089224
333	41.1981288537	59.1764124069	5.44641969479
334	7.75390314943	61.572572583	4.96047732984
335	4.82273692561	73.548041689	5.54051877741
336	102.262707245	77.2016580556	6.66311626264
337	1.08224805177	94.4263468752	6.29779391316
338	69.9987700431	10.8277914857	5.6181755967
339	51.6716938964	13.4235838534	5.29739257535
340	101.161019938	57.6381723361	7.86345440056
341	75.9602094296	81.6165266016	6.60239117704
342	80.5245148286	91.144283985	5.81389379613
343	5.55244605192	96.3493522641	8.10860722843
344	35.8653659103	108.532087188	7.43346037937
345	91.744744519	17.1052308226	5.23631901528
346	91.1831329939	38.4897459419	6.76387281637
347	93.9291186725	61.6847070503	6.51300675335
348	54.4971516261	73.1238855847	6.9892227779
349	19.0794575034	72.0289966419	5.58888356436
350	98.8532439901	87.6317241829	5.85035696891
351	70.977422489	113.929440257	7.37305062536
352	59.675941268	33.8691111337	6.61003858899
353	90.5665818787	44.8535845496	10.9141999591
354	76.4641482374	68.1137937991	6.63131736176
355	109.166862075	74.8683086464	5.89693727458
356	67.8112781594	87.0267020103	8.18906411543
357	78.7364845329	104.666569483	4.96800807025
358	77.289779865	12.9550643189	6.29928513601
359	100.192872859	25.2070090889	5.72963186609
360	102.577473846	28.8077898905	6.21627484481
361	27.4840026161	52.9373244751	5.70529456509
362	107.422776497	59.186414346	8.03445615741
363	65.0426212976	82.5509980303	7.01284798284
364	12.4211806943	92.1620679978	10.3789108107
365	79.4482633132	121.687627163	7.03525729224
366	84.5353608605	121.118104167	5.10748799177
367	96.0123587698	21.3931702947	5.7536688828
368	75.056373007	34.7007314908	8.64525405366
369	44.8905322141	42.2311798905	7.95808336628
370	45.1502822493	77.9724696427	8.95337239435
371	1.17833266556	77.6378036341	6.63473747322
372	72.6456904744	94.1905224526	7.48416823796
373	66.5477103439	109.747437861	6.86931818182
374	60.3265175372	18.6895225954	7.83848591056
375	82.1333305089	33.8255266263	9.33050315109
376	62.9442033366	45.0045559963	8.31629159604
377	57.3065188058	98.275644717	6.10427991555
378	3.74930954983	108.407017367	9.94498402322
379	41.0704547848	114.386846765	9.55296264281
380	62.3415889742	11.1494714251	6.33216983404
381	49.316648097	36.1144880331	7.20869329375
382	98.0714180803	81.7378915913	7.06687343945
383	32.1340449538	87.6269458261	9.51701399796
384	0.716509958532	86.4698645532	7.3280828841
385	25.791877168	93.9357180167	7.25205566508
386	55.243691983	18.7897912665	7.63571390545
387	105.590414869	45.429248736	7.18867552088
388	29.7464182428	59.7715512123	7.57917622324
389	61.7384171831	65.0813240832	8.77583931767
390	89.20422821	66.6357970641	9.29111576212
391	0.655579304847	66.4965681068	6.28680758017
392	25.135228539	84.2576212396	7.8101768101
393	37.7384239549	104.697253874	8.04553382308
394	84.0224032582	14.5911130336	6.88453300166
395	96.1048184181	31.2289907968	8.04307983504
396	88.4400020081	33.4289473374	7.6539883775
397	88.3319878646	61.731070537	12.5347543007
398	21.0796538793	59.7568048951	6.53083417809
399	81.5857717441	84.8173664019	7.43843464827
400	75.5293607085	88.1702296654	7.47338526332
401	2.54509004364	103.118090362	10.2662576363
402	66.5838996221	31.5463609502	8.87451226521
403	52.8071885162	47.4485608315	9.30225050751
404	104.532775016	65.5839128106	9.12813108156
405	77.5647838063	75.6803860771	8.60364309861
406	41.6927029106	121.409789895	8.40708993414
407	26.657152873	33.0961652495	7.65498454716
408	61.0805409382	58.1547080372	10.2125619827
409	70.4928749192	20.9162326573	9.73292777329
410	51.8960962917	24.4355959768	8.07226096042
411	67.3065919095	40.6248430704	10.4282289279
412	34.6578217103	54.9936273569	8.15260590076
413	11.0966479178	73.4420610658	7.39638201527
414	96.4018884072	75.1505127191	9.51620648002
415	73.7702419396	111.195951752	7.51944168938
416	4.17348002197	118.186601769	11.2558764445
417	75.0681130362	20.3266578792	8.13449785786
418	78.8494063851	21.7348659952	9.01543514122
419	34.3507336771	23.1080509867	7.68405083117
420	40.80497024	31.1998705998	8.36004464286
421	84.3250574822	42.8302084517	12.0877191324
422	38.8137095275	95.3647753736	8.37530747672
423	19.9020874131	101.868854248	10.0706242278
424	70.5078146105	35.3256326039	10.1964356711
425	108.438010269	40.0107427886	8.00809021518
426	29.5005705012	43.7806975955	8.21211805556
427	106.171300315	52.2445647514	9.25071904675
428	92.3210995038	56.7834706781	10.31787047
429	68.8457610439	76.8414228242	9.87871703388
430	47.313217148	21.8613234188	9.20733650845
431	31.7013533593	34.3447613826	8.73572237123
432	37.382743389	36.9195581185	9.26435998557
433	111.745111161	48.0477179351	8.75213159588
434	39.1012021605	87.4431945702	9.74658848004
435	75.9737809649	92.5710452961	8.26531661184
436	55.5218399285	104.933448724	8.88313200858
437	19.1600866217	120.556168121	13.0845761451
438	52.2119095541	41.9783442919	10.3429154858
439	112.851460223	61.9027235707	8.37359543977
440	18.6603156942	63.8389482121	8.15657518628
441	98.1537947181	69.1596727501	9.14621852872
442	28.0004885857	79.062159653	9.63815047683
443	67.3188870493	118.950303092	10.6524146217
444	87.9893741829	18.2812799371	9.2990515646
445	98.428337493	39.5063643642	10.0468968772
446	15.9858621536	77.5397881926	8.92210869625
447	82.1659279973	26.0271494958	10.8348803837
448	45.6202957152	32.5397509263	10.7662810827
449	42.9043777521	37.2186546073	9.34996356485
450	40.6094225476	50.967532773	9.16180878077
451	112.588623963	55.0403496598	8.94529587103
452	110.198771914	68.4249623819	9.38010204082
453	103.295049273	71.662076733	10.2011607081
454	85.7270694084	75.0388288227	9.58487757792
455	54.0699808314	13.557906642	9.05193179736
456	40.1123163627	19.1464743726	9.23705552919
457	40.2142500733	25.0228582311	9.38709357851
458	49.2843079836	28.0845447672	10.6907595124
459	85.7673184239	29.2517072928	11.4434183985
460	35.7587576772	48.2936259087	9.53597129298
461	6.14930276962	78.795893482	10.154819329
462	92.1042249015	86.6984077332	10.2574385495
463	22.8843764648	89.958216883	8.97078103948
464	15.4091026134	98.6250312829	12.8873415733
465	79.7376060387	112.065247325	8.3923686777
466	46.7540069035	16.1748759303	9.78788354444
467	75.4389909554	31.49072844	11.2738677398
468	94.5802051884	34.6745938752	10.758882108
469	54.6323645756	37.2978438985	12.1057791164
470	37.6967376521	60.9699210376	9.60655053428
471	94.2775785912	90.767474291	10.8351788023
472	24.8577612282	40.3947885956	10.2821783446
473	13.6375888436	65.3022709129	8.80015252262
474	61.6795987661	102.409934332	10.6293049085
475	59.544074968	44.267977918	12.6323691179
476	92.4486037839	50.1198101162	14.0356512629
477	97.314471043	61.9888310855	11.455944178
478	90.8145351282	77.5023351762	10.8495477192
479	21.6573088922	79.355181468	10.9197040462
480	31.4660247902	83.2187054355	11.3906214623
481	66.435605224	21.2807758415	11.3098088807
482	92.1953275184	21.8227169829	10.6646983566
483	56.2217227403	22.554699197	12.1557777957
484	104.228370165	35.9366126885	10.9759595816
485	40.3057807323	68.0299517015	9.94389916416
486	17.2955202774	83.848941798	10.3679528403
487	31.5446893761	100.972502807	9.87760396439
488	54.7322391859	28.9328214388	11.9283774348
489	2.94870016632	71.9578965316	10.7692987611
490	88.4489307509	93.1948324161	10.1983584147
491	25.7306053349	100.631649134	11.1729657752
492	61.7883113388	22.3630803161	12.2192426161
493	49.9421294921	53.4375782243	11.6600701574
494	66.0179090894	52.3695321562	13.7273387633
495	82.3663006548	117.62802833	9.9054579656
496	75.4717175693	118.936143741	10.9704270436
497	72.8239536768	14.6629856414	11.0080618728
498	95.2749387468	25.1823504476	11.0881308843
499	29.9228663664	50.2914547041	11.3065592096
500	11.578417904	71.2628250528	10.5012791711
501	104.713672399	81.0689826961	10.4451829103
502	94.5005385952	81.8410937431	11.5596225816
503	86.3027695521	88.1042105752	11.4223496926
504	21.2799782138	97.2872107376	12.2509358637
505	66.1170271591	13.9892585109	11.2258212801
506	82.4508965778	16.5699618174	10.8721234121
507	31.7814278777	26.5794561625	11.202503809
508	60.3127004666	29.1891328231	11.789611392
509	102.770119386	32.5634531856	10.5313744363
510	71.8534255755	79.6923217717	12.3764717605
511	11.2194828522	82.2733484794	11.0387534857
512	21.4411190302	111.429999947	13.2707880637
513	9.9311234695	118.521161731	13.1312854
514	59.7061983945	36.9241824127	13.7491645076
515	34.9886928471	41.349288728	11.9355197514
516	68.3604959804	44.4689984218	14.0397827286
517	67.478524976	59.2623597356	14.569869354
518	47.5264235384	64.8891913785	11.447933435
519	92.9094090665	70.3098629302	12.9501293103
520	2.30851432383	99.1258988426	12.1073771585
521	78.0867779629	15.2262036441	10.4705928053
522	63.5420863544	34.2917833275	13.4920297949
523	24.6087859924	56.5841057728	10.7020926952
524	39.6077784493	102.731418388	12.5785045957
525	74.3733543137	103.946680678	11.4219315406
526	32.2465980937	119.893413604	12.7076028481
527	58.8855069542	13.710854448	11.161248066
528	88.2243814114	39.7706084871	16.005517589
529	47.861115809	40.5995652395	13.670302716
530	24.0750810383	46.4518842783	10.9147446135
531	100.520271819	45.707576121	12.6267997112
532	71.9836059533	53.7941157457	19.580626155
533	34.5640663887	68.7912192688	11.7280900793
534	85.9172338394	70.1806854063	13.0957736371
535	48.6209394015	71.329980303	12.0237522437
536	27.5892027999	74.6412690961	12.5402390655
537	59.7426687109	76.0323110124	13.7387932824
538	90.7839906939	34.0855921249	13.512688871
539	84.5026341665	58.8117857349	17.2806491457
540	67.9634930715	92.7152531231	14.2178902997
541	60.3368862402	111.89645256	11.9828273521
542	0.589641528559	120.833114603	11.458858945
543	7.83978987722	64.9989598607	11.2251576055
544	110.087003272	64.9276143602	12.0316570893
545	67.1752698921	69.9391812401	14.3156176564
546	67.5569812017	86.782137457	12.8285803159
547	44.6205617934	89.8706955064	12.851460675
548	80.2037669647	95.091651018	11.1324122938
549	48.6479701471	96.0508535353	13.5376606656
550	52.3991575675	110.466464441	12.0227738205
551	46.7065340909	113.027621818	14.6080603615
552	98.8734184574	29.1936421428	12.2408783784
553	46.2902952332	52.0345481482	12.9966131861
554	43.295982668	56.1969712588	12.3766081212
555	53.9725846819	103.367707443	12.0627800955
556	56.0510165243	118.077586851	12.5775272959
557	50.9055040413	17.089425084	12.9855415007
558	109.167965593	46.1298266523	12.7407436939
559	61.5217998041	51.1364928656	13.787611166
560	25.2076846461	61.5894058048	11.218659767
561	54.4223955929	67.7615278162	13.1439804705
562	100.832442122	77.334328631	13.101341114
563	61.8401865368	82.6668364651	13.4978542667
564	56.9400476083	57.2174997741	15.2022351051
565	45.9397723383	59.520649568	14.7253926282
566	19.3752172417	67.6738326294	11.2507501555
567	107.003688396	75.5384064327	12.3445066518
568	31.8642771121	109.876598156	13.3881797028
569	42.8052994584	118.677998957	13.8095419598
570	94.4112824599	40.2255749714	14.7727674194
571	111.152482732	57.2831889327	12.9061684898
572	63.9913469701	63.828945203	14.5636718593
573	78.1813214664	67.7804500068	12.8769303051
574	53.5906599049	75.8888079866	13.2726471911
575	73.629736911	83.9867463771	15.1466734159
576	75.2841053765	25.7708316068	14.2185321676
577	43.8198144197	26.0591906089	13.6640993672
578	31.331593219	54.897725927	14.4260232668
579	83.1442174826	80.469151575	12.4484138228
580	1.14987140668	90.2386699497	14.9310502562
581	105.222509575	41.4082101115	12.96902019
582	24.4239611076	66.1280117833	13.0373459691
583	99.1093912312	68.0999154835	13.8714790255
584	69.9118989467	26.9529906076	14.7787728486
585	35.2630557205	31.442531261	13.4907436663
586	49.4532297444	34.3408407897	13.1096132692
587	99.3420961024	50.3722556338	15.4215943424
588	94.3412455793	61.4167818933	14.6305053462
589	99.8464266714	85.307614117	13.4547883544
590	46.2000111406	109.748033344	17.7367044311
591	63.4415198667	121.906174875	13.3439915378
592	48.8698839451	47.1940819652	14.8379381842
593	102.48877746	56.1839239918	14.4666840889
594	0.480566143123	69.0341726836	13.4992231064
595	18.057405871	76.186634947	12.9036029438
596	5.78204616387	93.8369484952	15.5062526136
597	69.9294117667	108.601127792	13.694527912
598	65.4547757941	112.458798363	13.3449090495
599	34.6706590208	63.8025142896	14.0060085655
600	3.26739416253	66.2112956626	13.2999264753
601	59.6999025939	70.4178728521	14.6555917844
602	0.842171373212	80.1337705213	13.4971767838
603	90.6576530609	83.2004394086	15.2840929218
604	24.4131076444	84.2478102649	13.404879386
605	49.7203652174	23.8017048272	14.338044327
606	109.61575791	52.3918542629	14.6215496796
607	71.5637009524	61.8922618856	16.2581174748
608	73.2599763368	69.9972223152	15.3897585384
609	63.4694031774	76.4790719583	14.0863004627
610	50.1333999353	88.6243268313	14.6976760445
611	30.3047963178	44.2706225889	13.7167410714
612	96.0341520343	45.9748431397	16.0367867681
613	39.7293084642	85.485428945	14.5861601974
614	19.6025278494	89.9842376295	14.0927064508
615	32.9580811518	117.744176766	16.7920480414
616	81.7000928703	121.304313175	13.2500149432
617	31.6640660779	38.3352509224	14.6949237764
618	89.9115579619	59.3821318374	17.5987185831
619	18.7921019153	71.5806731815	14.139224828
620	47.2213012327	76.8437236185	16.1726694561
621	82.542994426	88.7120395653	15.0813324811
622	66.7974211925	104.768773136	14.2608141243
623	75.6133916552	109.556807225	12.9537915139
624	82.7646501105	20.0671385456	14.6298335694
625	81.2967570469	30.6481306079	15.9064420899
626	70.8046605609	46.7029546229	16.6838829797
627	24.7442702565	51.2954619797	14.5893689174
628	102.6757683	62.9209594519	15.1470468545
629	72.6355057378	90.4459944734	14.5597130471
630	75.866519491	36.001340736	16.8750366811
631	41.4694475573	44.7724796671	15.0181499401
632	93.8687855651	55.257588902	16.143453587
633	39.1632679421	55.1928827231	15.4556988151
634	77.5556420406	75.6538983492	15.2467024918
635	53.9766392396	92.1920694947	15.2325386936
636	37.8196066899	49.3811274744	14.7100599411
637	102.047600815	71.762674419	15.2900674642
638	25.85023057	90.9579392757	15.3860759494
639	47.1100576576	121.597061479	14.3811359722
640	76.2703527574	18.3392283779	15.0717456763
641	44.4409381824	19.6585436898	14.7182438223
642	86.8736546252	22.0465305673	14.7354760239
643	86.6034523573	34.5561486598	16.3853791373
644	27.7252153036	35.2273275612	14.6496670139
645	69.5595170124	37.0290082315	17.1274555378
646	86.8622365022	47.4842349516	17.6673126972
647	81.3386730925	72.0088609023	15.7634570643
648	34.3473387313	82.2232303347	16.040113358
649	53.822119273	85.336556191	17.2587862059
650	31.6758295799	99.2609532074	14.2850440304
651	47.249860771	101.275493702	16.2164556771
652	54.60772526	17.0364269248	15.1262170175
653	42.9877152455	35.922381281	15.1392677436
654	85.1148206658	67.917140855	16.6158756427
655	61.1271476348	16.1403814154	14.8794187482
656	38.2830989823	23.1984073627	15.4974416853
657	65.3005281859	27.7413715437	16.6802827102
658	29.9293562891	31.0093406935	15.1639015315
659	12.3264232494	69.0223254949	14.8219351091
660	11.3710010986	77.0663203161	15.0484206799
661	78.8858051959	84.1228249311	17.2790574824
662	40.5734691859	96.1646559476	16.3672425001
663	25.8999284535	96.6476402414	16.0047763382
664	90.0436652944	26.2924828349	15.9202323906
665	107.797838468	65.158125703	16.3654112316
666	42.7514685997	66.888749873	15.7413979546
667	93.6612352441	66.8467882822	17.178187378
668	89.6094335346	75.8263874014	16.6936923215
669	69.2484303095	17.3949873943	15.7264997574
670	95.3951443846	30.6313338465	16.1323326058
671	82.4029223902	46.349943471	20.0192213842
672	62.884798909	56.5305624637	17.2661350205
673	33.0667111392	58.9541756126	15.6746961326
674	109.362830293	59.8919102228	16.0858146153
675	68.4938865196	75.3558763897	16.6923418867
676	61.5008862654	96.0104370068	15.769947413
677	1.44676337517	99.3027395647	17.2780612245
678	71.3615684171	100.186167207	14.765320167
679	55.3906822786	99.6742843096	15.9559590601
680	40.893965107	29.9282427061	17.2805254845
681	99.6474956989	35.5808237138	15.9203440291
682	57.4932629252	49.75173814	17.6793998153
683	25.0822871151	70.1562575879	15.5644335687
684	83.8358120644	75.3938782707	17.6582175179
685	96.4390051083	79.933856323	16.3604161448
686	87.9343373682	92.3861076755	15.6306187488
687	74.5015549851	95.4541130658	15.0722220127
688	51.9802191772	108.06783436	15.4018306241
689	77.0923894152	114.738051418	15.9862564317
690	58.7415304155	26.8977003365	17.5528197038
691	42.5397164199	78.2152510679	16.627427212
692	84.7956376612	82.0406662186	16.2671567872
693	77.58472099	89.0649926558	17.7272089465
694	70.7696445808	121.065972816	16.017729282
695	38.4047133418	32.9075009957	18.1293055942
696	105.822613775	49.1269338884	16.7309384331
697	41.0655312078	61.0376300402	17.3586536586
698	107.007858495	73.0456050403	16.2338914976
699	24.2857359159	80.053550385	16.6446160999
700	11.8872237936	89.8831465656	17.8574963131
701	7.61272366186	109.751842143	17.9130137434
702	64.4860024975	18.4001225096	17.0585990083
703	55.8518298407	35.5754630351	18.6597349412
704	102.304680864	40.5885061611	16.7470172031
705	76.4858759075	42.3841422101	19.7584374192
706	43.9045406646	49.6085133081	18.1500574296
707	32.1496111515	49.9373371767	17.4679444102
708	50.2852314107	56.7362755816	17.0807697415
709	56.2218201937	64.2503188211	18.2628164639
710	5.017791989	77.2142641918	16.2675547417
711	66.7837992001	81.2581149777	17.4500879156
712	36.9798735476	89.7178264158	17.3119644539
713	34.4405973174	109.09781577	17.1331807126
714	60.9977160359	118.715193445	17.330588371
715	71.2021357642	30.7115970418	18.3431005121
716	103.140093839	80.1626111462	16.6837931238
717	47.4260185241	28.4971277827	18.2953646406
718	41.0911328304	40.2509889931	17.4305807187
719	52.5060691592	42.568450282	19.2465263219
720	87.5521971606	54.5102826095	20.3257484798
721	99.0888367359	56.5761642481	18.6709994475
722	59.1692570258	89.96841619	19.7753142368
723	53.3792031794	28.6911098212	18.8764877991
724	76.6420602048	30.6821074859	18.5282200274
725	50.7350892351	34.3522325543	17.3944559615
726	83.7274132893	36.0006223986	19.0601260468
727	99.094044353	64.3018832706	19.4760373167
728	40.4554480339	114.111455079	17.1678265888
729	49.6713805601	119.522456746	16.64643488
730	9.43081185194	98.6156447833	20.0563220176
731	57.8076258875	106.933642569	18.5487681114
732	24.3891578411	118.950259427	18.0036215102
733	48.5608870663	20.9453863406	18.0926085584
734	54.7370507286	47.8149804533	19.3967239615
735	106.476525488	68.4717866991	18.1609634368
736	29.5364108334	86.8123905642	17.8296161306
737	26.9640014468	108.395211299	18.4297563821
738	70.25737302	116.128722185	17.4650175803
739	34.4331644249	44.7830572925	18.6988358912
740	27.3769607624	57.8049118356	17.6711889103
741	47.7493935295	63.9103696814	18.2665804044
742	39.5824274661	81.6791090081	18.500686286
743	62.7202197756	86.7511204616	18.5672351372
744	53.0923747859	116.781940433	18.8968970303
745	64.673380172	36.8481907457	18.8021382029
746	29.8291495877	64.9810410088	17.6766404369
747	35.8298238422	68.8638078623	17.7939389535
748	76.5184028532	70.1609283678	18.8280072816
749	30.4693877259	71.3321098596	17.2089901026
750	97.6165844842	73.7509460546	18.5532749296
751	55.7371736178	81.1354402751	18.7239162192
752	32.2905444112	94.1595753195	17.7226490222
753	15.2321983968	95.4431478182	18.7730761474
754	59.2173317388	19.928763303	18.5021466565
755	40.1201254516	70.9838942034	19.2898670769
756	72.8321852169	76.6227565058	19.0789432944
757	13.0640094792	121.985250911	17.6575927734
758	93.0476580233	45.9234806206	19.4513514727
759	74.209895041	64.808126278	21.2351515603
760	16.3683210543	82.0973121806	18.4684953011
761	57.8479780945	94.8663514425	19.7542738601
762	70.0519308386	20.371870084	19.1373986084
763	79.1990533579	23.408476959	19.1296791525
764	84.5814928299	25.9329399498	19.083633304
765	63.2284745371	40.8308918773	19.2682002956
766	58.4539496666	41.7951141172	20.3943057102
767	106.051945252	56.3677234463	19.0020210092
768	50.3378994338	69.4958313466	19.4292378014
769	8.06355402381	71.5374434556	18.2822576582
770	15.5582911224	73.9089137363	17.918629952
771	79.7353980714	78.5704185529	19.8048566987
772	67.1798390278	97.496159691	19.0072255403
773	51.7258740728	21.1538519441	19.0305337756
774	47.3284970915	36.3314055024	19.9889824281
775	34.4100198446	98.9391418726	18.7342070642
776	21.4513405111	108.261998203	19.4253095319
777	65.4257923008	47.7961893355	20.4962708879
778	55.7677248806	73.8493941779	20.1930805478
779	3.01831800314	83.7627576609	19.4737426824
780	66.8442512301	93.5948881796	20.4717463705
781	19.0159597878	99.4097785695	19.5980350873
782	62.6853934669	101.273063692	18.728983663
783	16.8471325099	115.757352796	21.4498315533
784	74.2056514289	20.6350144642	18.4354020186
785	90.1031112051	30.5388366448	19.4695015472
786	37.8475116569	36.2850352146	19.9266270793
787	98.9359617347	41.5209329812	19.7816377171
788	68.7971429616	40.9922731861	21.6451148217
789	53.6923910816	59.7729567614	20.133715572
790	70.1427757397	87.8735382055	19.7249703573
791	25.9366423293	101.085463104	20.2972299318
792	72.0982529935	105.446599529	18.1681535883
793	42.6256514321	105.988730935	20.2484056845
794	15.0883113099	106.785802333	19.769207829
795	0.937381799793	116.170499866	18.9759801601
796	102.476441756	45.9690820214	19.9033082805
797	95.0950357206	51.8756554542	20.4766965679
798	80.4468167254	65.8363277325	20.9711193087
799	69.5098901064	69.4184982749	20.1475700461
800	49.5697785012	75.4624615947	20.7533695103
801	103.390040592	76.476901059	19.9883057266
802	94.975599199	87.3483686602	19.4935680101
803	24.1250763096	89.170898887	19.8441249155
804	78.3962581264	119.921897586	18.8885282603
805	35.2171806394	27.8475033457	19.430348552
806	59.9259563755	31.2896255096	21.3352941176
807	86.2345358005	41.9555701486	22.0986352647
808	63.6273872076	44.1855958215	22.2793636364
809	52.8209747354	53.7981846135	20.5797548264
810	105.768776103	61.9640446734	20.5989328876
811	62.8228548678	67.6708121295	20.8164153544
812	89.6126082331	69.982015578	21.4908695796
813	1.18751804928	73.1470433965	18.7001650564
814	59.8572167126	79.0253973635	19.6717287649
815	9.24687517664	84.1002789739	19.6729311891
816	65.9428439029	21.2719512607	19.9240545315
817	43.3608437781	44.2146594509	20.61730471
818	47.0323557603	53.915413488	20.6183919019
819	23.3434616781	74.4178263495	18.7234256757
820	19.4218908378	85.0297821608	20.268447352
821	52.5240422129	93.1198667626	19.1664710466
822	35.6203254719	104.93539003	20.812117737
823	6.64979666255	117.041084684	21.1547445136
824	103.572880601	51.3015624271	20.7279410025
825	95.4676915887	63.4940046664	21.5779833044
826	18.714646293	76.2929667883	19.9321471832
827	99.3695559024	83.1939267348	20.5511588731
828	48.8299122302	88.6721856539	20.3565889047
829	38.0062906984	108.982854325	21.3340431683
830	41.6125001072	112.142843791	19.8296278138
831	55.9121928644	22.763461254	21.3423134267
832	94.6753682258	35.9947550826	20.2184276474
833	28.8272622859	39.8830487881	20.3507465252
834	66.4283333729	51.3122904797	24.1557322266
835	25.431338554	116.230323728	21.3823128476
836	43.1378253398	24.3441307498	20.715145025
837	66.1933661322	31.6881275109	21.4572877108
838	48.0164319358	43.7425296051	21.5720460278
839	28.1440808463	45.3932612789	20.884359884
840	71.4771069101	49.1810977247	23.1340212264
841	41.703814673	55.7628396386	20.6958715857
842	87.1816172934	63.028152544	23.0467860717
843	93.1267054321	80.8226356085	20.7094702937
844	32.2314017687	82.7087119077	20.1752424295
845	0.873840970206	110.01539312	20.3415003025
846	66.2901569874	111.528899178	21.2677956737
847	55.6114899875	121.840375651	20.2176800626
848	31.5812525623	33.7678087767	20.1111619131
849	35.3625842945	56.1799663339	21.5287601806
850	67.6679707193	63.7208662119	21.9837037098
851	43.9111812862	73.2950075578	21.1985794054
852	88.2141375241	84.2734450484	21.6569014253
853	11.0455046297	102.496208149	21.9142137479
854	44.6563400959	121.154130216	20.4073145895
855	73.2657671832	25.0365624586	21.9088176752
856	36.1911887991	40.5457347736	21.6885126013
857	95.1417078312	58.2447137351	21.9407874796
858	85.8118094809	69.6130740569	22.2775596428
859	103.658486309	71.6556083049	21.7510428992
860	36.1461703099	74.2556176593	21.0374249159
861	35.8942377068	77.3489377619	20.9257470976
862	77.2792861077	93.0720208723	20.5926778362
863	42.4035373325	94.5213572558	20.9862528868
864	62.6485141304	114.336124391	20.6662711915
865	64.7806659139	58.912295479	22.2366082201
866	94.8052280855	76.0598136717	21.7797064012
867	24.6646332428	81.2580829668	20.881990352
868	73.4092472055	120.400093946	19.7053099164
869	27.4559529132	50.9499304864	20.831204674
870	38.4186500226	63.2211485706	21.6322701061
871	78.8932260863	27.4360610225	22.2898591096
872	84.0342633591	29.3137968567	21.9174621966
873	96.2982898741	42.2285002084	22.3174806087
874	71.2674466039	57.7697080075	22.9050156484
875	64.4670324862	74.9283874297	22.5404491551
876	32.0388893681	76.9710234772	21.0873940678
877	87.6022626416	78.163012719	22.0890465017
878	42.1168604308	86.4096429415	22.2497503311
879	53.6021489893	113.381333415	21.7394592261
880	11.9976798103	118.308202007	24.3963269794
881	36.3033953675	49.8619585575	23.2059412295
882	82.0281969279	72.6972291566	23.47522434
883	83.0184702723	91.6708164352	22.3085919474
884	63.2899366381	120.465217848	21.4608585632
885	62.7691691589	24.2953172032	22.6071529535
886	80.4583178587	38.3754685128	23.1908815424
887	1.37142273456	120.131796721	21.8445213556
888	39.0979643786	120.857531776	21.8984087978
889	44.0538245513	33.6078527573	22.7778067179
890	73.825091299	35.8935559757	23.1369914732
891	92.823589912	38.2950359635	22.7828280822
892	76.2343106066	45.7151613602	24.2843254639
893	92.4585172902	52.1159567504	22.9708597556
894	59.6212423088	53.6452987221	23.1733627552
895	94.9770799685	70.8695108592	23.5104184302
896	89.5700271554	90.0569016	21.5147340909
897	6.38074731236	90.9320280535	22.1109009069
898	49.3766864597	106.354542933	23.8845813437
899	69.9659479004	44.1727576616	23.6448536255
900	50.709100137	46.9226343256	23.3810915133
901	88.5309267111	49.7013824211	24.8436588958
902	60.5388774995	60.487208614	23.7364492655
903	31.0440921956	62.2899873223	22.1492314172
904	27.2782986171	76.4367039924	21.5827337443
905	70.7579355046	92.7699521098	21.663113619
906	15.9726972911	94.0354563922	22.4895024288
907	30.8130270557	113.20883409	23.3063778353
908	88.2450784935	33.4063045151	22.9081108668
909	103.553671594	56.0603637634	22.6185728498
910	3.84957587838	103.962609036	23.1546565414
911	65.1458923754	107.381128684	22.3317848708
912	41.9966963596	49.554050105	22.7169329303
913	56.3557398268	67.986368128	23.8871579427
914	103.089752104	67.6984642456	22.9832673677
915	34.369861544	70.2951371701	22.9420447785
916	42.2429193821	78.4262242632	22.727524902
917	69.7225215837	79.9136152317	23.9856347303
918	56.4878363689	98.0400042607	23.5683903042
919	57.5981387608	105.918720072	22.7946872475
920	68.6973403726	25.8052155059	23.5104009831
921	80.7793763026	31.9955341903	24.3589164975
922	53.3501031296	32.028657482	23.1253962465
923	25.7483065682	94.1714821913	23.5532612576
924	33.0515135719	35.7232413428	23.1574242167
925	75.1383757214	71.1594725958	23.9035379203
926	7.73026390603	77.1951311131	23.0919773829
927	83.5130885606	85.3791416741	23.4166795331
928	56.3013076304	89.1583724498	23.5444922018
929	33.2631708183	119.194502552	24.2041868752
930	47.945390802	26.1998054796	23.8444077279
931	69.3989746307	36.0409957883	24.5658635185
932	84.2085140803	54.8381337911	24.9403353498
933	43.2735289439	66.0029706958	25.0279893056
934	13.8953712007	79.231993825	23.410093507
935	42.3056690927	103.804949345	24.1392669663
936	79.4007539107	58.2933995207	25.5229502762
937	103.51995698	61.9375133705	23.7209500637
938	93.2156113783	63.9617367488	24.726906681
939	60.5100596406	71.1880808189	24.9133053577
940	50.7461795537	78.7172978934	23.4526714257
941	65.0374004601	83.2979692629	24.1617776512
942	69.0594136241	120.995415182	23.9767413116
943	62.6841536628	36.4682607873	24.8389405336
944	81.6883185429	44.2058386389	25.9295044798
945	97.9459557348	47.2065183778	23.9764833887
946	50.0027587242	59.2471567495	24.672948065
947	53.2874976646	62.8932140242	25.6239414354
948	48.0915710868	64.5487562667	24.2163908337
949	73.5876951542	77.6845811183	24.5502832769
950	48.6202094751	91.6323617915	24.1534106957
951	67.9982733548	103.130564052	23.0733007053
952	38.1310450267	44.2433373216	24.5067224658
953	50.275915753	52.239992236	25.0039351148
954	27.5719878894	86.0062029732	24.5408393799
955	62.3620801768	95.4089401041	24.1227971792
956	19.6242520032	98.036735435	24.2040949604
957	22.0274538363	106.803113752	24.6726635834
958	46.5390957278	119.717500033	24.1127289816
959	54.1797851783	35.3465765948	25.2919475151
960	99.8460670069	79.5280263495	24.1388400394
961	0.593514151581	82.3595447357	24.4450617005
962	3.46893449883	96.0837761203	24.7328814732
963	30.858185335	105.43748957	25.8288845877
964	71.5264746364	109.994877566	23.7589193129
965	93.7728033303	43.7985336377	24.6745502929
966	57.7211476826	47.8529873377	24.452383613
967	99.2618020337	51.5860487455	24.6256592795
968	91.4925107575	58.5059646456	25.4759874683
969	2.46134049688	75.2557407478	23.5788917572
970	52.8015276062	26.5300517413	24.7835254787
971	39.4694475608	28.9074218948	23.8222490347
972	42.8463285834	59.3654117179	25.6470807413
973	72.1713661007	85.0933750421	25.6713365748
974	13.6957301818	89.5191008258	24.8754360529
975	46.0955452026	40.6403428255	26.0812971661
976	42.015548982	41.037042695	25.7329709771
977	81.8142925578	66.4127664027	25.6302442502
978	47.3529277855	69.081530979	26.0448425318
979	69.7769161812	70.9657131593	26.5357419887
980	90.4492543016	78.1289807903	25.3934431841
981	36.7715048948	80.9822753309	24.7691312092
982	19.7396662073	89.3744320868	25.0206795447
983	25.3512130658	97.8292835978	24.5300142598
984	73.3076561028	115.502435302	24.3816397944
985	74.5501308006	30.1268741793	25.5815595135
986	30.3024686496	54.7022453964	24.7797103642
987	79.5345114192	77.0961580968	25.9583059211
988	84.2882066939	81.3344798327	26.619180701
989	34.9928821397	92.3348096827	25.5144627109
990	52.1725620671	39.8666330207	25.6291538736
991	58.3917245575	79.1268878274	24.9603699768
992	50.8892554438	83.9287333298	23.4596320694
993	36.3527515945	116.223919904	25.7534794799
994	54.5145540262	119.65263862	26.3718496743
995	87.6475785628	36.9706012375	25.6538833289
996	100.683611111	57.344098934	25.2281149052
997	100.298477107	73.4852928725	25.6274932842
998	64.2992615777	89.312163912	25.1133479694
999	49.6921756337	96.8828904952	25.2183445261
1000	11.3759586967	106.21728995	25.8822427255
1001	59.0654243652	64.7002764431	26.9480025855
1002	52.6958232957	74.0639475066	26.2989033024
1003	57.2449820473	85.391043383	25.045854833
1004	40.3110505544	89.2089394996	26.0256003049
1005	29.5575150665	99.4040069701	25.8166947099
1006	38.5965158602	99.0872960285	26.561225898
1007	0.906536682125	100.497379711	24.4520710371
1008	49.3799965305	37.157134612	25.8516817082
1009	39.3127805929	52.9868628764	26.5655101296
1010	77.3440313992	63.7753547125	27.1902211209
1011	42.9338576108	83.0707186595	26.0127881558
1012	77.7227297284	84.0944064914	25.9900643927
1013	59.0577362868	27.166350625	26.0102676822
1014	56.6261067687	56.7970593607	27.1545145968
1015	0.767010745135	89.8455319128	25.5653742335
1016	55.3948227853	100.519216313	26.4405550597
1017	14.3868158968	108.491529205	25.9002415386
1018	42.8565169947	29.3242427169	26.12771865
1019	59.3390392953	39.9928765171	27.6553602032
1020	72.5698155773	41.1579245277	27.1368318857
1021	67.3740560466	64.1614312885	26.7861929406
1022	34.8447459091	65.2970865967	26.2085926842
1023	100.245634285	67.5383584675	26.5662651312
1024	64.3199843625	68.6108999706	27.6750781369
1025	46.2664787861	78.4302899393	26.3521617016
1026	21.8340016108	80.7201550504	25.4319315904
1027	62.8757826536	99.7846928222	27.0399188489
1028	60.786433211	118.871648035	26.387596409
1029	67.1096095	118.879451864	27.5494557417
1030	63.9993262542	28.7237463768	26.5987134067
1031	38.0568800123	33.2301889032	26.3927786188
1032	55.6352216053	43.458938782	27.7024059894
1033	61.1430717558	46.1872846204	27.112089326
1034	33.0654522445	58.9985775577	26.6923148757
1035	72.8574508279	66.5326042017	27.4235411164
1036	89.2823551343	73.1887742737	26.934203205
1037	94.391638784	84.0512965467	26.1084347765
1038	1.81371906604	112.195884341	25.8802769153
1039	62.6564872389	52.7645272201	27.7380541895
1040	40.4003647959	73.6572990563	26.6307690101
1041	4.25496194485	81.7176462191	26.2051145888
1042	50.5426483446	87.3956409209	26.4435057815
1043	21.8782513523	120.888678605	26.769014287
1044	91.2343458684	42.7483176288	26.6706254293
1045	42.9449662881	46.5429429857	26.9572485321
1046	63.4388086008	60.1932442088	27.9942695512
1047	88.4893855844	65.5472708703	28.0756691833
1048	6.74299698063	90.8221352822	26.334030079
1049	76.4155445007	90.5845106928	26.6594139049
1050	56.4834245494	92.0294229316	26.7827130038
1051	1.90964651553	104.119034347	27.5961402883
1052	55.2636037623	113.562379823	27.6265876923
1053	80.9399968312	35.0687502218	27.4382544092
1054	73.4263153092	59.7201915021	28.354605546
1055	99.0405478601	62.7752299333	27.7546601971
1056	81.1937761412	72.4962184237	27.4410993304
1057	29.8984148596	81.9158495675	27.0288488692
1058	23.9577618111	115.451259009	27.7377739248
1059	68.9915591158	56.991718957	28.4631946934
1060	88.9110914145	87.0694717073	27.3630088819
1061	59.6575715757	105.872503891	28.5207042163
1062	42.6638668752	114.41906549	28.6782522161
1063	33.4121761086	41.5707395699	27.1234370688
1064	70.6310255026	88.5152961519	28.7007337424
1065	15.289510208	121.780502934	26.9640269689
1066	70.0682852928	31.3549572032	27.7592695114
1067	64.7216009576	42.1295126462	28.705387393
1068	46.3261885545	94.875511381	28.3008832983
1069	4.10626016571	119.009597441	28.144092458
1070	36.2983762994	37.3199252381	27.3847536529
1071	93.9396548368	49.0934793798	28.1599125709
1072	32.6341750922	50.780189503	28.2573904324
1073	84.6174684045	59.1236628599	29.1287105856
1074	85.3077134607	68.9443409554	29.5507488778
1075	54.4379920344	69.9271973996	28.9746981891
1076	76.0805711649	71.1852537896	27.9705411546
1077	85.9840940972	76.0481396726	28.725277322
1078	63.9449740889	112.531997704	28.901617458
1079	26.5325871371	120.957515597	27.5412446632
1080	87.0562201692	42.8870230647	29.0566293402
1081	46.3715334397	47.8562198058	28.5609957575
1082	28.1087203193	90.8098824367	28.3760543955
1083	33.340395356	111.95172965	28.4750255905
1084	75.0933688772	33.948508939	28.8691627153
1085	51.4290968176	44.2947102711	28.7901444604
1086	79.8586032407	53.2274478886	29.7503313337
1087	95.2669405475	54.9525779203	28.7261106355
1088	45.5576794164	55.618334102	29.0728724942
1089	98.0593291528	57.4196446844	27.7847987403
1090	39.0115308294	69.4085444659	28.3581729111
1091	9.99192841254	83.9797970036	27.8788855567
1092	40.222419112	120.195957041	27.5345644913
1093	74.2342038085	120.918563547	27.7769495413
1094	46.766138608	31.4671629442	28.4880595509
1095	71.6961724764	47.0815100574	29.4658328155
1096	56.9236185078	48.8136383384	29.5156707657
1097	76.7231129334	50.3379117107	29.819374334
1098	80.8987216459	39.0736633894	29.5440631858
1099	84.6928380816	39.3888987247	28.5953929969
1100	33.8648085577	45.5315916013	28.5872581152
1101	48.6051262871	61.4619489774	29.2850913167
1102	74.2525292353	76.8780193405	29.373735687
1103	96.114764779	78.1795283571	28.4034166563
1104	52.4242701851	80.18733249	28.5666757853
1105	55.3715549451	109.709810842	28.3672955689
1106	69.7815209795	121.834732516	28.5252254007
1107	51.5334604097	31.7856134161	29.4601246537
1108	80.6647263051	62.1275424998	31.0914587068
1109	45.8134002112	74.765123817	29.3298724871
1110	61.8936452691	76.2056349706	29.1039175321
1111	3.90848306888	86.9667945987	28.6262070762
1112	11.9199912171	98.8668090867	28.3326436035
1113	7.79005872672	113.78152639	28.5814238154
1114	65.0482703468	32.6309485231	29.3198470126
1115	83.6623606105	87.1453960694	29.6666612714
1116	67.1149090446	106.400466629	29.3370902855
1117	89.8628844865	48.4412156501	30.2272039795
1118	35.3618306967	84.3435801867	28.8615296071
1119	46.3017823047	101.430569281	30.2631976849
1120	58.1721426921	31.388014661	29.3383172049
1121	50.326083337	50.5208074413	30.1658150164
1122	46.8658923798	119.677620919	28.4917177414
1123	42.2102088278	36.4994813254	29.6659574655
1124	77.2538697149	38.7835245522	30.2267631292
1125	96.2481781701	72.2748298353	30.064691805
1126	63.3241553024	84.3636180952	29.8755436987
1127	23.6380317512	94.2131418812	29.6315939691
1128	41.5011591225	93.6903854807	30.5898575225
1129	23.0834366578	102.354301367	30.1248619303
1130	54.1554885412	104.029351142	31.2128010419
1131	77.1522659444	80.9785927699	30.2363249595
1132	39.9027003782	108.976529336	31.1077194554
1133	29.5085227112	98.469355947	30.2898468107
1134	17.1933563697	118.873494471	30.1607993817
1135	93.7275845675	61.3158581707	31.056644214
1136	38.4627601148	63.3457140275	30.0320719266
1137	95.3558789821	67.4733352065	30.6635080751
1138	68.622668015	77.3329762033	30.9463505551
1139	14.343025214	90.9510694601	29.4627308913
1140	0.492004543914	99.1694489738	30.2021523498
1141	47.5820192859	113.415679589	31.2449653862
1142	38.7107103161	41.9233182259	30.5279127833
1143	65.4745690577	49.2028569409	31.8866917897
1144	91.7486719816	54.9195810368	30.3728418815
1145	58.4418460673	82.1523348338	30.5099068605
1146	89.7856527723	83.6304009102	30.3729054512
1147	18.1875600924	95.0242947581	30.5136942548
1148	7.27042537771	104.013469345	29.8149285456
1149	69.8168403206	52.6112615164	31.9240083755
1150	78.1082897099	68.1734727426	32.1623701011
1151	52.4898035047	91.158884763	30.5631749782
1152	19.3827346158	104.311060116	30.6338775272
1153	24.2947564345	85.323629719	30.5553449254
1154	35.5617819308	118.073010755	31.2262755706
1155	88.5906044426	54.5396802908	32.0510132567
1156	52.8700054841	54.3706817058	31.5289169155
1157	37.2677528366	56.3669713941	31.0055374059
1158	91.2520796094	80.2117710286	31.2978861974
1159	34.52517604	92.0853121529	31.149154112
1160	23.4317916599	112.290498425	31.3550703764
1161	13.0578212041	120.096402391	31.56397537
1162	72.9013658869	38.206307867	31.6486764144
1163	81.2242878509	43.691040761	31.6563016966
1164	84.2904443237	47.3814162396	32.211002444
1165	59.9673420218	52.3847785038	32.2412755973
1166	74.0372657753	61.7793742083	32.5195926966
1167	81.345781322	74.2627124602	31.6216810812
1168	54.9315170485	78.9581972946	31.1063159234
1169	13.56912781	86.5113346954	30.3623030364
1170	30.9057544563	105.906175577	31.4311942878
1171	69.0998754298	36.464119553	31.14743918
1172	38.0184088074	48.0097436572	31.3232967128
1173	65.3362816436	72.2779730526	32.1915025609
1174	46.0152594386	88.9670432877	31.0941352928
1175	62.2636100081	101.540749771	31.6003996372
1176	15.7458539682	108.914964766	31.3800230933
1177	48.9241811182	119.312741634	31.7264073838
1178	52.1870769769	62.1184170725	32.0509391014
1179	18.4938254279	86.4185750308	30.9073560039
1180	41.5605131026	87.0896100334	31.6684768724
1181	78.3847139876	86.9832833922	31.6948318517
1182	64.0722021735	36.6561963984	31.9244847707
1183	46.4040621847	37.9914835153	31.8816441247
1184	56.7218073983	65.6455080461	32.3828598765
1185	70.2496302114	73.0377813732	32.5787571273
1186	2.74222231069	93.1490978531	31.2009531688
1187	30.642298753	120.167515001	31.5726153446
1188	58.3853022838	35.6044545664	32.0207615396
1189	52.0730421916	37.1196205558	32.129802425
1190	74.7397537317	43.0679659935	33.3341669692
1191	77.6634115882	43.8754473634	32.5696252839
1192	65.3890866287	57.1943124931	33.1053673902
1193	70.7938468182	66.9094022349	32.912658534
1194	44.2746747719	67.9749102555	32.3424648694
1195	60.9932982368	69.0325291183	32.7322266892
1196	56.8038635586	97.1112666487	32.7104051062
1197	62.111054557	118.851090725	32.4071535657
1198	58.5419389476	60.5519186864	32.7571187694
1199	66.7385401081	64.8176192718	33.2426456588
1200	70.0130266336	59.3146207605	33.131338942
1201	76.5695601162	73.8503884143	33.0174264648
1202	91.2018728276	73.1219641578	33.1846069292
1203	42.1796033543	43.0700954482	32.6690700177
1204	61.6814466039	57.2929287159	33.0130794209
1205	68.0286885184	83.4167617209	32.3458170341
1206	11.4449120766	111.375823109	33.0193285098
1207	6.65536393867	114.061600701	32.9159565013
1208	3.62414517989	121.990151767	31.7984126984
1209	85.6817822536	54.9275813337	33.8699503104
1210	42.5173926776	61.2060385993	33.0775440717
1211	62.4025541736	62.9523601958	33.4304234215
1212	91.3894533004	77.3720649163	32.7765394879
1213	8.83838266961	91.8939472358	32.670276336
1214	56.5238677708	40.2344597024	33.501451518
1215	85.8816747987	50.5429904026	32.8457184806
1216	55.9628658975	56.1800033784	33.4091757817
1217	90.9033632199	68.2929912439	33.8583260504
1218	47.2343386477	72.795571977	32.4182655715
1219	11.6743466711	98.8601907466	32.5729088035
1220	36.3846760707	100.602128943	33.5190915786
1221	48.4448325395	110.626735994	33.3800122705
1222	70.4183177321	116.73583277	32.9831830083
1223	89.0568792256	60.7783141869	33.7796541887
1224	52.5996457207	75.5301269019	33.0428346326
1225	55.4823018232	119.770904054	34.2003859538
1226	58.0792440887	43.8107277508	34.0969361467
1227	50.7072699498	41.2131785091	33.746190258
1228	71.6778222312	43.5283446509	34.1358140361
1229	59.6429038363	78.9724787931	33.4956921729
1230	3.87002948243	97.4381634961	33.0135675195
1231	40.0583124148	120.954159985	34.302789167
1232	41.4720317222	49.5882783467	33.3563492063
1233	51.0998077249	70.514569687	34.4507299836
1234	85.9816482393	80.5262758012	33.8562209369
1235	31.439964118	87.6421200163	34.1458433856
1236	42.3017625577	107.097514564	34.8388392857
1237	23.0835513111	120.013004125	34.1388047843
1238	67.7055958656	42.0179643138	34.3865927907
1239	45.8953646107	44.7128409083	34.0761857708
1240	62.2958411426	40.9752568564	34.5665830857
1241	73.4756421667	82.9439186502	34.4223059017
1242	41.2305222804	96.0857830692	34.8601253102
1243	48.3577956962	99.714515269	34.4902804466
1244	33.8485035142	112.178485635	35.253365029
1245	81.5183514666	82.3094437716	34.6317603384
1246	2.52807355885	108.89729512	33.8694865966
1247	56.9791624126	111.776991864	34.8440132772
1248	9.25855392552	120.42718834	35.1264223145
1249	41.1264875815	55.6046252775	33.7756699768
1250	52.0286990098	95.3060812969	35.0450482035
1251	78.4127250313	47.5009657594	34.7491971199
1252	47.1812428118	50.0327919223	35.2240875312
1253	25.2537752526	95.7254653657	34.4300265211
1254	68.4738661096	112.963966314	34.9429907464
1255	80.5096178931	52.1040524666	35.5668619942
1256	80.0075970863	59.3420154879	36.381484069
1257	37.1564877099	88.9861061424	35.8013996837
1258	70.9122283611	121.39230089	34.513416346
1259	86.3015715325	74.4946274692	35.7505816119
1260	20.388680196	101.228704765	35.6650855795
1261	4.30267401505	103.383845494	35.1129822962
1262	52.0395031596	105.757895319	36.2340306977
1263	64.3250493549	107.96292732	35.4729118213
1264	62.9042661224	45.0088317812	35.7950248195
1265	49.4299525817	45.4485971583	35.026993606
1266	82.4388700548	57.1429626396	35.76312932
1267	47.1427098246	61.7350971963	35.3343172723
1268	87.108567365	65.7224526288	35.6832730191
1269	59.5689550961	74.8690511866	36.0104074402
1270	2.68676613544	115.396732658	35.6177631196
1271	53.5567567807	47.447976421	35.9006065448
1272	44.0832212465	55.3655190124	35.341426447
1273	28.8947418878	102.717339372	37.6073735387
1274	30.7525991307	117.293463527	35.4633514069
1275	48.4937419327	55.3486272741	36.3547348958
1276	21.2142272548	91.3123720994	36.1016447368
1277	15.1961279383	106.377136461	35.6976906551
1278	25.7939580077	108.828382013	36.4582979127
1279	16.2582260367	116.285790477	35.6661920708
1280	51.3035453057	65.302281801	36.4293102482
1281	85.3755146513	69.094291396	36.3542788541
1282	64.5540971075	77.9564409944	36.013202961
1283	9.09321139397	97.3338729981	35.9258952281
1284	59.9906008963	103.231813847	36.7428188557
1285	59.2420367054	47.6097901084	36.4897624508
1286	84.0260197906	62.2736256481	36.4778958834
1287	47.7189894171	93.9063642587	37.2028479081
1288	74.607013324	50.03260808	36.362211193
1289	75.741408585	55.582622459	36.9313793347
1290	77.0178975351	80.1894861697	36.599866837
1291	30.4741447097	98.6878432541	38.2054047722
1292	15.242210453	95.7833085368	36.7136712241
1293	56.8041057107	50.455087739	37.1053103885
1294	3.96800649543	120.275080249	36.9099753589
1295	70.1215801247	52.8939585327	37.9151338635
1296	81.4579089554	75.9189750938	37.5907809562
1297	35.7542505502	97.7540893878	37.5268019349
1298	68.7098595213	77.4459167496	37.2947390946
1299	21.9253223279	115.456227957	37.5111189192
1300	61.4543559337	117.73526419	38.1400940065
1301	66.9639595689	48.0737349005	37.529378384
1302	80.0034839841	64.8550134751	37.7865417795
1303	82.0617217767	70.3182889926	37.8217830783
1304	26.2830718719	91.1249042909	38.0498332229
1305	35.6013652726	105.361607308	39.2159384571
1306	70.3474204646	48.1608779728	37.1585689337
1307	51.1627973697	58.41315138	37.8148101235
1308	74.6851045222	76.789104404	37.9099756243
1309	44.6896223034	117.158831848	38.9255119557
1310	55.7040948609	67.933376866	38.0676017508
1311	57.9036614112	71.9961645993	37.447539627
1312	46.5397466419	107.382029361	38.9101868249
1313	64.0594156417	52.4445094945	38.6641295813
1314	75.1049950042	58.8185563067	38.2029562114
1315	54.0162221579	53.9739030571	38.4061365927
1316	55.9721886855	61.8578027586	38.6314797096
1317	74.4849996582	62.4277838192	38.792238548
1318	77.7351644985	71.1458688459	38.6132304535
1319	49.7414572734	120.976807781	38.9345478211
1320	59.3051737247	57.7883048682	38.9665038253
1321	64.6640810356	71.8230929475	38.7650479967
1322	41.2781259438	101.943203606	39.7463758156
1323	30.0551381328	120.096866732	39.4557277782
1324	60.1243113382	52.8337519536	39.1600385297
1325	73.5330951713	66.0062517999	39.5133069441
1326	60.7199780656	67.6571961233	39.1985705602
1327	69.1155717175	70.030664079	39.245854379
1328	74.0946999493	70.3541728836	38.6160718949
1329	43.2147887436	92.5078561341	38.9820866602
1330	9.1159556989	108.178231543	38.7366551635
1331	51.8252173466	110.939325307	39.8043426875
1332	72.6716153653	73.9203308055	38.6898626792
1333	53.0975562519	99.6417987356	39.6112046802
1334	38.9631940338	116.205904112	40.3846374898
1335	69.244385626	55.9920650824	38.8627335502
1336	68.3364442334	62.0986265001	39.6924570858
1337	63.3442713452	64.8558344196	39.6338252315
1338	62.673870597	110.218656552	39.5777317387
1339	32.5837187594	113.305029111	39.4961157357
1340	64.7241409195	59.3495746584	39.8054220994
1341	16.3216178794	120.701581986	39.678633808
1342	15.2583372404	114.865522805	39.2854351488
1343	46.458694078	103.315824464	40.6043945254
1344	32.0454419394	92.9357854807	40.4274957969
1345	67.2782965465	121.367546596	39.6304730898
1346	52.3308592554	116.31164093	40.6550380686
1347	21.9435683801	121.414965225	41.7388686697
1348	22.7869033053	97.7524740126	41.1590761739
1349	38.266327169	94.4598733764	41.3611833866
1350	57.8832871558	105.88373397	41.1826778277
1351	26.1839487304	108.397631849	41.5112249388
1352	14.8031876829	106.009975438	40.8299749763
1353	21.7516951834	114.79518712	41.4056111661
1354	9.90680533054	116.221046769	40.8821337464
1355	18.3111473214	103.707276561	41.3787373824
