1	66.4265375531	51.9718240966	25.5971336868
2	61.3961743072	8.20432994602	1.81807600989
3	69.2474479404	7.44994501389	1.48056421124
4	56.1923606659	8.16997762936	0.890239730068
5	76.9084677977	9.01824194389	1.59455388303
6	49.6667108269	11.0145567606	1.21409951264
7	70.8394779929	12.3758925024	1.10998616314
8	65.0392911668	13.0945356527	1.5045781587
9	92.1078150717	13.2506140359	0.806394031716
10	42.06078763	13.8434376109	0.915441176471
11	79.509011049	13.2919385804	0.769283654169
12	46.8688272428	15.904084759	0.610737065911
13	83.4343733105	16.1605369872	1.76799837374
14	51.0033127421	16.1880845772	1.39236856651
15	54.080338559	16.1591478189	2.89334431961
16	35.6407813992	17.8030045298	0.768422242315
17	97.0591010459	17.4228165688	1.24084156059
18	63.5665893684	18.6655088966	1.21505511222
19	72.0925221365	19.1001864631	1.15533041173
20	87.5083521935	19.6295623367	2.62714696682
21	57.1432855828	20.5017938293	1.22602733744
22	91.6398962098	22.6155029584	2.9440025062
23	82.3543910751	21.4456146587	1.01176529636
24	101.172119365	21.5927863993	1.69584881504
25	68.8484981626	22.923035956	2.3039688378
26	78.2316056818	24.0200002619	2.36346304712
27	97.4231441253	24.636704062	1.08674758846
28	103.864438011	25.4742115327	2.02748256955
29	45.6950558949	25.5769637162	1.81144327521
30	86.3056772963	26.2709520157	1.28681649932
31	28.5906730817	25.8215900701	0.649612171838
32	54.8921387942	25.8812665617	2.21468856676
33	59.5061465571	24.780422057	2.13798313117
34	74.3660748073	27.0288255129	1.01934297241
35	92.3324288066	27.5439929005	1.56048283096
36	42.4294469873	27.2141977975	0.482297096054
37	34.2542418895	28.0313223218	2.30562612562
38	51.9256197018	29.0704509862	2.20849170437
39	69.5970833013	29.9156658063	1.41756530541
40	108.046799798	29.823543381	1.08831356072
41	103.483351259	31.778095913	0.924640062736
42	78.810092345	32.0052884173	2.15608823529
43	58.9478306243	31.2822710227	2.59195540061
44	96.1741764657	32.4712215216	1.04707299457
45	56.6681933161	33.8339109427	1.40107252433
46	65.2296825755	36.1259540045	2.36181730137
47	38.3582820068	34.5799643516	0.47517986912
48	112.17251736	35.378543538	0.600330592627
49	92.1721631775	35.5074201769	2.75523312391
50	80.898901526	36.0469766141	5.44355599241
51	52.2272012888	35.6947250684	0.866254437754
52	44.8125172305	35.5601107532	0.552301375095
53	100.914195153	36.4924989931	0.671624414239
54	27.2394894697	36.7479378532	1.22472660297
55	31.758634224	38.4536356965	1.00701865555
56	56.7051744388	39.2573778541	2.27813650311
57	40.2729488179	38.1989954161	1.25705357143
58	96.2172558594	39.4272375114	2.85044453634
59	74.0840258706	36.5112466823	6.88187130994
60	49.4757949965	40.7056496898	1.79010180995
61	101.933424279	39.8504445222	1.78898562285
62	81.8792274652	41.2499433694	1.69842712974
63	114.271110988	42.6493228082	0.608023592096
64	38.3478842264	41.7270344936	2.59312621507
65	107.032747757	42.7354848887	2.87816099445
66	66.2127773938	42.8445907057	6.18093882026
67	21.2808897292	45.0258576983	0.709638995785
68	79.2980922066	47.921916238	10.9826313798
69	97.3956774843	45.1618938448	3.32357482958
70	102.891350018	44.6192024991	2.3048586341
71	57.5714553509	45.7823973509	1.06870410451
72	32.681718644	46.0074025113	0.65127578879
73	44.7992973202	45.8388712509	2.42682638157
74	26.8982735193	46.0767877074	0.962194972033
75	90.7398260244	49.7259112024	5.89195584066
76	110.758506556	49.0673328622	0.750226354896
77	102.257183779	49.7221083352	2.89552632485
78	66.4418316659	49.583540102	6.43484706369
79	38.0894832408	50.2486081521	0.642605470082
80	53.754031025	49.5242272375	0.93956407563
81	115.629231143	51.196834533	0.850462461627
82	96.4821552888	52.1004140447	2.66422440862
83	20.6730497168	51.4968953137	2.00611391264
84	89.0091428828	52.4584576334	1.96792466641
85	26.4847490846	51.708730576	2.13769072066
86	45.4372028265	53.3113410097	2.29789086687
87	56.5529051926	56.1104904095	2.61461675925
88	63.2340578202	56.2538289392	4.13062872628
89	73.0558485959	54.9441456855	9.90570360065
90	84.5214045797	56.4455423411	2.59001624393
91	102.484965304	55.466621073	3.74498801293
92	37.2101258913	55.7086122522	0.699207161125
93	40.9252608179	57.5662987895	2.25486604124
94	24.2452065926	56.2541824492	0.374832039415
95	115.904208712	57.6718015367	0.730700383718
96	50.5004736102	58.6315531643	3.77108960893
97	94.7051540124	59.6749031035	2.720995671
98	44.5376938593	59.7329005253	1.78278766122
99	102.575013468	60.3376284323	2.55028265055
100	10.4214489462	59.5520570161	0.653391840607
101	14.7610688352	59.5105315341	0.721703955646
102	24.5043088267	59.2205532439	0.403464453266
103	80.9515022139	61.874102099	2.50910530368
104	1.71410861111	61.1650175833	0.819184928874
105	33.1201057796	60.612984484	0.807438432786
106	70.9746543827	62.8966198901	4.20299978532
107	6.33517348798	60.9764671324	1.39763939684
108	109.563528098	61.7052120893	1.56067894447
109	53.7042284173	62.9223584173	3.18463408358
110	96.460416996	65.0949088516	1.4127495569
111	39.3626745317	63.9658009753	1.22195119607
112	46.0564396136	65.2602975835	1.0081681351
113	24.7810936743	64.1204670481	1.7908074451
114	21.8543121113	65.0870182205	0.99102605797
115	29.1353999155	65.8814312573	2.93198634803
116	61.6530455985	67.8872125274	1.88119250963
117	77.3206366436	66.2211304041	3.11562181839
118	6.69002388956	66.7017968615	1.70940570894
119	15.4486126824	66.0853071809	0.480556052208
120	19.2461962867	66.3280791752	1.31919047619
121	1.92931651799	66.6222036204	1.14970444213
122	107.502018651	67.9202822693	1.98420936208
123	12.2099517987	66.8877782791	0.950817487116
124	41.821704584	68.8513622494	1.51325681636
125	50.1348573665	68.5214344792	1.95981588228
126	82.0132771775	69.6143432295	2.51118408528
127	96.1202098708	69.1412633026	1.27297235384
128	23.5244398378	70.1556807777	3.59039952823
129	33.3444094015	69.3037311109	1.46420334152
130	54.1489397373	72.4063416826	2.31949216916
131	73.253478367	70.5626394019	3.1289905854
132	89.7482444345	69.8900205914	1.85730972633
133	68.4911127672	71.1885399243	1.93383548541
134	100.964679906	71.5023747655	0.956958393113
135	17.9237810826	71.3013351026	2.1977801898
136	46.5887571293	71.7582494826	1.42175950026
137	36.6525625147	73.1838579266	5.61341537555
138	105.600243776	72.2557665875	0.790947215388
139	110.154780431	72.8422458533	2.27561476355
140	3.38519067444	73.3560455947	2.26529346578
141	62.4907673467	74.6576723885	2.31140016373
142	25.9296805957	73.9551800295	1.81613307268
143	94.0720001521	75.4354214549	1.18749764057
144	31.4315588702	75.8336694102	5.15723832064
145	87.4151389067	76.0498139013	1.65961220953
146	103.452933945	75.2490675494	2.78346340625
147	41.9808988826	79.4377769537	6.03377246895
148	9.03112309859	76.6588382496	0.93604667219
149	72.6745714297	77.2988699596	0.500950299344
150	20.8472211138	77.797118367	1.59890390685
151	56.4444374345	80.7150326761	4.88734060585
152	50.1831830851	80.9341592438	4.96532938186
153	76.5826672283	80.1912639152	3.39025342633
154	105.426504213	80.3609492695	1.61329792612
155	92.6791004094	79.8780468058	1.39308131661
156	65.2982113955	81.257949098	2.55309005612
157	71.9163177295	80.7415149447	0.92681412729
158	88.5792403742	81.7698525547	2.61374294374
159	11.6989076059	81.6945543293	1.98825717143
160	69.2839399731	82.2760035125	1.47823529412
161	1.50476626958	80.3674959627	3.1554444574
162	43.5803848938	83.0661144823	2.43426745446
163	56.7050246773	87.3449574436	5.02461347739
164	19.5280760576	85.0760980915	1.63347432759
165	5.74445591993	84.3255763251	4.11622246754
166	73.2242145439	84.9829585078	1.13664438217
167	49.4316015499	89.1481684847	2.23925464225
168	15.4486815709	86.7431988652	2.04503005582
169	99.873129157	85.9313853607	2.53082019869
170	91.2225232435	86.9536811932	1.04218590116
171	68.1515760481	85.7738456383	3.44172456211
172	63.8502447724	92.268976719	4.79165407447
173	1.63468815491	86.124085868	3.62600920262
174	85.446413179	88.6795252734	0.402246083619
175	36.0795235605	90.1233560975	2.55312126659
176	28.4166199918	91.0373539678	3.21596838775
177	42.788460978	90.1356015885	1.11789999582
178	81.6887585922	89.8762719409	2.16227750466
179	3.80793547455	90.5680850293	4.376729365
180	25.5684144012	93.5445481437	2.69460171353
181	19.742960961	92.6518877856	2.60078632996
182	0.773679971154	92.8150238494	1.78069852941
183	91.6170314901	91.9939357606	0.600347970174
184	56.7618466071	94.9512347665	3.75564998387
185	72.6063479538	92.7434310156	2.62231034736
186	16.6381473062	94.6782213931	2.01274891482
187	86.204845457	93.7731896387	1.65742809461
188	34.7884547725	95.2059850682	1.4088640643
189	51.5193706955	97.6597416404	1.81089306959
190	23.8178434199	96.8849205328	1.10490261788
191	28.0022486803	96.2908753512	0.841536397325
192	0.780657670713	96.6768956158	2.74295203666
193	33.605299	97.08083476	0.680138408304
194	80.862699259	97.9338572947	0.562987802818
195	73.1209407023	99.2298849435	2.58593913995
196	30.9658238323	101.495930735	1.40227034267
197	46.2703495722	99.5854892642	2.99675162353
198	59.6308894297	101.834161467	0.89111533759
199	67.1699293428	102.545596367	1.19140983173
200	2.72019593264	103.049919017	4.44293781383
201	79.1069405447	104.262480696	1.95422397815
202	73.9052965163	104.512780265	1.63767345473
203	9.15690089966	103.004933611	5.97368490458
204	43.5047979886	107.069766446	2.58702182505
205	25.7094689232	108.407186574	4.06808796011
206	50.4358235751	106.663629708	2.27616769182
207	35.6929416933	108.748481663	3.72152107112
208	62.0704544189	108.114229271	1.88855817095
209	81.3635908657	107.114648707	1.06614765607
210	15.7985132035	108.8075701	5.19431177809
211	55.2187428811	110.021943416	2.41160415995
212	49.9000564074	110.919099676	1.95108193083
213	44.6741854118	111.436769691	1.10181152046
214	60.2069421412	112.010793408	1.24967775457
215	0.913163824965	113.580114751	3.44737583656
216	34.112503426	115.316792656	3.24841766761
217	8.73434013942	114.13609974	3.29379778827
218	71.908767621	113.415170719	3.42549714001
219	85.2329711213	114.927795721	1.06520006377
220	49.3246697156	117.879489257	3.60356043181
221	79.9440479514	115.876825578	1.45356960058
222	24.2030077183	117.850229441	3.81263666439
223	15.5182487847	118.179653121	3.6438148044
224	63.181022656	117.690530521	3.79102959642
225	75.9113336432	116.794164589	1.1466843593
226	63.4381797115	120.696035352	2.14499006719
227	32.9950623945	120.890785357	2.07110202758
228	70.4714768427	120.799373093	2.64505268886
229	85.8089820774	120.866031629	1.87069852501
230	75.5256228461	121.641700684	2.1423798435
231	55.1131974202	121.933455146	0.53030993619
232	3.6296852658	121.7342892	0.996168582375
233	90.9315758324	42.9003045836	4.32680650471
234	4.5353853879	96.8748057569	4.36429665438
235	69.7142302018	16.0253619238	2.95033647565
236	48.5072102668	34.1424458687	2.75827761626
237	61.9336424595	63.3839314518	4.85501506728
238	83.9402162681	10.5523153427	1.82014095961
239	33.2987325683	21.2545423505	2.77318005702
240	64.7784693381	23.2814843485	3.9520014326
241	64.8314180726	29.3732681754	2.94335711109
242	44.1563580167	40.3999545716	3.81620839855
243	108.727418838	56.9591319071	3.65537308288
244	102.914383176	66.0704414684	1.95735814987
245	19.5480085147	102.026663822	5.40215448601
246	3.39832534288	109.035355216	6.05682219746
247	67.3049010005	108.852629007	2.72553565175
248	73.8105689364	23.267971898	3.65343062983
249	20.2671207467	59.1009550121	2.16459493588
250	59.435044445	15.1476985816	2.90776445638
251	78.9676942466	18.1218220602	4.35583850645
252	85.8650033935	30.010403963	4.71680160725
253	51.2612860933	51.2329787407	2.63298912612
254	28.8685589509	58.5839566946	2.94884049062
255	24.8156187629	83.2343833793	3.25226297254
256	39.0681517311	94.7843618986	3.96405494557
257	56.3842479699	118.935981247	3.01139861173
258	80.5073670417	121.402162803	2.58991891149
259	23.0211990289	39.1592041389	2.12446552021
260	59.0148967408	49.8215646724	4.43739473973
261	78.1447156949	74.1881909928	4.26180450374
262	82.5236994436	78.8597449196	2.81360842845
263	98.9152679774	80.1865411575	2.8911680552
264	11.7126870379	91.9112927682	5.68588907153
265	25.5804825684	31.6280193016	2.62436476235
266	101.665744267	33.4686044108	2.87586386122
267	88.4312271437	36.9319528273	8.4298569686
268	85.9615772461	46.8409856141	4.34911774264
269	88.9526563898	64.8960677816	3.3512616675
270	74.7593272885	110.611630757	3.52609995072
271	97.3245750488	27.6541820304	3.32743426341
272	39.9522632539	29.253868376	3.48123313308
273	105.85243416	63.5894338296	4.70224396277
274	82.3394785673	83.3974065229	3.28052321543
275	42.2802155429	120.69194042	2.80984518109
276	51.0212539223	22.0497162988	3.04848998532
277	109.885808141	37.1619338763	2.7273396183
278	27.2232622252	78.0628336476	4.56791309957
279	76.7399786864	91.494338093	3.29232564439
280	74.8584407718	16.686781639	3.48614951725
281	28.4613436122	42.3106671111	3.00979880203
282	33.8099846565	53.7439636465	3.31961624868
283	89.1616639722	59.918631033	7.19622521062
284	10.1945587094	72.8066328945	2.67431523626
285	31.6049132411	86.0310330188	4.12510833513
286	76.1320463748	86.9086517935	3.08649953419
287	107.451667242	50.1291201811	3.81928875603
288	52.8202099705	10.7580026003	3.18923557643
289	30.6811154447	32.6496450243	3.06780531376
290	97.4390231153	73.4539497556	5.06008123825
291	55.8595508524	104.166572088	4.44980920275
292	37.8048674789	104.531215944	4.32220421101
293	38.861965612	17.1076101313	3.32116975693
294	39.1965693308	22.7016783716	2.94451697128
295	42.0031373301	35.3107274695	4.20276565102
296	67.1543218045	38.1414123441	6.67039500765
297	113.265070716	45.5246950812	3.45237101586
298	114.018709214	52.7351329983	3.68019872814
299	114.134953151	59.7283620138	3.17311065348
300	39.3157208858	86.2684071402	4.51721091751
301	41.1348353943	114.47990721	5.20450426041
302	46.2829546675	19.5837680479	3.52471044822
303	36.4189756626	35.133549375	3.93889502441
304	52.2833018851	45.4082741899	4.6680320554
305	22.5528728718	89.631620294	4.3794876689
306	14.7265018108	98.8381157226	7.92404964785
307	68.1276275941	118.707563863	6.30813570152
308	39.875517017	49.374991326	4.20932288736
309	36.9428874632	59.5778621742	4.65589587674
310	17.5047253256	62.8174909398	2.96691841534
311	69.2212809787	75.3922619822	4.99022582334
312	80.7033397072	111.261324202	3.51782203352
313	88.4719784708	14.37010876	3.83456614864
314	111.425655641	66.4770735004	4.25012875002
315	30.9496107369	82.2522548936	6.20075352455
316	62.4410409134	101.551395163	5.54509658174
317	45.3500781225	13.8970887308	3.70943274763
318	98.6263951027	35.1664228484	5.21211765784
319	34.8635656503	46.7916454682	4.44859938961
320	15.0064180527	76.9025388426	4.14643392768
321	56.0899189077	19.3037722015	6.09389717081
322	94.3136303911	53.8752215221	8.49193121003
323	99.2730147294	67.3711637945	4.69915033484
324	26.7344623506	73.5213438771	7.15163670176
325	3.13693797416	118.58614191	7.59094198543
326	65.8442523342	17.7246161542	6.47253315352
327	48.3592714627	25.7984169114	5.65013893258
328	75.5033890764	28.1752436357	6.7359103653
329	85.0225635037	40.1509444522	8.30911484836
330	12.3643835513	64.4035026591	3.6587570677
331	104.403676107	69.9498818508	5.31499764977
332	92.9307190086	17.8790725906	5.14252808085
333	44.7310689556	30.4144422426	5.42605188834
334	39.6452408026	66.8210175396	4.9439420291
335	86.5791780143	73.4507147588	5.3085954319
336	65.2685717974	10.3852338282	5.52505781182
337	86.464207889	25.6983854375	6.94438291846
338	30.5490746211	24.9621818751	5.1663901018
339	59.4758764965	27.7890823523	6.20406511165
340	53.792209612	33.8869249062	6.18612676108
341	51.5045461932	39.8647513428	5.9237615224
342	28.9517997744	48.994735679	5.80538451775
343	91.8020211821	75.9517530196	6.38638930789
344	10.2061335736	82.0754459166	6.25106592664
345	16.4980869727	83.5240691177	5.73746160883
346	93.0499351351	85.1983745878	5.38702156663
347	95.8067582114	31.280493717	6.2011629843
348	46.9784637174	63.5250509958	6.38279715333
349	25.366732281	100.686494795	6.72789141037
350	72.3115367528	10.8240783549	5.38238542405
351	57.7621418932	10.5443155331	5.3026601369
352	77.8797360327	11.3426433624	4.82773803048
353	82.4336606273	22.3958963309	6.28474635253
354	23.4899357376	55.4228489089	5.08291963282
355	33.7345098189	67.6875161168	6.29241479272
356	2.35091508896	71.1393492364	5.62454842621
357	95.2001973326	89.3710789641	5.66051838937
358	83.5886149511	116.81743879	4.68486585697
359	76.4593533135	118.431618326	5.82115307028
360	67.9850959165	27.5607780016	6.7864158235
361	101.273517116	37.8621683107	5.69668005888
362	57.8195341693	42.0197474413	7.44045312612
363	98.7687115786	59.9125855854	6.93325302605
364	83.6413216617	62.0796655641	8.66802351233
365	93.7418537929	68.3944814769	6.44149791064
366	105.750805089	79.3432247324	5.43153594771
367	5.01907716558	78.5052099054	5.34119852941
368	89.4498607157	91.922152335	4.9856161754
369	31.3743084627	100.743170493	5.56553875728
370	75.3422809758	103.032586055	5.9152778614
371	18.6449525828	120.835416809	9.19379619419
372	82.5831295712	12.6530450081	5.23930163156
373	96.3854214535	21.4359416076	5.69381116539
374	105.781591165	32.7417624434	5.58504371237
375	22.9324238333	45.1601174795	5.13151574269
376	20.6653082142	78.6842798076	6.21184995737
377	104.286648415	29.2114259257	5.08925821534
378	33.976792048	39.8274300267	6.38469244779
379	98.7763992066	51.1711669013	7.32216313321
380	60.9854206865	111.412139691	7.29676156388
381	70.458515079	18.4517114764	7.05479928458
382	10.3165841006	70.4954807537	5.40338534411
383	68.1280528181	92.8660336853	8.56404270636
384	9.42622293794	118.933693616	9.15742726464
385	100.208635981	25.5613246032	6.76149514796
386	93.7275063441	47.5096440975	9.52598477721
387	49.3747606563	51.6229115115	6.81763689932
388	6.5260584939	64.2025192171	5.78209907419
389	95.3561433512	80.3503593993	6.93332834894
390	87.1520808591	86.8480354177	6.46234723604
391	20.765642781	97.2930075061	7.65236744433
392	38.6177356993	100.618520326	7.88683588781
393	49.5123587583	14.3844000027	6.83329694471
394	60.9455858906	19.151117657	7.38408605945
395	42.7169675188	23.8845023766	7.81804013262
396	53.9550737054	26.2878945071	7.23873963847
397	59.1310138941	35.7377046331	7.6289756299
398	24.113962057	60.4780870388	5.56600849934
399	86.9872984473	68.631814097	8.40281561619
400	48.1397362012	70.0998393802	6.80241920935
401	72.3642898481	78.4375223715	7.34782297966
402	73.7079291139	83.4360126456	7.78188355014
403	81.0589020911	94.0748328717	5.68213554734
404	62.9976723262	31.244671984	8.66591794105
405	42.5452070008	54.6849226047	7.36232674497
406	111.455480586	62.9075574829	6.74146775413
407	18.1557094383	66.6649948764	5.81148610523
408	54.5675868893	102.698322165	7.49746348424
409	31.9268081898	120.100787267	8.21205511059
410	53.4126699931	74.7149964128	7.97620507237
411	62.0484763918	81.6867387619	8.12885074132
412	21.0398748459	112.035334232	8.99930923298
413	66.3857490472	111.872943938	8.10475289624
414	102.067785448	42.9596271968	8.10084068197
415	45.516905	50.3287975	7.77243573023
416	48.5081348429	32.0819533926	7.92852454157
417	46.9180621191	38.5850675884	8.59495146965
418	106.865574962	38.4106323965	7.53970480528
419	112.715321273	55.024348685	7.41283318652
420	91.5290363878	64.9531336386	6.88433439252
421	68.1995840077	85.8574691298	7.55452945667
422	44.5846822202	88.8532941195	7.48883040254
423	48.925148433	95.0134742595	8.47679958851
424	52.5891959562	110.167967585	7.40468602023
425	46.8049904506	112.948368283	9.93747141359
426	59.6439165385	24.8542197331	8.14294241486
427	110.875224046	43.3993154744	7.20842114699
428	67.7221148897	57.2441788452	10.7193147656
429	95.6542420336	59.5029571598	10.0009253833
430	23.2808126092	65.0787854383	7.17907126387
431	78.7042707093	66.1017764715	8.42963562352
432	67.3137581311	68.4561886367	9.60501954039
433	59.720752085	74.906783541	8.38525098462
434	101.867002607	75.8092186373	8.03801116731
435	40.9498064237	103.851427612	8.11845630252
436	56.4216178194	117.808050407	7.91992664551
437	42.9653217628	118.932448962	9.0014555294
438	34.1067856993	29.8322582024	7.61341275164
439	24.2721828182	38.8189911364	7.03400629818
440	92.2310519899	41.2367593837	9.52479891198
441	102.756909773	48.3705533816	9.27473468366
442	30.3754756577	53.6443452832	8.81708591859
443	45.2579034233	58.0833843852	9.39837158591
444	50.2246638503	87.5102088783	8.53229442462
445	70.9367671518	107.843621933	8.09154767329
446	92.0655518323	32.5218052273	9.72732373815
447	47.9182402351	45.8272875654	8.53031863361
448	2.20103362858	65.449404712	7.71799813379
449	54.1972526601	66.4031684684	8.13403497737
450	59.6617915386	69.0571530955	9.7511858337
451	108.107553364	73.8623155606	7.13921496045
452	31.6967347033	110.12725151	8.83957879292
453	75.0992268455	22.0353297211	9.47503218553
454	29.2801774386	42.9350799767	8.00616297864
455	23.5908665601	50.0962760519	8.53982001161
456	86.5418292797	55.6061106298	14.0251662209
457	16.9325814721	75.4281774138	7.72758322396
458	63.6366092388	75.2527178719	9.0671777306
459	52.917147428	84.0297944834	11.0424376731
460	72.2751189127	99.1956539741	8.64348894683
461	53.4019814525	20.4046848404	8.75759495269
462	95.675836781	37.1251693953	10.0351732589
463	61.425309131	49.0799231095	9.80417802041
464	33.8175167425	62.5922975178	8.49875901154
465	18.7256939689	89.9363148776	9.13554081653
466	76.6953219469	108.666113045	7.1725905513
467	53.2826173453	13.9468511602	8.78876393371
468	42.9805144243	17.3513331242	8.40413287359
469	48.5488862293	21.3046231787	8.70247411171
470	30.4787344032	36.8351311579	8.60217455403
471	55.8138426696	53.7341962375	10.1222056295
472	46.9917745097	76.243784573	10.557940262
473	83.964485229	79.0847221932	7.9447987541
474	100.831352147	83.7906173423	8.20471381196
475	4.6266516367	92.5049619764	9.92631994515
476	87.2081258657	18.1359597543	9.1388795309
477	111.326559381	49.9517438263	8.94769214196
478	78.2090483202	58.6882357797	12.8028410688
479	23.3374963798	83.7557314546	8.529924041
480	73.2646633238	89.4493167686	8.90178669428
481	82.7595334156	16.0934607272	8.99273888711
482	69.5897638174	23.3953921631	10.3094093239
483	81.6146281313	27.3204587296	10.9591091925
484	58.7842691643	32.6963943278	10.997772869
485	83.3592267082	87.5563529309	10.0756997618
486	67.8011307203	103.862013637	8.60247260669
487	60.0165916412	12.7047425324	8.93037591164
488	40.5651938009	43.0699495317	9.49529153091
489	104.138136439	53.9023795303	9.60714802387
490	104.219554795	60.8610417279	10.1166973954
491	100.46253356	66.3546327399	9.16886916449
492	17.5474784513	70.6506327212	8.52337860195
493	41.3739295664	77.1067612228	13.5672299958
494	39.6558980342	84.4859103873	9.01888803546
495	78.0546689012	89.0119399605	9.35003291521
496	36.8106606533	21.2612069255	8.92584314135
497	26.5213539642	33.8188702333	8.36418293912
498	64.0244183337	62.1227571358	10.4739405981
499	82.2174757031	70.523287333	10.8609884676
500	79.1898853261	83.5625807647	9.5819641367
501	83.1082332495	121.009335875	7.8328449801
502	47.1216276798	121.726671532	9.44005506069
503	28.6537648366	29.4220728284	8.76762022399
504	41.8860331944	33.950302508	9.57582003671
505	97.5442695897	43.2160744248	11.2364163023
506	36.8937988061	47.9280789866	9.29319077794
507	33.8362198758	81.1214064762	10.2930330683
508	91.5921425655	81.8793294756	10.3726224673
509	31.5599979656	98.8049964279	9.54930311211
510	64.1633814554	121.86445474	8.53932983852
511	76.1391186142	32.3530204637	11.6584374222
512	38.3151794885	53.7391996233	10.0029885921
513	91.2684758571	57.3485657692	12.9505168125
514	103.38319628	70.0333295191	10.0523033173
515	75.992337894	14.2983995694	9.41682454764
516	87.4443616881	31.2883211452	11.4374045786
517	32.1250779072	57.7532911494	10.1250502649
518	73.6324258226	68.5671231358	10.8465222425
519	10.9412435402	68.1640822375	9.03809447914
520	78.1182843443	74.3094525228	10.4163612451
521	10.1108218419	76.5159175801	9.49543704296
522	68.5440109889	13.3743607638	9.79121526633
523	61.6651664298	42.2784099209	10.580161688
524	99.8104135489	47.4124621479	11.7627532017
525	57.0663116825	47.8154614526	12.7403670873
526	111.050475471	57.8157169845	10.3476896748
527	42.1948770599	65.7133082567	10.3897557362
528	58.5681099156	88.163821719	11.8363298063
529	50.108633116	119.699323711	11.8038087594
530	90.7719635317	22.4916124958	10.3941535383
531	96.5713955273	27.1135644066	10.6191121802
532	68.505567829	33.010655531	12.1059071641
533	23.957327285	69.0751879881	9.39229654923
534	36.4260300085	88.8337747884	9.90435729847
535	75.1885792705	94.5055744902	8.92488700184
536	40.5383285688	95.4253762567	11.347267312
537	78.2421754405	113.995013538	9.9194335512
538	64.5796516994	24.3388551	11.7120304249
539	54.0035021282	36.7429636572	10.3664531855
540	107.56207393	46.6134379273	10.9664231337
541	57.7115563833	58.2064803286	11.0894988257
542	25.1537941679	90.5193410799	10.5158099981
543	32.9665749363	117.947753721	11.7999144917
544	101.062433519	32.2208597881	10.4032980468
545	71.0979994546	44.4591983544	12.4574830093
546	67.1724568375	80.1391940166	12.129954764
547	88.7253712611	91.2239148803	9.99390746124
548	55.8667980452	98.6618631234	10.7100780302
549	71.9314361498	120.912820806	10.5581268722
550	39.6183685388	27.9314999697	11.0793937672
551	94.9970223624	65.172164507	12.2923818568
552	86.1233656918	66.3116678163	11.6238572797
553	94.5933277511	69.4616034319	11.4983640155
554	1.02866846177	99.8161642721	11.5339509126
555	52.3311106848	107.564370225	10.3732887776
556	40.0263509089	38.3782554933	11.6426004164
557	47.9879794819	44.1790440693	11.2756798193
558	88.7892112456	45.2580488869	14.9917162874
559	108.255525586	71.3145146452	10.4233761855
560	90.8410530446	74.5273064267	11.8640865472
561	97.4992403223	78.5969215429	11.0690595387
562	46.6472072921	109.502141368	13.1351476419
563	63.4964112369	14.7134260495	11.275989168
564	57.6187141046	23.7960740975	12.2912486617
565	54.729009073	30.5562855344	11.7545907332
566	49.5454016514	55.2361760854	11.6899028351
567	56.8399938295	62.1433724037	11.9479814456
568	109.289808268	63.2392612352	10.6322092432
569	68.7836440569	74.0202831025	11.7428729668
570	37.0712041504	31.0270947913	11.9487890983
571	103.917033895	37.4612753872	11.0923858151
572	80.5592568613	37.1467513667	12.3565837082
573	51.6492082462	41.2442116885	11.752514116
574	31.1383952582	48.5688559558	11.576694859
575	84.9829095489	74.0919035624	12.8328707697
576	3.49695404855	76.7203621372	10.5584661542
577	39.0500936057	80.5970800983	11.7614008315
578	85.7328869404	80.7389943939	11.5832076971
579	47.6896726473	100.604030599	11.2991717081
580	26.4227970284	109.835231038	12.0757988342
581	71.3837612634	115.600858791	11.6056097223
582	46.9596641888	18.1888766549	11.5500881812
583	46.0853404357	26.174904425	12.3690151369
584	62.8758860889	54.5974584999	12.7932021057
585	26.2951192276	56.6611470684	11.4391115001
586	28.7402354074	63.8880986075	11.43823893
587	34.9666533004	67.6481496857	11.584609792
588	104.253061189	78.654407574	10.9992291077
589	61.6140797427	118.390361369	12.1065715103
590	24.2241315102	119.343186597	13.1806541896
591	49.7725073869	31.9218257312	12.1382257997
592	53.1501219249	58.0367419331	13.3383310534
593	29.2875069575	69.9893675671	10.8957502743
594	23.2361594455	79.0332343241	10.9907526271
595	25.555311585	96.3455949664	10.9507255569
596	34.4618220871	109.105986119	12.3554664244
597	64.1143790436	34.0399344299	13.8443758315
598	43.0372196258	47.8675127207	12.5776993958
599	40.3801588142	59.7448505829	11.8931519151
600	50.4987988798	67.5514488533	12.2510369979
601	65.1068540047	87.0612896542	11.7941794884
602	67.9538794431	96.4274321851	12.4693565407
603	6.9086692682	110.375864179	13.4382594086
604	40.6132475911	114.26110436	12.2379742898
605	76.779335192	27.4547927646	13.40625
606	71.2600671471	36.2664825179	12.9786104707
607	33.3413616056	43.2714249126	12.6502915199
608	0.712382354772	71.8368379914	11.8914144496
609	55.8434846612	80.1360468499	12.4972566754
610	8.01975091404	84.4250173086	11.9883027006
611	60.4172927112	84.6329671643	12.9320785161
612	10.7760537961	89.7835620089	12.685471481
613	8.32885617678	98.6470188055	14.5315039027
614	71.1563163817	27.5319498152	13.5377254322
615	107.953164833	66.681396252	12.3112146206
616	77.1953552441	68.8854674384	13.7073529412
617	6.53014375853	70.7895150852	12.1547704046
618	99.0828150448	72.2025978179	13.4294981074
619	58.5135232093	92.9133498615	12.1308830673
620	100.770529731	54.1371419742	13.6577139882
621	100.781851662	62.491896273	14.1187941843
622	39.321649622	69.8797018033	13.0159089176
623	14.1827037548	72.9800369439	11.875446832
624	28.9563250248	86.0587420642	12.4468994234
625	31.9192113015	93.4407230745	12.7329363009
626	57.8926172302	16.5534252897	12.4241946779
627	50.1231725448	18.1840991356	12.5440074731
628	33.7645936345	25.9955475721	12.490004974
629	52.2140681956	25.7848227891	13.2260805668
630	45.3442414177	34.7671697006	13.0112197741
631	62.7538205136	38.2566175279	14.7254667417
632	47.1939477219	62.5836213656	12.9329833729
633	2.18442424292	83.5126131579	13.6517976047
634	73.834276821	16.5950415394	12.6824716153
635	84.9984520842	22.182223404	13.2614810153
636	57.3867461787	39.8258681796	13.6202548595
637	53.9379110189	45.9118589019	14.1197875857
638	107.900249103	54.0698230905	13.2380577779
639	55.9322943589	71.7281955327	12.9161013618
640	73.1975314462	104.459751452	11.7629812209
641	21.125133334	108.795810356	14.5228277787
642	84.3023208621	32.9899084409	13.988949918
643	15.1191714697	81.4145994519	12.8668493384
644	79.1553327198	19.5465417785	13.4221802546
645	22.0831458634	73.2757605531	12.7586845762
646	74.7914233388	82.0123045864	13.459990616
647	52.8687131901	92.0376582978	13.1101141438
648	14.3624260373	95.5216943753	13.4776139596
649	58.5481374402	106.365770306	13.1135695837
650	14.7040633936	107.261481061	14.4163287865
651	90.9691194277	27.0011884556	13.8476082902
652	36.6370213038	34.5407536525	13.6858990489
653	94.3164473053	43.2138377943	14.4684197099
654	73.4748768531	75.2941595927	14.2254187106
655	63.5672213814	100.312505893	12.9744598178
656	30.1549741913	32.1437375596	13.1549138347
657	54.3996508243	63.6621939827	13.9934600376
658	49.3620086151	74.5283631612	13.8976473858
659	35.2410854226	76.2674815364	14.3973600777
660	95.8800002588	86.0921282371	13.6767991373
661	48.7355555525	87.3990774278	13.8393591228
662	53.4128580182	116.433571045	13.8444419701
663	79.7215777854	119.524908081	12.7952032588
664	41.4869615829	22.0900565634	13.8377042072
665	26.9754551674	44.0854738848	14.3521507225
666	88.3630587816	49.8248290399	15.941357188
667	46.175364867	52.1611553842	14.8288915914
668	74.8547633883	63.2910226649	16.5294912499
669	59.9409229476	78.0411241825	13.9151984272
670	70.5957678009	86.9053493284	13.8953485533
671	100.526371964	38.447757848	14.2098781345
672	81.2540926065	64.4380644271	16.0708422155
673	80.7126676897	77.4943322067	14.8595982867
674	69.3270549278	16.4689871502	13.2542424956
675	27.5520518894	38.4626324889	13.6383661644
676	42.252629076	42.3871214708	14.7491050119
677	104.278383544	43.218636634	14.2267003866
678	65.4079627421	45.6871276378	16.0233318199
679	107.534521124	59.9373666216	14.6606085142
680	37.5861988111	63.9358314999	14.1278551484
681	43.2037993986	72.2736913697	14.9067337461
682	104.630195219	75.0056729678	14.0368420025
683	83.2626261771	91.6037041582	13.5961938301
684	34.2658173482	98.4010276698	13.7957379587
685	42.9068849644	105.484547626	15.1680152792
686	65.0388456163	17.6198186737	14.21707492
687	60.172657244	27.9188784653	15.1822570308
688	88.4010077515	61.4281156698	18.1175697826
689	35.1181891535	73.2387391084	13.9388015991
690	18.2315379556	84.2816893852	14.8288715879
691	36.9682482804	88.8595119756	13.9753465499
692	25.6887424945	100.879355405	15.1492326204
693	74.8006215617	120.154910382	13.8053525969
694	55.2382273467	34.4800280255	15.0718203002
695	52.1775523456	52.1429215001	15.1923180674
696	69.8760983997	68.0561955594	15.2661219073
697	49.6514781472	68.9111226983	15.0218973426
698	31.1748604703	75.4869466823	14.4348841705
699	17.3919890781	75.3218546381	13.8221614227
700	23.2687212264	88.484580813	14.5908797979
701	16.7532419332	99.352613934	14.5291354367
702	65.6632617273	28.6122408111	16.2915752818
703	95.9422370308	32.616346628	14.7283630587
704	51.6658975758	39.8060476868	15.3873627001
705	96.6977555272	49.3121794203	15.639529181
706	26.3390878671	49.7400780054	14.2697963801
707	40.9110091075	54.261304214	15.0449107575
708	62.8856546679	66.2634925364	15.9084018032
709	100.501065637	81.9156393688	14.6856960242
710	27.1946188828	107.118818737	15.5436292451
711	67.6699362975	110.919571672	15.4803182231
712	16.5490428278	116.954578606	15.5399264729
713	44.9999823006	121.165868914	14.95510363
714	56.3004507417	121.684233999	14.9590144714
715	54.4790335545	19.5690547174	15.1614352635
716	42.706394698	31.4659671765	16.4355231024
717	87.1275965337	39.4139673774	17.2539985034
718	34.9693372933	38.8762977717	15.2444696173
719	46.9862948681	41.6139169614	15.9719635368
720	105.484924878	48.8123231894	15.0948954657
721	34.5425305716	54.8778593538	15.4834281712
722	97.1982362567	61.7788480353	16.6036129713
723	91.0874349823	68.7865867482	16.5226399838
724	19.8652543427	100.378821449	14.5875408447
725	63.8609469164	113.835545793	15.3019820224
726	65.4767018324	72.7905323503	15.7905757093
727	94.3486638579	79.6391854245	15.3561988805
728	80.1580624547	82.2859035377	15.8901157686
729	78.456604875	87.0215732122	15.3978969148
730	77.7988783643	92.2299699226	14.3295110981
731	35.5889891774	104.671775744	15.6850971225
732	6.09999574988	117.532029033	16.3663268638
733	5.15543020689	90.7270545766	16.2594416301
734	42.5909988549	93.62885785	15.6882304946
735	57.9624652899	94.2481814863	15.0138065692
736	10.2858014251	102.63438044	16.4503308994
737	0.550525818926	110.474179606	15.8387705401
738	25.3165066939	116.784904669	16.3558362756
739	79.0534629759	23.8934259092	16.5729848154
740	68.8544927834	38.3451493206	17.0539550764
741	71.8088043719	46.925966308	18.7370958885
742	29.9725456182	61.2314454469	15.5140152417
743	68.098683344	62.1382697626	17.2234518961
744	105.116175737	70.0861708901	15.8926890527
745	55.3652235905	73.5153804383	15.972046015
746	23.5662929584	80.174181876	14.9363294617
747	41.8100559125	85.0949603085	15.9094046602
748	90.3944666473	89.0148228507	15.6028889613
749	60.5923971526	20.1608852006	15.8927668983
750	73.0711483336	21.4178487768	16.3153186275
751	63.3504284047	42.0219745901	17.5505083769
752	34.8666839727	48.8466503987	16.0299281545
753	96.8492936618	56.0670765126	16.8739419278
754	96.2079836634	74.8123971422	16.3158278327
755	38.172818562	108.732001762	16.4015635505
756	84.4990348329	25.8040763953	16.2480006202
757	57.3643058021	28.4947661288	17.1190729548
758	47.3104702518	33.1481899132	15.732372217
759	97.7459341173	39.2780003748	16.7482775431
760	66.0736350056	50.3143689209	17.7687659814
761	64.7830367193	57.1233122635	17.4660029254
762	31.7227964942	81.6529611046	14.5405617267
763	7.82860856495	83.2287320782	15.6172828564
764	89.3276341309	83.2147791175	16.4284272351
765	70.9731822995	92.0156231074	14.8575740823
766	56.4039275817	112.943554143	16.0135536338
767	39.3857696698	121.01411389	16.6139165681
768	67.402460836	21.0303101395	16.7683093389
769	37.616700652	60.2675666936	16.831120536
770	33.3136965431	69.3810141481	16.1015993051
771	49.8302995346	107.555083931	17.4689486352
772	1.07276273632	120.497138197	17.0991043915
773	31.6243237312	34.0284279646	16.1156193346
774	83.4378939258	45.8660492391	18.147412809
775	26.2286700468	75.0977507032	15.464535723
776	50.708262665	78.4305465951	16.5550862286
777	57.3331126082	96.9114408711	17.7155016591
778	41.9623491417	111.865886587	14.8265963782
779	64.2089049892	120.225242584	15.975605661
780	87.1269429461	68.2685227417	17.505659743
781	97.6884883264	67.6153427235	17.7339405642
782	6.20816017514	76.6018912706	16.6545894093
783	69.3525951542	101.812325696	16.5656827286
784	30.2488631477	114.690821049	17.3433918409
785	46.27130314	23.5480088281	17.1701217551
786	73.9960666263	33.0259960964	18.0566350635
787	80.760629635	35.4739697978	18.0509464248
788	58.1840723591	38.7408308299	17.5795656266
789	70.0784614181	41.9329922628	19.0328241253
790	49.7303436054	45.0337013029	17.8586492161
791	59.1061889485	51.8028321733	18.0556373955
792	83.224013453	71.4493037882	18.6025925776
793	88.9271339416	77.0990503267	17.1739106754
794	93.9574691685	35.139139056	17.3915441176
795	105.438756168	53.7944592678	16.8030319429
796	53.2724532529	58.694962049	16.5347830665
797	104.816258622	65.9794274837	17.1144804637
798	70.3008762731	79.233278172	17.6103763942
799	49.5928417197	90.5404818183	16.8572451359
800	58.5924758041	104.963593105	17.212904247
801	66.5177404981	106.392613569	16.4499517304
802	52.1074741704	29.1587053166	17.3889784704
803	89.0321501464	30.0136207713	17.3365358024
804	93.712628558	49.6488787488	17.9685732489
805	63.4823760199	93.3853503557	16.4821488267
806	51.5754711876	113.375917074	17.2360261155
807	36.9343430315	42.6199369981	18.1457370026
808	41.0731594965	47.9694675997	17.0305303851
809	45.8593622298	69.2391616812	18.0515441513
810	64.4109663523	83.1264345171	17.0624938576
811	37.8056602497	26.875030678	16.7814100338
812	60.1318579701	58.9317167443	18.7107939362
813	105.404737422	59.9532968372	17.864114001
814	56.058122564	66.8932699904	18.5722227367
815	12.5539742923	78.4844709238	17.1785427527
816	11.4960825224	118.674861458	19.7063604626
817	99.6172818162	44.4806518432	18.5632590053
818	1.45314094107	74.2055022412	16.8746405502
819	84.4318782996	84.5680794248	18.129504362
820	2.97284789662	104.334115057	17.7316234102
821	69.304319946	33.2417870484	19.5230844917
822	76.5783296769	43.4083660217	19.4199760346
823	73.7399071102	52.4608940986	20.9508506769
824	51.2346461421	23.5308387112	18.383243983
825	60.3871523698	70.2375249189	19.8675303876
826	95.5904266558	71.079535288	18.8482071686
827	63.4015346594	88.9833805147	17.6804003982
828	49.2909933355	95.8277858091	18.0730094497
829	70.7348213844	120.904765636	18.5738749664
830	62.8548471577	21.6378158028	17.6368351514
831	81.1383137654	28.7668844287	19.0415816301
832	60.3966129441	32.6694688973	19.0537305251
833	102.358406647	48.8667392024	17.9331819976
834	29.3200040425	53.5189080353	18.2232185964
835	47.5134521562	74.1556449687	18.4762921713
836	64.1372832645	74.5898441201	18.9563306523
837	25.0282367633	93.4832385269	18.3694964171
838	72.9662003496	109.125666268	17.8354267436
839	49.422389294	50.5527814139	19.599984943
840	49.4132423822	57.6834145641	19.3610593348
841	94.6217645959	62.1122035697	19.7675923826
842	47.4139551418	63.2819567862	18.7124445303
843	75.972338007	69.9526178822	19.067502824
844	101.153376929	78.2729259257	18.0785566868
845	56.6442653902	85.4556406393	17.6583359408
846	83.8899886825	90.2372118526	18.3074208487
847	15.0336922489	93.8512181241	17.2131378615
848	2.69513976748	96.2616716446	19.0658458931
849	19.1806705921	97.8276482772	18.9673767226
850	31.4797518801	112.004045087	19.5584412859
851	33.5784929092	119.471436756	18.951706504
852	69.0309112266	23.9310365289	19.0247329289
853	80.1619752362	56.4191453195	20.9217823046
854	42.4710826024	64.7976234829	19.1308278823
855	42.3988520932	103.275126224	19.257389085
856	40.8304702521	39.1798116417	19.4977245705
857	56.9829481951	45.6844176421	19.2709971145
858	69.2987783862	69.6499620361	19.9218723324
859	36.3148186105	79.2744834919	18.0305488938
860	27.0459684769	84.7321228445	19.0443807011
861	46.8537452793	119.701274134	18.8054367732
862	95.1236634671	41.0391862418	19.4785882353
863	85.1594299134	52.6973095232	20.2087499754
864	52.8671105411	61.7490103457	20.4425439688
865	43.0664679807	81.3340429001	19.106714945
866	12.4509350563	89.008231588	19.0588083687
867	34.0671341428	90.3947759959	19.1672024107
868	74.7777579779	114.864810512	17.9967678957
869	74.5650272278	26.8370908939	20.1615511434
870	36.4406492	31.3203483784	19.4039913079
871	53.1522546574	32.654694205	19.7719958487
872	51.1919661644	37.4946217152	20.0877099757
873	102.547297314	55.1657649761	19.6918743419
874	42.1437257973	58.0199872861	19.9621618006
875	39.436952264	72.9151750665	19.7633250257
876	58.1913563557	78.5219121833	19.2653330559
877	18.7305950365	88.6291543408	19.7512784196
878	24.799578984	97.4167266032	19.3481600635
879	21.8043554674	106.909678123	19.680936464
880	44.8479920404	38.4749635948	19.9878236663
881	38.3867372251	51.4819172377	20.6170700147
882	92.8586984696	56.4148934008	20.4523967498
883	45.4909497288	77.6284426426	19.3046704316
884	20.6397556328	79.5120310527	19.2405737914
885	72.4712891767	84.4009264907	20.4252760808
886	64.3489785754	34.8411836975	20.4577475698
887	82.3359240188	41.7506202323	21.1567095588
888	38.4178520326	97.7261529925	20.3478750628
889	88.3750755	33.9444412351	20.1897824521
890	48.1328950105	34.751827221	20.1002632827
891	36.4899258668	47.1681346818	19.8943757075
892	33.7618777545	64.266303811	19.5094179457
893	83.0062552381	64.914659126	21.0688872215
894	101.862926332	72.1415503314	19.8693487315
895	74.0092947803	76.4728591143	19.961492864
896	85.400345168	80.4800753567	21.7581272886
897	36.5891650569	116.114436247	20.8421803698
898	41.1334762809	27.138188221	19.1939416894
899	32.0621527309	57.9022922014	20.2642275252
900	91.9382710058	77.0075208472	20.3992855764
901	50.4149097629	84.3980274153	18.809445189
902	47.7549486493	89.9003580933	19.8061123731
903	55.5296780736	119.519675451	21.205332054
904	57.8443649831	23.9400102291	19.9887978882
905	34.8492904142	35.5964604075	20.437764698
906	32.0301310821	40.0112390573	20.2369108543
907	88.3336894087	49.0178814982	21.2948105
908	52.212942962	73.2989449206	20.6758776496
909	80.5067263048	76.0836379843	21.4220391106
910	66.65407889	81.6117042481	21.2971433049
911	95.6607983006	83.0925920467	20.2922171101
912	38.4689583712	86.7860008876	20.2828884553
913	27.2392427505	89.8988962456	20.5976954378
914	0.340437619231	89.8073333615	19.2444117647
915	56.9402431594	90.2149651769	20.083173621
916	50.4644994498	104.182753463	20.3371942574
917	16.4610430011	113.816845386	20.7645600162
918	63.1173185959	25.463079009	20.937171968
919	2.83597422134	81.2951814903	19.7523645408
920	42.8293206468	88.8320055255	20.7810751822
921	69.3414229226	88.9117407419	20.5594806419
922	31.1346490749	105.007525756	20.9155723786
923	41.8139245276	44.724187194	21.062650442
924	78.1448128302	62.3043661533	22.5365997043
925	102.030382838	65.9209764588	20.9008842533
926	76.7818814223	90.0516100553	20.6077984471
927	29.347475955	98.7198839263	20.99987652
928	67.0987075025	47.9410881393	21.9062455984
929	64.3324250103	98.1265084463	21.0018957064
930	10.710692278	106.478760107	20.5571465479
931	99.5850176905	49.3489532692	20.7336723065
932	78.5020984738	83.3040356401	20.9126350952
933	5.48403274088	90.7004887983	20.3284928955
934	56.4289544861	99.2886757864	21.4468962841
935	14.0162057529	108.853259625	20.6338931453
936	58.7416339131	37.4358612754	22.4396595217
937	56.233151766	55.2052917061	22.2069975805
938	28.9962174075	80.0446710656	21.0874939297
939	61.5355412726	104.372021129	21.8069676947
940	1.4072970762	112.699528856	20.4552071816
941	72.7054439057	38.7057908239	22.3167262232
942	31.5122054613	49.4727055939	21.6705398872
943	102.239928461	60.7560246877	20.7413120505
944	62.2228967437	118.70168261	21.1724367356
945	81.4409038947	32.1038778653	22.1924663671
946	54.8919435677	41.303687802	22.4941134145
947	60.7485992595	43.9313255055	22.0882609476
948	58.8954319886	63.312463516	21.7517682673
949	67.5284164862	62.7319594589	22.0544129003
950	73.339838582	65.2448735653	22.7493849724
951	90.8999567869	71.9708158748	22.2164254903
952	8.51445562494	83.4509133423	21.5557275172
953	69.0280725233	118.571954644	22.278691041
954	64.6030901708	67.5577197648	23.0966695168
955	89.930537532	86.4052632296	21.7212933347
956	76.1653393281	120.681658326	21.4525412958
957	92.3273970506	40.0589798174	21.4809129699
958	73.8693554091	58.0688890308	23.5916968785
959	47.6250180688	66.8977723015	22.6891932999
960	37.9752183785	68.5557740416	21.5744187488
961	65.7947738868	112.125225255	22.6803940998
962	69.7399818767	28.2577615839	22.3931938908
963	45.0845134401	29.1105692501	21.9148863066
964	50.3867325466	42.2862379593	23.3480840763
965	32.5757869623	44.1181749007	21.890205368
966	62.4698708316	50.8469936392	22.9581476026
967	99.7850954604	55.3305461949	22.3268396843
968	69.6013067438	78.4102719739	21.9513026909
969	51.6954462455	79.8545367211	21.906037965
970	1.2445894232	104.170119947	21.9183807877
971	35.9785524182	110.961260723	22.0204988432
972	44.7902808751	54.1215436499	23.5438083397
973	63.4530010753	58.6594152026	23.4355661901
974	90.1592210755	64.1290132502	23.3418705546
975	82.3410855349	71.2938269694	23.1463641379
976	56.3808477729	113.215298944	22.9440481428
977	21.4160421608	116.059281343	22.7315617777
978	22.0003399888	121.107330179	22.064064157
979	14.6681100824	121.894311916	22.1022993096
980	64.5066869233	39.7958618389	23.707232848
981	45.2977363333	46.0295207871	22.8796926504
982	44.8463195445	74.2389956889	22.6109000846
983	47.0350850152	93.5117079055	23.4205917242
984	43.4352388504	113.993489925	24.1209785285
985	40.8751357364	120.070787686	22.5444946019
986	40.5763065449	34.4912879683	22.9640540925
987	95.3411193081	46.6200234182	22.9811205009
988	54.0838210735	68.9822249224	23.7697401844
989	25.7148798286	115.495297849	22.9286422434
990	50.0371348448	29.0595256168	23.2787672162
991	69.117277278	55.131750814	23.7954420926
992	97.7346518299	77.07273511	22.8267199599
993	2.83962535461	86.7559377382	22.2863261996
994	56.9039749706	108.895300279	24.0158807148
995	85.375147319	36.5925948927	23.2941176471
996	87.9420709701	40.2172775249	24.150543419
997	96.8416861731	52.796437863	23.5133050261
998	85.8532187951	57.2097540479	24.399599452
999	60.3619560877	73.9888941267	24.3303079044
1000	87.2824549334	75.04578473	24.2448927244
1001	26.6911720864	121.143204107	22.6084070404
1002	57.0344793555	28.3669979112	23.5702446354
1003	75.2369464713	30.9973457524	23.7836000642
1004	77.0192224237	69.8819699109	23.6790558388
1005	63.7942066988	77.6700277359	23.8158119917
1006	35.1680492218	82.1049384201	23.0559169315
1007	10.9436318839	98.7606005065	22.7758956977
1008	69.1188835918	105.158494479	23.80172446
1009	3.50656153256	119.346979456	23.2487774684
1010	54.902269497	47.4595109032	24.1133031202
1011	77.2124213213	48.1352426484	24.9556697378
1012	48.1295693138	60.3266294043	23.9495957043
1013	52.14545877	95.6868550138	23.4096310441
1014	6.17502491884	103.825706064	22.855964157
1015	7.11149535191	114.300651876	23.5114757913
1016	64.4436198692	29.6192272073	23.9360352105
1017	71.9747546877	44.7624896785	24.7858401456
1018	37.5260568788	62.3649253994	23.7016151324
1019	35.9356136672	92.960030791	23.7326511613
1020	37.2097764748	40.1429709361	23.967284501
1021	49.4003359853	48.7170050011	24.8761431667
1022	99.4988594534	61.1576387941	23.437501082
1023	71.5781297671	70.203967555	24.7632376442
1024	57.9565647422	81.993818141	24.2708506689
1025	63.1457944777	84.2162147797	23.8723069276
1026	53.238168398	89.0608414078	24.1092127508
1027	81.3633540726	36.3652820729	24.4967305421
1028	86.7218097517	67.5911351063	25.1603966035
1029	23.0224128383	93.04101899	25.1008667425
1030	22.9060313381	101.956629389	25.5325665482
1031	51.9048878393	122.189957714	23.4573529412
1032	58.8295299573	45.728311153	25.2350957332
1033	42.0038613231	68.1875978891	24.4055418936
1034	98.0440244178	71.0389979347	24.7707241731
1035	54.2725818351	78.5947415703	24.7910873018
1036	84.5862889339	86.5176480804	24.3227246538
1037	12.8893882126	90.5272141415	23.8044902416
1038	31.7748910271	112.068875838	25.0568633727
1039	47.715742237	119.548923582	23.5658788665
1040	59.0581067203	122.097582998	24.3005681146
1041	77.6001461124	36.0354577133	25.2562895646
1042	90.9243420849	45.9897673783	25.1634942698
1043	93.1493487476	52.6973259853	25.3581570472
1044	36.2374248227	55.1067069758	24.724999377
1045	74.9465286141	76.0563308187	25.2199723387
1046	91.1119789192	82.9174568283	25.0090200274
1047	23.3226325621	83.8343373441	25.0953669944
1048	12.0933668663	85.7460140587	24.237331868
1049	16.9064439175	119.09219787	25.3580944858
1050	44.8544137904	35.7845410246	25.5604970063
1051	77.8835967984	80.2830760871	25.5506604697
1052	46.6415030735	86.7363124142	25.2579136642
1053	17.211570948	94.4545570028	25.6150764327
1054	36.7449742107	46.4233408866	24.987140795
1055	65.4778437765	47.0635816621	27.1042604892
1056	97.1598014142	65.9082706385	25.5849589858
1057	39.5601372953	98.7059401239	25.3908357023
1058	47.1041370145	100.372155092	26.2675874863
1059	55.5509657368	102.690368085	26.9683557202
1060	95.573645103	57.6107955357	25.6619809689
1061	81.7040621856	60.4384285074	26.6074834122
1062	72.6325844179	87.4751622918	25.2331259774
1063	41.9371841681	91.6891219246	26.1024956639
1064	19.0196354598	104.386373456	25.8819372081
1065	40.5342666235	108.223475788	27.0979350867
1066	92.7670657319	79.383677608	26.1923744823
1067	17.0527965506	85.3007624073	25.1443131471
1068	58.1572063651	93.9493546387	25.5917415841
1069	68.9220179382	33.6076830203	26.1343079648
1070	81.8812999928	41.0307039002	26.7612976107
1071	52.1019904834	52.6590135031	26.4117605368
1072	1.9371718976	92.8077674811	24.9603604465
1073	29.5570992699	97.2735641514	26.4791604509
1074	6.3267821451	104.580300904	26.4342479768
1075	48.9130215342	112.924482175	27.2816079448
1076	25.2132749921	111.608644856	26.651922019
1077	12.561221451	120.295325393	26.9993217539
1078	57.4606528978	32.915307095	26.5275538365
1079	70.0653025839	50.4158283798	27.1600435418
1080	89.6989634536	52.4009759331	27.1396679057
1081	95.1453772066	61.1820708667	26.5617738102
1082	69.1409605092	76.8137324284	26.7671220485
1083	28.0182650823	89.2345896264	26.4165869178
1084	64.1718395513	99.8472711715	26.344498138
1085	20.4321824299	113.123962153	26.6575993971
1086	50.7359066725	34.5908341342	26.3082820373
1087	72.989124973	35.5851190695	26.7662730183
1088	40.7261348527	41.1565353282	26.2365464838
1089	85.0474909088	44.9162140992	27.3839597887
1090	59.5957008035	50.3486423338	27.4329653102
1091	81.3536428086	67.3047212778	27.364100346
1092	79.1297138263	86.4936181299	26.3742994014
1093	15.1000514735	109.106468235	26.3720327292
1094	36.0997132345	117.830790742	26.6559986078
1095	53.5476633924	122.091389429	26.5509495137
1096	51.597903611	60.7533990944	27.0911601566
1097	46.2404155395	72.1615470548	25.7928605201
1098	41.9464512696	84.7316458024	26.37172398
1099	34.5284921681	90.2607986057	27.178497843
1100	31.3682077418	105.14440449	27.3964971217
1101	65.7871744041	111.036771927	26.9531642726
1102	10.9379125997	111.978467173	26.7532198439
1103	50.0586498503	119.176037678	27.3216507085
1104	64.3874731088	118.457248229	27.8342226805
1105	61.3060459085	105.679033528	26.9125783755
1106	63.5708393136	33.9003084325	26.6680263817
1107	78.0976733513	41.4249816852	27.5906999265
1108	74.72752827	60.1030305943	27.9194638989
1109	65.4965499663	71.4128413555	27.873244152
1110	51.8415574597	75.0366472699	27.1492554683
1111	68.1405527795	83.250480202	27.1147641273
1112	7.39202808782	91.422131728	26.6429699979
1113	30.8438567218	120.104468222	26.8178290232
1114	61.4845286835	55.5139478174	28.4669101911
1115	70.4282041063	57.4491709653	28.553006714
1116	82.6477346619	73.0765336221	27.5584269028
1117	55.5778619616	37.7819560184	28.1903385471
1118	86.7981019465	48.2096234093	28.0358145199
1119	65.5237887068	55.2260829883	28.640264215
1120	41.5306861464	59.9909234604	27.2253982779
1121	56.4084970523	64.4597580848	27.8495760418
1122	71.3698386626	65.5816157673	28.5906124297
1123	44.3060347364	66.333552278	27.4505823176
1124	49.4476728688	38.9882988505	27.9933733741
1125	40.0614443545	54.1670233151	27.7398067735
1126	58.1548448929	59.0755810048	28.3355384742
1127	77.2705369302	66.0485799487	28.4299722879
1128	2.69278365177	97.2985330711	26.9474118703
1129	72.8134455307	116.143185946	27.9224890234
1130	44.5244634177	42.6473375341	28.0272032731
1131	40.2437679124	47.9153470447	27.3183428162
1132	70.8423982643	72.0572656556	28.5117115644
1133	55.2986960985	54.4824094835	28.5043718683
1134	66.9947106404	63.3626475117	28.9853157101
1135	60.8752552417	68.0099240585	28.3170525324
1136	92.8872193823	71.9355337626	28.4829870881
1137	56.3851592546	119.39792859	28.9595522856
1138	75.0001118918	40.579069547	28.6482077433
1139	57.3514948476	41.5470813965	28.98238703
1140	59.2174356295	78.5913211586	27.9841665972
1141	10.4953122384	98.5001556138	27.1349942525
1142	86.6226679239	52.8003829074	29.1530036916
1143	77.5434562132	72.8485393929	28.9535316829
1144	93.0472517046	76.4032872778	27.8698172237
1145	87.2895597259	79.7631381154	29.2104298702
1146	62.3237565591	61.6012036482	29.0988589523
1147	92.4628829187	66.7803354301	29.1539122937
1148	5.77145219504	114.410043508	28.0449573143
1149	67.3152063315	38.0840008977	28.9687725005
1150	50.2354980241	69.7434804402	28.9649449631
1151	31.0759788594	85.2360897216	29.7112394488
1152	49.8914527513	109.541390975	29.6345761768
1153	1.99594118886	108.997601572	28.4679472003
1154	90.8393478607	60.492694115	28.9420473244
1155	61.7649670121	38.4479041138	29.4293188677
1156	67.7266190994	41.6269188897	30.1304232591
1157	46.2252729456	60.5527112202	29.8934283558
1158	75.0669734065	83.8315848601	29.1055916072
1159	60.2764690975	111.914892031	29.9774139077
1160	90.0528652158	57.2432393471	28.9995480157
1161	82.4760951762	81.6767316819	30.0529411765
1162	40.9912053739	120.494058618	29.8225457733
1163	71.6661418364	41.102268456	29.2947684217
1164	48.1326973486	43.3822123689	29.4032469953
1165	53.4881967499	92.9736692795	30.4681096672
1166	73.3041983451	121.212143088	29.4066896569
1167	20.8534613971	120.172762759	29.5334580861
1168	46.0251244296	48.1919639509	29.6045081566
1169	36.8589303509	99.2368244323	30.3597104917
1170	3.28558852504	103.224681702	29.6462495261
1171	25.0779349792	120.07682697	29.8659568936
1172	42.9897778462	53.8756673462	29.6411830827
1173	49.532563573	97.8029566846	30.9040740037
1174	8.4651742458	120.561713163	30.5383866504
1175	78.8439540837	45.0848027376	29.9031777936
1176	48.8326753429	90.0764972158	30.47525643
1177	13.5866637777	92.3725476085	29.8461591618
1178	18.199089306	101.446655054	30.5109566961
1179	70.7552328379	111.860258531	30.2381681567
1180	52.5281201452	45.458613897	30.5885049577
1181	81.0499469086	49.8591314871	30.7890971085
1182	58.742139417	96.3983770095	30.0303490705
1183	43.1040689981	106.011584754	31.7106245384
1184	34.3363088909	111.730952473	31.3675891446
1185	80.7429447119	57.3529280489	31.6821535394
1186	50.4041094398	64.2138417913	31.1761019377
1187	72.5207799864	80.9891084329	30.4052838577
1188	24.7377603181	94.3636119751	30.9626987018
1189	2.05515849582	115.601761319	30.8011569101
1190	62.4834677772	42.6589351868	30.7608920531
1191	83.2475440597	55.0795955982	30.9782616882
1192	88.359218128	63.9435096072	31.0477615906
1193	59.0369510394	74.2651797824	31.1447400299
1194	37.3575579836	86.2315309147	31.6681261797
1195	7.62572444467	96.8583532241	30.3120040326
1196	19.8975715115	89.9066702561	31.7256136364
1197	10.0243542841	110.985798294	30.702263446
1198	29.6253155803	116.676899867	30.8989420143
1199	74.7987157738	47.7253437295	31.5355726787
1200	87.5972646463	73.3488035765	31.4046737849
1201	41.8911013018	93.9713543253	31.3796936414
1202	66.5603589669	106.606006888	31.215634495
1203	15.4213191741	116.473731906	31.1486015448
1204	58.6675028181	45.4182928245	31.5108092239
1205	64.3088499922	77.5109891147	31.2269878174
1206	14.377338308	106.286316626	31.0060248428
1207	57.5449034151	109.637663964	32.3599155109
1208	47.427532752	53.7517504668	30.9568196234
1209	3.2934336713	120.492497712	32.2798036944
1210	56.0285753846	48.3362735949	31.9698504919
1211	85.0052632165	60.3778806118	31.8564229072
1212	86.6335844351	67.5319152676	31.8445613236
1213	25.4828437729	87.4686812205	32.2717440639
1214	53.4992902083	104.346682542	32.9349287658
1215	25.5432391209	108.646981507	32.8552218994
1216	58.8542337613	119.812112049	32.1385269188
1217	76.1366946567	53.4909664541	32.2053497993
1218	77.7197694527	79.6594938724	32.2777442558
1219	20.9883376467	99.9801839666	32.5361747871
1220	34.9040445896	119.682302328	32.0885661049
1221	57.1923185271	71.1332786102	32.5656724584
1222	61.9096915058	101.360304966	32.5815775122
1223	45.6462590729	117.38697725	33.4325269766
1224	70.1183519416	50.6806903874	33.269158444
1225	68.7713991401	76.8658878709	32.8623765913
1226	70.208619617	45.8739537526	32.3777789969
1227	52.9728306199	52.2065400276	33.2769519891
1228	50.142987916	56.9028015349	32.7600400541
1229	75.5146603345	56.8873445584	33.5562908797
1230	54.0559231973	59.5960168062	33.5903275945
1231	82.368316265	76.5787040384	33.0025102295
1232	21.5575778036	115.571093494	33.2846481223
1233	66.6888751011	45.7863097037	32.837525747
1234	63.7663847304	50.3437847478	33.9836090686
1235	80.6190454885	60.7570869088	32.9236114056
1236	54.8622040511	66.7893367525	33.2219754259
1237	13.8430466733	97.1738268762	33.1472907932
1238	64.7020121255	119.866942838	33.9330050151
1239	75.2568374275	75.9791864325	33.6985652536
1240	57.0749124838	55.3710625097	33.7830746137
1241	74.9057520516	60.6771644606	34.1800266923
1242	5.96134028653	110.543914021	33.0134358205
1243	62.7829706972	115.630469803	34.2784021358
1244	36.0758879452	105.175700498	35.2090415442
1245	28.092250677	121.190079096	34.124128441
1246	40.1038710321	121.884265733	33.6945261438
1247	83.1215090744	68.8837788448	33.4864261737
1248	78.3144925539	69.682053966	34.434021391
1249	64.4615215266	70.7604994477	34.3272577558
1250	82.4185709261	72.9599584144	33.8965818449
1251	35.9869006452	95.6781280082	35.0171985332
1252	59.5137145396	50.8905457101	34.2296121061
1253	69.3342163007	53.9922089759	34.2685394142
1254	80.8948079863	64.4403882385	33.6944868935
1255	74.3006089745	69.0139487841	34.4826532494
1256	73.0755817008	72.8865736157	34.5727058128
1257	57.2683158896	61.8325056676	34.6123436309
1258	73.8823430922	64.4260414651	35.0891004343
1259	60.1624641901	66.4424897693	34.7270766511
1260	44.0733850505	89.7111696816	35.2044218972
1261	30.4211486981	97.1008602531	35.8047044589
1262	56.4919500155	98.2780976475	35.3668431932
1263	8.77818618536	106.229439666	34.0983254746
1264	69.3121611233	58.2068554557	35.2596784758
1265	60.066551556	56.7583029104	34.8533940338
1266	64.5114859298	57.5644142332	35.3072360095
1267	62.9857304954	63.3351680639	35.2116534693
1268	69.5373160035	70.9368962619	34.5570924299
1269	54.8314951977	115.582834977	36.2348326041
1270	51.1992862339	120.710036566	35.2688125638
1271	67.6661440145	62.0038738186	35.2243431519
1272	68.9625367103	67.3248711927	35.2202044072
1273	14.1372608611	115.071491964	35.0032051757
1274	15.3367811868	120.845357938	35.4821354191
1275	48.9983339325	93.0454713347	36.0652855425
1276	32.5492040534	112.662219402	36.1912515254
1277	39.0822766909	118.222439444	36.5110165294
1278	31.8315862016	89.543839844	36.2612060164
1279	60.0772241636	121.676519176	36.0531752729
1280	64.7021965276	109.149602226	36.0728621747
1281	30.7321153556	119.429971368	36.6067065185
1282	68.5414549262	116.392095996	36.9929543306
1283	8.70843009747	116.460262431	36.5207748839
1284	52.4185229655	96.6927448569	37.1793239398
1285	13.2832034243	105.709889766	36.4650817695
1286	39.1365444718	90.8239581657	37.9756299767
1287	19.599401353	96.8815338779	37.3218628616
1288	22.6506494798	106.649725054	37.5798044754
1289	25.5182763503	90.8417712011	36.9796627183
1290	42.917598759	122.114197037	38.5160289555
