1	65.0607210277	53.3988117537	26.8385420786
2	64.0259658961	7.75317643192	1.69051319411
3	50.3944923381	9.47909030576	1.21988997038
4	72.1080635879	8.99650869219	1.88112545432
5	44.5778929924	12.5760292544	1.65630741654
6	88.1437645161	12.7618858065	0.888696123611
7	65.7315461628	12.9601628812	1.38659691081
8	74.9219076511	13.3485994678	0.971400149217
9	53.0852680104	13.452483183	1.03210372535
10	70.0238766425	14.9944883387	0.581075268817
11	79.5914672386	15.6666321864	2.41062596915
12	85.4159013571	15.5045575306	0.651836734694
13	36.2407512765	16.2729363572	1.31265392781
14	93.4609146577	16.8731429887	1.26897728485
15	46.25840601	17.6994084689	1.86124401914
16	41.2928902442	17.6958474562	1.24186770428
17	56.5002637734	18.4539062363	0.823010920437
18	67.1922472734	19.3200052428	1.9838781575
19	30.1744681694	19.9779115364	1.28586520947
20	59.6102346354	19.3689101439	2.29266211604
21	84.1956420083	18.8139500106	1.94017551963
22	97.9838458873	20.9344066983	1.76004770423
23	78.0429444002	21.036770272	1.59876025843
24	89.0079092458	20.9382136291	2.04840882695
25	41.2524140343	22.0314360296	1.09828250964
26	52.0545609184	21.5286902154	1.98594104308
27	33.9462409376	24.0729060134	1.41936599424
28	45.3716064789	24.6742793748	0.97411496003
29	64.0553107497	24.610567232	1.94256710255
30	94.3850103103	24.4987065682	1.47435605669
31	101.031755429	24.9437218745	2.10814297232
32	77.3914254868	26.3466647156	1.89213642344
33	54.7421777536	27.5136135199	2.34668176029
34	89.1205461787	27.1213990788	2.13730586371
35	59.8852306034	27.8539035305	0.708203389831
36	23.0900357405	28.3816320213	1.34497432135
37	70.2876001112	27.4577628307	2.08582544417
38	37.1200410527	29.9496134964	1.13625671555
39	99.1248215288	29.5569427259	1.19289756098
40	105.170506556	29.8822138739	1.17038207412
41	47.0228422623	30.631013916	3.09293852228
42	93.6385901774	31.7773727232	2.18085195414
43	79.7099723889	31.0875587958	0.818563751832
44	83.9354247626	32.5262542487	1.5567867036
45	42.4999817619	32.1253546691	0.930553037171
46	63.1101451456	32.350508057	0.786331112756
47	75.2136125574	32.1446285606	3.36641778663
48	101.770569008	33.4829647058	1.10035666518
49	91.664869246	34.2039738646	0.870664928292
50	24.8553882506	34.7936261981	1.29144397036
51	51.9341491494	35.3194365174	2.20539040245
52	109.221464516	35.4692286478	0.597327935223
53	69.415116091	35.7203625296	2.02889240962
54	78.1850332574	36.5444145237	6.79165150964
55	36.9950817262	35.7967337125	0.852867451576
56	58.7240374342	36.8933789241	2.21297759733
57	98.0325857261	36.5411246865	1.20648417783
58	46.8372930817	37.5525404807	1.65092269327
59	86.2562786349	38.5215872897	1.2817794971
60	31.52248742	36.9969474901	1.27229216723
61	40.4057675472	37.8718520302	1.34792122538
62	63.7424646207	41.193354356	1.97014715366
63	16.28871823	40.5635005463	0.830837622836
64	21.6638500565	40.1391153654	1.8423458974
65	55.5315812806	41.4371049684	1.03446640316
66	78.0020994958	42.0606781532	2.81048586799
67	35.5039598068	40.5997200822	2.03429546865
68	51.9018861874	41.2120147155	3.64921405534
69	99.0441999236	40.2250550392	2.41548938866
70	26.5764936354	41.6254165177	1.89002383876
71	111.256357608	42.9826963342	0.629002624672
72	44.6051931051	42.7075029985	2.86828637891
73	33.4908130678	44.4322070372	3.56764553118
74	72.2983523416	47.3803786889	11.7569035686
75	93.3790546591	46.1995362289	1.71382515248
76	100.267279807	45.0693013269	2.98771641602
77	45.1733275678	47.3078276206	1.02603015075
78	53.3505343389	48.3085111362	2.04965182623
79	103.674583697	47.6135698144	0.792816787732
80	108.087612288	49.5704421952	1.23655041903
81	16.0253307088	48.5406363485	1.67957985278
82	27.7769219261	49.3162381678	1.76216094372
83	72.7355734432	54.2990297711	10.4908117535
84	59.3448489529	51.8809482821	1.65423338566
85	99.1181689906	50.5997793229	2.34146147736
86	112.813563101	51.9777428897	0.88780923994
87	39.4196933549	51.3875221365	0.578566552901
88	48.5968877344	51.8441155304	1.88422708798
89	33.4261310739	52.6606059098	1.72476727095
90	103.810398602	53.1787650034	1.53801675223
91	85.9090589443	53.5009702502	2.78315271452
92	93.9940363956	53.0915444298	3.57740162037
93	52.8376749336	58.1591576022	3.6478393029
94	26.8234475526	57.5593698021	1.13545642927
95	106.687985981	57.6698480297	4.27912009682
96	81.5674548134	57.7950284803	4.05777646113
97	90.2557804903	58.3183086808	1.00533738338
98	112.725758547	59.0537680113	0.763938461538
99	32.0195483881	58.8813365672	1.49253731343
100	18.9085835771	59.9038364256	1.41208295762
101	85.5017599298	62.0583366302	1.87715334245
102	46.5499431526	61.2351977813	4.73845027764
103	98.09422389	62.0136542595	1.64676844058
104	106.950812568	62.4753896891	1.81181546631
105	77.9104226624	63.8171709648	3.48523836106
106	39.8610890885	62.6543818956	2.56918315941
107	28.3311736011	63.5708892847	1.72710316316
108	21.0386053719	63.2664170682	1.15766927683
109	16.4448770619	64.8132306034	1.10864760568
110	93.4787639387	66.5543183636	2.10246149615
111	111.56302589	65.8204917093	0.543405889885
112	66.2985649004	67.4154079027	1.59497501584
113	58.153907399	69.5752227117	2.55870580387
114	34.3014590875	67.189702357	2.54328589408
115	41.5841635536	68.3728149176	2.07372257232
116	84.279674565	68.6363855556	1.20249784668
117	10.459555427	69.485174474	1.66364528796
118	15.1511790663	69.6462122374	2.48420175073
119	6.86029711504	70.5881109085	2.33030618312
120	78.0768099964	72.2587335516	1.97388702729
121	93.3529615089	70.7627795755	1.91251153593
122	88.3103310653	71.5455410797	2.89533888413
123	46.1316607568	71.4629230741	3.11349423571
124	26.0661508023	70.3023527068	3.97390522716
125	37.1448261167	72.1638054021	2.92399118738
126	84.6003198468	71.8057989572	2.67697493771
127	97.8174201072	73.7049034489	1.24611491515
128	19.6204489281	73.7152480638	4.67678958785
129	102.944332903	73.9712380064	1.19412079102
130	2.86342046852	73.5884631815	1.50500724521
131	65.5106386538	73.8245851964	2.90439629128
132	91.5371986564	76.7707430264	1.9181342218
133	32.7521216804	77.4127769922	7.60154051756
134	42.4697942632	74.9326151392	2.67391050867
135	48.1007298895	78.2515063259	2.12467800103
136	58.940686773	77.3811137683	3.22328732748
137	83.0732629038	77.5155457935	1.40942220838
138	7.13785245408	76.6269805038	1.87910705226
139	15.9052155018	77.3593752468	0.657201142391
140	24.6524252415	78.3629493572	4.0175731627
141	69.6521977096	79.6947252412	1.11803278689
142	10.5548204744	80.0427597912	1.39005920848
143	103.084781912	81.592676411	2.12073901465
144	89.8688429146	81.709306045	2.07834959076
145	4.23046015675	82.1851577251	2.29297333081
146	53.147715693	83.7768647918	6.41992995861
147	68.8015144716	83.2361357577	1.58513684974
148	16.3445537117	82.2227678145	3.09187063271
149	73.5354430907	82.8072140865	2.61796597257
150	79.1913594419	83.4945822501	0.584069000507
151	46.9610788838	84.475185209	7.85697548449
152	85.8115280542	83.9749125996	3.48014637762
153	54.6197631353	89.097924909	4.72425880367
154	65.8063345018	85.2273292275	2.07259184701
155	33.6573234374	84.268590446	4.46101873567
156	41.333518191	81.8139925658	8.48213043311
157	77.839448958	87.5570484413	0.718558152633
158	24.8925098248	84.4270890994	3.85354167566
159	46.5061729346	92.0921600918	3.1977753794
160	70.7747721411	88.0685690592	1.83120567376
161	89.0307503942	88.9889036039	1.74612171522
162	60.6133316778	91.2792241156	5.40894066807
163	4.13920253731	90.9234670257	2.90285306705
164	8.5278724453	88.1604858346	6.08920529186
165	15.5204955388	89.5986928313	2.95113117066
166	21.1987738956	90.5668859495	1.54162532079
167	82.6043682027	91.2234904014	1.09540665824
168	32.7971537271	93.5481152826	4.26395816573
169	19.2656842491	92.9841997676	1.27101161802
170	38.8967960441	94.1895148758	2.1065354884
171	67.580019513	96.071931449	5.94064930673
172	7.85192147109	95.311415191	2.020234375
173	89.6912733437	94.4177579517	1.17349075518
174	61.1971145132	97.9815570055	3.22792223141
175	16.4237474092	97.3150010249	4.63464233105
176	77.0270520494	96.8242800062	0.720987654321
177	32.1470594284	98.5494695192	3.04178569294
178	12.9815731332	99.7942590828	3.62154426797
179	22.6334475052	98.2178108586	4.1740736046
180	25.7453523429	99.9161923954	2.51134020619
181	48.258272012	100.270815223	3.42228626321
182	30.2112952232	100.945378575	2.26818757921
183	70.8077619821	102.255586611	3.56659480148
184	20.074931351	101.570228813	2.25915240748
185	37.1412472672	102.329837827	2.20667845626
186	49.3773749353	103.316331608	1.43020166074
187	78.4167918888	101.21617681	1.13510324484
188	56.7719846992	105.070280727	1.94537507512
189	44.5823448265	105.781390737	3.63302568505
190	64.4388753653	105.858957307	2.11803445931
191	18.361922925	104.769614188	1.86446570973
192	37.3451432854	105.778911668	1.01782890007
193	33.1928656943	105.672548254	1.02362404742
194	51.9351067624	106.160321142	0.680992907801
195	71.8978868038	107.610217716	2.49009779951
196	26.5402790073	107.606422771	1.58379008099
197	41.4723201503	110.599717632	4.81189830642
198	33.6665931591	109.489884712	0.648073254483
199	37.9597835336	111.644264809	2.67033591731
200	79.4011732994	110.230437487	1.68897229669
201	22.3540557184	113.744118028	6.10342936588
202	60.1767692512	111.969142118	3.11269858823
203	68.7113228995	111.245720731	0.925705076551
204	75.6688558943	111.664419127	0.958758451137
205	47.0208290183	114.251622696	3.00187119234
206	82.6387734291	113.062064896	0.719875776398
207	57.5122479179	115.705020236	2.36932177741
208	41.072618524	116.148509214	2.27799168474
209	31.0055942444	118.689997996	4.53420270956
210	46.9419173614	120.180228022	4.65035129512
211	68.5664926063	120.148159996	1.16209973753
212	54.6619705984	120.304595694	0.72288
213	73.9331983404	119.832155175	2.06105872622
214	17.9300895494	120.351679685	4.32089467077
215	39.8663533136	121.404072069	1.82032879618
216	61.8746922909	121.77804014	1.26858741259
217	59.9256256023	13.5984371759	2.17475566331
218	83.9213856663	96.6053433099	2.25906570646
219	83.2147547095	25.1877199665	4.3130342174
220	40.7231719276	27.4579756496	2.86275762701
221	29.1221298949	30.3828740567	3.24689701821
222	83.2146285896	118.410925118	1.75554716411
223	56.1504294737	8.86409131367	2.17838402458
224	50.1090225048	27.2291120375	3.35645497913
225	21.9542134469	48.2301149575	1.81130369254
226	61.2519058048	58.4204451474	3.4338278678
227	94.1467269015	60.0497971732	3.1313937336
228	9.72502827249	63.3695416847	1.81844824665
229	70.7348654372	72.985062729	4.33934252386
230	4.74584764666	63.6883026651	1.79911264481
231	107.737399223	74.0165180186	2.62657308092
232	54.2867225778	97.841113121	4.84703973745
233	78.017960968	118.812839305	2.48853620955
234	40.7568819685	55.9965674021	3.47970468471
235	97.5305679163	87.7023601495	3.15216724596
236	65.4415575437	88.3005279639	4.82353214472
237	65.5197879256	115.265079369	3.18557699471
238	61.3601732624	120.255014034	4.29100817439
239	79.6325015393	10.0975318845	2.06462825877
240	46.3938502928	53.7203741868	3.77823341261
241	105.081445686	68.97279888	2.49144445279
242	101.065349168	76.7431993373	3.65593711745
243	77.1894410102	107.131353701	2.63344960875
244	47.6263658869	110.132384331	4.13146821438
245	70.2300466991	116.929387996	4.94698489916
246	60.3790070217	30.2861213009	4.53856634774
247	99.1036859431	56.4256182569	2.96964499121
248	49.8744914433	65.6239744024	4.33654652137
249	61.986790053	83.9233655263	3.45545533896
250	104.736908066	42.5146401222	3.33358963644
251	21.6329768188	54.8690881089	3.33754812217
252	15.2842171669	55.1380831874	2.95402078058
253	101.389382496	61.0112700431	4.02339123007
254	68.4315194064	64.4044804897	6.72373638691
255	100.333098765	67.3344357088	2.41566945457
256	13.3377225132	75.4064861305	3.93126894285
257	42.9847250992	99.4392353397	3.70996141514
258	28.0846363205	105.527032107	3.85310197042
259	65.5998718956	30.5671723983	3.14213073312
260	107.56394012	36.9952097964	2.96569336032
261	93.5047771148	39.6636320488	3.81729079181
262	40.0152398304	48.1444821627	3.65411523387
263	20.1169566693	67.7534098908	3.55566129346
264	51.1692228802	74.1029253821	4.17809109299
265	52.5293123935	114.13485163	3.93257679515
266	74.6029090047	23.7255072519	4.33014103539
267	89.1860880012	42.7926486559	4.45300252198
268	36.2307589436	60.4383014909	3.60333884639
269	25.7707730141	95.044002764	5.05177783382
270	75.0041711636	17.0527683377	4.02309215892
271	27.9382196387	23.7737367052	3.6073191883
272	40.0047320548	42.3669595962	3.7822408377
273	79.1295071525	92.594143322	3.10693571634
274	32.91689958	113.644926952	6.76886832915
275	54.596160421	32.413507085	4.19470359854
276	89.6680605871	35.4609249163	4.60350877193
277	61.9983550789	36.6612064394	5.36606629461
278	88.7786830933	49.342480206	3.72849202639
279	96.5607959989	81.8420037374	3.58244862111
280	74.5123798441	94.4271406346	4.75266367507
281	54.3377891058	120.640108434	4.24821169441
282	49.0363756372	17.2997663082	4.18309951488
283	70.0278171486	23.0531718833	5.45150113663
284	99.704455942	33.2594841682	3.86579764122
285	43.7907102939	35.9880324261	4.50908902262
286	41.3153307984	105.375145409	4.40651868502
287	84.9952883007	12.9267789755	3.13416651681
288	54.6278494975	16.0694137621	4.53040763863
289	111.155173043	45.5136014589	3.74439842618
290	103.944966181	64.7070247328	5.66878917644
291	74.3422266224	68.2092312571	4.68119886162
292	85.9617927055	78.1081420415	3.93464468448
293	79.8102523754	80.8279399784	4.07947886647
294	80.0873694493	85.7315675085	4.94047840419
295	105.817103223	50.1077843697	5.62330407023
296	90.8630396659	62.0952203158	4.71315836037
297	73.1317856286	114.117706651	4.9455078015
298	17.9129991272	42.4779491897	3.69142530215
299	64.685710957	22.0700693239	5.40271280572
300	55.1721220986	23.8916900412	4.95877233165
301	94.774571585	26.950201309	4.55191752577
302	80.7391860452	32.1662393164	6.05098039216
303	20.3558021892	34.540691198	3.97581029462
304	111.954957402	60.3639045497	3.79812525472
305	14.9584618748	62.3728018201	3.90133346958
306	109.354755186	67.540880696	4.88445531262
307	20.7228887974	87.7104764337	6.22407444202
308	47.4712638786	11.9724641736	4.21297154203
309	70.8577480399	16.6960631496	4.87212376934
310	60.384905797	23.6099870234	5.90047074132
311	34.8879401767	31.4635838504	4.69567194543
312	83.9369887319	37.1193621582	5.66951525686
313	95.8931086039	45.1574651887	6.16270729563
314	111.972398402	53.0906658324	4.15024951483
315	86.4700582614	66.0666018634	5.31799652394
316	80.1732300469	70.8319631755	5.67734674738
317	77.007971929	76.1794563179	5.52460368998
318	65.2339148435	15.8111052419	4.50148593108
319	83.828712961	19.3255141926	5.32712765957
320	86.5715920384	29.8747606534	5.47966504592
321	71.8910086889	32.1099657354	6.85799655492
322	55.6825633115	51.7504165879	7.18642636516
323	24.290962457	61.8019910637	4.97119482644
324	73.762884883	89.9554150795	4.24523470839
325	35.1545024971	109.219039126	7.51411406513
326	40.0693945494	15.6262189146	4.87840515698
327	34.1788537284	25.1939957073	5.46608781667
328	86.2770412599	59.0491495487	6.92236168456
329	36.0195086945	98.6560358635	7.22436526165
330	16.4039220737	108.047449505	9.24740308178
331	33.5750479763	19.2160664524	4.59094294652
332	79.7006058526	20.9059161112	6.36491161736
333	63.8638026735	51.2956782055	13.0133822939
334	97.2274504759	68.811550313	5.8833063411
335	53.5277990344	108.121929463	7.02940092543
336	64.9427762014	111.208120257	5.35831073617
337	79.0693752614	114.611012634	4.76697700505
338	46.2539856884	23.3019436091	5.01318595068
339	87.884355478	22.8685888821	6.13189396665
340	23.6569324146	45.2510693681	5.23285244242
341	48.4338644031	47.4183934928	6.97684477499
342	83.5774428379	47.1262895877	5.90061821089
343	29.4918762124	56.5072632046	5.75384733883
344	38.825126115	119.248196996	8.4120678218
345	89.7891120234	17.0327369634	5.69634118713
346	93.706146974	20.5543935444	6.31897183484
347	41.2150839318	21.2791439734	5.40275014628
348	25.9652151005	35.4089010617	5.4219926011
349	31.8044351971	37.5880610194	6.07848789995
350	102.514272913	71.2171075626	6.42407755752
351	95.5183284403	75.007491705	6.53276312817
352	5.31011973905	77.8460016607	5.88102334506
353	67.8614346768	10.5117747466	6.1754836182
354	102.138466374	28.5875477561	5.34272596844
355	92.4986058622	29.3711794961	6.88633916555
356	96.7557908379	34.6495978972	6.67964461647
357	101.166142991	49.7171016309	6.35353403141
358	91.6151913092	55.7160402184	7.71237255688
359	58.975741495	65.4381399942	7.42976016604
360	73.6486183483	10.944640518	5.68505564388
361	40.1030802679	32.3134771692	7.38667362561
362	35.6274835169	52.0163232583	6.49677102238
363	36.6283315683	89.511238619	7.19020092736
364	103.898455954	32.3395117077	6.08912517289
365	37.408929648	37.50624672	6.13884297521
366	66.534451014	77.7290395103	6.6393999629
367	60.5485544503	10.3930839801	6.44437264924
368	43.7701320834	27.3183545986	7.50792478632
369	99.5494959098	37.628797623	6.97054966249
370	101.84851245	55.946506554	6.92350495199
371	32.9347166834	62.5242883577	7.15709695965
372	12.7166181371	66.8282935572	5.65430053881
373	91.191291857	87.1395589817	6.98103977884
374	7.94724436907	97.6718705231	9.42490848698
375	49.6508535321	35.1283878376	8.2987037785
376	72.980757385	76.6715866853	6.51387835833
377	87.5805729729	94.2936127725	6.2628321126
378	66.8365283247	120.733983886	6.31994399898
379	52.7809369354	11.1999830259	6.24956768038
380	78.6702066637	11.9472600766	6.00912533814
381	79.2240831913	29.3087735164	8.1840247013
382	67.1226060214	32.9603282664	8.89333631735
383	87.6585262448	43.9752370253	8.70206648697
384	77.2118828817	43.4473305999	9.67016393443
385	30.48722896	49.4982602725	6.81673345087
386	95.9066544236	63.915013197	7.27665162907
387	84.4715033638	75.2701944357	7.44201667636
388	27.5437151445	86.0900144598	8.8229254571
389	28.5619938409	90.7977890975	7.675327871
390	93.4735578709	91.4019563722	6.84075170434
391	75.1386224314	120.719891235	8.42037943085
392	84.5068113177	14.5128662272	6.35034426893
393	61.7328225312	17.6504915535	8.5368171431
394	25.6921643184	27.4928160882	6.65820174025
395	72.4207552943	38.5218812135	13.6807031904
396	64.0078881262	39.1181681747	10.0235820982
397	47.3422173147	41.7579543813	8.25967055594
398	38.9911189851	43.1275174645	7.69862640481
399	103.783216888	80.8135445904	6.34395194321
400	82.1394724097	119.976562937	6.34204560608
401	42.0136767302	66.0771839038	8.19184033178
402	10.7719781439	81.6362502396	7.36707027272
403	60.4089303624	105.060913799	7.87016189498
404	51.5845273702	19.9759003405	8.17782220279
405	98.0840370237	24.734779931	7.33534152464
406	72.3816581641	28.0528233181	9.32133300032
407	82.9384422673	40.5994290252	11.1757202405
408	58.1919090925	58.1498583777	9.40380824373
409	98.1860469142	59.4595154591	9.32340404684
410	91.9056815659	70.116292825	8.4101607717
411	30.0061103213	71.1391319969	8.65813097081
412	64.4421590569	27.5572348472	9.45015517728
413	75.1703236648	81.8907132314	7.73157561696
414	85.4687141863	89.1266196466	8.15157894737
415	71.4638813728	101.347490529	8.52662791843
416	73.8779566574	106.239309655	7.60048236358
417	22.1631648651	106.413652122	8.78991137767
418	44.5032195224	15.8117948356	8.03090894856
419	55.7445984046	28.331812886	8.7036782487
420	29.715975036	42.4408998272	8.48804768041
421	24.6581835392	52.0322239687	8.17665554104
422	89.8809616361	66.4172182307	8.87801671004
423	7.59209062182	68.7901068351	6.52023668639
424	36.1023357415	69.8930255649	7.65133746678
425	90.028480636	77.8288218003	8.30251022536
426	94.6753102442	31.4195404221	8.46271619497
427	99.8801648552	41.1982834762	8.91401239558
428	92.6257645968	47.5056114487	10.2658293187
429	111.187061023	55.6695605405	7.92433596554
430	19.0310782626	58.8935950007	7.35128071093
431	109.834045172	63.8804913568	7.43549436253
432	43.5525219116	71.8160858079	8.77504271258
433	93.6818900023	82.1946288215	8.53618472029
434	12.6932202287	88.6728542263	9.53544572871
435	75.4934128301	18.8068173373	8.90748774048
436	105.459023325	38.4290237535	8.28483574921
437	109.528079054	43.5491175288	7.68425880195
438	81.7737986659	63.6315994675	11.2874432385
439	79.3209611481	96.8803781796	7.11323962517
440	30.4180137074	104.375391684	8.61982619891
441	69.8439493293	111.382467669	10.0977662338
442	66.7330244866	17.9743168268	9.19275293371
443	49.7024407768	27.2631650027	9.4923857868
444	11.5279853148	104.856141916	11.9329515332
445	38.111422465	25.8165448309	9.52831091499
446	54.3617491617	43.6512659674	10.0245486861
447	97.4557010415	51.7113387677	9.13776727996
448	106.441655912	75.3524092905	7.93808266115
449	57.1672470805	77.5148881274	10.3693936644
450	70.3527403257	80.76890642	9.57108832808
451	16.5732239267	83.1076837324	9.27021397855
452	19.1856269881	94.5358987049	7.92623881459
453	55.6837811424	37.0446598313	10.0685965308
454	43.5187424922	39.3545955688	9.56183278975
455	101.389132063	44.1454474841	10.0001664047
456	18.3202919993	48.3949770198	7.33687959047
457	45.7127203127	53.9812760043	9.01891664328
458	38.8402307401	57.3361072009	9.61305875738
459	19.7752570932	63.9889951052	7.84480457579
460	85.4927668556	70.5289171221	10.8164695874
461	13.7748030861	70.7431147664	8.33298336151
462	100.446585816	77.3468409926	9.41346382754
463	59.7605231217	84.5411044652	9.78038801946
464	71.7115308145	86.0316549872	9.70842484483
465	66.2645934943	89.067193313	8.87398428271
466	56.7169155283	19.2980067318	9.45486174497
467	89.4498639658	27.7238972053	9.45587688145
468	59.6061300892	31.6501421271	11.4122453482
469	91.9097779578	41.157598068	10.0257792995
470	46.5116457181	74.3135827023	9.28555862269
471	6.15683727069	75.1460443489	8.3006945276
472	51.2753318971	76.8462770455	9.05061941804
473	47.8541809495	90.6841076252	10.3873954051
474	48.8012677067	110.633373391	8.58281296461
475	29.7354154883	32.2730285476	9.42220539096
476	44.3710678978	33.64038258	9.91702154153
477	88.4078207317	51.4981387547	10.9942608535
478	56.758395571	72.2081780139	9.96352888691
479	22.9860618338	77.1762483862	9.90837667503
480	79.2668348391	22.3512027994	9.94392231092
481	41.9447671796	92.4820690379	9.75920728768
482	52.5924257284	106.588400153	10.0596970093
483	27.3642648742	107.230681192	9.99857289478
484	56.5711522657	120.460901126	8.4648004949
485	38.1408782216	19.2732376356	9.66004837734
486	86.5294872631	36.0480851849	10.7132992646
487	44.1644671806	48.0911928765	10.7150034254
488	110.300800241	50.3920037472	9.61092043682
489	19.1244420638	68.6551693052	9.48773134328
490	51.377417	69.1101935	10.3710039021
491	99.2392565409	85.5932456811	9.3617433414
492	60.400162868	97.8739942932	11.2432313033
493	17.8077578505	102.667824181	11.3232071672
494	36.3108313198	105.036010429	11.2311984827
495	38.9940838976	108.206696168	11.3390267122
496	75.5003111134	112.109549818	8.96978581939
497	95.1128586553	36.5527290019	10.6380395296
498	41.7790215071	52.7763020694	9.95206055509
499	41.871127071	60.7913536905	11.8000807547
500	59.2998966757	115.502596928	10.084838381
501	55.587481835	25.2171773081	10.8208981639
502	90.437764278	32.1003483262	11.7745149254
503	19.8046380974	41.9060422185	9.04342654543
504	65.9146883968	43.1238790463	13.8883359153
505	61.4552404387	77.7489650885	11.3332431357
506	43.9650793926	22.8025851206	10.5584393838
507	84.2448431456	25.7979066522	10.7991524676
508	45.9738466086	66.623445321	9.43802429724
509	76.8722344001	67.9937312737	11.2278207348
510	82.3303490189	81.2862736199	9.92415115623
511	71.5544550633	92.4639661699	10.6822770444
512	50.997871489	115.79340646	11.0631313381
513	18.891409767	118.849592558	13.3270211612
514	48.5613084118	14.7821615387	9.96684940778
515	70.8289394712	21.0663512673	12.0201928906
516	26.2942336047	39.5693630689	10.5675182893
517	101.939638483	48.8085272154	10.9915612689
518	110.130568629	58.684514866	11.0973080242
519	94.6528769602	60.7553748894	12.2935762624
520	30.206879038	65.8499051611	10.9373177301
521	99.1967973479	67.890324881	10.6484999393
522	81.9929865467	90.0772857704	12.0392854904
523	79.5899360196	15.3309798082	10.3240061792
524	84.4560792852	17.3368128995	10.2692938257
525	100.344067666	30.9286626757	10.0245443936
526	24.3417093944	31.9876527611	10.434810781
527	25.218461255	45.8602773622	10.198239377
528	103.261271288	54.5271307483	11.3289430058
529	19.5080559652	53.5176693808	10.6948157342
530	83.7587039528	56.6128592578	12.9185346223
531	26.5160449495	56.7893256327	11.2002751905
532	13.0073698693	79.8872048606	10.7671496178
533	28.0041649515	97.6531705825	10.3467732724
534	46.7052571647	98.709107921	10.9054216239
535	65.2126839704	115.778824536	10.5851245608
536	55.5049389985	12.9312436255	10.2265526218
537	72.4769296227	13.6036030227	10.8985639806
538	48.9124267169	21.357375604	10.7880005357
539	32.2080395315	23.4706673433	10.3491269927
540	103.726344519	60.3979745566	11.5419975135
541	64.4869077415	71.4401967654	11.3451869095
542	29.5584949737	115.695056041	12.5598636293
543	64.6472613455	12.8722364834	11.1952511649
544	22.2365943438	36.6411499771	10.2691431629
545	52.8566331974	55.8211473441	12.8379656252
546	102.257326764	71.5456272981	11.4024315347
547	65.2682113025	83.2239952282	12.0750133476
548	36.692849128	87.9569891722	11.1651816453
549	76.5593239268	91.7535630101	11.0279117049
550	51.8333398913	94.2508874991	10.7549159357
551	53.6519216282	120.38858619	10.9136040538
552	74.9506386595	22.7377581372	11.9309208944
553	36.7087062667	45.5230492517	11.6157918439
554	76.5976961524	60.3040676872	15.8909358632
555	30.8862195717	84.7377667184	12.8634577786
556	77.6025775208	86.0598667395	11.4780710826
557	73.5341104418	97.5378791862	10.2830767688
558	42.4567273098	121.633421672	11.6305210377
559	58.7761108606	50.7295083432	13.0121303649
560	102.915098357	64.3770330042	11.7435720051
561	90.3107463831	83.9300344527	12.2556446706
562	53.5082344109	102.499263701	11.4123523234
563	44.85941939	117.637630087	13.2427596508
564	55.2472686406	33.507681867	13.7359626549
565	106.760045153	45.2736152792	11.7044443067
566	89.3594875797	21.818272961	11.213609432
567	79.2958193979	27.069765459	13.5408762058
568	37.8463865924	36.0987543775	11.5287641662
569	42.153674609	41.9467876172	12.0921614772
570	96.6045911877	43.1979933125	13.3542131419
571	34.7443002634	56.586955634	12.369679368
572	65.6736330474	58.930640346	14.2459977897
573	28.581077982	60.9356218381	12.5662540416
574	108.307667821	64.4009780103	11.5192661971
575	107.114899315	72.7397170853	11.227167877
576	76.2534101074	76.9856865809	11.7269528209
577	50.5593947623	78.250079724	11.7369385155
578	15.556541432	95.1589611023	12.8548564629
579	66.6056798046	107.350852394	10.6802181535
580	42.9635345899	110.742951422	12.9058312801
581	33.1747687682	50.6823920392	11.6836947188
582	89.4931897668	58.2039179719	13.3987569653
583	87.4636091134	62.7084485568	13.1121330603
584	13.5559920312	74.7943222627	11.2813745338
585	19.9190772361	88.3581142028	11.7971249588
586	59.40967387	14.424457616	12.8222792937
587	94.8734708624	26.4082486485	11.7482568807
588	32.9644295748	33.2712445216	13.7401741188
589	102.854376126	37.1535917393	12.0653181751
590	50.3622241298	38.1201402323	12.7234738617
591	36.1851994837	40.6626346436	13.7339259752
592	95.0210635364	66.1811226713	13.0291587164
593	66.41800849	22.9965804818	13.2981820695
594	55.163805842	60.3932333151	13.8561616761
595	61.8436053971	64.2166897839	13.5051880299
596	71.755550385	70.7787509823	13.6087957633
597	96.3693652612	80.4522481941	12.654048976
598	66.9630010946	99.2467769563	13.954497947
599	23.0314210261	105.515156355	12.6462616024
600	77.5747321412	117.560166079	11.6209799369
601	35.4374679684	29.965301973	12.8374574496
602	85.5001402183	30.9627906483	13.8269715002
603	58.8212383389	43.5619443556	13.7608104575
604	99.0579647378	47.769054228	13.7963509419
605	52.385732663	50.5503086388	13.9366453294
606	39.1687094746	68.7843910677	12.9257350084
607	80.8813227313	72.557664521	13.5740814356
608	20.1885701513	72.7167252553	11.8966590302
609	87.4774176807	93.611083816	11.4586324786
610	70.4315421572	103.35321743	12.2748204719
611	42.3080447982	19.62222254	12.9829097182
612	6.78777894753	72.644185151	11.8298758218
613	33.8383474313	92.7997372412	12.7057527125
614	62.7624711575	102.882619003	13.0015051451
615	29.4758024723	103.025469777	12.1513603597
616	45.5961217277	104.473746445	12.820281166
617	41.8317229705	27.7338031185	14.2994020472
618	89.5126588772	41.6323739585	13.5885455771
619	107.076599245	49.8666500755	12.8389412618
620	94.4207142704	53.7191144832	13.9839118306
621	93.6791630213	71.3817145634	13.5494586537
622	48.5422282729	121.433592642	13.0591517857
623	44.3274484118	46.2881665515	13.6408477509
624	27.5697518659	51.5719191507	13.9379662069
625	46.2240481761	57.7246307153	13.9689998577
626	107.064054625	68.0406402737	13.3975685676
627	26.0028257233	73.6144308725	13.0505558497
628	89.758953065	76.7030588924	14.1894851373
629	103.07439606	80.3390539791	12.1558002561
630	6.25338939171	81.3198238327	12.5790351492
631	57.7859226546	88.5717043118	13.7266254387
632	22.3959831801	95.1980179027	14.2255077768
633	30.7570072515	121.132909384	14.6115913427
634	98.9628416421	32.4294619157	13.0662336233
635	39.4641074167	50.3339841682	14.9547985899
636	84.971763779	68.0836005799	14.2897081872
637	56.8632008635	95.889665149	13.6915872281
638	38.517415994	99.5473254558	14.6501554404
639	50.861198194	112.08426187	13.5381756602
640	65.5901252717	33.1913103291	15.0682121952
641	35.9435394411	83.7193957895	14.2350861009
642	62.9341311258	121.057923447	13.3636615172
643	53.5670773398	16.6909000593	14.2189150705
644	60.0237456547	24.0405249706	14.5931422589
645	73.7618092427	32.4844501928	14.498060179
646	92.9199963895	37.2710427609	14.325669595
647	78.5253180686	37.5680502694	15.4443469624
648	25.1953552327	67.3311839854	13.6468113879
649	67.002577003	76.4084044274	14.4926284235
650	20.1117323096	83.0800943279	13.9170109225
651	53.442193682	83.2426635143	14.2956054624
652	63.13994065	90.0925991293	13.1897473577
653	71.014371451	119.274446645	13.9329301847
654	29.4996754973	28.33425046	14.0117208532
655	86.3623127025	45.6319059519	15.9556434773
656	107.408109954	54.7351320461	14.4829876161
657	54.4375635499	64.4732107822	14.5138540479
658	36.2553912341	73.1749551169	15.275062534
659	83.8535683526	76.2958955759	15.6227844904
660	84.5319964814	82.8718584247	14.1493157804
661	38.8426608474	118.536441154	15.4055453273
662	55.0175107247	22.7968294436	14.2918073029
663	51.0855877302	31.2605268815	14.3959710196
664	22.642713811	59.9841991392	13.7212346623
665	70.2387028291	61.7971449754	15.6389758088
666	50.4427472412	60.3616339956	15.9524682483
667	45.5206772482	19.1807714908	14.0320600824
668	45.9511785645	33.1922999362	14.5470570837
669	48.0735797772	43.1232444155	14.3748197982
670	29.6289967002	45.9639823241	14.8665431813
671	37.2002640855	62.6806550396	14.4471896857
672	98.2230022377	74.0035555696	15.1755388369
673	72.5714264194	107.589329915	13.3820905744
674	79.4890989135	121.383376748	13.622085048
675	91.7557929662	48.6411749186	15.2532096098
676	99.7098485923	65.6128073378	15.496694784
677	67.0789042699	67.768790521	15.0087156584
678	31.7791437472	70.9437159208	14.1214101592
679	23.2809952375	101.074843984	14.9572162577
680	54.6980623472	102.003849781	14.6528664667
681	46.3347290989	113.316342021	14.8536302033
682	86.5878275056	21.5084113407	13.2104205434
683	52.235953682	25.0045464214	15.4344660194
684	63.1961433639	24.4372937121	15.1030888031
685	41.461450341	36.5737600329	15.1791254867
686	69.1023419267	45.7340828194	16.5834566886
687	81.2942140121	50.437440122	16.1787693387
688	60.6542271332	56.3200138844	16.2097428814
689	47.88468026	70.4190365189	14.8604088444
690	75.8776779652	71.1566756241	16.6030687518
691	24.4827469392	115.772463329	16.0638541942
692	82.7379499317	21.4201624573	15.0243028648
693	68.4586496998	27.5280338669	16.6164729617
694	61.1254610588	34.4570622115	17.058818281
695	68.7466815076	36.7475751339	16.3791875936
696	100.742444764	56.9712383057	15.554243619
697	58.0290771049	70.6219693448	15.0106976086
698	53.7941505267	74.4486155046	15.3926031294
699	70.556575797	15.7534002073	14.6276443486
700	74.2769545282	27.2908778029	16.2182668605
701	47.9899067415	26.5515185619	15.6608438592
702	26.0669183839	34.7151932855	14.9442998336
703	54.020246936	41.2932422452	16.3563481358
704	31.9355348804	76.7293759622	15.7062429058
705	57.8115179601	80.787105222	16.1963041871
706	73.3172100973	84.5711182695	16.1016934242
707	7.7766073622	94.8834945065	16.0605462246
708	32.7768745137	114.260333389	16.4336645335
709	37.0210594463	23.8747761392	15.354120522
710	42.9828074765	53.2841189319	15.5167013398
711	99.9262227158	53.0359382826	16.2041477385
712	44.2928163412	65.4083002351	15.4938759538
713	93.1893484051	67.2359405506	16.0784406847
714	10.3851464511	77.3484886166	14.7516342451
715	51.1024140109	95.184496557	15.1581320278
716	78.5506367161	19.3896577903	15.1728420334
717	82.3516439607	33.0679779039	16.7337888518
718	32.7248833507	36.8787662072	15.636620048
719	81.1296484307	43.4929858239	17.2372930818
720	100.778556869	61.779794097	16.3870389784
721	46.6111973969	77.7647788858	15.9406241749
722	77.8449742346	80.4455362603	15.910530082
723	81.9783876772	94.305165122	15.2344040089
724	65.7659917069	15.7642377235	15.2957788018
725	74.8060575916	18.3724427105	15.7718865227
726	49.0220017451	19.5222026919	15.7988595221
727	87.21986	25.3459728885	15.8428691099
728	23.7050459241	41.3260979915	15.6171910343
729	90.4889895258	63.7241906618	16.2852520516
730	26.8790166072	83.2382265401	15.4193452871
731	11.6276758918	85.9845979374	16.3275615231
732	94.7768518469	88.1337913938	15.1613906187
733	69.0102709392	89.8382906255	15.9042789572
734	57.573351494	110.219028036	15.9437003065
735	99.6280046531	38.0625600472	15.7772172498
736	87.990945845	54.3076399695	18.6293491626
737	107.089988789	61.0008791829	15.844336389
738	103.712741286	76.6428401559	15.3165347821
739	29.6687719591	97.564029142	16.4801158301
740	90.8572898715	27.1119942816	15.3430094583
741	94.7298590584	32.1396573591	16.4328527535
742	59.9745253343	39.0414144474	18.2173524369
743	103.701263383	43.1812653115	15.6559154407
744	23.2675342727	47.1204015869	16.4912283301
745	50.6265942598	47.8037620279	16.8212948551
746	18.5824746791	76.9122926798	15.4765317787
747	99.4499915219	83.839556256	15.9721415608
748	11.4383400486	101.012943268	17.3531613157
749	61.2305899848	17.0769835756	16.3262251353
750	88.8278675861	37.8864354109	17.4379113408
751	93.3963447161	43.3876261257	16.9059041211
752	77.6729899487	75.5548187008	16.5698770811
753	53.9863761291	88.4364574356	17.3568999499
754	26.200916317	90.0092354173	15.7451621331
755	46.2737732985	90.5263331403	15.9162883742
756	59.1036990201	120.559173988	16.1957217072
757	49.1179186838	54.2161404188	17.8445751634
758	52.3707794045	65.9326017311	17.1059151088
759	34.4182300536	67.0480820225	16.670203605
760	76.3812708187	95.1311897336	15.9494470973
761	76.8230777473	40.9842959369	18.3531503945
762	31.2617015631	41.3624709809	17.2766434331
763	105.064574382	49.1868989492	16.4860445004
764	40.3168387785	75.5596369633	17.1837808865
765	93.4595429719	81.7182369968	17.2536692464
766	49.5081269834	119.81847737	17.165213533
767	48.2374917072	41.2348446619	18.1565671642
768	38.6277464151	44.6560052893	17.1100067385
769	56.5712847056	48.2036341811	17.7389721988
770	40.721679684	88.9922218924	17.5299307328
771	14.3134689123	120.590589307	19.0996606143
772	22.8305592579	52.9190073182	16.5182375571
773	91.185319507	59.0724333781	17.8017346182
774	72.2471053704	77.588145778	17.429505814
775	89.2719210021	91.3018229129	17.3194080658
776	19.2515719718	114.795667393	18.7173719174
777	53.6463826937	120.351079384	16.7785779979
778	37.7604405067	56.8944328349	17.5383093114
779	90.0594194209	72.6358302663	18.0457495916
780	104.442622831	71.5965063084	17.237234575
781	13.8342015288	79.4638406532	16.6554183813
782	65.5772058672	82.3327466565	17.3491320145
783	48.3935567639	81.8376900656	18.2998874719
784	64.6667033381	121.867299707	17.4942680412
785	56.7137829731	27.9500480112	18.1251038128
786	96.03164804	49.5891423492	18.1585156319
787	74.2444796968	66.1163840884	19.0389884905
788	95.5772072128	76.7643661271	18.4495555859
789	28.1206378288	78.6928490945	16.7477075589
790	77.1171548794	89.7577212174	17.6788180611
791	69.2904352622	95.10333521	16.4714732997
792	56.5315144647	97.1556234141	17.1706539321
793	41.564672729	109.92727864	18.9327177037
794	73.3591690392	112.121053913	17.2240301785
795	12.4567365259	113.530580146	18.7476227766
796	62.7698391049	28.7001605656	19.4817690464
797	51.6740023596	35.3818415208	18.0524458343
798	43.4176698013	43.4585330056	18.6214154073
799	86.8306210177	65.0279426501	19.9903440482
800	68.2237943001	70.2287703201	18.3044549237
801	46.9997029029	71.9677097411	17.9095562292
802	23.0505163115	78.3991913191	18.0231717409
803	15.1182130364	88.6923602066	18.2814459672
804	20.5332195497	92.803156577	18.5333872203
805	34.7180361025	92.4997147477	17.1669230769
806	32.4692004549	102.699322903	17.6557107941
807	69.1232099837	19.2525695984	17.817551191
808	38.6827983104	33.2589947454	18.4556469391
809	63.085721079	47.0125674603	19.6693263041
810	31.5071963206	51.5897153013	18.4296882671
811	31.440341645	57.8326888137	18.0570165064
812	79.4393154081	65.1003756172	19.5546171967
813	91.0552269806	68.6536963749	20.224645088
814	40.6451564393	116.612432674	18.7246555447
815	82.3977269727	25.3205621236	18.3998802126
816	43.4976641673	34.6651784213	18.1696812749
817	27.6658921883	36.5253295525	17.890190715
818	85.6609422534	39.7376995451	20.1413964176
819	87.3139095784	50.5268716078	18.9782698962
820	96.7735160319	63.0571214964	18.9150650768
821	26.6465552838	64.5245328342	17.7282158958
822	88.5594305131	85.5555995972	18.8021135459
823	29.5213407538	106.525579834	17.5772715639
824	56.5678797014	19.9760017892	18.188490566
825	96.5165955814	56.9387562166	19.3947584465
826	84.1423936123	59.9348763512	19.6839868685
827	30.1900027158	72.8417431311	18.2829816048
828	63.7720504892	75.2201842082	18.9606757286
829	52.8068050657	76.4631950451	18.7042879101
830	20.5707616156	83.592761425	18.1252058749
831	79.2030994302	84.6475105067	18.7367290652
832	23.9209352559	105.778225458	19.3151263987
833	63.4682422525	117.771671876	18.3566639099
834	105.199115611	54.5488003151	18.504259377
835	67.5964851699	114.43600509	18.2164211605
836	64.070840281	20.4822783745	19.3203098225
837	96.9587531941	39.1996822918	18.9798224624
838	61.4399543681	61.0191204344	19.7079687137
839	60.9513540789	68.5194374625	19.2435146097
840	69.0733139697	104.483935932	18.2802553315
841	34.2079098803	109.182593847	19.6113355998
842	50.790918258	117.968844366	20.7827548876
843	55.6319608689	117.141921701	19.2792796378
844	22.9828041015	120.957118651	19.6092176759
845	41.8232772417	24.8990704872	18.9345090682
846	33.5456037486	28.973217567	18.4129025577
847	42.6454166506	55.7935257844	19.1569717219
848	97.2606202559	69.1175515362	19.9161114145
849	86.5312428543	70.2401177114	20.6354065041
850	76.674051998	23.4048140606	19.0098043625
851	66.6683527123	39.1415797424	20.6084490981
852	66.440891076	64.1327258315	20.5665581355
853	104.401593166	67.365820265	18.558287596
854	62.5464586144	104.226029361	18.253771482
855	17.6922567023	105.585633088	18.7814536576
856	66.3853808775	109.496297943	19.4437408802
857	48.9306199063	111.922939611	21.3440271085
858	25.5980321837	112.439697776	19.6936902059
859	45.7672250653	23.9318751298	19.4181912068
860	53.5770805165	28.8077461848	20.0463149803
861	8.02165135679	81.7964666406	19.0622454992
862	62.5524063603	86.1790595957	19.2825149006
863	47.895659412	93.5955477265	19.5721036423
864	62.2205194976	95.7929150728	18.4613502551
865	45.5780802706	116.951455075	20.8567053629
866	51.3334971896	20.6032843749	18.6469130339
867	71.3957720342	22.6161667891	19.9281366614
868	87.487880939	29.5759060744	19.5513935214
869	48.1553351412	29.9010984413	19.9779639077
870	60.8228213726	43.1907261066	21.154493617
871	102.136871071	49.2126745175	19.9023119153
872	34.6034023003	63.2300630213	19.3538347221
873	40.9632999152	97.3189127146	19.3425774148
874	58.5303498688	101.744359544	19.8549700466
875	8.18211733951	108.416786271	20.2198763671
876	92.7813529202	34.8487380091	19.6446436925
877	82.0925899506	46.8888402608	21.5639419955
878	105.233984328	61.104658503	19.4095216156
879	50.3311757281	61.2072473935	19.4102087861
880	14.1612326942	105.000752163	18.6633692328
881	36.9109917683	113.340677815	20.4307212714
882	55.0718134236	39.6604870594	20.7379418009
883	46.4632064396	46.9917183575	20.8108483351
884	93.0266815377	50.1967021347	20.8458917217
885	37.7936538528	50.4876288196	19.6026513703
886	53.8341858116	69.612229103	21.7435740086
887	88.3019324702	79.302730951	19.9683501684
888	100.544409189	80.2023204914	19.56155959
889	30.7518281362	86.6339525271	19.4774462179
890	37.4661337179	87.346738769	19.7463954469
891	77.6470116649	35.0096886759	21.0416504529
892	100.162636407	44.3557608132	19.5610438579
893	82.7407862077	73.7075436054	21.90799508
894	82.4181908722	79.1740014661	20.4408072414
895	68.8964495286	81.8766879307	20.9184247539
896	83.7218560354	87.0709546458	20.9417625043
897	57.1145000674	54.6633377869	20.6715995526
898	72.1573613466	63.8900942095	21.4909701242
899	43.1911599527	72.4785388994	20.6931267334
900	54.1898926988	82.0596694513	20.2865028654
901	61.4945681729	91.6835034783	18.9073853757
902	82.8034790158	92.9614458171	20.2560270905
903	71.9158408836	33.4617673376	21.4163231505
904	68.0942889316	43.116127099	22.6946362785
905	33.4306753992	45.2214997654	20.3573820186
906	45.5260952862	52.8674211657	21.4777697961
907	33.8650833903	81.9527315358	20.1404816575
908	58.1779718517	108.373638991	20.5780114477
909	34.3312154183	121.5958026	20.3910092289
910	59.3067540429	21.3868259516	20.1834599
911	81.7826579762	29.1670907559	21.1928392097
912	75.0362032273	44.5775940822	22.9357179685
913	89.7664158784	46.0784883763	21.4557025484
914	26.1746229991	56.6460308898	20.6088541667
915	63.8856387976	57.5204393928	22.1360022396
916	45.6323554697	60.6292020901	20.4938977167
917	94.0915851721	63.624970817	22.4189154687
918	95.2323143255	72.9816725473	21.4308159957
919	39.8311127037	82.7150069782	19.6716492561
920	81.0502967311	37.2391833712	21.5597904714
921	37.2072802876	41.3941456107	21.7738293484
922	70.1508593239	57.558823653	21.9587742015
923	44.7855434027	66.0749630242	21.6240980574
924	39.6305652086	67.8683512845	21.6179409659
925	44.7541759965	77.6475782359	20.9563380282
926	12.3711459125	98.9915419454	21.1613327815
927	57.1301599809	33.1378044602	22.3240087851
928	49.4686492632	65.1555745114	21.5330644112
929	75.0616145254	118.581481719	20.1068554542
930	66.2480310471	23.6867768528	21.824556962
931	36.9438516219	28.9500508943	20.8100953828
932	66.9564136567	33.6385093986	22.8127385658
933	41.2839263889	40.4793086591	22.5185075319
934	79.1483980866	58.2202025427	24.3531874125
935	62.4764781895	77.2217876262	22.5641535403
936	43.0777609369	80.7408033678	20.9480277461
937	74.3013339626	93.7956839015	21.1790274382
938	32.4457155183	33.5343605888	21.0790071942
939	58.0524633775	61.4169988239	22.1711180654
940	71.0204550223	88.1497742081	21.6244010056
941	77.7368571347	28.3746996899	22.1736139162
942	94.2846838394	41.1990769657	21.9108342721
943	54.1809174884	47.3018847623	22.5779435318
944	88.5109676418	60.799448933	22.647981988
945	101.503844158	73.9030829627	21.6308429119
946	48.952111228	77.4711668252	21.7216230728
947	48.116611262	87.2447861291	20.7805596114
948	47.8995772489	99.4531100786	21.8777141328
949	54.7059743765	98.4037359805	21.5880820063
950	55.4550768648	51.9836988279	22.7276867759
951	72.4270487784	54.1304923273	24.5402762615
952	92.2038552226	57.4806269982	23.3651940017
953	44.4501727051	36.2782531154	22.6199095023
954	84.1313065428	54.0049222591	23.4817173524
955	35.3540135339	54.2867722425	23.0966984096
956	74.9004022298	72.3649529065	22.3382343774
957	36.5970015976	76.4005942647	21.8488638248
958	29.0263885135	119.944173906	21.383387013
959	53.9356176221	24.1543455327	22.4774904671
960	49.5326448169	33.574831778	22.7418026902
961	31.0436974241	38.0066215323	22.2072453671
962	28.4489188365	42.6784228658	22.1900745417
963	102.505631124	56.1003703547	21.7588790084
964	39.3853099897	60.7809557901	22.6895769604
965	67.7357773825	72.2111707825	23.4389884304
966	74.7295203693	80.9339953606	22.9450060655
967	95.1391736124	85.4138011521	22.0791693002
968	67.7835290158	92.1773231484	22.5177302576
969	69.5973013999	120.54166066	22.3370848477
970	80.853380067	42.4687307572	24.4102996487
971	58.4988497471	72.9655189067	23.3740445517
972	10.5332144631	84.4863241875	21.7767918662
973	22.803523015	97.7654254269	22.9770340288
974	72.1747045816	26.8802622643	23.0985616798
975	86.9835696112	33.9885494178	22.7703973449
976	47.8992339483	38.9078484765	23.1419663111
977	97.662123588	44.9770970202	22.3119926682
978	99.2450476164	49.9415736074	22.8922314332
979	29.0760661938	61.0921073951	22.5558950086
980	102.120231811	62.0884661706	22.7420092397
981	30.7225402136	67.5481696035	21.8305416915
982	17.4170752099	83.2495430036	22.2140799207
983	85.164425606	83.6513226079	23.3596653587
984	56.0934481777	91.9720721113	22.5688470911
985	9.30336014829	94.0757319166	22.7531414612
986	30.3114940489	117.214156813	24.1105632519
987	48.7185778503	24.7515008462	22.4431111111
988	61.718053073	35.4224260283	23.809155497
989	33.3229842554	49.9526947371	22.2191187453
990	101.865322594	67.4431250295	22.7419027699
991	46.0542707263	121.879701229	22.5480819367
992	81.9280081241	67.4924894	22.3995568401
993	91.7204388091	79.3548783182	23.0946917627
994	24.5891417005	88.1737759767	22.9167573339
995	65.3919300431	101.234434185	22.6229450933
996	22.8191732755	102.036414815	23.8669208643
997	87.3436777929	49.9464935335	24.4526220363
998	78.9670465884	78.7881013339	23.5280892067
999	46.3035796222	93.088448311	23.1843840284
1000	31.8791450233	94.0027326021	23.7090462701
1001	41.2402769449	107.310987012	23.693622034
1002	38.55710404	47.0312314252	23.3840395744
1003	57.8800669151	81.40185257	23.6422272136
1004	59.9462349291	25.4857933872	23.8478091154
1005	40.9674200603	30.7706319636	23.8786701405
1006	48.1421639886	52.4779394422	24.0108646953
1007	35.9329580204	120.333626262	24.6459132298
1008	71.0216678129	77.3143458905	24.3095678173
1009	97.4946166158	80.4879020911	24.0606200148
1010	89.2923973212	89.2002016708	23.8661703888
1011	36.3463284741	89.6698215908	24.1367343556
1012	16.3723080506	102.222805581	23.6570245217
1013	19.0038422302	105.143908897	23.0348701747
1014	55.7420898044	121.533425933	25.1384849473
1015	91.2221215063	40.3097525318	24.1096905354
1016	65.1879133571	84.7110567492	24.4738712496
1017	20.2171480564	112.476689863	24.2337464194
1018	29.2398094356	46.9600088466	24.007867196
1019	28.3817209993	52.4668575779	23.8782081154
1020	51.746543565	55.8201558959	24.4679069089
1021	48.1753225758	59.4928558798	25.2294409199
1022	90.6568877628	74.0792138166	25.1571737183
1023	15.9937599113	92.988068271	23.812056425
1024	37.0635455462	101.373118747	25.251985255
1025	50.0506443578	107.863612639	24.6968847556
1026	69.5922166258	106.684886299	24.1877318971
1027	29.9855203332	109.569831584	25.6832472738
1028	40.2436233124	122.088354079	24.7807531381
1029	66.4329426019	27.2378570118	24.5420308212
1030	53.7822982693	37.0572723135	25.0281597751
1031	72.838302906	39.8712921621	25.3253022839
1032	64.9827493107	49.2727159082	25.6867301197
1033	77.1575868056	64.5083817437	25.9155042203
1034	65.8693471892	65.1320497186	25.6270132881
1035	57.0509430194	66.0320542139	25.9035790371
1036	35.0825256903	71.9895068156	23.8089006745
1037	49.1379764916	83.1088624244	23.8548069567
1038	77.6205431515	86.2762712626	24.0073563674
1039	77.0904549169	92.5426434399	24.6494470155
1040	41.1724129767	91.6101466403	24.5849652915
1041	72.9655166665	112.439328955	23.3811631329
1042	55.9286249385	116.689027486	25.1428912241
1043	62.3120167833	120.703076138	24.2539857193
1044	99.6559776784	56.4389528042	24.6994370861
1045	72.0544944757	67.5956639385	26.1378183804
1046	45.2043432096	69.9743070983	25.5862029719
1047	26.2929606902	82.7470045403	24.139556962
1048	14.7366922323	119.86379886	25.1971038576
1049	36.6863297771	36.6263988783	24.8738499887
1050	58.3547050606	45.264443274	25.7087401575
1051	42.0523880973	48.3648428845	25.4092506115
1052	42.0967062224	77.8822743941	24.7625682439
1053	61.0720875082	88.5342251623	24.72634963
1054	83.0827924204	90.9791015508	24.9645980047
1055	25.1072373441	93.8513153898	25.4368309441
1056	56.2244566416	102.134154343	25.6584451798
1057	9.51701319183	111.638691778	25.1072729102
1058	11.9716043893	115.020304345	25.0560122659
1059	79.7088780943	32.3340527269	25.0272955145
1060	94.1331795003	45.3492019642	25.2171622019
1061	50.7071840522	75.7892016119	25.1430300689
1062	27.8409226743	102.910096042	25.9494310036
1063	46.0760571737	30.252581546	25.634613918
1064	68.5192468103	39.3032062498	26.2360492919
1065	56.9496130333	39.1281706305	26.3514240957
1066	90.9792548122	67.3432127849	25.6695952706
1067	62.1501444255	69.4523363003	25.9238548408
1068	62.6272401143	98.90978129	25.1586300671
1069	62.118507058	107.137987441	25.6919267655
1070	9.90552921578	121.392648889	25.987756654
1071	55.1518236062	58.4359850014	26.2383118663
1072	50.1282480224	70.5432560552	26.0941672434
1073	51.9788115503	42.7850045434	26.0124205699
1074	47.1016745526	44.1533588523	26.3719899504
1075	41.8960090405	56.7590473321	26.2910397579
1076	72.6004219747	60.036357915	27.1407237979
1077	66.7001822149	115.616510286	26.3031835513
1078	81.715083505	73.770572554	26.6157253599
1079	68.5627600385	81.3620342565	25.7016792407
1080	48.0764745349	121.245343731	25.822754491
1081	51.5147496384	28.4581180604	25.8106577135
1082	67.9433650997	29.7099476099	26.434913146
1083	33.6106956997	42.6142216644	25.88125
1084	95.0316391556	48.5577928911	25.9535164099
1085	60.2578543492	52.439041947	26.7170711471
1086	96.4809088771	53.6921547519	26.11201936
1087	99.2819159255	62.6534889281	25.7515988673
1088	99.2497445365	72.3564886323	25.8128826036
1089	71.5287494648	86.356540277	26.2405338242
1090	45.4671948133	96.0675630919	26.9877334025
1091	35.1855631492	115.58269011	26.7379360769
1092	41.8141518364	118.577250704	26.7065717657
1093	86.2711011418	60.0657878828	27.0527525387
1094	51.8344270492	63.5642828746	26.7663363363
1095	34.7636274152	65.5539579422	26.0440079982
1096	87.262016023	70.896046755	27.6636912983
1097	73.1342513698	31.3796810203	26.8314477087
1098	83.9318842273	37.0019323753	26.294244424
1099	86.7234670262	40.7802877998	27.0648087896
1100	62.181058037	40.7644331007	27.3093962451
1101	61.694314977	60.8939496652	27.3357848117
1102	45.6590075436	63.0968369383	27.1096716006
1103	98.5841741168	67.8886713267	26.4686710764
1104	97.5462188617	77.8033465938	25.9943140211
1105	84.6665197233	82.6592144277	27.1206067333
1106	33.0874562197	84.3632253276	26.357343421
1107	67.4732661694	56.886125053	27.4188935512
1108	86.995262076	77.6087363333	27.6621324652
1109	88.5900726625	64.4670027965	27.1440705652
1110	55.9398600768	85.6193371094	26.5836694762
1111	39.9539413664	85.8090414428	27.0368369987
1112	61.5510171623	29.8926589519	26.9736264863
1113	41.0242329187	37.5944794264	27.6538182901
1114	89.6302464593	45.4444292376	27.606945002
1115	70.2299636549	45.9613139717	28.4462718815
1116	51.9667167013	49.2868384796	27.6413577701
1117	58.5271110327	77.0153820544	27.9851431759
1118	57.3429149519	112.209977682	28.7408777152
1119	33.4951154855	49.1553555842	27.1967511655
1120	39.2180596171	71.5236333009	26.7287096774
1121	76.2879329018	72.5395558857	27.3550495546
1122	81.2434665062	78.5634575717	27.3477829252
1123	62.3021451905	80.8151735011	27.4001602762
1124	52.0623822675	82.1763083007	27.2135768859
1125	45.6003189045	88.3293479455	27.0727293912
1126	9.40521667093	104.600811943	27.0057125199
1127	19.7333723643	120.425184582	26.8925660455
1128	79.7295876961	36.9161426766	27.6293237356
1129	92.5437330164	53.7961615022	28.2865943058
1130	90.8157403981	85.7610211296	27.5185692149
1131	52.2668648569	90.6588930751	26.8639072272
1132	55.6468022153	29.541278087	27.0159882006
1133	33.3437384909	58.1335015906	27.0937721478
1134	53.8563391384	73.3162201099	28.384110894
1135	51.8307163727	98.3083297116	28.139090953
1136	75.8021005003	36.7222295593	28.6147759563
1137	46.2646319874	50.9284165153	27.8948582311
1138	83.3161952278	57.0618062479	28.3396943649
1139	95.2315352329	58.9176823776	28.2811847464
1140	47.9463861914	79.1162539157	28.0242697408
1141	24.2996126168	119.856780285	26.9206137355
1142	82.3709888647	63.7189773467	29.5512656467
1143	37.136851789	43.4770705386	28.3056301495
1144	64.5501447841	71.3722254101	28.6691624586
1145	9.25988103474	89.7232222692	26.9270881954
1146	71.4931835247	91.0508370762	27.7214924539
1147	13.8946181091	100.091025895	28.3953711964
1148	56.2324332257	47.127816811	28.8207149596
1149	85.3752358263	68.179983778	29.3657841141
1150	70.6551786885	72.8301317781	28.7797986115
1151	96.8631071775	73.4979390364	28.2697670267
1152	43.6086990653	75.7232011489	27.8677405311
1153	10.392029256	95.285898528	27.6892047059
1154	70.1398864355	121.279520421	27.744620426
1155	46.9730610723	35.9292465683	28.928915278
1156	49.1994610188	54.9586113111	29.7343708362
1157	92.8124429137	81.9513862607	28.8775010846
1158	77.240454962	83.2649432646	29.2053230288
1159	84.6495963341	88.3451204913	28.6286530555
1160	90.6439786638	49.0941665211	28.8628332719
1161	94.7507065747	62.7296362517	29.194378909
1162	78.3099077995	89.8459435859	29.1736728992
1163	51.7822445561	33.0286302209	28.9701200444
1164	66.5413164215	34.1798436409	29.4187641723
1165	63.4149022206	48.4740988848	30.8660638645
1166	96.2143575347	67.6043764772	28.81092946
1167	61.7742881491	86.5143210961	28.63070029
1168	13.907800065	89.353765572	28.5994111184
1169	58.2084378707	95.6618763577	28.945815544
1170	20.7301493137	96.9531989974	30.3473383969
1171	80.4102389241	41.8797774258	29.8937281327
1172	88.8249776981	53.5737684581	30.2153599106
1173	74.2487958107	79.0043390127	29.3559143223
1174	34.465227507	96.0735860206	29.4349798721
1175	68.4455342412	51.8312240387	30.7371291983
1176	78.9435745813	60.4252075266	30.3756936847
1177	38.7208498822	63.1063717647	29.7175585284
1178	32.2457176346	90.5227008802	29.6697649121
1179	54.729136038	107.037709281	30.5888102949
1180	30.7633555536	116.744847153	30.2910544408
1181	57.3712898327	117.714793961	30.2281011673
1182	60.7520034291	34.4728542545	29.9067642605
1183	70.8900985759	36.322756704	30.071868753
1184	37.0012009018	50.4714656193	29.5717963298
1185	70.5460700061	108.24685043	29.3987076271
1186	83.8010822008	45.8275865484	30.5853887164
1187	57.0669910049	52.1536976628	31.0037716191
1188	80.6113604824	69.5981513231	30.9349129467
1189	66.7189626325	86.9535494178	30.2157469555
1190	20.6548782902	87.089465102	29.0936215011
1191	21.4495257958	106.566009479	30.8200303344
1192	56.0588493639	34.3213465364	30.1097708082
1193	40.9830416141	44.8302590467	30.3889087657
1194	73.4049691143	62.2043170308	31.4140558955
1195	64.9817279971	101.735904084	29.9412579381
1196	17.1174343055	109.723492951	30.6161129193
1197	43.9772542768	118.159779714	30.4597162493
1198	50.0450887723	121.396895118	30.3630067729
1199	45.8553385687	40.707935095	30.6617288117
1200	76.5155540564	42.4165308244	30.9293059126
1201	49.1066668385	63.5514755525	30.6034747788
1202	40.8503359682	94.0335788486	31.3833871994
1203	47.7396693869	104.331892969	31.2824837966
1204	41.63746953	69.6562037322	29.9861978232
1205	94.1518589297	73.2900128657	30.7346131695
1206	83.0249036408	73.9353429931	31.3039606939
1207	67.9639577371	80.0058936711	30.9809827511
1208	23.9420132573	116.714528744	31.8331519554
1209	74.4094518036	119.383091848	31.1228036631
1210	37.0393683853	56.9930226281	30.1737717804
1211	9.78782802025	119.321282871	31.3648697759
1212	68.904531448	59.3974087658	32.1907945351
1213	70.0860999543	67.9584936413	32.5400557918
1214	92.8734742314	78.7678412627	30.8138011833
1215	26.7949126861	99.7133158083	32.5288740941
1216	41.8372848257	113.555668885	33.1102079827
1217	67.0868461577	113.649774647	30.9944498291
1218	49.0405754634	116.863046044	32.4881961109
1219	63.6158858747	120.584300108	31.1975285552
1220	35.8517646167	120.693528877	31.6438858777
1221	14.3718673661	121.839657047	30.8878696957
1222	85.6597381715	49.2527886638	31.1394512336
1223	63.724892315	57.0482101328	32.453014483
1224	59.4203742564	57.5569897252	32.4025608994
1225	55.9192182393	61.5313147428	32.2141685228
1226	54.162950114	67.2890314733	31.5803252587
1227	57.1592645712	82.0787840253	31.0297145859
1228	26.0165626553	92.300540455	31.9347987745
1229	38.8581773021	102.072156783	31.3501300014
1230	13.1223538457	115.127133252	30.9476252068
1231	51.2716829583	39.067091537	31.1883768868
1232	52.669967967	56.7800525155	31.8979777136
1233	65.3808629136	65.7510012301	32.9317829457
1234	92.1442802445	68.5959809195	32.1096396072
1235	76.267283611	68.2667471506	32.1185763793
1236	64.015216625	74.255841528	32.2274655302
1237	81.4230633247	77.8045116369	31.3761190448
1238	50.8361148105	78.1074997467	31.3137042536
1239	48.1942492886	96.7699029782	31.2438704387
1240	37.9104737525	110.60383638	32.2075001288
1241	54.6579662304	38.7284361769	31.7189237349
1242	90.3032088478	61.9591587482	31.9002295458
1243	47.6312550888	73.1153410685	31.8708831822
1244	74.0834737961	87.5140139052	32.4001054241
1245	62.1212357164	108.229184472	31.974972973
1246	18.7978400948	118.804992264	31.5856360614
1247	73.1307295535	41.5922627841	32.0324624195
1248	54.4717229988	42.8150844456	32.5644720852
1249	85.542758941	54.1360158328	32.3027497709
1250	87.606656855	84.1515881371	31.4535732051
1251	29.5924525	121.991682885	31.3589118199
1252	42.7958156766	50.5966805038	32.2680828422
1253	59.0647680469	70.8584211072	32.4292476221
1254	91.3303176102	74.7414886908	32.2279654793
1255	45.4407285564	89.1630821501	31.1662638469
1256	30.102381102	109.566019937	32.6142793208
1257	64.9069988621	38.924200207	32.4578543294
1258	39.9414383626	56.7200769064	32.2053250774
1259	60.4304777404	64.0572069545	33.0623646092
1260	76.8575615446	75.6391829032	33.0434469639
1261	28.4381317912	86.4216939856	32.4113547318
1262	29.6570834385	102.644982523	32.7265717437
1263	68.7125424874	120.361087988	32.9628051568
1264	69.6568556045	42.1900173489	32.9390517187
1265	43.4109964912	63.5956623436	32.8155080626
1266	57.0276915203	103.724051664	33.5283297491
1267	44.713433799	45.4075382552	32.0688078818
1268	40.8140149932	87.3150662332	32.2377522509
1269	15.4804066568	97.9824282076	32.3168632194
1270	50.3025681252	112.734508212	35.4835962054
1271	65.4312297939	42.7429767852	33.7002570694
1272	69.7589573496	74.8753576865	32.9317148864
1273	35.085147145	86.7690243775	33.2516375
1274	58.9349527223	39.3807622303	32.8216495585
1275	77.2679856149	46.3079043421	33.217354484
1276	89.3317191104	58.6507815863	32.0915421329
1277	81.9237117376	84.926509833	33.5778658852
1278	44.5242736402	101.68542605	34.0834944703
1279	49.9763056905	45.6649723775	33.1406077532
1280	81.0439134231	50.6328543324	33.5939867381
1281	56.7748159547	121.211447066	34.2137468567
1282	44.3496257634	56.3932006976	33.8270264413
1283	72.4595544487	114.647253944	34.2590556139
1284	86.58488025	81.3216135687	33.8016489362
1285	59.9584114893	43.9470592403	34.5012534184
1286	78.1187355203	51.9357197229	34.6700823835
1287	87.854936125	65.7008403502	34.3073924021
1288	47.6677217243	67.2999039979	34.4968332046
1289	82.2297097812	56.6427713331	34.2544055726
1290	79.6405794328	59.0037946634	35.1497140133
1291	71.4787861163	84.7111097959	34.1299227662
1292	16.9581185954	92.0047802643	34.1371469432
1293	48.52069875	49.51294625	34.4047534587
1294	48.2926772097	91.5836681993	34.8549152542
1295	10.7541336364	96.6808317017	33.6972679919
1296	61.4812596244	115.073714698	35.1409461664
1297	84.1735778712	62.1592991776	35.0236353161
1298	56.8431238791	77.6221606112	34.8685814429
1299	62.55341805	80.9157419693	35.0540025462
1300	59.2008309037	97.9797022833	34.3800839552
1301	33.1561935422	94.4468000851	35.0873194857
1302	11.646317695	112.788784682	34.8679200592
1303	55.9589100716	47.085407871	35.0339093263
1304	72.1824502286	47.4176115866	34.9783632931
1305	74.2769429608	50.7945326944	35.4170764342
1306	86.1788676566	69.6149838309	35.1462379421
1307	87.1544670998	77.3337621037	34.6612690072
1308	34.1095319244	101.8123935	36.4051512381
1309	74.6976051647	55.1382165752	35.6854652289
1310	53.0982407915	50.2790874322	35.4300843231
1311	53.5552618494	94.4525603356	35.0946777195
1312	15.8793124085	106.500506922	35.7205740804
1313	68.1191660143	108.767426785	35.9136220558
1314	87.3723588163	73.8735358739	35.205663448
1315	76.9082706035	83.1683736527	36.2178189497
1316	64.4834813737	47.1882842673	36.5635297364
1317	79.5805568307	62.7711115928	36.2839417645
1318	30.6887119077	107.963698305	36.3605815298
1319	68.3428244116	52.2468758206	36.8587728741
1320	54.866509419	74.3062296573	36.3587167496
1321	49.5190491197	100.032897022	36.7776982802
1322	68.2865342183	47.2406148102	36.1102437981
1323	50.0691484747	54.6244479319	36.6426325448
1324	74.1244769598	58.7751320125	37.099687683
1325	47.2554195084	59.6709862942	35.9971239863
1326	67.6304347206	82.5891013922	36.014514218
1327	33.6648191764	116.008916848	37.5614841132
1328	22.4572902316	97.9423689845	37.2187790842
1329	62.9505945961	103.162119123	37.6460909197
1330	13.2192842089	120.826535036	35.8648053181
1331	59.6730184034	121.461648929	37.3730103806
1332	81.8118531925	79.5214265546	36.8638503573
1333	41.0824219734	96.3291010229	37.5140698409
1334	38.1885071991	103.350786415	37.9377846739
1335	42.7970597172	109.419416253	38.2271646772
1336	28.8819679465	120.544612704	36.3039052497
1337	51.3777799564	62.3185241163	37.1894451242
1338	22.8791943656	90.1627229811	37.7056651713
1339	58.6584939212	112.464065075	38.4299915384
1340	61.5798808462	52.1400259711	37.8450010971
1341	54.4959760022	57.7138922252	37.4826736309
1342	23.2410369877	114.089318276	38.3780470284
1343	52.3166313968	69.8085675066	36.9118037287
1344	74.1909095113	79.3003652561	37.8833058759
1345	67.630795171	55.8525022713	38.024849591
1346	80.0001200223	66.6067931016	37.260142148
1347	82.5166241428	71.2064735765	37.1766494931
1348	56.9874293973	52.752065561	37.8716184754
1349	73.7040279428	62.7527659081	37.9361943642
1350	81.8736627722	75.5728594643	37.8276806335
1351	42.6903228959	89.9725339315	38.514203629
1352	18.7550652967	104.483293452	38.7242521666
1353	52.7262507511	105.471066915	38.8506711619
1354	19.2956140863	119.223641372	38.1920298185
1355	54.8279179339	64.4915468578	38.4781699109
1356	67.077054057	78.217276345	37.9826969384
1357	29.6134844754	88.7387007424	37.7809597438
1358	57.7600891652	58.9804563439	38.7213039088
1359	77.4674847274	72.2159667383	38.5567634902
1360	36.2164711708	88.9423221823	38.9433312061
1361	11.8328720977	101.693212755	38.0731230564
1362	13.4613001453	111.284248701	37.5377000864
1363	46.0329600392	119.957225125	38.8843499862
1364	67.4744120917	121.657460199	38.4561134964
1365	73.2203446439	71.5420741787	38.7370502249
1366	62.6962155601	73.6198708788	38.6429186007
1367	68.1398760047	73.6086296175	38.8969072165
1368	71.9635941024	75.8424867041	38.9891593103
1369	52.1080369104	122.150004851	39.0140298507
1370	72.6150815592	66.6959618828	39.1012302607
1371	58.0004302844	69.2316429343	38.8668859152
1372	62.6184205305	59.7102183709	39.3295664181
1373	67.805053671	60.6866297141	39.152779105
1374	65.8150503299	64.5372470079	39.4805168701
1375	67.5159366649	69.8244257213	39.563099631
1376	16.8629863947	95.0417964685	39.3173911056
1377	61.0203830895	65.8483666181	39.3748427673
1378	25.7857118155	111.799713403	41.014829932
1379	12.3740209722	119.890708489	40.4155239731
