1	2	3	4	5	6	13	14	16	19	22	31	36	40	52	63	71	81	86	98	111	119	130	133	138	143	145	163	164	172	173	178	183	187	191	200	201	206	214	218	222	223	228	230	231	235	239	243	252	260	271	279	287	289	298	303	304	305	306	308	314	326	330	331	337	345	346	352	353	354	360	364	367	372	374	377	379	380	390	392	394	399	400	405	415	416	418	423	429	430	431	436	437	439	444	448	456	459	461	471	485	488	489	491	496	503	513	514	518	523	524	525	526	529	536	537	539	543	544	557	565	566	574	575	584	586	587	589	598	600	608	609	610	611	612	619	626	627	629	630	634	643	648	654	656	664	667	673	674	682	692	699	702	704	707	709	714	716	723	724	725	726	727	728	731	732	735	737	738	740	741	743	744	746	747	748	749	760	763	771	772	775	780	781	789	791	794	795	802	807	815	817	821	824	827	834	836	837	840	845	846	850	853	859	861	864	866	867	868	871	875	876	878	888	892	901	902	907	910	911	914	919	926	929	930	931	936	937	938	941	942	945	947	957	959	961	962	963	967	968	972	974	975	977	978	979	980	981	982	984	985	987	990	995	1004	1005	1009	1010	1015	1018	1019	1026	1029	1036	1037	1039	1041	1044	1047	1048	1049	1052	1053	1054	1057	1058	1059	1060	1063	1068	1070	1081	1082	1083	1084	1086	1087	1088	1095	1097	1098	1099	1103	1104	1106	1110	1111	1112	1113	1114	1119	1120	1124	1125	1126	1128	1129	1130	1131	1132	1133	1136	1139	1140	1143	1145	1146	1147	1151	1152	1153	1155	1157	1159	1160	1161	1162	1163	1164	1166	1167	1168	1169	1171	1172	1177	1179	1181	1182	1183	1184	1185	1186	1189	1190	1191	1192	1193	1195	1196	1197	1199	1200	1203	1204	1205	1209	1210	1211	1214	1215	1216	1217	1218	1219	1220	1222	1227	1228	1230	1231	1234	1238	1240	1241	1242	1243	1244	1245	1247	1248	1249	1250	1252	1254	1255	1257	1258	1261	1262	1263	1264	1265	1266	1267	1268	1269	1270	1271	1273	1274	1275	1276	1277	1278	1279	1280	1281	1282	1283	1284	1285	1286	1287	1288	1289	1290	1291	1292	1293	1294	1295	1296	1297	1298	1299	1300	1301	1302	1303	1304	1305	1306	1307	1308	1309	1310	1311	1312	1313	1314	1315	1316	1317	1318	1319	1320	1321	1322	1323	1324	1325	1326	1327	1328	1329	1330	1331	1332	1333	1334	1335	1336	1337	1338	1339	1340	1341	1342	1343	1344	1345	1346	1347	1348	1349	1350	1351	1352	1353	1354	1355	1356	1357	1358	1359	1360	1361	1362	1363	1364	1365	1366	1367	1368	1369	1370	1371	1372	1373	1374	1375	1376	1377	1378	1379
2	1	4	353	7	367	217	223
3	1	5	9	308	379	223
4	1	2	7	8	10	353	239	360	309
5	1	418	3	326	9	15	16	308
6	1	12	14	24	345	287
7	353	2	4	10	367	18	20	309	217	318
8	4	360	10	11	270	239	309	23	380
9	288	3	5	15	17	308	217	26	379	282	223
10	4	7	8	270	18	309
11	8	332	523	12	270	239	392	21	23	319	380	287
12	6	11	21	24	345	287
13	1	326	331	16	19	27
14	1	6	22	24	345	346	30
15	418	5	326	9	16	338	308	25	26	347	28	282
16	1	347	5	326	13	15	25	27
17	288	9	20	310	217	26
18	37	7	10	299	20	309	442	283	29	318
19	1	331	27	13	271
20	288	7	393	299	300	466	17	18	310	217	26	29	318
21	392	11	12	319	339	23	24	345	219	287
22	1	14	405	346	30	31
23	32	283	8	266	11	332	270	319	21	219	309
24	34	6	12	301	14	339	21	345	346	219	30	319
25	347	327	28	15	16	338	27	220
26	224	33	9	288	466	15	17	338	20	310	300	404	282	28
27	326	38	327	331	13	271	16	19	311	25	347	220	221
28	224	41	15	368	338	25	26	220
29	259	37	299	310	18	35	20	246	283	412
30	34	39	42	301	14	405	22	24	346	31
31	1	354	39	40	301	405	22	30
32	37	266	43	332	302	47	23	219	381
33	224	35	310	300	419	275	246	26
34	320	355	42	44	301	467	49	339	24	219	30
35	33	259	246	46	310	29
36	1	394	303	50	271	221
37	32	321	259	266	47	18	53	406	381	283	412	29
38	327	361	55	45	311	27	220
39	354	40	42	301	48	284	30	31
40	1	354	260	39	364	48	52	31
41	224	476	275	28	375	45	368	338	51	361	58	443	220	285
42	320	34	355	356	261	39	426	301	48	49	276	57	284	30
43	32	44	302	47	54	219
44	320	34	59	43	302	49	276	54	312	219
45	38	41	285	55	58	220	61	361
46	259	35	53	246	56	277
47	32	321	395	37	406	43	302	53	54	381
48	354	260	69	39	40	42	364	57	250	284
49	320	34	261	42	44	276	57	59
50	64	36	70	348	394	303	349	60	221
51	224	65	68	453	41	275	375	56	58
52	40	1	250	260	71
53	321	66	259	37	74	395	46	47	382	277	54	56	62
54	384	321	66	395	645	486	647	74	43	44	717	302	47	53	407	312	59	381
55	67	38	361	45	365	311	60	61
56	65	68	453	275	74	46	51	53	246	62	277
57	356	69	369	42	48	49	250	284	261
58	68	72	41	45	285	51	375	397	61
59	66	342	261	267	44	49	276	54	312
60	67	70	73	311	365	349	50	55	348	221
61	67	72	361	45	365	272	55	58	285
62	65	74	396	53	56	277
63	64	1	298	303	81
64	225	516	70	298	303	50	340	503	348	63
65	68	74	78	51	56	62
66	384	54	74	53	342	407	312	59
67	73	365	398	349	272	55	60	61
68	65	453	72	74	77	78	397	51	277	375	56	58	446	341
69	427	261	75	76	48	369	436	313	57	250	284
70	64	225	420	73	82	50	340	348	516	60	349
71	1	260	289	80	52	86	250
72	68	454	262	487	77	285	272	341	397	58	61
73	385	67	420	70	262	553	362	365	398	591	272	82	89	60	349
74	384	1280	1286	1289	1290	395	396	322	655	912	1304	1171	1172	277	407	1176	1305	687	1309	1186	603	934	554	686	559	1200	1076	53	54	951	56	954	1212	446	65	66	68	1222	970	333	78	719	1115	83	84	342	91	1175	96	1249	997	877	1138	1107	62	504	761	1275	1194
75	342	261	428	267	76	85	278	313	92	69
76	427	69	455	295	75	79	85	313	250	357
77	68	262	72	78	240	341	87	88
78	65	322	68	74	77	333	84	341	88	93	446
79	295	76	80	85	250	90
80	289	71	295	79	86	90	314	250	95
81	1	225	456	298	251	252	63
82	225	420	421	70	385	73	340	343	89	251	94
83	904	912	530	915	1175	665	922	934	809	554	686	687	688	1032	438	951	826	572	736	74	333	84	342	1115	954	96	226	105	504	254
84	226	74	322	78	333	83	93
85	357	295	75	76	79	370	247	313	90	92	447
86	1	98	289	71	80	314	95
87	240	89	234	77	262
88	322	77	78	240	341	93
89	385	99	262	73	234	343	268	82	87	362	94
90	357	295	79	80	370	85	247	253	95
91	96	97	342	101	358	328	74	278	92	477
92	409	97	227	358	103	75	428	85	278	247	313	91	477	447
93	545	226	102	359	408	322	78	240	113	594	84	88	248
94	99	100	107	108	82	323	343	371	89	251
95	304	98	518	295	104	528	290	429	80	370	431	86	247	90	314	540	253	574
96	101	438	328	105	74	530	83	342	91	554
97	227	101	358	296	328	91	92
98	1	104	111	304	86	314	95
99	362	107	268	371	343	89	94
100	323	459	108	109	430	305	251	252	94
101	96	97	315	296	105	110	328	116	438	91
102	545	625	457	234	499	93	240	401	594	115	248	657	666	508	106
103	386	227	110	334	247	409	92	253	255
104	290	98	111	304	241	306	431	253	95
105	96	291	101	554	460	83	116	438	120	315	316	509	254
106	102	234	268	499	401	114	115	458
107	99	520	268	371	108	114	323	343	124	94
108	128	323	100	263	107	109	305	459	124	94
109	100	263	459	108	305	118	228
110	386	227	101	422	103	296	334	116	121	122	315	410	255
111	1	98	231	104	304	306
112	226	131	229	359	113	291	254
113	226	131	135	136	490	359	541	112	264	478	248	93	254
114	424	106	107	268	401	115	371	124	125
115	102	134	106	432	401	114	248	123	508	125
116	101	105	110	120	122	315	316	126
117	256	228	423	461	372	118	119
118	128	256	228	263	489	109	461	305	372	117
119	256	1	130	228	230	423	138	461	352	117	471
120	291	229	105	387	116	137	316	317	126
121	132	334	351	110	122	127	410	255
122	387	132	422	292	137	460	110	116	425	121	410	315	126	351
123	134	135	264	490	432	115	470	248	508
124	128	608	323	133	627	263	424	140	648	107	108	520	114	371	489	411	125	459	479
125	133	134	424	124	432	401	114	115	411	156
126	387	292	137	460	116	120	122	315	316
127	129	132	334	242	279	121	351	350	255
128	256	608	451	263	584	108	650	139	140	461	148	118	489	532	124	746	479
129	231	143	241	242	127	350	255
130	352	1	138	471	119
131	229	359	136	141	366	112	113	541	254
132	425	292	137	144	433	279	121	122	351	127
133	704	1	411	764	678	641	424	124	555	140	907	658	627	789	919	730	155	156	125	158	479
134	135	264	432	115	470	123	156	125
135	577	134	136	113	146	470	151	472	123	156	264
136	449	131	135	264	366	463	505	113	146	249	153	541	478
137	387	132	293	144	152	150	120	292	122	317	126
138	256	1	130	471	142	145	402	352	119
139	128	148	140	142	256
140	128	256	802	451	388	133	555	139	704	627	148	789	155	124	158	479
141	450	131	229	366	147	149	376
142	256	164	138	139	145	402	148
143	1	491	231	129	235	399	242	279
144	161	132	425	137	433	373	279	152	292
145	352	1	163	164	138	142	402
146	449	162	651	550	135	136	473	463	264	577	151	472	153	705	753	631	159
147	160	450	141	366	464	149	154
148	128	256	451	164	165	139	140	434	142	402	307	158
149	160	450	324	229	294	141	366	317	464	147	150	376	413	157	293
150	293	294	137	149	152	157
151	481	651	135	264	363	783	721	146	755	577	473	472	153	753	156	947	159
152	161	292	293	294	167	137	561	144	433	660	373	150	425	510	157	414
153	449	162	715	550	753	136	473	492	174	463	232	146	151	631	249	637	159
154	160	162	236	450	366	464	147	249
155	641	555	388	133	168	170	363	140	548	156	158	389
156	641	770	899	133	134	135	651	783	151	155	159	801	548	424	170	555	432	947	577	721	919	470	606	481	363	936	755	764	125
157	160	324	294	167	273	149	150	152
158	451	388	133	166	168	389	650	555	140	269	754	307	148	479	585	730	155	165
159	257	473	550	481	232	170	146	181	534	151	153	156
160	162	324	294	171	236	464	147	149	154	157
161	390	167	235	173	144	373	279	152	377	218	414
162	160	864	652	901	232	492	171	236	174	463	465	146	249	631	153	154	637
163	1	172	164	374	145
164	352	1	578	163	452	165	630	172	402	142	175	145	178	707	148	374	731	434
165	578	164	166	169	175	434	307	148	452	158
166	452	165	169	269	307	179	158
167	161	294	273	152	218	157	414
168	739	389	615	329	170	363	269	177	533	155	158	613
169	179	452	165	166	175
170	257	481	168	329	363	177	185	155	156	159
171	236	652	403	791	280	415	160	162	557	174	176	439	579	324	183	465	598	733	864	610	614	492	511
172	1	178	163	164	374
173	1	218	377	390	161
174	162	614	232	171	492	403	183	153	188	190
175	578	164	165	169	330	493	178	179	374	184	452	444
176	324	439	171	273	183	280	218	187
177	325	615	168	329	170	269	182	440	185
178	1	164	330	172	493	175	374	184	444	191
179	417	258	483	196	166	679	169	269	175	180	599	184	452	493
180	417	258	483	269	179	182
181	257	482	232	335	616	244	534	186	189	159
182	193	258	483	325	269	177	180	440	185
183	416	1	610	195	614	171	403	557	174	176	579	243	439	441	187	190	415
184	417	196	330	493	175	178	179	191
185	192	257	325	193	616	329	170	494	177	182	286
186	194	232	335	244	181	188	189
187	1	183	176	243	439	218
188	194	232	265	202	174	207	403	186	335	190
189	257	197	616	681	244	181	186	474	286	639
190	195	202	203	237	174	336	579	403	183	441	188
191	1	196	417	201	330	178	184
192	193	197	198	199	185	286	325
193	192	258	196	325	198	274	182	185
194	244	186	335	188	265
195	416	496	579	297	203	204	336	243	183	441	190
196	193	258	198	417	201	209	274	179	184	191
197	192	580	325	199	681	205	495	208	563	244	661	344	189	286
198	192	193	196	325	199	209	274
199	192	197	198	208	209	274	344	325
200	1	204	206	496	337	243
201	1	258	483	196	417	776	330	209	274	691	513	214	633	542	191
202	265	237	238	207	336	403	500	335	188	190
203	195	297	204	237	336	245	190
204	195	200	233	203	496	337	243	213	297
205	512	197	265	208	210	563	244
206	200	1	222	337
207	484	265	202	500	238	212	281	188
208	197	199	274	205	209	210	563	215	344
209	513	196	198	199	201	208	274	214	215	344	633	542
210	512	551	265	205	558	208	563	212	622	215	344	281
211	391	237	238	245	216	378	213
212	265	238	207	210	216	281
213	391	233	204	211	245	297
214	1	209	771	513	201
215	208	209	210	558	344
216	281	378	211	212	238
217	288	2	7	9	367	17	20	393	318	223
218	1	167	161	173	176	273	439	377	187	414
219	32	320	34	682	467	332	480	43	44	302	339	21	566	23	24	507	381	524	319
220	347	38	327	41	45	368	338	311	25	27	28	445	361
221	475	36	327	348	394	526	271	50	311	27	60	349
222	400	1	337	206	233
223	288	1	2	3	9	367	217	379
224	33	419	51	41	300	338	275	404	375	26	443	28
225	64	421	70	456	298	81	82	340	251
226	322	359	333	112	113	595	83	84	408	572	93	254
227	97	386	358	103	296	519	110	247	409	92
228	1	230	423	109	305	372	117	118	119
229	131	141	366	509	112	376	291	596	149	120	541	317	254
230	1	423	228	119
231	448	129	1	306	143	241	242	399	111	350
232	162	550	680	492	482	174	335	562	403	181	534	153	186	188	637	159
233	391	297	204	400	337	213	222
234	458	102	262	457	106	268	240	498	499	87	89	362
235	1	390	161	491	143	373	279
236	160	162	547	324	171	450	463	464	465	249	154
237	202	203	238	336	211	500	245	535	378	190
238	500	484	202	237	207	211	212	642	535	216	281	378
239	1	4	8	11	360	380	287
240	545	322	262	102	457	234	77	341	87	88	93
241	448	129	290	231	104	306	242	350	255
242	448	129	231	462	143	241	399	279	351	350	127
243	416	1	195	200	204	496	183	187
244	474	512	194	197	616	265	205	335	482	563	181	681	186	189
245	391	297	203	237	653	336	211	213	535	441	378
246	33	35	275	419	46	259	468	277	310	56	412	29	382
247	227	103	370	85	409	90	447	92	253	95
248	102	359	264	490	401	113	594	115	657	123	508	93
249	162	547	136	236	450	366	463	505	153	154
250	80	427	260	69	455	71	295	76	289	79	48	369	52	437	436	57	284	565
251	225	323	100	421	529	456	430	81	82	531	343	252	94
252	1	100	81	456	430	305	529	251
253	290	103	104	521	386	334	560	370	247	409	90	95	540	255
254	226	131	229	359	105	554	291	541	112	113	595	83	596	665	572	509	677
255	129	290	103	521	110	241	334	121	253	350	127
256	128	352	451	471	423	584	138	139	140	461	142	402	148	117	118	119	532
257	481	616	329	170	181	534	185	189	286	159
258	193	483	196	325	417	201	274	179	180	182	440
259	321	35	37	406	46	53	246	412	29	382	277
260	1	71	40	364	289	48	52	437	436	250	284
261	267	356	69	369	42	75	49	497	276	469	342	313	57	570	59	427
262	272	457	553	487	72	73	234	77	398	240	498	341	87	89	635	362
263	128	323	489	459	108	109	305	118	124
264	449	472	134	135	136	490	113	146	470	151	248	123	478
265	512	194	484	551	202	500	205	207	210	212	281	244	474	335	188
266	32	480	37	552	332	270	435	406	23	283	381
267	342	261	486	75	428	276	469	278	312	313	59	383
268	458	571	99	424	106	107	499	401	114	371	343	89	362	234
269	483	452	389	166	615	168	307	679	632	177	179	180	533	182	599	440	158
270	523	8	10	11	332	360	435	309	23	537	283	380	266
271	1	539	36	327	394	331	19	27	221
272	67	454	262	487	72	73	365	398	285	397	569	61
273	324	549	294	167	522	176	439	280	377	218	157	414
274	193	258	483	196	325	198	199	201	208	209	708	661	344	633	542
275	224	33	419	453	41	51	468	277	246	375	56	564	443
276	320	355	356	261	486	497	42	267	44	49	469	502	312	59	426
277	382	259	68	453	74	395	396	46	275	468	53	246	446	56	62
278	75	358	267	428	342	91	92	477	383
279	1	491	132	161	597	235	462	143	144	433	242	399	373	351	127
280	324	549	171	557	176	273	439	511
281	484	551	265	238	207	210	212	216	500
282	288	418	379	667	9	538	514	15	338	308	404	26	347	506
283	515	37	552	266	299	270	593	18	435	309	406	23	442	412	29
284	354	260	69	39	356	42	364	301	525	48	369	436	57	250	426
285	454	72	41	375	45	365	272	361	397	58	476	61
286	192	257	580	325	616	681	494	495	185	189	197
287	1	6	392	11	12	239	21	345	380
288	514	9	404	367	17	466	20	393	536	217	26	379	282	223
289	1	260	71	488	295	80	437	86	250	314
290	546	104	521	626	431	560	241	306	574	95	540	253	350	255
291	229	105	554	509	112	376	438	120	316	317	254
292	387	132	293	137	144	510	425	152	122	126
293	576	387	292	294	137	413	149	150	152	317	510
294	160	324	293	167	522	556	413	273	660	149	150	152	510	157	414
295	289	565	656	357	455	488	437	619	76	429	517	79	80	370	85	528	90	314	250	95
296	97	386	227	101	358	422	328	583	519	582	110	315
297	496	195	391	233	203	204	653	336	337	213	600	441	245
298	64	1	225	456	303	81	340	503	63
299	393	593	18	20	310	442	283	412	29	318
300	224	33	419	466	404	501	310	20	26	443
301	34	355	39	42	587	354	467	525	339	405	24	346	284	426	30	31
302	32	320	486	43	44	717	47	54	312	602	219	381
303	64	1	36	298	526	50	544	503	516	348	394	63
304	1	98	518	104	429	111	306	314	431	95
305	1	228	263	489	459	108	109	430	372	118	100	252
306	448	1	290	231	104	111	304	241	626	574	431	350	575
307	578	451	388	165	166	585	650	269	434	148	632	452	158	389
308	1	418	3	5	326	9	514	15	282	379
309	353	515	4	7	8	10	270	360	18	435	23	537	442	283	318
310	33	35	644	593	393	299	300	684	17	466	419	20	501	246	26	412	29	442
311	601	475	38	327	60	588	365	349	55	568	445	27	220	221	361
312	320	66	342	486	267	44	302	276	54	407	59	383
313	604	267	261	455	357	428	469	75	76	517	85	570	447	92	427	69
314	1	98	289	488	295	429	304	80	86	95
315	636	101	422	583	296	105	460	110	328	116	438	122	316	126
316	291	105	460	509	387	116	438	120	315	317	126	607
317	576	291	293	137	509	376	387	659	149	120	607	316	413	510	229
318	353	7	393	299	367	18	20	309	217	442	543
319	523	392	524	11	332	339	21	566	23	24	345	219
320	34	355	486	467	42	44	302	49	339	276	502	312	602	219	381	507
321	259	37	406	395	47	53	54	381	382	645
322	545	226	457	74	333	78	559	240	408	84	341	605	88	93	446
323	459	100	263	520	107	108	430	531	648	371	343	664	251	124	573	94
324	160	464	549	294	465	556	522	171	236	413	176	273	149	280	157	511
325	192	193	258	440	708	197	198	199	329	494	495	814	177	274	483	542	182	344	185	286	661
326	1	418	347	5	331	13	15	16	308	27	485
327	539	347	485	38	394	331	271	475	311	25	27	220	221	445	601
328	96	97	315	438	101	358	422	296	583	582	530	342	91	477
329	257	739	325	806	481	168	616	170	363	494	177	638	534	440	185	615	613
330	1	417	776	201	855	493	175	880	178	513	599	184	795	444	191
331	539	1	347	485	326	327	13	271	19	27
332	32	480	523	266	11	524	270	435	23	219	381	319
333	769	897	1032	915	408	922	559	809	686	943	688	950	951	572	1085	322	74	78	83	84	603	226	1107	504
334	386	103	521	546	110	592	351	121	410	255	253	350	127
335	512	194	232	265	202	482	616	562	403	244	181	500	186	188	474	734	639
336	195	297	202	203	237	579	403	500	245	535	441	190
337	1	391	200	233	204	206	400	496	297	600	222
338	224	506	538	443	701	28	15	368	404	41	25	26	347	220	282
339	320	34	301	467	21	566	24	345	346	219	319
340	64	225	420	421	70	385	456	298	527	82	503	516
341	669	322	68	262	487	72	457	77	78	397	240	745	88	623	605	446
342	96	384	66	91	261	328	687	74	75	655	312	530	83	278	407	267	59	477	383
343	385	99	421	571	362	107	268	531	82	323	624	371	89	251	573	94	581
344	197	199	274	558	208	209	210	563	661	215	633	325
345	1	6	392	524	12	14	339	21	566	24	346	319	287
346	1	566	467	587	301	14	339	405	22	24	345	30
347	368	418	611	485	326	327	331	15	16	338	25	282	27	220	445	506
348	64	544	420	70	394	526	303	50	349	516	475	60	221
349	67	420	70	73	588	365	718	591	568	50	311	348	475	60	221
350	448	129	290	231	351	521	626	306	334	241	242	546	462	575	127	574	255
351	672	546	132	597	425	521	621	334	433	242	628	462	279	121	122	410	350	127
352	256	1	130	164	138	471	145	402	532	630	119
353	1	2	4	7	360	367	309	537	442	318	543
354	1	39	40	364	301	525	48	405	284	31
355	320	34	42	587	301	467	276	405	502	426
356	261	497	42	364	525	589	369	276	57	634	284	426
357	517	295	455	76	528	370	85	313	90	447
358	97	227	582	519	296	620	428	328	278	409	91	92	477	447
359	226	131	657	490	408	541	112	113	594	595	478	248	697	572	93	254
360	1	4	353	8	270	239	309	537	380
361	685	476	38	617	808	41	311	45	285	368	365	55	568	445	220	61	668	601
362	385	99	553	262	73	234	268	635	498	371	343	89	571	458	581
363	481	548	389	168	329	170	151	155	156	613
364	1	354	260	40	525	589	48	369	436	356	284
365	67	454	73	311	476	398	285	272	349	55	568	591	60	61	361
366	576	450	131	229	774	136	649	141	547	147	596	149	505	376	249	154	541
367	288	1	2	7	393	586	353	543	536	217	379	318	223
368	668	443	617	41	476	701	338	220	361	506	347	28	445
369	356	69	427	364	525	589	497	436	57	250	284	261
370	357	295	528	85	247	409	90	447	540	253	95
371	99	520	424	573	362	107	268	499	401	114	323	606	343	571	124	458	94	671
372	1	228	423	489	461	305	117	118
373	161	491	390	561	235	144	433	609	279	152	377	732	414
374	1	578	163	164	748	172	434	175	178	707	444
375	224	668	419	68	453	454	275	41	397	590	51	564	663	58	443	476	285	446
376	576	450	291	229	141	366	413	596	149	509	317
377	1	390	161	522	173	273	609	373	439	218	414
378	642	391	237	238	653	211	245	535	216
379	288	1	514	3	9	367	308	536	404	282	223
380	1	392	523	8	11	270	239	360	537	287
381	32	320	507	37	406	321	266	332	717	302	47	480	54	567	602	219	645
382	640	321	259	406	395	396	645	693	468	53	246	695	412	277
383	278	486	618	267	428	655	469	342	407	312	477
384	66	54	647	74	395	719	342	407	761
385	420	421	73	362	527	624	82	340	343	89	553	670	581
386	227	422	103	296	521	519	334	592	110	409	410	253
387	576	425	292	293	137	460	659	628	510	410	120	122	316	317	126	607
388	548	389	585	650	555	140	754	307	730	155	158	613
389	739	388	613	615	168	585	363	269	754	307	533	632	548	155	158
390	1	491	161	235	173	775	373	609	377	732
391	929	674	233	653	400	337	211	213	297	600	378	245
392	1	523	11	524	21	345	287	380	319
393	288	644	724	586	299	684	749	367	593	466	20	310	836	536	217	442	318	543
394	539	1	475	36	327	526	303	50	654	271	348	221
395	384	645	647	904	396	912	277	903	686	47	53	54	695	970	321	74	851	1031	504	761	891	382
396	640	453	742	74	395	695	504	468	277	694	446	62	603	382
397	669	68	454	487	72	590	623	272	341	375	569	58	285	446
398	67	454	262	487	73	365	591	272	553	568	569
399	448	1	231	491	462	143	242	629	279
400	1	674	391	233	337	600	222
401	102	424	106	371	268	499	432	689	114	115	248	666	712	508	125	606	671
402	256	352	451	164	138	142	145	434	148	630	471	532	731
403	482	579	614	232	535	202	171	492	174	335	336	680	562	500	734	183	188	190
404	224	288	514	443	726	538	300	466	338	643	501	662	536	26	379	282
405	1	354	355	426	587	301	525	22	346	30	31
406	480	321	259	37	552	700	266	47	593	515	693	567	283	412	381	382	645
407	384	66	54	486	647	74	717	750	655	818	342	312	719	618	383
408	545	226	359	322	333	688	594	595	559	572	93
409	560	386	227	676	358	103	521	519	620	720	528	696	370	247	592	92	253	540	447
410	386	387	422	425	713	460	621	334	592	628	110	521	121	122	351
411	133	678	424	648	520	658	627	124	125	606
412	640	259	644	37	406	299	684	310	593	419	468	693	246	283	796	29	382
413	576	450	324	293	294	556	706	464	722	149	376	317	510
414	161	294	167	522	775	273	660	561	609	373	822	439	152	377	218	732
415	416	1	610	171	557	598	183
416	1	610	195	673	496	579	243	183	441	415
417	258	483	196	776	201	330	493	179	180	691	599	184	191
418	1	514	611	667	5	326	15	308	282	347	506	485
419	224	33	644	246	663	300	275	468	501	310	375	564	443	412
420	385	516	581	70	762	73	718	527	82	340	553	591	475	348	349	670
421	385	772	225	456	744	527	624	529	82	531	340	343	251
422	386	519	296	713	583	460	110	592	328	729	122	315	636	410
423	256	1	228	230	584	471	461	372	117	119	612
424	133	520	124	268	658	432	401	114	371	764	411	156	125	606
425	672	387	132	561	621	144	433	660	628	597	152	292	122	410	510	351
426	355	356	741	42	587	301	525	497	276	405	502	634	284
427	69	455	743	76	589	369	497	436	313	250	735	570	261
428	75	358	604	618	267	620	751	655	675	469	278	313	570	447	92	477	383
429	1	518	295	488	304	314	95
430	1	323	100	529	459	305	531	664	251	252
431	1	290	518	104	304	306	574	95
432	801	134	689	424	508	490	401	115	470	123	156	125	606
433	132	597	425	491	462	144	561	373	279	152	732	351
434	578	451	164	165	585	707	402	307	148	374	532	731	803
435	480	515	552	716	266	523	332	270	309	537	283	725
436	1	260	69	455	427	364	589	743	369	437	250	284	565
437	1	260	295	488	289	436	565	250
438	96	636	291	812	101	583	328	105	554	460	992	530	83	826	315	316	509	799
439	1	760	549	609	522	171	557	176	273	723	183	280	377	218	187	414
440	258	483	708	325	615	329	269	494	177	182	542
441	416	496	195	673	297	535	653	336	835	579	245	183	856	794	190
442	353	515	699	807	393	299	593	18	724	309	310	537	283	318	543
443	224	668	419	683	41	663	300	368	338	275	404	501	662	375	538	476	701
444	1	578	330	875	748	493	175	880	178	374	795
445	539	617	485	327	361	368	611	311	601	506	347	220	709
446	669	769	322	68	453	745	74	396	397	78	559	703	277	375	603	590	605	341
447	409	620	357	358	711	604	428	528	370	85	247	696	313	92	517
448	1	546	231	306	462	399	241	242	629	738	350	575
449	577	971	705	136	697	935	463	264	146	505	472	153	698	828	478
450	576	706	547	774	649	782	236	141	366	464	722	147	149	376	249	154	413
451	128	256	803	585	650	140	434	402	307	148	532	731	158
452	578	164	165	166	679	169	269	307	175	179	585	632	493
453	51	68	742	396	590	275	468	277	694	375	56	564	603	446	703
454	669	685	72	668	397	398	365	272	590	375	568	569	476	285	767
455	357	295	427	76	589	743	436	565	313	250	735	604	570	517
456	1	421	225	744	298	527	81	340	503	529	251	252
457	545	322	102	262	487	234	605	240	625	498	499	341	710	458	757
458	778	635	710	457	106	268	499	625	498	371	234	571	362	671
459	1	323	100	263	648	489	108	109	430	305	664	124
460	636	387	422	105	779	621	509	849	659	628	438	713	122	315	316	410	126	607
461	128	1	423	584	489	256	372	117	118	119	608
462	448	672	546	491	629	738	399	433	242	597	279	350	351
463	449	162	505	651	705	136	652	631	236	465	146	547	249	153	862
464	160	450	547	324	549	556	236	706	733	465	147	149	790	154	413	511
465	162	547	324	652	171	236	463	464	733	511
466	288	643	644	662	393	586	300	749	824	20	501	310	536	404	26
467	320	34	355	740	566	587	301	339	502	727	346	219	602	507
468	640	419	644	453	796	684	396	694	785	275	564	277	246	412	382	501
469	261	486	618	267	428	646	751	497	276	313	570	383
470	577	721	134	135	264	490	432	689	472	698	123	156	801
471	256	1	130	612	423	584	138	352	402	532	630	119	714
472	449	135	264	490	577	146	470	151	698	478
473	481	550	715	753	146	755	948	534	151	153	863	159
474	512	482	616	265	335	563	244	681	189	639
475	544	718	420	601	327	394	588	526	349	654	311	516	539	348	221	702
476	454	617	41	365	590	685	368	375	568	443	668	285	361
477	736	675	278	358	328	620	428	687	655	530	819	342	91	92	582	383
478	449	359	136	490	113	595	697	472	505	698	541	264
479	128	608	802	133	650	140	627	789	730	124	746	158
480	507	716	682	552	524	266	523	332	435	692	406	567	219	381
481	257	770	548	613	329	170	363	873	755	948	805	534	151	473	863	156	638	159
482	232	335	616	562	403	244	181	534	500	474	734	639
483	417	258	708	325	615	201	269	274	179	180	691	182	599	440	858	542
484	642	551	265	238	207	500	281
485	1	418	539	709	326	327	331	611	506	347	445
486	320	750	502	646	618	267	717	302	497	818	276	469	54	407	312	602	383
487	710	262	72	457	745	397	398	623	272	498	341	553	569	635	605	757
488	1	289	518	295	619	429	656	437	314	565
489	128	1	263	648	459	461	305	627	372	118	608	124
490	472	758	359	264	697	432	113	886	470	689	248	657	698	123	508	478
491	1	747	390	235	629	462	143	433	373	279	399	732	597
492	864	162	614	232	171	174	680	403	598	631	792	153	637
493	417	578	452	679	330	855	175	880	632	178	179	599	184	444
494	708	325	806	615	616	329	841	495	881	638	793	440	185	286
495	814	580	197	616	841	494	881	661	793	708	286	325
496	416	1	195	929	673	200	297	204	653	337	243	600	441	794
497	356	261	486	426	427	589	646	369	741	276	469	502	570	634	735
498	710	262	487	457	458	625	362	499	757	635	234
499	778	268	401	916	666	671	571	964	710	712	457	458	847	606	102	106	879	625	498	371	508	234
500	512	833	482	484	551	265	202	843	777	237	238	207	336	403	756	642	535	281	335	734	639
501	419	644	662	683	300	564	785	466	404	310	663	468	443
502	320	355	740	646	486	426	587	876	750	497	467	276	868	602	741
503	64	1	516	456	298	303	744	340	544	728	527
504	640	870	742	904	809	74	395	396	333	686	83	694	695	851	603
505	449	547	705	136	649	935	366	463	782	697	249	828	541	478
506	418	611	667	485	617	859	538	845	701	368	338	282	347	445
507	320	480	682	727	815	467	692	566	567	602	219	381
508	102	657	712	490	499	432	401	115	758	248	689	666	123
509	576	636	291	229	812	105	554	460	690	787	596	438	376	665	992	316	317	254	607
510	576	387	292	293	294	425	556	413	561	722	659	628	152	660	317
511	760	324	549	171	557	464	465	790	791	280	733
512	551	265	777	205	622	335	210	563	244	681	500	474	766	639
513	1	771	776	201	330	844	209	691	214	633	795
514	288	1	418	643	667	308	726	536	404	282	379	538
515	699	807	552	867	850	593	725	435	309	406	537	442	283	700	693
516	64	544	420	70	817	718	303	728	340	702	503	527	762	475	348	670
517	619	357	455	295	711	743	528	565	313	763	604	447
518	1	737	488	429	431	304	528	656	540	574	95
519	720	386	227	676	358	422	583	296	620	729	582	825	592	820	713	696	409	773
520	323	678	424	107	648	371	821	872	759	411	124	573	606	671
521	672	592	290	676	848	780	386	334	621	560	546	409	410	255	253	350	351
522	822	609	896	324	549	294	775	556	902	273	723	660	790	439	377	414	831
523	480	1	716	392	524	11	332	270	435	692	725	537	380	319
524	480	1	392	682	523	332	692	566	345	219	319
525	1	354	356	426	587	364	301	589	369	405	634	284
526	544	1	394	654	303	475	348	221	702
527	385	420	421	456	624	744	340	503	728	516	670
528	737	834	763	357	518	295	619	517	711	656	370	696	409	95	540	447
529	1	772	421	456	430	624	744	531	664	251	252
530	96	736	342	582	583	328	554	687	83	438	826	477
531	571	323	772	421	811	430	624	529	914	343	664	251	573	581
532	128	256	451	584	650	434	781	352	402	630	471	731	714
533	739	389	679	168	615	269	632
534	257	482	715	550	481	232	329	680	616	562	948	181	873	473	638	159
535	833	642	579	237	238	653	336	835	403	500	245	441	378	734
536	288	1	514	643	393	586	367	466	404	379
537	1	515	353	360	523	270	725	435	309	442	699	380	543
538	514	643	667	726	683	701	338	404	662	506	443	282
539	1	485	327	394	331	654	271	601	475	445	709
540	560	290	518	737	878	528	370	696	409	656	720	253	574	95
541	800	131	229	359	136	649	839	366	113	595	596	478	697	505	828	254	677
542	483	708	325	201	209	274	691	440	633	958
543	1	353	393	586	367	724	537	442	699	318
544	1	516	526	303	503	728	475	348	702
545	897	688	322	102	769	457	559	240	625	594	757	408	666	93	605
546	448	672	290	676	521	780	738	462	560	626	334	853	575	350	351
547	705	450	649	652	236	706	366	463	464	465	782	505	249	733	862
548	481	770	555	388	389	641	363	755	805	155	156	613
549	760	324	522	556	557	464	273	723	790	439	280	511
550	715	753	232	631	562	680	146	534	473	153	637	159
551	512	642	484	265	622	210	500	756	777	281
552	480	515	266	716	850	435	725	406	567	283	700
553	768	385	635	420	581	262	487	73	362	398	591	885	905	569	762	623	670
554	96	898	291	934	105	74	812	922	530	83	1033	438	951	787	665	826	509	254	1076
555	641	388	133	805	907	140	754	789	889	548	730	155	156	890	158	613
556	706	324	549	294	522	464	722	660	790	413	510	831
557	1	549	171	791	760	598	439	280	511	183	415
558	622	210	563	661	215	344
559	897	545	322	769	809	74	333	688	408	603	605	446
560	737	290	676	521	546	720	626	853	409	540	253	574
561	822	775	425	433	628	373	414	152	660	732	765	510	597
562	482	715	550	232	680	335	616	403	534	637	734
563	512	865	814	580	197	681	205	558	208	661	210	244	622	344	474	991	766	639
564	419	453	742	663	590	785	882	275	468	501	694	375	927	797	703
565	1	619	517	455	488	295	743	436	437	250	763
566	1	507	740	682	587	524	467	339	727	345	346	219	319
567	480	891	911	645	552	941	716	717	815	850	692	406	727	602	507	700	381
568	685	454	808	361	588	365	398	591	718	311	569	476	349	601
569	768	685	454	487	553	397	398	591	272	568	623	669	798	767
570	675	261	646	455	892	427	428	743	497	786	469	837	313	751	604	735
571	778	811	581	362	371	268	573	531	499	885	343	810	635	458	671
572	226	838	359	333	688	595	83	852	408	665	922	915	254
573	323	520	811	531	648	914	371	821	872	343	664	571	979	671
574	1	290	518	737	626	431	560	306	540	350	95
575	448	1	546	780	626	306	738	350
576	450	387	293	774	722	366	317	752	690	659	596	376	509	413	510	607
577	449	705	135	651	829	721	689	146	470	151	472	698	156	801
578	707	164	165	585	855	748	493	175	880	434	307	1012	926	374	804	632	452	444	803	1023
579	416	673	610	195	614	535	171	336	840	403	734	183	856	441	835	190
580	865	197	616	681	814	495	563	661	857	793	286
581	385	635	420	553	362	811	624	531	885	343	571	810	670
582	736	773	358	519	296	583	620	328	530	729	826	477
583	799	944	582	422	519	296	592	328	530	438	729	826	315	636	773
584	128	1	612	423	746	650	461	256	781	532	471	608	714
585	578	451	388	389	650	754	434	307	804	803	632	452	158
586	1	643	393	749	367	466	724	536	543
587	1	355	740	566	426	301	525	467	405	502	346	634	741
588	846	808	938	654	817	718	311	568	601	475	349	702
589	1	356	455	427	364	525	743	369	497	436	634	735
590	453	454	668	663	397	797	564	375	767	476	669	446	703
591	768	798	420	933	808	73	365	398	685	905	921	718	553	568	569	762	349	670
592	672	386	676	422	519	521	729	583	621	334	848	820	713	409	410
593	930	515	836	310	807	393	299	684	867	724	693	406	442	283	412
594	897	545	838	102	359	939	688	408	595	248	657	666	93
595	226	677	838	359	839	688	657	594	852	254	697	408	665	572	541	478
596	576	800	229	774	649	366	509	690	787	376	665	956	541	254	677
597	672	738	747	561	425	491	462	433	628	629	279	888	788	732	765	351
598	864	1	610	995	614	840	171	492	557	854	791	415
599	832	417	483	615	776	330	679	493	269	179	691	855	858
600	1	674	929	391	297	653	400	337	496
601	475	617	709	327	808	361	588	654	931	846	311	568	539	445
602	320	740	486	727	876	717	302	815	467	750	502	567	868	507	381	975
603	769	453	742	809	74	396	333	559	870	504	446	703
604	675	517	455	620	711	428	743	786	871	313	570	763	892	447
605	897	545	322	487	457	559	341	950	745	769	446	757
606	801	899	678	520	689	424	764	924	712	499	432	401	658	371	759	411	156	671
607	576	992	387	893	636	460	509	752	849	690	659	316	317
608	128	1	802	584	489	746	461	627	124	479
609	1	390	775	522	723	373	439	377	732	414
610	416	1	579	614	673	840	171	598	183	415
611	1	418	667	485	617	845	506	347	445	709
612	1	423	584	714	630	471
613	481	555	388	389	168	329	363	754	739	548	638	805
614	864	610	579	854	680	908	874	171	492	174	856	840	403	598	183	792	734
615	832	483	708	389	806	679	168	329	841	823	269	494	177	739	533	599	440	858
616	257	1025	534	793	286	680	681	562	948	181	185	189	580	329	335	857	474	734	482	873	494	495	244	1001	638	639
617	816	668	611	709	845	808	361	685	701	368	601	506	859	476	445	869
618	675	486	646	428	750	655	469	407	751	383
619	1	517	295	488	528	565	656	763
620	736	675	582	358	519	711	428	786	773	825	696	409	604	477	884	447
621	672	848	425	713	779	460	592	628	918	521	788	410	351
622	512	551	777	558	210	563	766
623	768	710	487	553	397	883	341	745	569	635	669	798
624	385	772	421	744	810	811	527	529	914	531	343	1019	670	581
625	545	710	102	457	458	847	498	499	916	757	666	879
626	1	290	737	780	546	560	306	574	853	350	575
627	608	1	802	827	133	678	648	489	140	704	789	411	124	479
628	672	993	387	425	779	460	621	561	659	660	597	887	788	410	765	510	351
629	448	1	738	747	491	462	399	597	888
630	352	1	164	714	781	402	532	471	612	731	861
631	705	162	900	901	550	652	651	492	463	753	146	1053	153	637	862
632	578	739	452	389	679	585	973	493	269	754	307	1012	533	855	804	1013
633	513	708	958	201	844	909	209	274	691	661	344	542
634	1	356	741	426	587	525	589	497	735
635	768	847	1051	581	262	487	883	553	362	906	623	710	1002	498	778	885	571	458	798
636	799	992	422	583	713	779	460	813	849	438	729	315	509	607
637	864	162	901	550	753	232	715	492	680	562	631	792	153
638	1024	481	739	613	806	616	329	494	873	1001	534	841	793	805
639	512	482	616	681	842	843	335	563	500	766	777	857	474	189	734
640	932	645	903	796	396	851	468	693	694	695	504	412	382
641	770	907	548	133	555	919	889	890	155	156	805
642	833	484	551	653	238	784	500	535	756	378
643	1	514	726	586	749	824	466	404	662	536	538	667	866
644	1004	419	836	662	796	393	684	749	910	785	466	468	501	310	824	412
645	640	321	406	647	395	695	717	903	693	54	567	891	700	381	382
646	741	486	942	876	618	837	750	751	497	469	502	570	735
647	384	645	395	717	719	818	54	407	920	761	891
648	1	323	678	520	489	459	827	627	821	759	664	411	124	573	981
649	800	450	547	965	774	956	366	1008	596	782	505	828	541	895
650	128	994	802	451	388	584	585	746	781	754	307	532	830	804	803	730	731	158	479
651	783	577	900	705	151	463	721	146	631	753	156	829	862
652	864	162	547	901	171	463	791	465	631	733	862
653	784	642	835	929	391	297	496	969	245	535	600	441	378	794	833
654	1	475	709	394	588	526	817	846	601	539	938	702
655	675	618	997	74	428	877	750	687	913	818	819	342	407	719	751	477	383
656	1	834	763	518	295	488	619	528	737	540
657	939	838	102	359	490	839	594	595	758	248	697	666	508
658	704	827	133	678	424	924	919	1036	899	759	411	764	957	606
659	576	387	1022	779	460	893	752	849	722	628	894	887	660	317	510	607
660	896	894	294	425	522	983	556	561	722	659	628	510	822	887	152	765	414	831
661	580	197	909	558	495	274	563	708	814	344	633	1007	325
662	866	643	644	683	910	785	466	404	501	726	824	538	443
663	419	869	860	683	590	797	785	564	501	375	443	668	701
664	1	323	772	648	459	430	529	914	531	821	573	979
665	800	83	677	554	898	595	596	787	852	922	572	509	254
666	897	545	102	625	712	1020	939	879	401	594	499	757	758	657	1071	508
667	1	514	611	506	418	701	643	726	538	859	282	845
668	960	816	976	869	454	617	361	663	685	590	797	368	375	443	476	701	767
669	798	454	745	397	590	623	883	341	569	767	446	703
670	385	962	420	581	744	553	810	527	624	885	905	728	516	762	591	1018
671	778	923	964	520	458	811	712	499	401	371	872	759	571	924	573	606
672	848	546	676	918	425	780	621	462	592	945	628	597	788	521	888	738	351
673	416	1	610	579	840	496	856	441	794
674	400	1	929	600	391
675	736	620	618	428	655	913	786	819	884	570	751	604	477
676	672	592	546	848	519	521	780	980	560	820	853	713	409	720	990
677	800	839	595	787	596	852	665	541	254
678	704	827	133	520	1036	648	658	627	981	759	411	606
679	832	739	452	806	615	973	823	269	493	855	179	533	599	632	996	1013
680	1056	1025	614	550	232	908	874	715	492	616	562	403	948	949	534	792	637	734
681	512	865	580	197	616	842	563	244	766	857	793	474	189	286	639
682	480	1	507	524	692	566	727	219
683	866	726	785	501	662	663	824	538	443	860	701	959
684	930	644	796	393	749	593	468	693	310	836	412
685	668	933	454	808	361	591	816	617	568	569	476	798	767
686	904	809	74	395	333	912	83	504	851
687	736	74	877	655	530	83	342	819	954	719	477
688	545	915	838	897	939	333	559	594	83	408	595	572
689	928	577	758	801	712	490	432	401	886	470	698	508	829	606
690	576	992	774	812	893	752	787	596	956	509	607
691	513	483	708	417	776	201	844	958	599	633	858	542	1141
692	480	1	716	682	523	524	727	815	850	567	507
693	640	930	515	932	645	796	903	700	684	974	593	867	406	412	382	1029
694	640	932	453	742	988	396	785	851	468	504	564	796	927
695	640	932	645	903	395	396	851	504	382
696	720	834	963	519	711	620	878	528	825	409	737	540	447
697	449	971	886	359	490	839	657	595	758	505	698	828	541	478
698	449	971	886	577	490	935	829	689	470	472	697	705	801	478
699	1	515	807	724	725	537	442	543
700	515	645	903	552	941	974	850	867	693	406	567	891
701	816	866	667	869	860	617	859	683	987	368	338	726	663	538	443	668	506	959
702	544	1	516	718	588	526	817	654	728	475
703	769	453	742	745	590	797	882	564	870	943	603	669	446	767
704	1	133	678	907	140	658	627	789	919	827	957
705	449	547	900	577	651	1003	782	463	146	935	631	505	698	829	862
706	450	547	966	774	940	556	782	733	464	722	1038	790	895	413	831
707	1	578	803	164	1126	748	434	374	985	731	926	1023
708	1027	483	958	325	615	841	909	494	495	814	881	274	691	661	823	440	633	858	1007	986	542
709	1	611	485	808	617	845	654	931	846	601	539	445
710	847	487	883	457	458	906	623	625	498	499	757	745	635	778
711	834	963	517	871	620	978	528	786	696	825	763	604	447
712	928	801	964	689	924	879	401	499	916	758	666	923	508	606	671
713	848	676	422	519	779	460	621	813	592	820	917	918	729	410	636
714	1	612	584	781	532	630	471	861
715	550	680	753	562	755	948	949	534	473	792	153	637	863
716	480	1	552	523	850	435	692	725	567
717	1059	868	645	486	647	911	567	941	302	815	818	750	54	407	920	602	891	381	975
718	961	516	808	938	588	591	817	1049	921	568	420	762	475	349	702
719	384	647	74	877	655	818	407	920	761	687	970
720	737	963	676	519	980	878	560	820	853	825	696	409	540	990
721	577	899	900	801	925	764	651	783	936	946	470	151	156	829
722	576	450	966	774	556	706	752	659	660	894	998	413	510	831
723	1	549	902	609	522	775	790	439	760
724	1	836	807	393	586	749	593	442	699	543
725	1	515	807	552	867	523	716	850	435	537	699
726	1	514	643	859	683	866	404	662	538	667	701
727	1	740	682	815	467	692	566	567	868	602	507
728	544	1	962	516	744	527	817	702	503	762	670
729	944	422	582	583	713	519	813	592	820	917	799	636	773
730	802	830	388	133	650	555	907	994	754	789	1047	889	158	479
731	1	451	164	982	650	972	434	781	402	707	532	1145	630	985	803	861	830
732	1	747	390	561	491	967	775	433	373	822	609	765	414	597
733	706	547	901	968	937	171	652	782	464	465	790	791	760	940	862	511
734	833	482	579	614	1025	616	843	908	1042	335	680	562	403	500	854	535	856	857	835	639
735	1	741	646	455	427	589	743	497	570	892	634	837
736	675	773	582	1129	620	687	944	530	83	884	825	952	819	826	954	477	997
737	1	834	518	720	878	528	626	853	560	696	656	540	574
738	448	1	546	747	780	462	629	945	597	888	672	575
739	832	1024	804	613	806	615	168	329	805	679	973	1062	1000	754	533	632	996	1055	638	389
740	1	868	502	587	467	566	727	602	741
741	1	740	837	646	426	587	876	497	502	868	634	735
742	927	453	870	1065	396	1100	882	851	564	694	504	603	988	703
743	1	517	455	892	427	589	871	436	565	570	763	604	735
744	1	962	772	421	456	810	527	624	529	503	728	1018	1019	670
745	769	943	710	487	883	906	1006	623	757	341	950	446	767	669	605	703
746	128	1	802	584	650	781	982	608	830	479
747	1	738	967	491	597	888	732	765	629
748	1	578	707	875	880	1012	374	444	926
749	1	643	644	393	586	684	910	466	724	824	836
750	868	486	646	618	1015	876	717	942	655	913	818	502	407	602	751	975
751	977	675	837	646	942	618	428	750	655	913	786	884	469	570	892
752	576	998	774	722	690	659	956	893	894	607
753	473	651	900	901	550	947	151	1053	1037	783	984	146	755	1110	631	792	153	863	637	862	715
754	994	739	388	389	1000	585	650	555	830	805	889	632	804	730	1055	158	613
755	481	770	548	873	715	753	947	984	151	792	473	156	863
756	833	642	551	777	843	784	1043	500	1014
757	897	545	943	710	487	457	906	1006	847	1116	625	498	916	950	745	666	879	1020	605
758	928	939	689	712	490	839	879	1035	657	886	697	666	508
759	678	1095	520	1036	648	658	821	872	981	924	606	671
760	1	549	902	937	791	557	723	790	439	733	511
761	384	647	74	395	877	719	912	920	891	970
762	961	962	516	553	718	591	921	817	905	728	420	670
763	1	834	517	711	619	743	528	871	565	656	604
764	1120	899	133	424	924	1036	1052	957	721	658	936	919	156	925	606
765	993	1009	822	967	747	561	660	597	788	887	888	628	732
766	512	865	681	842	622	563	777	991	639
767	976	1074	454	745	685	590	797	816	1073	882	883	569	943	668	669	798	703
768	635	933	553	1002	623	921	885	905	569	591	798
769	545	943	870	897	745	333	559	950	809	603	605	446	703
770	641	548	805	481	873	999	1011	1040	1125	755	919	890	156	947	863
771	1	1058	513	776	1127	844	1070	214	1048	795
772	1	421	744	624	529	914	531	664	1019
773	736	582	583	519	620	944	820	917	825	952	729	826
774	576	800	450	965	966	649	956	706	366	752	690	596	782	722	998	1008	828	895
775	896	1	902	390	609	522	967	561	1010	723	822	732	414
776	832	513	771	417	201	330	855	844	1127	691	1141	599	1048	1017	858	795
777	512	551	842	843	622	756	1014	500	991	766	639
778	1075	571	964	710	872	458	811	955	847	499	885	635	810	671
779	993	713	460	621	813	849	659	628	918	887	788	636	1022
780	672	1	546	676	521	738	848	945	626	853	575
781	1	982	584	746	650	972	861	532	630	731	714	830
782	705	450	547	774	935	649	1003	940	706	1016	505	828	733	862	895
783	900	721	936	651	1037	753	946	947	151	156	925
784	833	642	969	653	1043	756
785	644	694	860	683	1004	910	1112	564	501	662	663	824	468	959	796	797	927
786	675	711	892	871	620	751	977	978	884	825	570	604	1086
787	800	898	677	1033	554	812	690	596	1045	665	956	509
788	672	993	1009	779	621	1104	945	628	597	918	887	888	765
789	704	1	802	907	133	555	140	627	1047	730	827	479
790	896	706	549	902	937	522	940	556	1038	1039	464	723	760	831	733	1054	511
791	864	1	901	968	937	171	652	557	598	760	733	511
792	864	901	614	680	874	715	492	753	755	949	854	984	637	863
793	1092	865	580	616	681	1197	494	495	881	1001	814	841	857	638
794	1	835	929	673	840	653	496	1041	856	441
795	1	1058	771	1057	513	776	330	875	880	855	1048	1017	444
796	640	930	644	1029	988	684	1004	910	785	468	693	694	1112	836	1082	932	412	927
797	960	927	869	1030	860	590	976	785	882	564	663	767	668	703
798	768	976	1051	933	1002	685	623	816	1074	883	569	591	635	669	767
799	992	583	1066	812	813	944	849	917	438	729	826	636	1109
800	898	677	774	839	649	956	787	596	1045	852	665	828	541	965
801	928	577	899	1046	886	721	712	924	1072	432	689	946	470	698	923	156	829	606	1061
802	608	1	650	140	627	789	982	1047	730	746	830	479
803	578	451	804	1190	585	650	972	994	1168	434	707	982	1145	985	731	830	1023
804	994	578	739	585	650	973	754	803	1012	632	1055	926	1023
805	1024	481	770	739	548	613	641	1000	873	555	754	1011	889	890	638
806	832	1024	1027	739	841	1062	679	329	615	494	1001	823	996	638
807	1	930	515	836	593	867	724	725	442	699
808	1113	1049	921	931	933	938	685	816	568	953	960	709	588	845	718	591	846	601	869	361	1005	617
809	769	943	870	904	333	686	559	1032	83	504	1050	603
810	955	581	744	905	778	811	1019	624	914	885	1018	571	989	670
811	955	964	581	872	778	810	1133	624	914	531	571	573	979	671
812	992	934	1033	554	690	787	438	826	956	509	799
813	713	1066	779	848	849	917	918	729	636	1022	799
814	1092	865	708	325	495	881	563	661	793	580	1007	1028	991
815	1	868	941	727	717	911	850	692	567	602	507
816	960	869	808	617	685	976	953	933	668	701	798	767
817	1	962	516	961	938	588	654	718	728	762	702
818	1099	877	486	647	970	1015	717	750	719	913	407	920	655	1098	975
819	736	675	997	877	687	913	884	954	655	477
820	848	720	676	773	519	713	592	980	917	825	729	990	1087
821	1	520	648	979	981	872	759	664	573
822	896	993	775	522	967	561	1010	660	1130	983	887	732	765	414
823	832	1027	708	806	679	841	615	858
824	1	866	643	644	683	749	910	785	466	662	959
825	736	963	773	711	519	620	978	720	952	786	1139	820	917	1086	696	884	980	1044	1087
826	736	992	773	582	583	554	812	944	530	83	438	934	954	1093	799
827	704	1	678	648	1036	658	627	789	957	981
828	800	449	971	965	774	839	649	935	782	1008	1067	505	697	541	895
829	705	971	900	1061	577	651	1134	1117	1003	721	946	935	886	689	698	801
830	994	802	803	746	781	754	982	1047	889	730	731	650
831	896	706	998	966	522	556	1038	722	660	790	983	894
832	739	996	1062	806	615	776	679	823	855	1027	1013	599	1017	858	1191
833	642	835	969	843	908	653	784	1042	1043	756	1077	535	500	734
834	1	963	737	711	878	528	871	696	656	763
835	833	579	929	969	908	653	1041	1077	535	856	441	794	734
836	1	930	644	807	393	1004	684	749	910	593	724	796
837	1	741	646	876	942	751	977	570	892	735
838	897	839	1034	939	915	1101	688	657	594	595	852	572
839	800	971	677	838	1034	939	1035	657	595	852	886	758	1067	697	828	541	965
840	1	610	579	854	614	673	1026	1041	995	598	856	794
841	1027	708	806	615	1001	494	495	881	1091	823	793	986	638
842	865	681	843	1198	1042	1014	777	1080	857	991	766	639
843	833	777	842	1042	1043	756	1014	857	500	734	639
844	513	771	1127	776	691	1141	633	958
845	1	611	709	1063	808	617	859	1005	931	506	667	869
846	1	931	709	808	938	588	654	601
847	1075	964	710	778	625	499	916	757	635	906	885
848	672	1088	676	521	1066	780	621	1166	813	592	945	820	853	918	713	1103	990	917
849	992	1096	1066	779	460	813	659	607	636	893	1022	799
850	1	515	552	716	941	974	815	867	692	725	567	700
851	640	932	870	742	903	904	395	1100	686	1064	694	695	504	1031	988
852	800	898	677	838	839	1034	939	1107	915	595	1076	1045	665	922	572	965
853	848	1	546	676	737	780	878	560	945	626	720	990
854	864	1026	995	614	840	874	908	1069	856	598	792	734
855	832	578	1058	679	776	330	493	880	1012	1013	599	632	1017	795
856	673	1026	579	614	1217	840	908	1069	1041	835	1077	854	1118	441	794	734
857	1092	865	1218	580	1025	616	681	842	843	908	1197	1042	1001	1080	793	734	639
858	832	1027	483	708	615	776	823	691	1141	599	1208	1017	986	958
859	1	866	987	869	1063	617	845	726	506	667	701
860	960	869	1132	683	1004	701	785	663	1112	1081	959	797	927
861	1	714	972	781	630	731
862	705	547	900	901	968	940	651	652	782	463	753	1003	631	1016	733	1053	895
863	481	770	1131	984	999	873	715	1135	1040	753	755	948	949	792	473	947
864	1	162	995	854	614	1169	968	652	874	171	492	1068	984	949	598	791	792	637	901
865	1092	1218	580	681	842	1197	814	563	857	1080	793	766	991
866	1	643	662	683	987	726	824	859	701	959
867	1	930	515	807	974	593	850	725	700	693
868	1	740	741	975	876	717	750	815	502	727	602	911
869	960	987	1063	808	617	1005	845	860	701	816	663	1081	859	668	797	959
870	769	1115	742	904	809	1100	1165	943	1032	882	851	1065	504	1050	603	703
871	1	834	963	743	892	711	978	786	763	604
872	964	1095	520	778	811	1133	979	821	759	981	924	573	671
873	1024	481	770	805	999	616	1001	1090	1040	1000	755	948	534	1011	638	863
874	864	1056	995	614	680	1068	908	1069	949	854	792
875	1	1126	1057	748	880	1012	795	444	926
876	1	868	741	646	750	975	942	502	1015	602	837
877	997	74	687	912	913	818	819	761	954	719	655	970
878	1	834	963	737	720	980	853	696	540	990
879	928	1035	1094	712	939	1071	625	499	916	757	758	666	1020	1021
880	1057	578	1058	330	875	748	493	1012	855	795	444	926
881	1092	1091	708	841	814	495	494	1001	793	986	1007
882	927	742	870	1065	943	976	1073	1050	564	1030	703	988	797	767
883	1051	943	710	1137	745	906	1006	623	1073	1074	635	1116	669	798	767
884	736	675	1060	997	977	1129	620	978	942	751	913	786	819	952	825	1084	1086
885	768	1075	571	581	1137	553	778	955	906	847	1051	1002	989	905	635	810	670
886	928	801	1035	1253	1094	839	490	971	1134	1072	689	758	1226	697	698	829
887	1108	993	822	779	893	659	660	1022	788	983	628	765	894
888	672	1	738	1009	967	747	945	788	597	765	629
889	641	994	907	805	1000	555	1106	754	1011	1178	1047	730	890	830
890	641	770	907	805	555	1040	1106	1011	919	889	1111	1125
891	1059	645	647	1128	941	970	395	717	911	1136	903	567	920	761	1031	700
892	1	837	743	871	978	751	977	786	570	604	735
893	992	1122	998	1096	752	849	690	659	1108	1022	1078	887	956	894	607
894	1122	998	983	752	1105	722	659	660	887	1108	893	831
895	1089	706	1123	966	774	935	649	1003	940	782	1008	1038	1079	1016	828	862
896	790	902	775	522	1159	1038	1105	1010	660	822	983	1054	831
897	545	1085	838	769	939	333	1101	559	688	594	915	757	950	666	1071	1020	605
898	800	1033	554	787	852	1045	665	922	1076
899	1120	801	1061	764	924	946	1052	721	658	1152	1046	923	156	925	606
900	705	1003	1124	721	651	1053	1037	783	753	946	1110	631	829	862
901	864	1	162	1053	968	791	652	637	753	984	631	792	733	862
902	896	1	775	937	522	1039	1010	723	790	760	1054
903	640	1059	932	645	1031	1064	1097	395	941	974	1136	851	693	695	1082	891	700	1183
904	83	870	1031	1032	809	395	1100	686	912	1064	851	504	1115
905	768	961	962	553	810	591	1002	885	1018	921	762	1083	989	670	1119
906	1075	1051	710	745	1006	847	1137	883	916	757	635	1020	1021	885
907	704	1	1111	133	641	555	957	1106	1011	789	919	1047	889	730	890
908	1056	833	835	614	1025	680	874	1118	1069	1042	1077	854	856	857	1179	734
909	633	708	661	958	1007
910	1	644	1004	749	785	662	824	836	796	959
911	1	1059	868	975	941	717	815	567	891
912	1031	904	74	395	877	686	1200	83	761	1115	970
913	675	1060	997	970	1099	877	750	751	818	819	884	942	1015	1114	655	1084
914	1	1019	772	810	811	1133	624	531	664	955	573	979
915	897	1107	838	1034	939	333	1101	688	83	852	922	572	1085
916	928	1075	923	964	712	906	1102	879	625	499	757	847	1020	1021
917	944	773	713	1066	813	1166	1103	848	1139	820	1109	825	952	729	1161	1087	990	799
918	672	993	1088	713	1066	779	621	1166	813	848	945	1104	788	1103	1022	1151
919	704	1	770	133	641	936	764	907	1037	1052	1040	658	947	1111	890	156	957	1125
920	1059	975	647	1128	970	717	719	818	761	891	1098
921	768	961	933	808	905	1002	1143	718	591	1113	1049	762	1083
922	898	554	915	1107	333	83	852	951	665	572	1076
923	928	801	899	964	712	1102	1072	916	1046	924	671
924	1120	801	899	964	1095	712	1265	1036	1102	872	658	1204	981	1046	759	1177	923	764	606	671
925	899	936	1052	1037	783	721	946	764
926	1	578	707	804	1126	875	748	880	1012	985	1147	1023
927	960	1030	742	1192	860	1163	988	1004	785	882	564	694	1065	1112	1132	796	797	1182
928	801	758	1094	712	1035	1102	879	1072	689	916	886	923	1021
929	1	674	835	391	969	653	496	1041	1077	600	1209	794
930	1	867	836	1029	807	1004	684	974	593	693	796
931	1	709	808	938	845	846	1005	1049	601
932	640	1029	903	1064	988	1164	974	1097	851	693	694	695	1112	1082	796	1183
933	768	976	1199	808	1193	1002	1143	685	591	816	1074	1049	1113	953	921	1051	798
934	992	1093	1033	74	812	954	1138	83	1076	1142	951	1176	826	554
935	1207	449	1003	965	1272	705	971	782	1117	1008	1067	1123	1236	1079	1144	505	698	828	829	1150	895
936	1	1052	764	1037	957	783	721	947	919	156	925
937	1	902	968	940	1039	790	791	760	1146	733
938	1	931	846	961	808	588	718	817	654	1049
939	897	1067	838	839	1034	1035	1101	879	688	657	594	915	852	758	666	1071
940	1089	706	1189	968	937	782	1039	1038	790	1016	1146	733	862	895
941	1	1059	911	903	1097	717	974	815	850	567	891	700
942	1	1060	837	646	977	876	750	751	913	884	1015
943	769	870	1032	745	333	1006	1073	882	883	1148	757	950	809	1050	703	1116	1085	767
944	736	992	773	583	1066	917	1109	952	729	826	954	1093	799
945	672	1	738	1088	1104	780	848	1009	788	853	918	888	990
946	1152	801	899	900	1061	925	1003	1037	783	721	1140	1124	1052	829
947	1	770	1131	1125	999	936	919	1037	783	1040	753	755	1110	151	984	156	863
948	1056	481	1090	1025	999	616	873	715	1135	680	1203	949	534	1001	473	863
949	864	1025	1131	1056	680	874	715	1068	1135	984	1169	948	792	863
950	897	1085	769	745	333	943	1116	1148	1187	757	1071	1020	605
951	1107	934	1032	554	333	83	1076	1175	922	1115	74
952	736	773	1129	1086	944	1139	884	917	1109	1093	825	954	1276	1044	1087
953	960	976	1155	933	1063	808	1005	1199	816	1113
954	736	1249	83	997	934	1129	74	877	687	944	1138	819	1172	952	826	1093
955	1184	1075	1051	964	778	811	1133	989	1002	914	979	885	1210	1019	810	1119
956	800	992	965	774	1121	649	812	752	690	787	596	1045	1078	1033	966	998	1008	893	1150
957	704	1	936	1052	907	1036	1120	658	919	827	764
958	708	844	909	1007	691	1141	633	858	986	542
959	1	866	869	1132	683	1004	910	785	824	1081	987	860	701
960	976	1155	869	1030	1063	808	860	1163	1132	1005	1231	816	1081	953	668	797	927
961	1	962	905	938	718	817	1049	921	762	1083
962	1	961	744	905	817	728	762	1083	1018	670
963	1	834	711	871	878	720	978	980	696	825	1044
964	1075	955	1095	712	778	811	1133	1102	847	872	499	916	1177	1210	923	924	671
965	800	1067	774	839	649	1034	935	1008	1144	852	1045	956	828	1213	1150
966	706	998	774	1038	1008	722	1173	1079	831	956	1158	895
967	1	993	1157	775	1130	747	1009	1010	822	888	732	765
968	864	1	901	937	940	1053	791	1016	1146	733	862	1189
969	833	1154	835	929	653	784	1043	1077	1209
970	1136	1186	1099	997	1031	1128	74	395	877	719	912	913	818	1171	920	761	1114	891	1098	1200
971	449	1035	1253	839	935	1134	1117	1067	1236	886	1144	697	698	828	829
972	1	803	781	1168	982	1145	985	731	861
973	739	996	1062	679	1215	1170	1012	1013	632	804	1055	1023
974	1	930	867	932	1029	903	1097	941	850	693	1082	700
975	1	1059	868	1098	1099	876	717	750	911	818	1015	920	602
976	960	1155	933	1030	1074	1199	816	1073	882	953	1231	668	797	798	767
977	1	1060	837	1084	978	942	751	786	884	892
978	1	963	871	1084	711	977	786	884	1086	825	892	1044
979	1	1019	1095	872	811	1133	914	821	664	955	573	981
980	1	963	676	878	720	820	1044	825	990	1087
981	1	678	1095	648	1036	872	979	821	759	827	924
982	1	802	803	1190	994	746	972	781	1168	1047	731	830
983	896	993	998	1159	1130	1038	1105	1010	660	822	887	1108	894	831
984	864	1	901	1169	1131	1037	1053	753	755	949	1110	792	947	863
985	1	707	1126	1153	972	1168	803	1145	731	1147	926	1023
986	1027	708	1251	841	1007	881	1091	1141	1208	858	1180	958
987	1	866	869	1063	1081	859	701	959
988	932	742	1064	1065	1100	1164	882	851	694	1112	796	1182	927
989	1019	905	810	885	1018	955	1002	1119
990	848	1	676	1088	878	1103	720	945	820	853	980	1087	917
991	865	1092	777	842	814	563	1080	766
992	1033	1093	1188	934	1066	812	944	690	1078	826	509	956	799	438	1096	849	1109	607	1121	893	1142	636	1149
993	1108	918	1105	967	1130	779	983	1104	1009	788	1214	822	887	628	765	1022	1157
994	803	804	1190	1000	650	1228	1106	1261	754	982	1047	889	730	1055	1178	830	1023
995	864	1	1026	598	840	874	1195	1068	1069	854
996	832	739	1062	806	679	1191	973	1170	1012	1013	1215
997	736	1186	1222	1114	1160	1129	74	877	655	913	819	884	1172	954	1084	970
998	1008	1122	966	774	1121	1038	752	1105	722	1173	1078	983	1158	956	893	894	831
999	770	1125	873	1131	1090	1135	1040	947	948	863
1000	1024	994	739	805	1062	873	1202	1040	754	1011	1174	889	1178	1215	1055
1001	1024	1025	1090	1027	1092	1203	806	616	841	1216	1197	873	881	1091	948	857	1240	793	638
1002	768	1184	955	933	905	1051	1083	885	1143	921	635	1193	989	798	1119
1003	705	1123	900	1061	935	1117	1227	782	1053	946	1110	1016	1124	1167	829	862	895
1004	1	930	836	1029	796	1132	910	785	1112	644	959	860	927
1005	960	1	931	869	1063	808	845	1155	1113	1049	953
1006	1075	1156	745	906	943	1116	1137	883	757	1020	1021
1007	1092	1091	708	909	814	881	1251	661	1220	1028	986	1180	958
1008	1121	828	965	774	935	649	1207	1272	1173	1079	966	998	956	1150	895
1009	1	993	1157	967	1104	945	788	888	765
1010	896	1	902	967	1130	775	822	983	1159	1054
1011	770	805	1000	873	907	1202	1040	1106	1268	1174	1111	889	890	1273	1178
1012	1057	578	1058	804	1126	1191	1196	875	748	973	880	1170	1013	855	632	996	1147	926	1023
1013	832	1058	996	679	1191	1196	973	1012	855	632	1017
1014	1281	1219	777	842	843	1198	1042	1043	756	1080	1181
1015	1	1060	1099	876	942	975	913	818	750	1114
1016	1089	1123	1189	968	1003	940	782	1167	1207	1079	1053	862	895
1017	832	1058	1027	1062	1127	776	1191	1196	1230	1208	1013	855	1048	858	795	1246	1141
1018	1	962	1083	744	905	810	1019	989	670	1119
1019	1	772	744	810	1133	624	914	979	1018	955	989	1119
1020	897	1187	1156	906	1006	879	1232	916	757	950	666	1071	1116	1021
1021	928	1156	1094	906	1006	879	1232	1201	1075	916	1102	1071	1020
1022	993	1254	1096	1066	779	813	1166	1104	849	1234	659	1108	1205	918	887	893	1214	1151
1023	994	578	803	804	1190	1153	1292	1228	973	1168	1170	707	1012	1269	985	1147	926	1055
1024	1090	739	805	806	1000	873	1229	1203	1040	1278	1202	1027	1262	1174	1001	1240	1062	638
1025	1056	1216	1218	616	1001	908	1197	1135	680	1042	1203	948	949	1270	1118	857	1179	734
1026	1	995	1185	840	1217	1195	1069	1041	1077	854	856
1027	832	1024	1091	708	1062	806	1191	1256	841	1229	1262	1240	1001	823	1208	1017	858	1180	986
1028	1092	814	1007
1029	1	930	932	1004	974	693	1112	1082	796
1030	960	1192	1065	1163	1231	976	1073	882	1241	797	927
1031	1136	1115	903	904	970	395	1247	912	1064	851	1128	891	1200	1183
1032	1107	870	904	809	1175	333	943	1165	83	951	1050	1115	1085
1033	992	1121	898	1188	934	554	812	787	1076	1045	1142	1176	956	1194	1235
1034	1107	1067	965	838	839	1194	939	1101	1233	915	852	1045	1144	1076	1212	1213
1035	928	971	758	1094	839	1225	1226	939	1101	879	1067	886	1259	1071	1253
1036	1120	1	678	1095	924	658	981	759	827	764	957
1037	1	900	1125	936	1131	783	753	946	947	1140	1110	919	984	1124	1052	925
1038	896	1089	706	998	966	1159	1162	1079	940	1039	1105	790	983	1158	831	1054	895
1039	1	902	1089	937	1162	940	1038	790	1146	1054
1040	1024	770	1125	999	1000	873	1111	1090	1202	947	1268	919	890	1011	1255	863
1041	1	1026	835	929	840	1185	1283	1077	856	1209	794
1042	833	1218	1025	842	843	908	1198	1043	1077	1014	1118	1080	857	1181	734
1043	833	1154	1219	969	843	784	1042	756	1077	1014	1181
1044	1	963	978	1139	980	952	825	1086	1087
1045	800	1121	898	965	1235	1033	1034	1213	787	852	1076	956	1194	1150
1046	1120	801	899	1061	1265	1288	1152	1102	1072	1201	1204	1243	923	924
1047	1	802	1190	907	994	1261	1106	789	982	889	730	830
1048	1	1058	771	1221	1127	776	1070	1230	1017	795	1246
1049	1	931	933	961	808	938	1143	1005	718	1113	921	1083
1050	1248	1285	870	1032	809	1100	1165	943	1073	882	1065	1148	1085
1051	1184	1075	955	1252	933	1267	1193	906	1137	1074	883	885	635	1002	798
1052	1120	1	899	936	1152	1037	957	946	1140	919	764	925
1053	1	900	901	968	1003	1167	753	1016	1110	631	984	1146	862	1189
1054	896	1	902	1159	1162	1038	1039	1010	790
1055	1170	994	739	804	1062	1000	1228	973	754	1301	1174	1178	1215	1023
1056	1025	680	1068	874	1195	908	1069	1135	1169	1266	1203	948	949	1300	1179
1057	1	1058	1211	1126	875	1196	1230	880	1012	795
1058	1	771	1057	1211	1196	1070	880	1230	1012	1013	855	1048	1017	795
1059	1	975	903	1128	941	1098	717	911	1136	1097	920	891
1060	1	913	942	977	884	1015	1114	1084
1061	1152	801	899	1124	1238	1003	1298	1134	1117	1072	1227	946	1140	1046	1243	829
1062	832	1024	739	996	806	1191	1000	973	1262	1256	1027	1174	1017	1215	1055
1063	960	1	987	869	1163	845	1005	1155	1113	1081	953	859
1064	932	1031	904	1164	903	1100	1247	1264	851	1257	1115	988	1183
1065	1248	1285	870	1030	1073	1192	1100	742	882	1241	1050	988	1274	1182	927
1066	992	944	1205	1096	1161	813	1166	1103	848	849	1234	917	918	1109	1149	1022	799
1067	971	965	935	1034	939	1101	1035	1233	839	1259	1144	828	1253
1068	864	1	995	1056	874	1195	1069	1169	949
1069	1056	1185	1026	995	1217	1068	874	1195	908	1266	1077	854	856	1179	1245	1118
1070	1	1058	771	1221	1230	1048	1211
1071	897	1035	1094	1224	1225	939	1085	1101	879	1232	1187	950	666	1020	1021
1072	928	801	1243	886	1094	1288	1226	1102	1201	1134	1046	923	1061
1073	1248	1279	1030	1065	1074	1231	943	976	1148	882	883	1241	1050	1199	1116	767
1074	933	1137	1193	1279	1231	1199	976	1073	883	1267	1051	1116	798	767
1075	1184	1282	1051	964	1252	1265	778	1021	1102	1133	1006	847	1137	916	885	1177	1156	1210	955	906	1258
1076	1194	898	934	1033	74	1034	1107	852	1045	951	1176	922	1212	554
1077	1026	1283	1217	908	1154	1296	1041	1042	835	1181	929	1069	1209	833	1219	1185	969	856	1245	1118	1263	1043
1078	992	1121	1122	1188	998	1096	1149	1108	1237	1206	956	893
1079	1089	1123	1158	966	935	1038	1008	1173	1207	1016	895
1080	865	1218	1092	842	1197	1198	1042	1014	857	991
1081	960	1	869	1063	1163	1132	987	860	959
1082	1	932	1029	903	1097	1164	974	1112	796
1083	1	962	961	905	1002	1143	1049	921	1018	1119
1084	1	1060	997	913	1160	1129	977	978	884	1114	1086
1085	897	1107	1187	1223	1032	1148	333	1101	943	1165	1224	915	950	1175	1050	1071	1116
1086	1	1129	978	786	1139	884	952	825	1084	1044
1087	1	1044	1161	1166	1103	1139	980	917	825	952	820	990
1088	1	1104	1103	848	945	918	990	1151
1089	1291	1189	1158	1162	1207	940	1038	1039	1173	1079	1016	1146	1244	895
1090	1024	1125	999	873	1131	1229	1294	1135	1040	1202	1203	948	1278	1001	1311	1239	1255
1091	1216	1027	1092	841	1007	881	1001	1240	1220	986	1180
1092	1216	865	1091	1028	1001	1197	814	1007	881	1198	1220	857	1080	793	991
1093	992	1249	1242	934	1129	944	1297	1138	1139	1172	1109	1142	1289	952	826	1276	954
1094	928	1232	1225	1226	1035	1102	1071	1072	1201	886	879	1021
1095	1120	1	964	872	1036	1133	979	1204	981	759	1177	924
1096	992	1314	1206	1254	1066	1149	849	1234	1108	1109	1078	1306	893	1022	1205
1097	1	1059	932	903	1164	941	974	1136	1082	1183
1098	1	1059	1128	970	1099	975	818	1171	920
1099	1	1186	970	975	913	818	1171	1015	1114	1098
1100	742	870	904	1065	1271	1164	1165	1264	1064	851	1257	1050	1115	988	1274	1182	1285
1101	897	1107	939	838	1223	1224	1225	1034	1035	1071	1067	915	1233	1259	1212	1085
1102	928	1282	964	1094	1265	1325	1072	1201	1075	916	1046	1177	1156	923	924	1021
1103	1088	1	1066	1166	848	917	918	1151	990	1087
1104	1088	1	1157	945	993	1009	788	1214	918	1022	1151
1105	896	993	1122	1284	1157	998	1159	1130	1250	1038	1108	1237	983	1158	1277	894
1106	1	994	1111	907	1261	1011	1268	1047	889	890	1273	1178
1107	1223	1032	74	1175	333	1101	1085	915	852	951	1076	922	1212	1034
1108	993	1122	1284	1157	1254	1096	887	1237	1250	1214	1105	894	1078	983	1314	1307	893	1022	1206
1109	992	1093	1287	1096	1161	1066	944	1234	1139	917	1142	952	1242	1149	799
1110	1	1131	900	1003	1037	1167	753	947	1227	984	1124	1053
1111	1	1125	1255	907	1040	1106	1011	1268	919	890
1112	1	932	1029	796	988	1004	785	1164	1132	1082	860	1182	927
1113	1	1155	933	1063	808	1193	1143	1005	1199	1049	921	953
1114	1	1186	1060	997	1222	1160	970	1099	913	1015	1084
1115	1200	1264	870	1031	904	74	1175	1100	1165	912	1032	83	1064	951	1304	1275	1271	1247
1116	1248	1187	1156	1137	1148	1293	1006	943	1073	1074	883	757	950	1303	1020	1085	1310	1279
1117	1123	1061	935	971	1134	1003	1298	1299	1236	1227	829	1253
1118	1025	1218	1339	908	1069	1245	1296	1042	1077	1270	856	1179	1181
1119	1184	1	1019	905	1002	1133	1083	1143	1018	955	989
1120	1152	1	899	1095	764	1036	1052	1204	1046	924	957
1121	992	1122	1188	1206	998	1033	1260	1237	1008	1235	1045	1078	956	1150	1173
1122	1121	1237	1158	998	1105	1108	1173	1078	893	894	1206
1123	1227	1189	935	1299	1003	1167	1207	1236	1079	1016	1117	895
1124	1238	1	1131	900	1061	1003	1037	1227	946	1140	1110
1125	1	770	1131	1090	999	1111	1037	1294	1040	947	1268	919	890	1255
1126	1312	1	707	1057	1153	875	1196	1230	1012	1302	985	1147	926
1127	771	1221	776	844	1208	1141	1048	1017	1246
1128	1	1059	1031	970	1136	1171	920	891	1098
1129	736	1	997	1160	1276	1139	884	952	1172	954	1084	1086	1093
1130	993	1250	1157	1	967	1105	1010	822	983	1159
1131	1	1090	1124	1125	999	1255	1037	1294	1135	1169	947	949	1110	984	1311	863
1132	960	1	1192	1163	1004	1112	1081	927	860	1182	959
1133	1184	1	1019	964	1075	872	811	914	979	1177	1095	955	1210	1119
1134	1238	1061	1288	1226	971	829	1072	1320	1298	886	1343	1243	1117	1253
1135	1056	1025	1090	999	1321	1131	1169	1266	1203	948	949	1239	1300	1311	863
1136	1	1059	1031	1128	1097	970	903	1247	1200	1171	891	1183
1137	1075	1282	1156	1267	906	1323	1293	1006	1074	883	885	1252	1051	1116	1279
1138	1249	1093	934	1289	74	1172	1142	1176	954	1276
1139	1	1093	1129	1044	917	1109	952	825	1161	1276	1242	1086	1087
1140	1152	1	1124	1061	1037	946	1238	1243	1052
1141	1251	1127	776	844	1336	691	1246	1208	1017	858	1180	986	958
1142	992	1346	1188	1093	934	1287	1033	1306	1297	1138	1235	1109	1289	1176	1242	1149	1317
1143	1184	1	933	1193	1002	1113	921	1049	1083	1119
1144	971	965	935	1034	1067	1233	1236	1272	1213	1150	1253
1145	1153	803	1	972	1295	1168	985	731
1146	1	1189	1158	1089	968	937	1162	940	1039	1244	1053
1147	1312	1	1126	1153	1191	1196	1295	1361	1170	1012	1269	985	926	1023
1148	1248	1187	1285	1165	943	1073	950	1303	1050	1116	1085
1149	992	1188	1078	1287	1096	1066	1234	1109	1142	1306	1206
1150	1121	965	935	1260	1008	1272	1235	1236	1045	1207	1144	956	1213	1173
1151	1088	1	1214	1166	1103	1104	1205	918	1022
1152	1120	1	899	1061	946	1140	1046	1204	1243	1052
1153	1	1126	1295	1168	1269	985	1145	1147	1023
1154	1219	969	1263	1043	1077	1209
1155	960	1	1063	1163	1005	1199	976	1113	953	1231
1156	1282	1187	1201	1020	1323	1293	1006	1325	1232	1137	1075	1102	1116	1021	1310
1157	1	1250	1105	993	1130	967	1104	1009	1108	1214
1158	1089	1122	1315	966	998	1159	1162	1291	1260	1038	1105	1332	1173	1079	1146	1244	1277	1237
1159	896	1	1250	1158	1130	1038	1277	1105	1010	983	1162	1054
1160	1	997	1222	1129	1172	1114	1084
1161	1	1066	1166	1234	1139	917	1242	1087	1109
1162	1089	1158	1	1159	1038	1039	1146	1244	1277	1054
1163	960	1	1155	1030	1063	1192	1132	1231	1081	927
1164	1	932	1064	1097	1100	1257	1112	1082	988	1182	1183
1165	1303	1319	1187	1316	1285	870	1223	1032	1340	1322	1271	1100	1264	1175	1304	1050	1115	1148	1085
1166	1	1205	1161	1066	1103	848	1234	917	918	1151	1022	1087
1167	1	1123	1189	1003	1227	1299	1110	1016	1053
1168	1	803	1190	1153	1292	972	1295	1269	982	1145	985	1023
1169	864	1	1195	1056	1131	1068	1135	1300	949	984	1311
1170	1376	1215	996	1023	1292	1191	1228	973	1328	1012	1269	1338	1147	1055
1171	1	1186	1128	1136	74	1099	970	1200	1275	1098
1172	1	1093	1222	1249	1160	1129	74	1138	954	1276	997
1173	1344	1089	1122	1291	966	998	1121	1207	1260	1008	1272	1315	1237	1079	1158	1150
1174	1024	1333	1062	1000	1229	1262	1202	1011	1301	1178	1215	1308	1055
1175	1107	1223	1032	1322	74	1319	1165	1309	83	951	1304	1305	1115	1212	1085
1176	1317	934	1033	74	1324	1297	1138	1235	1076	1142	1289	1290	1194
1177	1	964	1095	1258	1133	1102	1265	1075	1204	1210	924
1178	994	1000	1228	1202	1261	1357	1106	1011	1301	1174	1273	889	1055
1179	1056	1	1025	1353	908	1069	1266	1203	1270	1339	1245	1118
1180	1027	1220	1251	1256	1007	1240	1091	1141	1208	986	1327	1336
1181	1	1218	1219	1270	1281	1198	1296	1042	1043	1077	1014	1339	1118
1182	1	1192	1065	1100	1132	1164	1257	1112	1274	988	927
1183	1	932	1031	1064	1097	903	1164	1264	1136	1257	1247
1184	1	955	1252	1193	1002	1133	1075	1143	1210	1051	1258	1119
1185	1	1026	1283	1217	1195	1069	1313	1041	1077	1245
1186	1280	1	997	1222	74	1099	1171	1114	1275	970
1187	1232	1156	1223	1224	1148	1341	1020	1071	1165	1340	950	1303	1348	1116	1085	1310
1188	992	1121	1346	1347	1078	1287	1033	1260	1359	1235	1142	1306	1149	1206
1189	1	1123	1089	968	1291	940	1326	1167	1299	1207	1016	1146	1244	1053
1190	1	994	803	1292	1228	1261	1168	982	1047	1338	1023
1191	832	1	1352	1027	996	1318	1062	1256	1196	1262	1312	1328	1269	1170	1012	1013	1208	1017	1147	1342	1215
1192	1	1030	1065	1163	1132	1231	1241	1274	1182	927
1193	1184	1	1252	933	1002	1199	1074	1267	1143	1113	1051
1194	1317	1309	1033	74	1324	1213	1233	1235	1076	1045	1176	1290	1212	1034	1349
1195	1056	1	1026	995	1185	1068	1069	1313	1169	1266	1300	1329	1245
1196	1312	1	1058	1126	1057	1354	1191	1230	1362	1342	1012	1013	1302	1208	1017	1147	1246
1197	1092	1	1218	1025	865	1001	1216	1198	1363	1220	793	1080	857
1198	1281	1218	1092	842	1197	1042	1363	1014	1080	1181
1199	1	1155	933	1193	1231	976	1073	1074	1267	1113	953	1279
1200	1	1275	1031	1136	74	912	1171	1115	970	1247
1201	1232	1156	1094	1288	1225	1226	1325	1102	1072	1265	1046	1337	1243	1021
1202	1024	1360	1090	1255	1000	1321	1351	1229	1294	1040	1011	1268	1301	1174	1239	1273	1178	1278	1333
1203	1024	1	1090	1025	1056	1001	1335	1216	1229	1135	1266	948	1270	1239	1240	1353	1179	1321	1278
1204	1120	1	1095	1288	1152	1265	1046	1177	1243	924
1205	1	1254	1096	1066	1166	1234	1214	1022	1151
1206	1121	1122	1347	1188	1350	1096	1260	1314	1108	1237	1078	1332	1306	1307	1149
1207	1344	1089	1123	1189	935	1291	1356	1326	1008	1272	1299	1236	1173	1079	1016	1150
1208	1027	1127	1256	1354	1191	1196	1342	1141	1336	1017	858	1180	986	1246
1209	1	1154	1283	929	969	1263	1041	1364	1077
1210	1184	1	964	1258	1133	1075	1177	955
1211	1	1058	1221	1057	1230	1330	1070	1302
1212	1345	1349	1309	1223	74	1319	1324	1101	1213	1233	1107	1076	1194	1373	1175	1034
1213	1272	965	1365	1034	1233	1235	1236	1045	1367	1144	1370	1375	1212	1194	1150	1349
1214	1	1250	1284	1157	1254	993	1104	1108	1205	1307	1022	1151
1215	1	996	1062	1191	1000	1228	973	1262	1328	1170	1301	1174	1308	1055
1216	1	1218	1091	1092	1025	1001	1363	1197	1327	1203	1270	1335	1240	1220
1217	1	1026	1219	1185	1069	1263	1296	1313	1283	1077	856	1245
1218	1216	1	1025	865	1281	1197	1198	1042	1363	1369	1270	1335	1080	857	1339	1181	1118
1219	1	1154	1217	1331	1281	1263	1296	1043	1364	1077	1014	1181
1220	1216	1	1091	1092	1197	1007	1336	1251	1240	1327	1180
1221	1127	1230	1330	1070	1048	1211	1246
1222	1280	1	1186	997	1249	1160	74	1172	1114
1223	1345	1187	1319	1224	1340	1259	1165	1101	1233	1107	1373	1175	1372	1212	1085	1374
1224	1187	1348	1223	1225	1259	1101	1358	1071	1232	1341	1372	1340	1085
1225	1377	1259	1094	1224	1226	1035	1101	1358	1071	1232	1201	1337	1355	1372	1341
1226	1259	1371	1253	1094	1288	1225	1035	1134	1072	1201	886	1337	1355	1343	1320
1227	1238	1	1123	1124	1061	1003	1167	1298	1299	1110	1117
1228	1	994	1190	1292	1215	1261	1328	1170	1301	1357	1178	1023	1338	1055
1229	1024	1090	1027	1334	1256	1262	1202	1203	1333	1174	1335	1240	1308	1278
1230	1	1058	1221	1126	1057	1354	1196	1362	1070	1330	1302	1048	1017	1211	1246
1231	960	1	1155	1030	1192	1163	1248	1199	976	1073	1074	1241	1279
1232	1187	1156	1094	1224	1225	1348	1323	1325	1071	1201	1341	1337	1020	1021	1310
1233	1377	1259	1253	1223	1034	1067	1101	1213	1373	1236	1366	1144	1370	1375	1212	1194	1374	1349
1234	1	1314	1306	1254	1287	1096	1161	1066	1166	1109	1242	1149	1022	1205
1235	1121	1346	1188	1317	1365	1033	1194	1260	1359	1272	1045	1142	1176	1370	1213	1150	1349
1236	1367	1123	1253	935	1299	971	1356	1213	1233	1298	1272	1366	1207	1144	1117	1150	1375
1237	1121	1122	1284	1206	1158	1260	1350	1105	1108	1173	1078	1332	1307	1277
1238	1	1124	1061	1320	1227	1134	1298	1140	1243
1239	1090	1321	1294	1135	1202	1203	1278	1311
1240	1024	1	1091	1220	1203	1318	1256	1001	1216	1229	1327	1027	1334	1335	1180
1241	1248	1	1030	1192	1065	1231	1073	1274
1242	1	1093	1287	1161	1297	1234	1139	1109	1142	1276
1243	1152	1	1238	1061	1288	1134	1072	1201	1140	1046	1204	1343	1320
1244	1	1315	1189	1158	1089	1162	1291	1146	1277
1245	1	1313	1185	1217	1195	1069	1296	1329	1266	1077	1339	1179	1118
1246	1221	1127	1354	1196	1230	1208	1330	1141	1048	1017
1247	1	1275	1031	1064	1200	1264	1136	1304	1115	1183
1248	1	1285	1116	1303	1231	1073	1065	1241	1050	1148	1274	1279
1249	1280	1	1093	1222	1289	74	1138	1172	954	1276
1250	1	1284	1157	1159	1130	1105	1108	1277	1214
1251	1220	1007	1141	1336	986	1180
1252	1184	1	1282	1267	1193	1258	1323	1293	1137	1075	1051
1253	1377	1067	1366	1320	1226	1035	971	1233	1298	1236	1134	886	1259	1144	1371	1117	1343
1254	1	1314	1096	1214	1234	1108	1205	1307	1022
1255	1	1090	1125	1351	1131	1294	1040	1202	1268	1111
1256	1378	1027	1318	1062	1191	1308	1229	1262	1327	1240	1334	1208	1180	1342	1336
1257	1	1285	1064	1100	1164	1264	1271	1274	1182	1183
1258	1184	1	1282	1252	1265	1075	1177	1210
1259	1377	1035	1253	1223	1224	1225	1226	1067	1101	1233	1355	1371	1372	1374
1260	1344	1121	1315	1188	1350	1158	1347	1359	1368	1235	1332	1173	1206	1272	1365	1150	1237
1261	1	994	1190	1228	1357	1106	1047	1273	1178	1338
1262	1024	1	1027	1318	1062	1191	1256	1229	1301	1174	1308	1215
1263	1	1154	1219	1217	1283	1364	1077	1209
1264	1	1064	1257	1322	1100	1165	1247	1271	1304	1115	1183
1265	1	1282	1288	1258	1325	1102	1201	1075	1204	1046	1177	924
1266	1056	1	1339	1321	1195	1069	1135	1329	1203	1300	1353	1179	1245
1267	1	1252	1193	1293	1199	1137	1074	1051	1279
1268	1	1125	1255	1351	1202	1294	1040	1106	1011	1111	1273	1360
1269	1312	1153	1	1352	1191	1292	1328	1295	1168	1361	1170	1376	1147	1023
1270	1216	1	1218	1339	1025	1353	1363	1203	1335	1179	1181	1118
1271	1	1316	1285	1257	1322	1100	1165	1264	1115
1272	1344	935	1356	1367	1260	1008	1368	1235	1236	1173	1207	1144	1213	1150	1365
1273	1	1202	1261	1357	1360	1106	1011	1268	1301	1178
1274	1248	1	1285	1192	1065	1100	1257	1241	1182
1275	1280	1	1186	1286	74	1200	1171	1304	1305	1115	1247
1276	1	1093	1249	1129	1297	1138	1139	1172	1289	952	1242
1277	1	1250	1315	1284	1158	1159	1162	1105	1332	1237	1244
1278	1024	1	1090	1321	1335	1229	1202	1203	1333	1334	1239
1279	1248	1	1073	1293	1199	1137	1074	1267	1303	1231	1116	1310
1280	1	1186	1286	1222	1249	1289	74	1275
1281	1	1218	1219	1198	1296	1331	1014	1369	1181
1282	1	1156	1265	1258	1323	1325	1102	1137	1075	1252
1283	1	1217	1185	1313	1263	1041	1364	1077	1209
1284	1	1250	1105	1108	1237	1332	1307	1277	1214
1285	1248	1	1303	1316	1065	1271	1100	1165	1340	1257	1050	1148	1274
1286	1280	1	1289	74	1305	1275	1309
1287	1	1346	1188	1306	1297	1234	1109	1142	1242	1149
1288	1	1265	1226	1325	1134	1072	1201	1204	1046	1337	1243	1343
1289	1280	1	1093	1286	1249	74	1309	1297	1138	1142	1176	1276	1290
1290	1	1317	1289	74	1324	1309	1297	1176	1194
1291	1344	1	1315	1189	1158	1089	1326	1173	1207	1244
1292	1376	1	1190	1228	1328	1295	1168	1170	1269	1338	1023
1293	1	1156	1323	1137	1267	1252	1116	1310	1279
1294	1	1090	1125	1255	1321	1131	1351	1202	1268	1333	1239	1311
1295	1376	1153	1	1292	1168	1361	1269	1145	1147
1296	1	1219	1217	1281	1313	1245	1331	1077	1339	1181	1118
1297	1	1346	1093	1287	1289	1290	1142	1176	1242	1276	1317
1298	1	1366	1061	1320	1227	1134	1299	1236	1238	1117	1253
1299	1	1123	1189	1227	1356	1326	1167	1298	1236	1366	1207	1117
1300	1056	1	1329	1321	1195	1135	1169	1266	1311
1301	1	1228	1357	1262	1360	1202	1333	1174	1273	1178	1055	1308	1215
1302	1312	1	1379	1126	1354	1196	1362	1230	1330	1211
1303	1248	1	1187	1348	1285	1148	1165	1340	1116	1310	1279
1304	1	1275	1319	74	1165	1264	1175	1305	1115	1322	1247
1305	1	1286	1319	74	1175	1304	1275	1309
1306	1	1314	1347	1188	1206	1287	1096	1346	1234	1142	1149
1307	1	1314	1284	1350	1254	1108	1237	1206	1332	1214
1308	1	1334	1333	1318	1256	1229	1262	1301	1174	1215
1309	1	1286	1319	1289	74	1324	1345	1175	1305	1290	1212	1194
1310	1	1187	1156	1323	1293	1232	1303	1348	1116	1279
1311	1	1090	1321	1131	1294	1135	1169	1300	1239
1312	1	1126	1191	1352	1196	1361	1362	1269	1302	1147	1342
1313	1	1283	1217	1185	1195	1296	1329	1339	1245
1314	1	1347	1350	1254	1096	1234	1108	1206	1306	1307
1315	1344	1	1158	1291	1260	1332	1173	1244	1277
1316	1	1285	1319	1322	1165	1271	1340
1317	1	1346	1349	1194	1324	1297	1235	1142	1176	1290
1318	1	1378	1191	1256	1262	1327	1334	1240	1308	1342
1319	1	1316	1223	1340	1322	1165	1345	1175	1304	1305	1212	1309
1320	1	1371	1366	1253	1226	1134	1298	1238	1243	1343
1321	1	1353	1266	1294	1135	1202	1203	1300	1333	1239	1278	1311
1322	1	1316	1319	1175	1165	1264	1271	1304
1323	1	1282	1156	1348	1293	1325	1232	1137	1337	1252	1341	1310
1324	1	1317	1345	1194	1309	1373	1176	1212	1290	1349
1325	1	1282	1156	1201	1288	1323	1102	1232	1265	1337
1326	1344	1	1189	1291	1356	1299	1207
1327	1216	1	1378	1220	1318	1256	1336	1335	1240	1180	1342
1328	1376	1	1191	1352	1292	1228	1170	1269	1338	1215
1329	1	1313	1195	1266	1300	1339	1245
1330	1	1379	1221	1354	1230	1302	1211	1246
1331	1296	1	1219	1281
1332	1344	1	1315	1284	1350	1158	1260	1237	1206	1307	1277
1333	1	1334	1351	1321	1229	1294	1360	1202	1301	1174	1308	1278
1334	1	1318	1256	1229	1333	1335	1240	1308	1278
1335	1216	1	1218	1334	1363	1229	1327	1203	1270	1240	1278
1336	1	1251	1220	1256	1354	1327	1141	1208	1180	1342
1337	1	1355	1288	1225	1226	1323	1325	1232	1201	1341	1343
1338	1376	1	1190	1228	1292	1261	1357	1328	1170
1339	1	1218	1313	1245	1296	1329	1266	1270	1179	1181	1118
1340	1	1187	1316	1285	1223	1224	1319	1165	1345	1358	1303	1348	1372
1341	1	1187	1348	1224	1225	1323	1358	1232	1337	1355
1342	1312	1	1352	1318	1191	1256	1354	1196	1378	1327	1336	1362	1208
1343	1	1371	1253	1288	1226	1355	1134	1320	1337	1243
1344	1	1315	1350	1356	1291	1260	1326	1359	1368	1332	1173	1207	1272
1345	1	1319	1340	1223	1324	1373	1372	1212	1309
1346	1	1347	1188	1317	1287	1359	1297	1235	1142	1306	1370	1349
1347	1	1314	1188	1350	1260	1346	1359	1206	1306
1348	1	1187	1224	1323	1358	1232	1303	1340	1341	1310
1349	1	1346	1317	1194	1324	1373	1233	1235	1370	1212	1213
1350	1344	1	1314	1347	1260	1359	1332	1237	1206	1307
1351	1	1255	1294	1360	1202	1268	1333
1352	1312	1	1378	1191	1328	1361	1269	1342
1353	1	1321	1266	1203	1270	1179
1354	1	1379	1196	1362	1230	1336	1330	1342	1302	1208	1246
1355	1	1377	1225	1226	1259	1358	1337	1371	1341	1343
1356	1344	1	1367	1326	1368	1299	1236	1366	1207	1272
1357	1	1228	1261	1360	1301	1273	1178	1338
1358	1	1348	1377	1224	1225	1355	1372	1340	1341
1359	1344	1	1346	1347	1188	1350	1260	1235	1365	1368	1370
1360	1	1351	1357	1202	1268	1333	1273	1301
1361	1312	1	1352	1295	1376	1362	1269	1147
1362	1312	1	1379	1354	1196	1230	1361	1302	1342
1363	1216	1	1218	1197	1198	1270	1335	1369
1364	1283	1	1219	1263	1209
1365	1	1260	1359	1368	1235	1367	1272	1370	1213	1375
1366	1	1253	1377	1320	1356	1233	1298	1299	1236	1367	1371	1375
1367	1	1356	1368	1236	1365	1366	1272	1213	1375
1368	1344	1	1260	1356	1359	1365	1367	1272
1369	1	1218	1363	1281
1370	1	1346	1349	1359	1233	1235	1365	1373	1213	1374	1375
1371	1	1355	1253	1377	1320	1226	1259	1366	1343
1372	1	1223	1224	1225	1259	1345	1377	1358	1340	1373	1374
1373	1	1349	1345	1372	1223	1324	1233	1370	1212	1374
1374	1	1223	1259	1377	1233	1370	1372	1373	1375
1375	1	1377	1233	1236	1365	1366	1367	1370	1213	1374
1376	1	1292	1295	1328	1361	1170	1269	1338
1377	1	1355	1253	1225	1259	1358	1233	1366	1371	1372	1374	1375
1378	1	1318	1256	1327	1352	1342
1379	1	1330	1362	1354	1302
