1	2	3	4	7	9	12	17	22	27	32	35	48	51	69	72	84	86	100	109	114	125	146	155	173	183	194	219	224	228	229	230	231	236	242	250	251	252	266	270	271	273	274	277	279	281	286	287	289	297	300	307	310	320	323	324	327	328	330	338	345	352	353	355	356	357	364	366	380	382	386	387	390	397	407	410	419	421	423	425	430	431	436	438	440	444	448	454	463	467	468	477	479	485	492	500	502	506	507	510	513	515	516	518	522	527	528	529	535	546	548	552	556	558	566	567	578	580	587	596	598	602	605	610	615	617	622	625	628	635	636	641	642	643	646	647	653	660	669	672	673	674	675	677	682	690	691	694	700	701	703	704	709	711	715	726	727	729	736	738	739	744	746	751	754	755	756	757	759	764	771	778	789	802	805	808	814	817	818	819	820	822	826	827	828	842	845	847	851	853	856	859	861	862	866	869	872	873	874	875	878	881	887	889	892	897	901	903	906	907	912	915	924	925	928	930	931	950	960	962	966	969	970	976	979	980	983	985	986	987	992	994	997	1002	1004	1005	1007	1008	1009	1010	1012	1013	1014	1016	1017	1019	1035	1036	1037	1043	1048	1049	1051	1052	1054	1055	1062	1063	1066	1068	1073	1078	1080	1082	1087	1091	1092	1093	1099	1100	1101	1105	1108	1109	1111	1112	1118	1119	1121	1123	1126	1129	1130	1131	1132	1133	1134	1135	1140	1141	1142	1144	1145	1147	1150	1151	1157	1158	1159	1161	1163	1171	1172	1175	1179	1180	1182	1183	1184	1188	1189	1195	1196	1197	1199	1200	1207	1208	1211	1212	1214	1215	1220	1226	1228	1229	1230	1234	1235	1236	1239	1240	1241	1242	1246	1249	1250	1252	1253	1254	1258	1260	1261	1262	1263	1268	1269	1270	1273	1274	1275	1279	1282	1285	1289	1290	1292	1293	1295	1301	1304	1305	1306	1309	1310	1311	1313	1314	1319	1320	1321	1322	1325	1328	1330	1333	1334	1339	1342	1343	1344	1347	1348	1349	1350	1352	1354	1355	1356	1358	1359	1360	1362	1363	1364	1370	1371	1372	1373	1374	1375	1377	1379	1380	1381	1382	1383	1384	1388	1389	1391	1392	1393	1395	1396	1397	1400	1401	1402	1403	1405	1408	1409	1410	1411	1412	1413	1414	1415	1418	1419	1420	1421	1422	1424	1425	1426	1427	1428	1429	1431	1432	1433	1434	1436	1437	1440	1442	1444	1445	1449	1450	1451	1452	1453	1455	1456	1457	1458	1459	1460	1461	1462	1463	1466	1467	1468	1471	1473	1474	1478	1480	1481	1488	1489	1491	1493	1496	1497	1498	1501	1503	1506	1508	1514	1518	1521	1525	1527	1529	1530	1531	1533	1535	1537	1540	1542	1544	1545	1546	1547	1548	1552	1554	1557	1559	1560	1561	1564	1565	1566	1567	1568	1569	1570	1572	1573	1578	1580	1581	1584	1585	1586	1587	1588	1590	1591	1593	1595	1596	1597	1598	1600	1601	1602	1603	1604	1605	1606	1607	1608	1609	1610	1611	1612	1613	1614	1615	1616	1617	1618	1619	1620	1621
2	256	1	228	5	230	10	320	390
3	1	250	271	9	7
4	1	230	12	13	270	345
5	256	320	2	228	10	11	15
6	228	229	454	391	8	11	493	14	19	468	350	383
7	1	3	327	231	257	271
8	290	229	6	391	9	16	19	468	407	250	220	350
9	1	290	3	8	271	16	407	250
10	256	2	5	230	299	13	15	18	439	345	479	390
11	256	320	419	228	5	6	14	15	241	383
12	1	4	328	270	17	20
13	4	518	230	10	299	270	401	18	20	23	376	345
14	6	11	241	19	24	350	383
15	256	420	5	10	11	241	18	439	25	351
16	290	8	9	271	21	26	220
17	352	1	328	12	27	29
18	420	439	10	299	13	15	23	30
19	384	6	8	14	241	402	24	378	220	350
20	34	328	12	13	270	243	430	23	376	313	29
21	257	290	598	321	234	455	301	494	271	16	438	441	26	507	28	31
22	32	1	251	300
23	39	600	329	299	13	401	18	243	20	376	377	30
24	384	36	38	14	241	19	25	378
25	33	420	38	456	15	241	24	346	378	351
26	384	290	40	301	16	21	220	221	31
27	352	1	35	41	17	29
28	32	257	37	321	234	242	21	441	314
29	352	34	35	328	41	42	17	291	20	313	442	27
30	33	43	420	39	329	299	18	23	377	346	316
31	321	234	301	21	26	221
32	1	37	300	566	44	365	242	22	440	314	251	28	421
33	420	38	43	25	346	30
34	42	45	243	20	313	29
35	352	1	291	41	366	431	48	53	27	29
36	384	38	457	61	402	244	24	378	47	317
37	32	322	234	44	242	46	365	50	302	314	283	28
38	33	36	392	457	43	317	456	378	24	25	346	559	540	61
39	258	329	43	45	49	243	52	23	315	316	30
40	384	301	47	244	54	495	26	367	221
41	35	42	366	291	53	27	29
42	393	34	291	41	458	45	55	56	313	442	29
43	33	38	39	392	331	52	470	346	316	61	30
44	32	322	37	330	365	303	50	51	281	58	251	62	421
45	34	39	648	393	42	49	243	553	56	313	442	315	508	554
46	66	443	37	234	235	302	432	471	57	282	283
47	64	36	40	317	244	54	367	61
48	1	323	353	366	35	53	347
49	258	315	39	332	45	56	59	316	63
50	322	37	44	303	57	58	283
51	1	355	72	330	44	281	62
52	258	331	39	60	43	316	61
53	353	35	41	366	48	291	245	55	347
54	64	65	354	40	585	235	620	47	244	495	728	282	367	221
55	291	422	71	393	42	541	245	56	458	53
56	260	422	71	393	42	332	45	49	434	55	315	63
57	66	259	235	46	432	433	50	302	58	283
58	259	68	330	44	303	50	57	283	394	62
59	258	67	332	49	284	63
60	65	258	67	331	333	52	254	284	61	222
61	385	392	649	917	409	667	36	38	43	47	52	693	696	60	317	64	65	708	331	333	481	740	367	559
62	355	68	72	74	459	44	303	51	510	58	444	330	394
63	67	260	71	75	332	369	49	434	56	59	284
64	65	963	740	1057	975	977	1095	367	728	917	54	696	47	61	926
65	385	902	520	876	780	1218	1167	1168	482	658	531	532	1045	1113	934	920	409	1181	926	544	832	717	1059	294	935	1192	844	810	555	1069	904	306	1139	948	54	951	696	977	60	61	1342	64	1312	66	1349	1057	585	76	333	78	79	336	824	1362	1107	728	89	1370	988	95	354	1124	101	1254	103	1084	235	620	445	368	659	1396	894	246	1044	1380	254	639
66	65	259	73	235	76	46	368	433	432	57	443	395
67	258	284	75	332	369	59	60	222	63
68	259	73	74	459	77	304	58	394	62
69	1	323	252	70
70	323	69	334	245	347	252	253	223
71	408	260	422	75	81	245	55	56	223	63
72	1	355	74	51	84	410	62
73	66	259	68	395	76	77	272	82
74	304	587	355	68	357	72	459	77	285	80	84	510	410	93	62	511
75	67	260	71	369	335	81	83	85	408	292	483	222	63
76	65	66	293	73	395	482	79	272	368	82	445
77	272	259	68	73	74	304	80	82	403	87	285
78	65	246	89
79	65	293	294	76	306	82	445	94	95
80	74	77	93	304	87	285
81	98	483	71	232	75	335	305	435	404	85	408	91	223
82	96	293	73	76	77	79	272	403	87	379	460	94
83	99	292	75	396	254	85	88	484	92	222
84	1	100	357	72	74	410	93
85	98	292	305	75	335	81	83	92
86	1	356	109	273	90	252
87	96	97	105	77	80	82	403	379	285
88	464	99	396	107	108	336	83	89	254
89	544	65	103	108	78	336	246	88	409	254
90	356	358	102	273	86	91	252	253	485
91	512	98	358	102	232	81	435	404	90	253	446	223
92	98	99	292	337	335	305	83	85
93	97	100	357	513	74	622	285	80	338	499	84	410	463	106	255
94	96	293	104	306	79	82	95
95	65	101	294	104	79	112	306	94
96	293	486	295	104	105	110	82	87	379	94
97	521	261	295	105	106	111	498	499	285	447	87	379	93	255
98	305	232	337	81	404	85	247	122	91	92
99	545	292	497	296	107	396	590	464	337	83	247	88	92
100	224	1	357	106	463	338	84	93
101	772	773	782	1168	532	1045	1047	801	1187	294	306	1139	824	1084	65	579	1221	988	95	1124	103	237	112	113	371	894	533
102	485	358	232	273	370	116	446	120	500	90	91	286
103	544	65	514	803	101	359	904	844	108	782	113	533	631	89	123	124	894
104	96	555	293	486	295	487	110	112	306	532	94	95
105	96	97	261	295	110	111	87	379
106	224	97	100	338	115	93	255
107	545	99	296	119	108	590	464	118	247	88	318
108	544	129	473	359	464	103	107	336	308	545	119	88	89	603	123	318
109	1	324	273	114	116	86	286
110	96	261	295	104	105	487	111	112	339	117
111	128	97	261	275	105	110	115	447	255
112	579	101	487	104	237	110	306	371	532	117	121	95
113	514	579	133	103	488	237	632	371	533	248	124	101
114	1	324	236	109	307	116
115	224	131	106	111	275	380	125	255
116	130	324	102	109	114	120	286
117	128	325	134	487	138	371	110	112	339	340	121
118	262	296	107	247	119	318
119	129	262	136	652	141	655	151	537	163	308	564	569	318	462	595	724	473	475	612	489	107	108	753	626	118
120	448	130	324	102	423	136	232	370	116	286	264	500	122	126
121	325	134	263	237	112	371	117
122	98	472	262	136	232	370	247	120	571	126
123	129	135	359	108	103	124
124	514	359	133	135	103	237	113	248	123
125	224	1	131	275	297	115	380
126	448	136	845	623	912	472	370	500	120	122	571	669
127	436	274	267	236
128	339	131	261	360	138	143	592	593	275	340	117	534	474	111	604	349	447
129	359	135	265	151	108	141	372	489	148	268	119	308	123	411	475
130	523	132	423	264	324	139	397	580	307	116	149	150	120	276	348
131	128	115	360	297	143	146	275	380	125
132	130	140	236	397	307	276	150	218	348	319
133	632	581	145	488	412	263	237	142	113	309	248	124	501
134	325	263	138	142	144	340	117	152	121	412
135	129	514	699	225	265	359	461	594	148	501	248	123	124
136	262	775	264	137	522	652	785	147	661	794	795	669	414	159	163	774	1063	882	814	571	448	449	710	462	595	724	472	476	733	865	612	238	624	753	626	119	120	122	764	126
137	448	449	625	136	522	139	264	147	149	153	572
138	128	134	143	144	339	340	117	349
139	264	137	130	149	150
140	132	424	233	267	218	348	319
141	129	163	612	119	268	462	151	537	475	381
142	226	133	134	263	145	309	152	412	501
143	128	131	360	297	138	269	144	146	534	425	155	349
144	134	138	269	143	340	152	349
145	225	226	133	298	142	309	248	158
146	1	131	297	143	425	155
147	160	449	136	137	153	414	159
148	225	129	265	135	268	373	151	154	411
149	449	130	523	264	137	139	557	276	150	572	153	156	415
150	130	523	132	165	348	139	276	149	218	156
151	129	655	163	613	583	268	141	462	175	177	148	405	628	119	537	154	411	525	381
152	161	226	326	134	490	269	142	144	340	536	412	349
153	160	449	572	683	137	491	557	147	149	156	414	415
154	225	386	613	583	169	298	268	525	175	628	148	373	502	151	596	158	405
155	1	425	269	143	146	287
156	160	162	165	166	523	450	557	276	149	150	249	153	538	415
157	165	424	233	171	524	573	437	218	186	670
158	416	226	164	168	169	298	386	145	309	374	154	413
159	160	167	136	491	238	147	278	414
160	288	547	683	166	167	170	491	557	465	147	249	153	538	415	156	414	159
161	152	287	269	326	277
162	450	165	172	341	249	156
163	136	361	119	141	238	655	816	177	178	179	151	537	595	476	381
164	416	226	326	168	266	173	277	374	158
165	162	437	171	172	450	573	276	181	150	218	415	156	157	734	341
166	160	288	170	174	249	156
167	160	227	170	491	238	176	465	547	180	278	159
168	416	386	387	164	169	266	158
169	386	387	502	168	266	503	175	400	405	310	183	185	154	477	158
170	160	288	517	166	167	343	174	176	465	311	184	190
171	450	165	200	437	426	172	725	181	186	157	574	341
172	417	162	342	165	200	171	174	181	182	249	341
173	1	266	164	277	326
174	288	417	517	166	170	172	398	240	465	597	342	343	184	249	538	190
175	169	503	239	177	405	151	185	154
176	465	170	311	180	167
177	163	361	362	525	451	239	179	405	662	151	175	381	191
178	163	452	227	361	238	179	278	188
179	163	452	197	361	362	177	178	188	191
180	193	227	167	399	176	465	311	187
181	342	165	200	201	171	172	182	189
182	172	181	342	189
183	1	194	387	169	266	310	279	185
184	240	170	190	174	311
185	192	195	502	503	169	279	239	400	310	183	175	477
186	804	200	233	426	171	524	437	157
187	193	227	452	399	180	188
188	193	196	197	363	466	399	178	179	452	187	478	549
189	417	182	200	201	240	181	342	504
190	193	343	201	170	203	174	240	465	398	311	184
191	451	388	197	198	199	362	239	645	177	179	344	671	549
192	195	453	202	239	400	185
193	343	227	196	389	363	203	685	399	616	180	311	312	505	187	188	190
194	279	1	195	382	183
195	192	194	453	204	400	279	185	382
196	193	363	197	616	203	206	208	466	214	375	312	505	188	427	478
197	196	549	199	362	427	428	206	209	179	375	452	188	478	191
198	388	199	202	239	210	344	207	191
199	344	418	197	198	428	549	209	210	280	191
200	1024	644	777	913	804	426	171	172	437	713	186	189	574	181	1089	968	201	205	341	342	884	629	504
201	747	389	406	200	203	663	205	526	240	212	181	342	343	504	189	190	629
202	192	388	453	198	204	429	207	400	211	213	344	239
203	193	196	389	201	685	212	214	343	312	505	190
204	195	453	550	202	467	213	215	219	382
205	1025	644	200	201	940	941	629	406	777
206	196	197	428	208	209	375	216
207	388	198	202	210	211	344	217
208	196	206	312	214	375	216
209	418	197	199	428	206	280	210	216	549
210	344	198	199	207	209	280	217
211	202	429	207	213	344	217
212	201	203	389	214
213	453	550	202	204	429	211	215
214	208	212	203	196	312
215	289	219	204	213	467
216	208	209	206	375
217	344	210	211	429	207
218	132	165	424	233	140	573	276	150	348	157	319
219	1	289	204	467	215	382
220	384	290	391	8	551	455	301	16	19	26	350
221	321	717	40	585	234	301	495	54	471	601	26	282	31
222	577	67	292	519	60	75	333	369	83	561	484	284	254
223	512	70	71	334	81	530	435	245	408	91	253
224	1	515	100	513	275	106	556	338	115	380	125	255
225	135	265	298	461	145	148	309	248	154	373
226	164	582	326	142	145	309	374	152	412	413	158	536
227	193	539	452	167	584	399	465	178	547	180	278	311	187
228	320	1	2	419	5	6	454	11	383	229
229	1	228	6	454	8	468	250
230	1	2	4	390	10	13	345
231	1	327	300	7	257	242	364
232	98	472	102	305	337	81	370	404	247	120	122	91	446	543
233	424	524	140	157	218	186	670
234	321	37	469	235	46	302	21	471	441	282	314	28	221	31
235	65	66	234	354	46	368	54	57	282	443
236	1	132	267	274	397	114	307	436	319	127
237	101	263	488	112	113	371	121	124	133
238	163	167	136	361	491	178	278	539	476	414	159
239	192	451	388	645	198	202	429	175	400	177	405	662	503	185	671	362	191
240	417	201	663	174	504	398	342	343	184	526	189	190	702
241	256	456	11	14	15	19	565	24	25	378	383	350	351
242	32	1	37	257	364	231	300	440	441	314	28
243	34	553	39	329	45	600	20	23	376	313	315	508	377
244	384	36	40	457	620	367	402	54	495	47	317	607
245	609	291	422	70	71	334	530	435	53	55	408	347	541	223
246	385	65	78	531	89	409	254
247	98	99	262	337	232	107	590	591	296	118	472	569	122	543
248	225	514	133	113	135	461	145	309	632	124	501
249	160	288	162	597	166	417	172	450	174	341	342	538	156	768	415
250	1	3	229	8	9	468	407
251	32	1	421	300	44	22	281
252	1	578	323	356	69	70	334	86	90	253
253	512	578	356	358	70	610	334	90	91	252	223
254	65	484	385	396	333	589	336	531	83	246	409	88	89	60	222
255	224	97	513	275	521	106	499	111	338	115	474	556	93	447
256	320	480	2	419	5	390	10	11	15	241	439	506	383	351
257	321	327	231	7	364	271	242	21	441	507	28
258	67	553	39	284	331	332	333	49	52	316	315	59	60	509
259	304	66	459	68	73	394	395	77	272	433	403	638	560	57	58	283	586	542	511
260	408	422	71	75	332	369	434	56	63
261	128	97	295	105	339	110	111	592	275	568	474	447
262	569	136	119	652	296	118	247	472	473	122	318
263	325	134	581	488	237	142	371	501	121	412	133
264	448	130	523	580	423	136	137	522	139	625	149	120	572
265	129	359	225	461	594	148	373	372	411	135
266	416	1	387	164	326	615	168	169	492	173	643	277	374	183
267	516	140	236	274	436	127	319
268	129	475	613	141	462	148	373	151	154	411
269	161	642	326	711	425	490	492	143	144	277	152	155	349	287
270	1	4	518	328	12	13	430	20	376	345
271	1	290	3	7	9	327	257	16	21	438	407	507
272	259	293	73	395	76	77	82	403	460	445
273	1	356	358	102	109	86	90	286	485
274	1	516	267	236	436	127
275	128	224	131	261	360	556	111	515	115	474	447	380	125	255
276	641	130	132	165	348	523	149	150	218	156	573	734	415
277	1	164	326	161	266	492	269	173	374	287
278	227	452	167	584	361	491	238	399	465	178	547	539	159
279	1	194	195	548	453	400	310	183	185	477	382
280	344	209	210	418	199
281	1	322	421	330	44	303	528	51	251
282	354	585	234	235	46	54	471	443	221
283	496	322	259	37	394	46	303	432	433	50	302	560	57	58
284	258	67	519	332	333	369	434	561	59	60	509	222	63
285	562	97	74	587	499	77	622	304	80	498	403	463	87	410	379	93	542	511
286	1	324	485	102	109	273	116	120	500
287	1	642	161	425	711	492	269	277	155
288	160	517	166	170	174	465	249	538
289	1	219	467	215
290	391	8	9	455	301	271	16	21	438	407	26	527	220
291	352	353	35	458	558	41	42	366	431	529	53	55	442	347	541	29	245
292	497	611	99	484	337	396	75	369	335	305	83	85	92	222
293	96	486	294	104	460	555	76	306	79	272	82	379	445	94
294	65	293	520	79	306	101	445	95
295	96	97	261	486	487	104	105	110	498	339	568	379	447
296	545	99	651	569	262	107	590	591	337	118	247	472	473	318
297	1	131	360	425	143	146	535	380	125
298	416	225	386	461	701	145	627	596	373	154	413	158	309
299	420	390	617	10	439	13	401	18	599	23	345	479	605	30	377
300	32	1	421	231	566	364	365	242	22	440	314	251
301	384	321	290	455	40	494	495	21	26	575	220	221	31
302	496	322	443	37	234	365	46	432	469	471	57	314	283
303	528	322	421	330	44	496	50	281	58	283	444	394	62
304	259	68	74	459	77	80	403	285	542	511
305	640	98	483	292	337	232	588	335	81	497	404	85	563	92	543
306	65	101	294	104	555	79	112	520	532	293	445	94	95
307	1	130	324	423	236	397	114	132
308	129	359	489	108	564	372	119	473	603	318
309	225	226	133	298	461	142	145	627	501	654	248	412	413	158
310	1	387	169	183	502	279	185	477
311	193	227	170	685	399	176	465	180	343	184	190
312	193	196	203	208	214	375	505
313	352	34	328	42	45	430	552	243	20	376	442	508	29
314	32	37	234	300	365	302	242	469	566	440	441	28
315	258	553	39	329	554	332	45	509	49	243	393	56	316	508
316	576	258	331	39	329	43	49	52	470	553	346	315	509	30
317	36	708	38	392	457	367	244	740	559	47	61	607
318	545	262	296	107	108	308	118	119	473	603
319	546	132	424	236	267	140	397	436	516	218	348
320	256	1	2	419	228	5	390	11	506
321	257	601	234	301	494	495	469	21	471	441	28	221	31
322	528	37	44	365	302	303	496	50	281	602	283	421
323	1	578	69	70	353	334	48	567	347	252
324	448	1	130	423	109	114	307	116	120	500	286
325	581	134	263	488	604	371	339	340	117	121	570	412
326	161	226	164	582	711	266	492	173	269	536	642	277	374	152	490	766
327	1	231	364	7	257	271	438	507
328	352	1	552	12	270	17	20	430	376	313	29
329	576	39	553	243	23	600	377	346	315	316	30
330	1	355	44	303	528	51	281	58	444	62
331	481	258	614	392	316	43	333	509	52	470	60	61
332	258	67	260	561	393	554	637	49	434	553	56	315	59	284	509	63
333	65	258	484	614	385	284	331	718	509	531	561	481	254	577	697	60	61	222
334	512	578	323	70	530	245	567	347	252	253	223
335	611	483	292	305	75	588	369	81	497	85	92
336	544	65	108	396	589	464	531	659	409	88	89	254
337	98	99	292	305	232	590	591	296	497	563	247	472	92	543
338	224	1	100	513	106	463	93	255
339	128	261	295	680	138	487	110	592	371	340	117	568	570	447	604	325
340	128	490	325	134	593	604	138	144	536	339	117	534	633	152	592	412	349
341	768	417	162	165	200	713	171	172	450	342	249	574
342	768	417	200	201	172	174	240	181	182	713	504	249	189	341
343	193	389	201	170	203	685	174	240	465	398	311	526	190	735
344	418	388	549	198	199	202	429	207	210	211	280	217	634	191
345	1	4	390	230	10	299	13	270	401	518	605	479
346	576	33	619	420	38	392	329	43	456	540	606	470	377	25	316	30	351
347	353	323	70	609	334	48	529	530	291	53	567	636	541	245
348	641	130	132	424	523	140	397	546	276	150	218	573	319
349	128	642	425	138	269	143	144	340	534	152	490
350	384	456	6	391	8	551	493	14	241	402	19	565	378	220	383
351	256	480	420	456	15	241	565	439	664	25	346	606	383
352	1	291	552	328	558	431	17	35	313	442	27	29
353	1	323	366	48	529	291	53	567	347
354	608	65	790	902	839	585	235	780	876	368	658	54	471	282	443
355	1	72	74	51	510	410	444	330	62
356	1	578	485	358	610	273	86	90	252	253
357	1	100	74	463	84	410	93
358	512	610	771	356	485	102	650	273	435	404	90	91	253	446
359	544	129	514	603	731	135	265	103	108	743	594	308	631	372	123	124	783
360	128	131	297	535	653	143	593	275	534	425	474	380
361	163	452	662	451	860	362	238	655	816	177	178	179	278	539	476	381	767
362	451	388	197	361	549	239	645	177	179	452	671	191
363	193	452	837	616	745	684	685	399	466	196	188
364	1	327	300	231	257	242	440	441	507
365	32	322	37	44	300	738	302	496	469	566	314	602	421
366	1	35	353	41	431	48	529	291	53
367	64	740	40	620	47	244	317	54	728	61	607
368	608	65	66	235	395	76	354	432	433	658	482	443	639
369	611	577	67	260	519	75	588	484	335	434	483	408	292	730	284	222	63
370	102	232	750	623	472	500	446	120	660	122	126	543
371	579	101	263	488	487	237	112	113	339	117	121	570	325
372	129	603	731	359	489	594	308	265	411
373	225	475	613	265	298	268	461	594	627	148	681	596	154	411
374	416	226	164	582	326	615	266	492	277	413	158
375	196	197	427	428	206	208	312	216	505
376	704	518	328	727	13	270	401	243	20	430	23	600	313	508
377	576	420	553	329	599	299	401	243	23	600	346	618	30
378	384	36	38	456	457	241	402	19	24	25	350
379	96	97	293	486	295	105	460	498	82	403	87	285
380	224	1	131	275	297	653	515	360	115	535	474	125
381	163	361	141	525	177	451	151	537	655
382	672	1	194	195	548	453	550	715	204	467	279	219
383	256	480	419	228	454	6	646	778	11	647	493	14	241	565	350	351
384	906	657	402	19	24	26	926	36	551	40	301	817	818	575	960	455	716	220	350	607	620	495	244	378
385	65	963	933	614	481	791	333	718	531	693	246	697	409	667	61	254	910
386	416	1	387	168	169	298	643	596	502	154	701	158
387	416	1	386	643	502	168	169	266	310	183	477
388	737	549	198	769	202	429	207	645	344	634	239	362	191
389	193	807	201	203	685	526	212	343
390	256	1	2	230	617	10	299	320	439	345	506	479
391	290	674	6	455	8	551	493	527	690	468	407	220	350
392	481	43	38	649	331	317	619	470	346	559	540	61
393	554	422	648	42	332	45	541	434	55	56	442	315	458
394	528	259	68	459	303	496	694	560	729	58	283	444	62
395	770	259	911	272	403	792	542	934	810	433	445	831	66	73	586	76	608	482	368	630	888	460	638	639
396	611	464	760	99	292	589	590	336	497	83	88	484	254
397	1	130	132	423	523	236	546	307	436	641	580	348	319
398	768	417	517	689	174	240	465	526	343	504	735	702	190	597
399	539	193	227	452	837	584	745	363	684	685	465	180	278	311	187	188
400	192	736	195	548	453	744	169	202	503	429	746	239	502	279	185	477	645
401	618	518	599	299	13	600	377	376	345	605	23	479
402	384	705	36	551	456	457	716	620	493	19	244	565	378	350	607
403	304	259	395	460	77	272	498	82	630	87	379	285	542
404	512	640	98	483	358	305	232	650	81	435	563	91	668	446	543
405	662	169	503	525	175	688	177	628	502	151	154	239	805
406	201	663	205	526	629
407	1	290	391	8	9	271	468	438	250	527
408	609	483	260	422	71	519	75	530	369	749	81	434	435	245	758	621	223
409	65	963	933	385	877	1069	336	920	531	659	246	791	696	89	667	61	254
410	1	355	357	72	74	587	622	285	84	463	93	510
411	129	489	731	265	268	681	815	594	372	373	151	148	475
412	226	581	133	134	263	490	501	142	536	340	309	152	633	604	413	654	325
413	416	226	582	776	298	654	627	309	374	536	412	701	158
414	160	449	710	136	491	238	147	661	153	476	159
415	160	450	165	712	523	557	276	149	249	153	538	156	734
416	701	386	387	164	582	615	168	266	413	643	374	298	158
417	768	713	172	174	398	240	341	342	504	249	538	189	597
418	344	549	199	428	209	280	634
419	256	1	228	646	454	647	11	320	480	506	383
420	576	33	706	619	439	599	299	15	18	606	377	25	346	540	618	30	351
421	32	1	322	300	44	365	303	528	566	281	602	251
422	800	609	260	71	648	393	554	695	530	621	408	434	781	245	758	55	56	541
423	448	1	130	324	264	397	625	307	120	580
424	641	546	700	516	709	233	140	573	436	670	218	348	157	524	319
425	1	642	360	297	682	269	143	146	534	535	155	349	287
426	200	186	171	804	437
427	196	197	616	428	656	466	375	505	796	478	549
428	418	197	199	427	206	656	209	375	634	549
429	736	737	388	453	550	202	239	400	211	213	344	217	645
430	704	1	518	328	270	552	20	376	313	508
431	352	1	35	366	529	291	558
432	608	496	66	443	302	368	433	46	560	57	666	283
433	608	432	66	259	395	770	368	560	57	666	283	638
434	408	260	422	519	393	554	332	621	369	561	695	56	284	637	63
435	512	483	358	749	81	530	404	245	408	91	668	223
436	1	546	516	424	267	236	397	274	127	319
437	734	450	968	804	165	200	426	171	524	834	573	913	884	670	890	186	157	574	725
438	1	290	635	327	455	271	21	598	407	527	507
439	256	480	420	390	673	617	10	299	15	18	755	599	506	479	606	351
440	32	1	364	300	242	566	441	314	507
441	257	321	234	364	494	242	691	21	566	440	601	314	507	28	703	469
442	352	458	291	552	393	42	45	558	648	675	757	313	508	29
443	608	432	354	496	235	66	302	368	46	790	471	282	666	469
444	1	355	330	459	303	528	510	694	394	62
445	65	482	555	293	294	520	460	810	395	76	79	272	306	630	792
446	771	102	358	232	660	650	750	370	404	853	543	500	91	485
447	128	97	721	261	295	521	339	679	111	592	593	498	275	568	474	833	255
448	1	324	423	136	137	522	264	500	625	120	669	126
449	683	764	710	136	137	522	491	557	785	147	149	153	795	572	414	661
450	734	768	162	165	929	712	437	171	725	341	713	249	538	156	890	574	415
451	452	361	362	525	239	177	662	655	671	381	191
452	278	399	787	662	539	671	549	937	938	684	178	179	187	188	451	197	466	860	478	227	361	362	363	767
453	192	672	195	548	550	746	202	204	429	400	213	279	736	382
454	1	419	228	229	6	493	646	468	383
455	384	290	598	391	551	301	494	527	726	690	21	438	635	220	575
456	705	797	38	457	748	606	559	241	402	565	664	25	346	540	378	350	351
457	705	36	38	456	559	402	244	708	378	317	607
458	291	648	393	42	558	529	675	789	55	442	636	541
459	528	259	68	74	304	638	586	510	694	560	729	444	394	62	511
460	555	293	486	893	395	498	719	272	82	403	630	698	379	850	445	542
461	225	763	135	265	298	501	654	594	627	309	681	248	699	373
462	898	612	613	945	136	882	973	119	268	141	765	753	786	1011	724	151	537	475	956	733
463	1	100	357	513	622	285	338	499	410	93	677
464	544	545	99	832	108	107	396	589	590	879	336	659	88	921	927
465	517	398	399	278	538	160	547	806	167	170	685	174	176	689	180	311	190	288	584	714	343	735	227	745
466	427	196	616	796	363	684	452	188	478
467	1	550	289	715	204	215	219	382
468	1	674	229	6	391	8	454	493	646	527	407	250
469	321	738	707	790	601	808	234	875	365	302	496	691	566	471	441	314	443	666	901
470	576	481	43	614	392	540	331	619	693	649	665	346	316	509	830	799
471	321	354	707	876	585	234	780	717	302	46	790	601	282	443	221	469
472	571	774	262	337	136	623	652	591	624	232	370	247	569	122	543	793	126	296
473	545	569	262	296	651	108	784	308	119	564	603	318
474	128	802	515	261	679	360	521	556	653	751	593	275	721	447	380	255
475	129	613	815	681	489	268	141	462	765	753	564	373	119	411	733	945
476	163	710	136	361	491	238	816	595	661	539	414	767
477	1	387	548	502	744	169	503	400	310	279	185
478	196	197	838	796	427	684	656	466	787	452	188	549
479	1	390	617	10	299	401	439	345	605
480	256	673	419	647	565	439	664	506	351	828	606	383
481	385	614	392	649	331	333	509	693	470	61
482	65	810	395	76	368	445	639
483	640	749	676	369	519	75	588	305	335	720	81	435	404	408	668	621
484	577	611	292	396	333	589	531	369	83	222	919	760	697	730	879	254
485	1	610	771	356	358	102	273	500	446	660	90	286	853
486	96	555	293	678	295	104	812	487	460	679	686	498	532	568	698	379	850
487	579	678	486	295	104	371	110	112	680	339	532	117	568	570
488	579	133	263	533	237	581	113	722	371	773	501	632	570	732	325
489	129	603	475	731	564	880	308	119	372	411	815
490	642	326	711	604	269	536	723	340	534	152	633	412	349	766
491	160	449	547	710	167	683	238	278	153	539	476	414	159
492	1	642	582	326	615	266	711	269	277	374	287
493	705	674	6	454	391	872	778	551	716	646	817	402	468	565	350	383
494	321	635	726	455	301	495	657	818	21	598	601	441	507	703	575
495	384	321	40	585	620	301	494	717	657	244	54	601	221	575
496	528	322	443	394	365	302	303	432	739	469	560	729	602	283	666	738
497	611	99	292	742	337	588	811	396	590	335	720	305	563	760
498	97	486	295	521	679	460	686	499	562	403	568	698	379	285	542	447
499	97	677	513	521	562	93	463	498	851	622	698	686	285	255
500	448	1	324	485	102	845	623	370	660	126	446	120	669	286
501	514	133	263	488	732	135	461	142	632	309	248	699	412	654	581
502	1	386	387	613	744	169	869	400	628	754	596	405	310	503	185	154	477	805
503	688	891	645	744	169	746	662	239	400	805	405	502	856	185	175	477	671
504	768	417	200	201	713	747	398	240	629	342	663	189	702
505	193	427	196	616	203	685	375	312
506	256	1	419	390	647	617	320	480	439	673
507	1	566	327	364	494	271	598	691	21	438	440	441	257	703
508	648	704	907	552	553	554	779	45	430	600	243	692	757	788	727	376	313	442	315
509	576	481	258	614	284	331	332	333	718	561	470	553	665	315	316	637
510	1	587	355	74	459	694	759	410	444	62	511
511	587	259	586	74	459	719	304	562	542	694	759	285	510
512	578	771	358	650	610	334	530	435	404	878	91	668	253	223
513	224	1	677	521	556	463	338	499	93	255
514	699	135	632	359	782	743	895	113	594	803	501	631	248	103	124	533
515	224	1	556	653	751	275	474	380
516	1	546	709	424	267	274	436	700	319
517	288	547	870	806	689	170	398	465	914	174	538	958	597
518	704	1	600	13	270	401	430	727	376	345	605
519	577	483	676	741	561	588	621	369	434	695	408	730	284	222
520	65	1059	1060	294	810	555	1230	1168	306	951	792	1124	1241	988	445	1182
521	97	802	677	513	679	556	686	498	499	474	255	447
522	448	1	866	764	449	136	137	264	625	795	572	669
523	641	130	580	264	348	572	712	397	557	625	276	149	150	868	687	156	573	734	415
524	834	804	424	233	157	437	186	573	670
525	451	583	655	688	177	628	405	662	151	537	154	381
526	389	807	201	663	685	398	240	981	406	343	702	735
527	1	290	455	391	674	690	468	438	407	635
528	1	322	739	421	330	459	303	496	694	729	281	602	444	394
529	1	291	353	458	366	431	558	567	347	636	541
530	512	609	578	422	903	749	334	435	820	245	758	567	408	347	668	223
531	65	484	385	791	333	589	336	659	877	246	697	409	879	254
532	65	579	101	486	487	104	555	678	112	306	951	824	801
533	514	579	772	101	103	488	782	113	632	773
534	128	642	682	360	425	490	653	143	593	723	340	822	535	762	604	349
535	1	822	360	425	682	653	534	297	380
536	226	582	326	776	490	654	848	340	152	633	412	413	766
537	163	612	613	583	119	141	462	525	688	786	595	724	151	655	381
538	160	288	450	547	517	870	417	712	683	557	174	465	914	835	597	929	249	156	768	415
539	227	452	710	584	361	938	491	684	995	238	399	547	1033	278	745	836	835	476	767
540	706	420	829	38	392	649	619	559	456	470	809	664	346	797	606
541	609	291	422	648	393	458	781	529	819	245	55	347	636	931	789
542	259	586	395	460	562	719	304	498	403	630	698	285	511
543	640	852	337	232	650	825	750	591	305	370	563	404	247	472	793	623	446
544	832	65	103	844	359	108	813	783	336	659	464	545	631	89	603
545	544	832	99	651	296	107	108	813	590	464	921	473	603	318
546	1	516	641	424	700	397	436	348	319
547	160	227	836	517	710	167	584	491	712	835	683	465	806	870	278	538	539	958
548	672	1	453	744	746	400	279	477	382
549	656	418	388	197	838	199	362	427	428	769	645	209	787	344	452	634	671	188	478	191
550	672	736	453	871	737	715	204	429	467	213	382
551	384	674	455	391	716	493	817	402	690	220	350	575
552	352	1	675	328	704	430	558	313	442	508	757
553	576	258	886	329	554	332	45	857	509	243	692	788	665	600	377	315	316	508	637
554	800	779	422	648	393	695	332	45	434	692	553	315	508	637
555	65	1060	293	486	893	104	812	989	460	850	678	520	306	532	630	951	792	982	824	445
556	224	1	802	515	677	513	521	751	275	474	255
557	160	449	683	868	712	572	523	149	153	538	795	156	415
558	352	1	291	552	458	431	529	675	789	442	636
559	705	708	38	392	457	748	809	317	456	916	797	649	540	61
560	496	770	259	394	459	432	433	739	862	729	666	283	638
561	577	741	614	519	332	333	718	637	434	695	730	284	509	222
562	677	842	587	622	719	498	499	759	698	285	542	511
563	640	742	497	811	588	337	591	720	305	404	590	852	543
564	880	603	489	119	652	815	784	753	308	569	473	475
565	480	705	647	456	924	778	748	493	241	402	872	664	351	828	350	383
566	32	1	738	421	808	300	365	691	469	440	441	314	507	602
567	1	578	323	353	334	529	530	820	609	347	636
568	833	261	486	487	680	295	812	679	678	592	721	498	339	447
569	651	262	296	119	652	591	784	753	564	247	472	473	858
570	752	579	325	487	488	339	592	680	722	371	821	761	604	581
571	912	774	136	814	623	624	472	793	122	764	669	126
572	449	866	683	868	264	137	522	523	557	687	625	149	153	795	764
573	734	641	834	165	424	700	523	524	687	1016	276	437	826	218	847	348	157	670
574	929	450	644	200	713	171	725	884	341	437
575	384	551	906	455	301	494	495	657	690	726	818	817
576	706	420	665	329	618	619	788	470	553	600	377	346	316	509	798	799
577	484	561	519	333	718	369	697	730	222
578	512	1	610	323	356	903	668	334	530	820	878	567	252	253
579	896	772	1029	532	533	1028	773	112	678	680	821	570	1085	1086	801	722	101	487	488	752	113	371	1015	761	1148
580	1	130	423	264	523	397	687	625	641	847	881
581	867	732	133	263	488	604	654	722	501	761	633	570	412	325
582	416	226	326	615	776	711	492	701	848	374	536	827	413	766
583	786	613	525	688	754	628	151	537	154
584	227	836	806	745	714	399	465	547	278	835	539
585	65	354	780	620	717	495	54	471	282	221
586	259	694	395	759	719	887	638	630	459	889	831	542	511
587	1	74	622	562	759	410	285	510	511
588	611	640	483	676	741	305	519	369	720	497	563	823	730	335
589	464	484	396	590	879	336	531	659	760	254
590	545	99	651	943	742	497	296	107	396	589	591	464	337	563	1000	854	247	760	921	879	927
591	811	742	296	651	652	825	590	337	563	852	247	472	569	858	793	543
592	128	833	261	864	721	680	752	593	339	340	568	570	604	762	447
593	128	822	360	653	592	721	340	534	474	604	762	447
594	944	514	699	763	731	359	265	135	461	743	905	883	372	373	681	411	1021	895
595	163	136	655	816	786	724	661	119	537	476
596	1	386	643	613	681	298	754	627	373	502	1049	154	859	701
597	768	417	517	806	398	689	914	174	249	538	958
598	1	635	726	455	494	21	438	507	703
599	706	420	861	617	618	299	829	401	755	756	439	377	915	605	606
600	576	553	518	329	618	727	892	873	401	243	756	788	23	376	377	508	605	798
601	321	707	874	875	717	494	495	657	818	691	469	471	441	221	703
602	1	322	739	421	566	365	496	528	738
603	544	545	783	359	372	651	108	813	564	784	308	489	473	731	318	880
604	128	752	325	490	953	846	723	592	593	339	340	534	761	633	570	412	762	581
605	1	518	617	618	299	727	401	756	599	600	345	479
606	480	673	706	420	997	861	456	828	599	1005	829	755	439	664	346	540	797	351
607	384	705	708	457	960	620	367	402	244	716	728	740	900	317	926
608	432	354	839	395	770	368	433	658	790	666	443	639
609	962	422	781	530	819	820	245	758	567	408	347	636	541
610	512	1	578	771	356	485	358	878	253
611	292	497	588	396	335	720	369	823	760	484	730
612	898	775	136	141	462	626	724	119	537	794	882	733
613	945	859	583	936	681	268	786	462	765	628	754	1011	596	373	502	151	537	154	475	956	733
614	385	481	840	909	331	333	718	637	561	693	470	665	509	830
615	416	1	643	582	711	266	492	374	827	701
616	193	427	196	837	363	684	685	466	505	1018	923	796
617	1	390	673	599	299	755	756	439	506	605	479
618	576	706	420	873	829	401	755	756	599	600	377	915	605	798
619	576	706	420	392	649	908	693	470	809	346	540	830	799
620	384	65	585	716	717	367	657	402	244	54	728	495	926	607
621	800	483	676	422	519	749	781	434	758	695	408	863
622	1	677	842	587	463	562	499	285	759	410	93
623	983	845	750	912	370	500	793	472	660	571	126	543
624	865	774	775	136	814	912	1010	472	793	571	764
625	448	1	866	580	423	264	137	522	523	687	881	572
626	612	775	136	724	661	119
627	993	859	776	681	298	461	654	701	883	596	309	954	763	413	373
628	1	786	613	583	525	688	754	869	405	502	151	154	805
629	899	644	200	201	713	747	940	205	974	941	406	663	504
630	555	893	586	395	460	719	403	792	911	445	542	831
631	544	514	803	359	743	844	782	783	103
632	896	514	895	772	133	488	782	113	722	952	773	501	248	699	732	533
633	867	581	776	604	490	972	654	848	723	340	846	536	761	412	766
634	769	418	388	549	838	428	656	344
635	1	438	455	494	527	726	690	598
636	1	609	458	558	529	819	820	789	567	347	541
637	741	614	857	840	553	554	332	718	561	434	692	695	665	730	509
638	770	259	586	395	1007	560	433	862	694	887	729	459	831
639	608	65	482	934	902	839	810	395	770	368	658
640	483	650	843	588	749	750	720	305	978	563	404	852	668	543
641	1	546	580	424	700	523	397	687	276	826	847	348	573
642	928	1	326	682	425	490	711	492	269	723	534	349	766	287
643	416	1	386	387	615	266	596	827	701
644	1024	929	200	713	1065	940	205	968	884	629	777	574
645	736	737	891	388	549	769	362	871	429	239	400	1034	503	671	746	191
646	1	674	419	454	647	778	493	468	383
647	480	1	419	646	673	778	565	506	828	383
648	800	554	422	393	458	779	45	781	931	675	692	757	442	508	541	789
649	481	708	392	809	619	559	693	470	667	540	61
650	512	640	771	878	358	843	750	1009	404	853	852	668	446	543
651	545	742	296	813	590	591	784	921	854	569	473	858	603	990
652	984	774	262	136	971	793	825	591	784	753	564	119	472	569	794	1020	858
653	897	1	515	822	721	360	751	593	534	535	474	380
654	763	581	991	776	732	461	867	627	501	536	633	954	699	412	413	309
655	816	163	361	119	525	688	595	451	724	662	151	537	786	855	860	381
656	549	838	427	428	634	478
657	384	960	906	620	717	494	495	818	601	925	926	575
658	608	65	354	1059	934	902	839	810	368	639
659	544	65	832	935	589	877	336	531	464	920	409	879	927
660	1	485	845	750	623	370	500	853	446
661	449	898	966	710	775	136	967	816	785	626	595	724	1031	1063	476	957	414	767
662	1088	939	451	452	361	855	525	239	688	177	787	405	937	503	856	891	655	860	671
663	768	899	201	747	526	240	629	406	504	702	885
664	480	456	828	924	748	565	540	797	606	351
665	576	886	614	840	553	909	637	788	949	470	857	509	830	799
666	608	496	738	739	976	901	839	808	770	432	433	469	790	560	443	862
667	1120	385	963	708	933	998	999	649	740	809	693	791	696	409	1094	61	917
668	512	640	578	483	903	841	650	843	749	878	530	435	404	758	771
669	448	1	136	522	845	814	912	500	571	764	126
670	834	804	709	424	233	1002	524	157	913	437	1016	826	700	573
671	769	451	452	549	1153	937	362	939	239	645	787	662	503	996	891	1034	191
672	736	1	548	453	550	744	746	715	382
673	480	1	647	617	755	439	506	828	861	606
674	1	646	551	872	778	391	493	527	817	690	468
675	1	552	458	558	648	757	442	789
676	483	964	741	519	823	588	621	749	720	695	863
677	1	802	851	513	521	842	556	622	463	562	499	686	698
678	801	579	486	487	680	555	812	532	821	951	568	922	989
679	833	802	486	680	521	970	812	686	751	721	498	568	474	447
680	864	752	579	678	487	679	812	592	339	821	568	570	922	833
681	955	475	613	731	763	883	859	461	815	945	594	627	596	373	411	765
682	928	1	642	822	425	723	534	535
683	160	449	547	868	710	712	491	557	1003	1032	835	153	538	795	572	1022
684	1156	995	452	837	616	745	938	363	399	466	787	996	1018	539	796	478
685	193	203	389	311	807	616	745	714	363	526	399	465	947	837	343	505	959	923	735
686	802	851	677	486	679	521	970	812	850	498	499	950	698	979
687	641	866	580	881	712	523	847	625	868	795	572	573	734
688	805	583	855	525	655	816	786	628	405	662	503	856	537	869
689	768	517	806	958	714	946	398	465	914	597	885	702	735
690	1	674	391	455	551	527	817	726	635	575
691	1	707	808	875	469	566	441	601	507	703
692	800	907	648	553	554	779	849	788	886	695	857	508	637
693	385	1067	933	614	481	649	619	908	909	718	470	809	998	667	1094	61	830
694	1	394	459	889	528	887	638	759	729	444	586	510	511
695	800	1026	676	741	422	519	840	554	621	561	434	692	918	857	932	964	637	863
696	64	65	963	1192	1069	1181	977	917	920	409	667	61
697	385	484	933	577	919	333	718	877	531	910	791	730	879
698	677	486	842	460	498	686	719	562	499	950	851	850	542
699	514	991	135	743	461	654	952	594	501	632	763	732	895
700	1	546	516	709	641	424	1002	826	573	670
701	416	1	386	643	582	615	776	298	994	848	993	627	596	1017	827	413	859
702	768	526	240	689	885	398	663	504	981	735
703	1	726	874	875	494	818	691	598	441	601	507
704	1	930	907	518	552	779	430	788	757	727	376	508
705	708	748	456	457	1035	716	493	559	872	402	1012	565	900	607
706	576	420	809	618	619	908	798	599	540	829	606	799
707	901	874	875	780	717	691	469	790	471	601	986
708	705	740	961	649	999	748	809	559	916	317	457	900	667	61	607
709	1	516	424	1002	700	670
710	449	547	683	966	1031	136	795	491	1022	785	835	661	1032	1033	539	476	957	414	767
711	928	1	642	582	326	615	490	492	269	848	980	827	766	287
712	1056	929	450	547	868	683	870	523	1003	557	687	835	725	538	1023	890	734	415
713	768	417	450	644	929	200	747	940	974	725	884	341	342	504	574	629
714	836	806	689	584	745	685	465	959	735
715	672	1	550	467	736	382
716	384	705	900	551	872	906	620	493	817	402	1012	960	607
717	65	707	780	925	585	874	620	495	657	818	471	601	221	926
718	385	933	614	577	840	909	333	910	637	561	693	697	730	509	830
719	950	586	460	850	893	562	1014	630	759	889	698	831	842	542	511
720	640	611	676	811	588	749	497	978	483	852	563	823	760
721	864	833	897	679	653	751	592	593	822	568	474	762	447
722	896	579	581	488	632	761	570	732	773
723	928	642	822	490	846	985	534	953	633	762	604	682	766
724	898	612	775	136	973	786	462	655	816	626	595	661	119	537	882
725	929	450	712	713	171	834	884	437	890	574
726	1	455	818	494	817	690	598	635	703	575
727	704	1	930	518	892	600	756	376	788	508	605
728	64	65	740	620	367	54	900	975	926	607
729	1	739	694	394	459	496	887	862	528	560	638
730	577	611	484	741	561	840	942	519	588	718	369	919	910	918	823	760	697	637	965
731	815	411	359	489	743	783	880	905	594	883	372	681	603
732	896	867	581	488	654	952	722	501	632	761	699	991
733	612	613	945	136	462	753	882	1011	794	475	765
734	450	868	165	1023	712	523	834	687	1016	1082	276	437	1048	890	826	847	573	415
735	806	689	745	714	807	685	526	465	946	947	1076	398	1174	343	981	959	702	885
736	672	1	1154	1131	645	550	737	969	746	715	429	400	871	891	453
737	736	769	388	645	550	871	1034	429
738	1	739	901	808	365	496	469	566	602	666	862
739	1	738	496	528	560	729	602	666	862
740	64	708	975	999	367	317	728	900	667	61	917	607
741	676	519	840	823	588	561	918	695	964	730	637
742	811	651	590	591	497	563	854	760	858
743	514	731	359	905	844	783	944	594	803	631	699	895
744	672	1	548	805	969	746	1004	400	502	503	477
745	995	836	837	584	714	363	684	685	399	1104	465	947	959	539	1050	735
746	672	1	548	453	744	969	1004	400	805	503	891	736	645
747	768	899	201	663	940	941	974	629	713	504	885
748	705	708	961	456	1035	559	872	916	565	664	900	1051	924	797	1118
749	640	978	483	676	841	843	621	1070	720	530	435	758	823	408	964	668	863
750	640	650	845	623	1009	370	660	853	983	852	793	446	543
751	897	1	802	515	679	556	653	721	474	833
752	864	579	1029	680	846	592	821	953	761	570	604	762	1086
753	880	1040	1137	136	652	462	815	784	945	564	119	984	569	794	475	1020	733
754	1	613	583	936	786	628	502	1049	596	859	956	765	869
755	1	673	617	618	439	873	861	915	756	599	829	606
756	1	617	618	727	873	755	599	600	892	605
757	704	1	675	552	779	907	648	931	789	442	508
758	609	962	781	422	903	841	621	749	1008	530	820	408	668	863
759	1	586	587	622	719	562	694	889	842	510	511
760	611	484	965	742	811	396	589	590	879	720	497	919	942	854	823	730	943	1077
761	896	579	1028	581	732	846	752	722	867	633	570	604	1029
762	864	752	822	897	721	846	592	593	723	534	985	1080	953	604
763	991	883	681	461	654	944	594	627	952	954	699	1021	895
764	992	1	866	795	966	449	136	1087	522	775	814	624	785	571	572	669	865
765	859	613	936	681	955	462	945	754	1049	475	733
766	928	642	326	582	711	1129	490	972	846	848	723	980	953	536	633
767	452	710	860	361	938	816	661	1033	539	476	957
768	417	450	929	974	713	747	398	689	914	885	341	342	663	504	249	538	702	597
769	737	388	549	838	1034	645	787	634	671
770	608	976	987	934	839	395	1068	1007	560	433	862	887	888	666	831	638	639
771	512	1	610	485	358	650	843	878	1009	853	668	446
772	801	579	1124	773	1015	782	1213	824	952	1114	533	951	632	1047	1187	1085	101
773	896	801	579	772	101	488	952	722	533	1015	632
774	865	136	971	652	624	984	1010	825	472	793	794	571	1054
775	992	865	898	612	966	1031	136	1063	882	814	624	785	626	724	661	764	1087
776	993	867	582	972	654	701	848	627	536	633	954	413	991
777	1024	1025	644	200	940	205
778	1	674	646	647	872	924	493	565	828	383
779	704	800	931	648	554	907	1037	849	692	757	886	788	508
780	65	354	707	585	874	876	717	1066	948	790	471	986	1019	925	926
781	800	609	962	931	932	422	1121	648	621	1037	819	758	1052	541	863
782	1277	514	803	772	101	103	1233	1015	1221	1071	952	1187	533	631	632	1047	1053	894	895
783	544	944	731	1072	743	905	359	844	813	1039	880	631	603
784	1027	1137	651	652	813	880	753	564	569	473	858	603	1020	990
785	449	966	710	775	136	1031	661	1063	795	764	1087
786	816	613	583	973	462	655	688	754	595	628	855	537	724	956	869
787	769	1156	452	549	838	937	938	1227	684	662	996	1018	796	1034	478	671
788	576	704	930	907	553	779	1036	892	873	692	1013	886	727	600	665	508	798	799
789	1	675	648	458	558	931	819	757	636	541
790	608	354	707	901	839	876	875	780	469	471	666	443	986
791	385	1058	933	877	910	1069	531	409	697	667
792	395	1060	982	520	810	555	893	1059	630	951	911	445	1182
793	912	571	1188	1126	774	1140	971	652	845	750	623	624	1010	852	1046	983	472	825	591	543
794	865	612	774	945	136	652	753	882	984	733	1055
795	992	449	866	1099	868	966	710	136	764	522	683	557	687	785	1229	572	1022
796	1156	838	616	427	684	466	787	1018	478
797	997	861	828	456	809	924	748	1005	559	916	664	1051	540	829	606
798	576	706	1091	997	873	618	908	915	788	1013	886	600	829	799
799	576	706	886	619	908	909	1006	788	830	470	665	798	949
800	931	932	422	648	554	779	1037	621	781	849	692	695	857	863
801	579	772	101	678	1015	1085	532	821	951	824	922	1114	989	773
802	897	1	677	679	521	970	556	686	751	851	474	833
803	514	743	103	844	782	1071	944	631	1053	894	895
804	834	200	426	524	913	968	437	186	670
805	1	869	744	969	746	939	1004	688	628	405	502	503	856	1111	891	1142
806	547	836	517	689	584	714	946	1166	1103	465	914	835	597	959	958	735
807	947	735	389	526	685
808	1	738	901	875	691	469	566	666
809	961	706	708	829	998	999	649	619	908	559	916	693	667	540	797
810	65	482	1059	934	520	395	911	888	658	792	988	445	639
811	1046	742	1001	591	720	497	978	563	852	854	823	760	825	858	943
812	833	486	678	679	680	970	555	686	850	979	1108	568	922	989
813	544	545	1027	832	1072	1039	651	844	783	784	921	603	990	880
814	992	1	912	775	136	1087	624	1010	571	764	669	865
815	1040	731	945	489	1079	880	753	883	564	905	681	411	1116	475
816	898	163	967	860	361	956	1164	973	655	688	1041	786	595	724	661	1110	855	476	957	767
817	384	1	674	551	872	906	716	493	690	726	818	575
818	384	1	960	817	874	717	494	925	657	726	601	703	906	575
819	1	962	931	609	781	820	789	636	541
820	1	578	609	903	962	530	819	758	567	636
821	864	801	579	1189	678	833	680	1085	752	570	922	1086
822	897	1	928	721	682	653	593	723	534	535	985	762
823	611	676	741	1001	811	588	749	1070	943	720	978	918	760	964	730	965
824	65	772	101	801	555	532	951	1124
825	971	774	811	652	591	852	1046	793	858	1020	543
826	1	834	641	1002	847	670	1016	1082	700	573	734
827	1	994	643	582	711	615	848	980	1017	701
828	480	1	647	778	1005	861	565	664	673	924	797	606
829	706	1092	997	809	618	1005	908	915	861	755	916	798	599	540	797	606
830	1067	933	614	1006	619	908	909	718	693	470	665	998	799
831	770	1014	1007	586	395	1134	719	1135	630	887	888	889	911	893	638
832	544	65	1083	1125	545	904	1098	935	844	813	879	464	659	921	1039	927
833	864	897	802	1189	1073	679	680	970	812	751	592	721	821	568	922	1109	447
834	1082	804	1089	968	1002	524	890	1102	913	1075	884	725	670	1016	826	1023	573	734	437
835	547	836	806	710	584	1033	1103	683	1003	712	1042	870	1032	538	539	958
836	547	806	584	745	714	1103	1042	835	1033	1050	539	995	958	959
837	995	616	745	363	684	685	399	1104	947	1018	923
838	769	549	1034	656	787	634	796	478
839	608	354	901	902	1068	876	770	976	658	1043	790	934	666	987	986	639
840	1026	942	741	614	857	1038	909	718	910	918	695	665	730	637	949
841	903	843	749	878	1008	758	668	863
842	1	677	622	719	562	851	950	759	889	698
843	640	771	964	841	650	749	878	1199	1008	1009	978	1123	852	853	1161	668	863
844	544	65	803	832	743	904	103	813	783	944	631	1039	1053	894
845	1	983	750	623	912	660	853	793	500	669	126
846	867	1028	1029	972	752	953	1138	723	761	633	762	1115	604	766
847	1	580	641	687	881	1082	1048	868	826	573	734
848	993	1172	867	582	711	776	972	980	1017	536	633	827	701	766
849	800	907	932	1159	779	1036	1037	692	949	886	1112	857
850	982	486	812	989	555	460	686	719	1200	979	1108	950	698	1078	893
851	1	802	677	842	686	499	950	698	970	979
852	640	843	1046	1126	1161	650	811	750	591	720	1009	978	563	983	825	793	543
853	1	771	485	650	843	845	750	1009	660	983	446
854	651	1061	742	1000	1001	811	590	943	760	921	858	990	927
855	1088	816	869	937	956	655	688	1041	786	662	856	860
856	1088	1	939	805	1190	503	688	1041	662	855	1049	891	1142	869
857	800	1026	932	1159	840	553	849	692	949	886	695	665	637
858	811	1046	742	1001	651	652	591	784	1027	854	825	569	1020	990	1061
859	1	994	955	613	993	936	681	1130	1100	765	1064	754	627	596	1049	883	701
860	1088	1152	452	967	361	938	1041	655	816	937	1164	662	855	1146	957	767
861	1	997	673	1005	915	829	755	599	828	797	606
862	1	738	739	976	901	770	1007	560	887	729	666	638
863	800	1121	962	1123	676	841	843	781	1052	749	1008	758	695	932	964	621
864	897	752	1189	1029	833	680	592	721	821	1145	1080	953	762	1073	1086	1109
865	774	775	136	1063	1010	814	624	882	984	794	1087	764	1054	1055
866	992	1	868	1062	881	764	522	687	625	795	572
867	896	1028	581	776	1162	972	654	848	1138	846	761	633	1115	732	991
868	992	847	523	1062	712	683	1003	557	687	881	1099	1022	1048	890	795	572	866	734	1023
869	1	805	936	1163	786	688	1041	754	628	502	855	856	1049	956
870	1056	929	835	517	712	1003	1042	914	547	538	958
871	736	737	1090	645	550	1185	1034	1154	891
872	1	674	705	748	778	1035	716	493	817	1012	565	924	906
873	1	618	915	755	756	1013	600	788	892	798
874	1	707	875	780	717	818	601	986	1019	925	703
875	1	707	901	808	874	691	469	790	601	986	1019	703
876	65	354	902	839	1132	780	1133	1043	948	790	471	1044	986	1019
877	1058	935	1096	697	919	1069	910	879	1113	531	659	1097	791	920	409
878	512	1	578	771	903	841	650	843	610	1008	1009	668
879	832	1083	484	935	1000	1097	589	590	877	464	531	1106	659	919	760	697	943	927
880	815	731	1137	1040	1072	489	1079	813	1127	783	784	753	1027	564	905	603	990
881	1	866	580	1062	847	625	1048	868	687
882	865	898	612	1030	775	136	1063	973	462	945	1011	724	984	794	733	1054	1055
883	993	763	1064	681	859	1079	955	815	945	594	627	905	1081	954	731	1116	1021
884	929	834	644	200	713	1102	968	437	1065	890	574	725
885	768	899	1206	1191	1194	747	946	974	689	914	1076	981	1174	663	702	735
886	1196	930	907	1006	1036	553	779	908	857	849	1091	692	949	665	1112	788	1013	1144	798	799
887	1	770	1014	586	1007	862	694	889	729	638	831
888	770	934	1007	810	395	1134	911	1105	1014	987	831
889	1	950	586	887	719	694	759	1014	842	831
890	1056	929	450	868	712	834	1102	1075	884	437	1204	1023	734	725
891	736	1153	1154	645	871	969	746	939	1185	805	662	503	856	1111	1034	671
892	1	930	873	756	1013	727	600	788
893	950	1078	555	460	719	850	630	1135	792	982	911	1014	831
894	65	803	101	103	904	844	782	1071	1047	1084	1053
895	514	763	1203	743	1149	1074	782	1071	944	952	594	803	632	699	1021
896	579	1028	773	1128	952	722	867	1015	632	761	732	991
897	864	1	802	1073	833	970	653	751	721	822	1080	985	762
898	612	775	967	973	462	816	882	724	661	1031	1063
899	1191	747	941	974	885	1206	663	629
900	960	705	1035	740	1093	961	748	999	716	975	1147	1012	1118	728	708	1119	926	607
901	1	738	707	839	808	875	976	1043	469	790	666	986	862
902	65	354	934	839	1068	876	1133	658	1043	1044	639
903	1	578	841	962	878	1008	530	820	758	668
904	832	65	935	1098	103	844	1039	1107	1084	1053	894
905	944	731	1072	743	1074	783	880	594	883	1079	815	1021
906	384	1	960	657	872	716	817	818	1012	575
907	704	1	930	931	779	1036	1037	849	692	757	886	1112	788	508
908	706	830	1092	998	809	619	1006	1067	1091	916	693	886	1144	1195	1215	829	798	799
909	1058	933	614	942	840	1006	1038	1067	718	693	949	665	910	830	799
910	385	1058	933	840	919	877	718	909	1096	942	791	697	730
911	1059	982	934	810	395	1134	1135	888	630	792	1014	893	1182	831
912	1	845	814	623	624	1010	983	793	571	669	126
913	1089	834	804	200	1002	1101	968	1075	437	670
914	768	929	517	806	1166	870	974	689	946	597	538	1194	958	885
915	1	1091	997	873	618	861	755	1013	599	829	798
916	961	1051	708	1158	998	809	908	748	1005	797	1092	559	829	1118
917	64	1120	963	740	999	1095	975	696	667	61
918	1026	964	741	840	695	1122	942	1038	823	1070	730	1077	965
919	1217	484	1096	1097	877	910	879	1176	1106	942	760	697	730	943	1077
920	65	935	877	1069	659	1113	696	409
921	832	545	1125	1072	651	813	590	1039	464	854	990	927
922	801	1189	678	833	680	970	812	1085	1108	821	1208	989	1109
923	837	616	685	1104	947	1018
924	1	872	778	1035	748	1005	565	664	1051	828	797
925	960	1	874	780	717	657	818	1019	1066	926
926	64	65	900	1093	1057	780	1066	1095	620	717	975	657	384	948	960	728	1179	1180	925	607
927	832	1125	935	1000	590	879	464	659	854	921	1083	990
928	1184	1	642	711	1129	682	723	980	822	985	953	766
929	768	1056	450	644	1102	870	958	712	713	1166	940	974	914	1194	884	725	1065	1204	538	890	574
930	704	1	907	1036	788	1013	886	727	892
931	800	1	962	907	648	779	781	1037	819	757	1052	541	789
932	800	1121	1026	964	1159	781	1037	849	949	695	857	1052	863
933	1216	385	1058	963	1094	910	1160	1192	791	909	718	1069	1067	693	409	697	667	830
934	65	770	1059	1220	902	839	810	395	1068	1133	1134	911	1105	658	1044	1175	888	987	639
935	832	65	1107	1125	904	1097	1098	877	879	659	920	1113	1083	927
936	955	869	1130	1163	1117	945	754	1011	1110	1049	859	956	765	613
937	1088	1152	452	938	939	787	1173	662	855	996	1307	860	671
938	1152	1280	1156	995	452	937	684	1165	1265	787	1173	1033	1307	996	1018	539	860	957	1406	767
939	1088	1153	996	805	1185	937	1034	1291	1272	1173	662	1111	856	891	1142	671
940	1024	929	644	1025	713	1194	747	205	974	941	629	777	1065	1177	1178	1191
941	899	1191	747	940	205	974	629	1178
942	1058	1176	965	1186	840	909	910	1096	1038	918	919	760	730	1077
943	1217	965	1000	1001	811	1198	590	879	1136	1106	919	1077	854	823	760	1243
944	803	743	1039	905	844	1074	1071	783	1072	594	763	1021	1053	895
945	815	955	613	1030	1117	936	681	462	765	1040	753	882	883	984	794	475	1116	733	1150	1011
946	806	1194	1166	1103	689	914	1076	885	1174	735	959
947	1155	837	807	745	685	1104	1076	981	1174	959	923	735
948	65	1057	876	1066	780	1132	1044	1019	1180	926
949	1026	932	1159	840	1196	909	1006	849	1038	886	857	1112	665	799
950	1	1078	842	686	719	850	851	1014	889	698	893	979
951	65	772	678	801	520	555	824	532	1124	792	1060	1114	989
952	896	1277	1286	763	772	773	991	1128	1149	782	1071	1233	1074	1203	1015	632	699	732	1021	895
953	864	928	1029	1129	1184	972	846	752	1138	723	1214	1080	985	762	1115	604	766
954	627	993	1219	1223	776	654	1064	1170	883	1081	763	1224	1021	991
955	936	681	1130	1259	1117	945	883	1236	1064	1081	859	1116	765	1288
956	613	936	1163	786	462	973	816	1041	754	1011	1110	855	1117	869
957	1152	966	710	967	1032	1033	938	1031	1165	816	661	1146	860	767
958	1056	929	835	836	517	806	1331	870	1042	1166	1103	689	914	547	1204	597	1300
959	1155	836	1317	806	745	714	685	1166	1103	1104	946	947	1174	1050	735
960	384	1	900	1093	906	716	657	818	1066	1012	1119	925	926	607
961	900	1158	998	999	809	748	916	1207	708	1051	1118
962	1	931	609	903	781	1008	819	820	758	1052	863
963	64	385	933	1094	1095	1160	1120	1069	1192	977	917	696	409	667	1181
964	1121	695	1123	676	741	843	1026	749	1070	1197	978	918	823	932	1122	1212	863
965	1122	1001	1198	942	943	1136	978	1070	918	823	760	730	1077
966	992	1	710	775	1032	1031	1229	785	1171	661	795	764	957	1022	1087
967	898	1031	1063	1164	973	816	661	1110	1209	1146	860	957
968	1024	1089	834	804	200	1065	1101	1102	913	1075	884	437	644	1205
969	736	1	1154	805	1318	1185	744	746	1131	1004	1111	891
970	897	1	802	833	679	812	686	1073	851	1108	1109	922	979
971	1249	1188	774	1258	652	1201	1010	1140	1141	1046	825	984	793	1020	1054
972	993	1172	867	776	1129	846	848	1138	980	953	633	766	991
973	898	1030	967	1063	882	462	816	786	1011	724	1110	956
974	768	929	899	1191	713	1194	747	940	941	914	629	1177	885
975	64	1120	1179	900	1093	999	1095	917	1239	728	740	1147	926	1119
976	1	770	901	839	1068	1007	1043	666	987	862
977	64	65	1218	963	1349	1254	1057	1192	1095	1167	1240	1044	696	1274	1181	1342
978	640	1285	1161	1046	1188	811	1070	1199	823	1212	964	965	843	720	852	1242	1123	1126	1001	749	1136	1009
979	1	1078	970	812	686	850	851	1108	950
980	928	1	711	1129	972	848	1172	1017	827	766
981	526	947	1076	885	702	735
982	1060	555	1230	893	1200	850	1078	792	1135	911	989	1182
983	1	1126	1140	845	750	623	912	1009	1010	852	853	793
984	865	1137	1030	774	945	971	652	1150	1040	753	882	1268	1141	794	1183	1020	1054	1055
985	928	1	897	1184	723	822	1080	953	762
986	1	707	901	839	876	874	875	780	1133	1132	1043	790	1019
987	1	770	934	839	1068	1007	976	1105	888
988	65	1059	101	520	1321	810	1167	1168	1045	1241
989	801	1060	678	555	812	1200	850	1108	982	951	1208	922	1085	1114
990	1248	880	1027	1061	1072	1000	651	813	784	1169	854	921	858	1127	1125	927
991	896	993	867	1028	763	776	1162	972	654	1149	1128	1138	1219	1224	952	954	699	732	1021
992	1	866	868	1062	966	775	1099	1229	814	795	764	1087
993	994	776	883	1151	972	1170	848	1064	1138	627	1172	1081	1017	954	859	1224	701	991
994	1	827	993	1064	1100	1017	859	701	1151
995	1280	836	837	745	938	684	1104	1265	1033	1018	539	1050
996	1153	1227	1156	937	938	939	684	787	1173	1034	671
997	1	1091	1092	829	1005	797	915	606	861	798
998	1120	961	1092	1158	1094	999	809	1067	908	916	693	1207	667	1228	830	1215
999	1120	961	1147	740	998	809	1239	975	708	917	1207	900	667	1118
1000	1248	1083	1061	1256	1001	590	943	1243	1169	1106	854	879	1125	990	927
1001	1046	965	1000	811	943	1136	1201	978	854	823	858	1243	1061
1002	1	834	709	1101	913	1075	1016	826	700	670
1003	1056	835	868	870	712	1225	683	1032	1042	1299	1204	1210	1099	1022	1023
1004	1	1250	805	1318	744	969	746	1131	1111	1226
1005	1	1092	829	924	797	916	1051	828	861	606	997
1006	1195	1253	1196	1067	908	909	1038	949	886	1144	830	799
1007	1	770	1134	976	1105	638	1014	887	888	987	862	831
1008	1	962	1123	903	841	843	878	1009	758	1052	863
1009	1	771	878	1126	1161	650	843	750	1008	978	1123	852	853	983
1010	1	912	774	865	971	814	624	1140	983	793	1054	1087
1011	613	1030	936	1116	973	462	1117	945	882	1110	956	733	1150
1012	960	1	900	705	872	906	1035	716	1119
1013	1	930	1091	873	1036	915	788	886	1144	892	798
1014	1	1078	1007	1135	1134	719	950	887	888	889	911	893	831
1015	896	801	579	772	773	1128	782	1213	1233	1187	952	1028	1114	1148	1085
1016	1	834	1290	1082	1002	1101	1075	670	826	573	734
1017	1	994	993	848	980	1172	827	701	1151
1018	1280	995	1156	837	616	938	684	1104	787	1238	923	796
1019	1	876	874	875	780	1132	1066	948	986	925
1020	1232	1027	1061	1137	1201	1258	971	652	784	753	1141	1046	984	825	858	1373	1249
1021	1219	1203	991	1223	1288	905	1259	1074	944	1329	594	883	1079	952	1081	954	763	1244	1149	895
1022	1003	868	710	966	1032	1315	1298	683	1229	1099	1171	1210	795
1023	1056	834	1099	868	1235	712	1225	1299	1003	1102	1320	1075	1204	1237	1048	890	1082	734
1024	1025	1251	644	1089	200	777	1143	940	968	1205	1065	1177	1178	1308
1025	1024	1251	777	940	205	1143	1178
1026	1121	1122	932	1159	840	1292	1196	1186	1038	1197	949	918	695	857	964	1077
1027	880	1061	1127	1169	1257	1232	813	784	1137	858	1020	990
1028	896	867	1029	1128	1193	1162	846	579	1015	761	1115	1148	1086	991
1029	864	579	1028	1193	846	1214	752	1234	1145	953	1080	761	1115	1086	1279
1030	1063	973	945	882	1011	1110	984	1183	1150	1055
1031	1345	898	966	710	775	1032	1289	967	1346	1165	785	1330	1171	661	1209	1063	1146	957	1087
1032	1346	835	710	966	1031	1033	1298	683	1315	1165	1003	1042	1171	1365	1368	1210	957	1022
1033	1376	835	836	710	1361	1032	1315	938	1165	1265	1042	995	1365	1366	1307	1050	539	957	1406	767
1034	737	1090	939	996	645	838	769	1153	1185	871	1281	1154	787	1227	891	671
1035	1	1147	900	705	872	748	1012	1051	924	1118	1119
1036	1	930	907	1037	849	788	1013	886	1112	1144
1037	800	1	907	932	1121	779	1036	781	1159	849	931	1112	1052
1038	1026	1058	1186	942	840	1292	1282	1067	1196	909	1006	1253	949	918	1176	1159	1077
1039	832	1072	1125	1202	904	1296	1098	844	813	1294	783	944	1327	1074	1302	921	1071	1053
1040	1137	1222	945	1127	1260	815	880	753	1268	1079	984	1116	1150
1041	1088	1152	869	1190	860	1163	1164	1264	816	1110	855	856	1049	956
1042	1056	835	836	870	1032	1033	1003	1331	1165	1103	1361	1315	1365	1366	1368	1050	1210	958
1043	1	901	902	839	1068	876	1133	976	986
1044	65	1059	1254	902	934	1057	1132	876	1133	1167	977	948	1175	1240	1211
1045	65	1218	101	1167	1168	1139	1047	988	1221
1046	971	1188	1061	1126	1001	811	1136	1201	978	852	1350	825	793	858	1020	1242	1285
1047	1277	1187	772	101	782	1071	1139	1045	1284	1231	1084	1053	894	1221
1048	1	868	1062	1225	1099	847	881	1235	1082	734	1023
1049	1	1250	869	1190	936	1130	1163	1100	1041	754	596	1269	1142	856	859	765
1050	995	836	1317	1361	745	1103	1104	1265	1042	1155	1033	959
1051	1	1092	1158	961	1035	748	1005	916	924	797	1118
1052	1	962	931	932	1121	781	1037	1008	1123	863
1053	803	904	1231	1098	844	782	1039	944	1074	1047	1071	1084	894
1054	1	774	865	971	1010	882	1140	1141	984	1063	1087	1055
1055	1	1030	865	1063	882	1141	984	794	1183	1054	1087
1056	929	870	712	1003	1042	1331	1204	890	1210	958	1023
1057	64	65	1095	1132	977	948	1246	1240	1044	1274	1180	926
1058	1216	1282	1069	1348	933	1096	1038	1067	909	942	877	1160	910	791	1176	1310
1059	65	1275	1220	1254	934	520	810	1134	911	658	1044	1175	792	1241	1167	988	1182
1060	1124	520	555	1230	1200	1301	982	951	792	1114	989	1182
1061	1248	1027	1046	1201	1000	1001	1232	1169	854	858	1243	1020	1256	990
1062	992	1	866	868	1322	1099	1314	881	1235	1048
1063	1	898	1150	1110	1030	865	136	1289	775	1183	973	785	882	661	967	1031	1209	1087	1339	1054	1055
1064	993	994	955	1223	1288	1130	1100	1262	1170	883	1236	1333	1081	954	859	1151
1065	1024	929	644	1089	968	1324	1194	940	1102	884	1205	1143	1177	1308
1066	960	1	1093	1132	780	948	1019	1180	925	926
1067	1058	1253	1348	933	998	1160	1038	1195	908	909	1006	1310	1282	693	1094	830	1215
1068	1	770	902	934	839	1133	976	1105	1043	1175	987
1069	791	920	409	1312	1058	933	1192	696	1216	65	963	1096	1097	1113	1370	1380	1255	877	1266	1396	1400	1401
1070	1122	964	965	749	1136	978	918	823	1242	1212
1071	1277	803	1286	1296	1098	782	1039	944	1074	1203	1294	1047	952	1231	1053	894	895
1072	944	1125	1127	905	1303	813	1257	783	880	1169	1074	1327	1079	1336	921	1202	1039	990
1073	864	1	897	970	1109	1080	1145	833
1074	1072	905	1053	1149	1296	1039	944	1202	1203	1079	952	1071	1021	895
1075	1089	834	1290	968	1002	1237	1101	1102	913	1205	1016	890	1082	1023
1076	1206	946	947	981	1174	735	885
1077	1217	1026	965	1186	1198	1122	942	943	1176	1038	918	919	760
1078	1	950	1135	1200	850	979	1108	982	1014	893
1079	1287	1040	1259	1203	1222	1072	905	1127	1202	815	880	1329	1074	883	1081	1116	1021
1080	864	1	1029	897	1184	1073	1145	953	985	762	1214
1081	993	1223	1064	1259	1288	1170	883	1079	954	955	1116	1021
1082	1	834	1235	1320	1290	847	1048	1075	1237	1016	826	734	1023
1083	832	1283	1125	935	1000	1097	1255	1326	879	1106	1113	1276	927
1084	1312	65	1139	1284	101	1267	904	1098	1231	1107	1047	1053	894
1085	801	579	772	1189	1313	1213	1234	1114	821	1015	1208	922	1295	1148	989	1086
1086	864	1313	579	1028	1029	1193	752	1234	821	1145	1279	1148	1085	1189
1087	992	1	966	865	1289	775	1330	814	785	1010	1171	1031	1063	764	1054	1055
1088	1152	1291	1142	1190	937	939	1264	1041	1173	662	855	856	1323	860
1089	1024	834	200	1065	1290	1356	1101	1102	913	1075	968	1205	1270	1143
1090	1281	1034	1154	871
1091	1	1092	997	1195	908	915	1013	886	1144	798	1215
1092	1	1091	997	998	908	1005	916	1051	829	1158	1215
1093	960	1	900	1066	975	1179	1180	926	1119
1094	1120	963	933	998	1160	1067	1228	693	667	1309	1310	1215
1095	64	1057	963	1252	1120	975	1246	977	917	1239	1274	1179	1180	1181	926	1311
1096	1216	1217	1058	1097	1069	942	877	1266	910	919	1176	1247
1097	1217	879	935	1096	1266	1255	1069	877	1106	1283	919	1113	1083	1247
1098	832	1125	935	904	1231	1039	1107	1294	1302	1267	1071	1084	1053
1099	992	1	1314	868	1062	1225	1322	1003	1229	1235	1048	1210	795	1022	1023
1100	1	994	1064	1130	1163	1262	1170	1269	1049	859	1151
1101	1	1089	968	1002	913	1075	1205	1270	1016	1290
1102	1324	929	834	1379	1316	1300	1089	968	1065	1194	1237	1166	1075	884	1205	1271	1204	890	1290	1023
1103	835	836	1317	806	1042	1166	1361	946	1331	1300	1365	1050	958	959
1104	1280	995	1155	837	745	1245	1265	947	1238	1018	923	1050	959
1105	1	1220	934	1068	1134	1007	1175	888	987
1106	1248	1217	879	1125	1000	1097	943	1256	1283	1243	919	1083	1276
1107	1312	65	1125	935	904	1098	1139	1113	1267	1084
1108	1	1189	970	812	1200	850	979	1109	1078	1208	922	989
1109	864	1	1189	833	970	1073	1108	1145	922
1110	1163	1030	967	936	1260	1063	1164	973	1263	816	1041	1011	1334	1289	1209	1339	956	1117	1150
1111	1	1154	805	1318	1185	969	1226	939	1004	1250	1142	1353	891
1112	1	1159	1196	907	1036	1037	849	949	886	1144
1113	1312	65	1139	1125	935	1097	1255	1069	1326	877	1107	920	1267	1083
1114	1344	801	1187	1060	1381	1124	951	1293	1085	1200	1213	1015	1208	772	1295	1148	989
1115	1184	867	1028	1029	1193	1162	1261	846	1360	1138	1304	953	1214
1116	1222	1287	1130	1259	1260	1389	815	1040	945	883	1236	1079	1081	955	1305	1117	1150	1011
1117	1334	936	1116	1130	1163	1260	1263	945	1011	1236	1110	1305	955	956	1150
1118	1	961	1147	900	1158	999	1035	748	916	1207	1051
1119	960	1	1179	900	1093	1035	975	1012	1147
1120	963	1252	1094	998	999	1160	1095	1228	1325	975	1192	1309	917	1207	667	1181	1239	1311
1121	1	1026	1123	964	1159	1212	781	1037	1197	932	1052	863
1122	1026	964	965	1319	1198	1292	1186	1070	1197	1136	1077	918	1242	1212
1123	1	964	1121	1161	843	1199	1008	1009	978	1212	1052	863
1124	65	1187	772	101	520	1321	1200	1293	1230	1168	1241	951	824	1060	1114	1372	1301
1125	1039	1169	1302	1303	921	927	935	1326	1327	1072	1332	1083	832	1098	1106	1107	1113	990	1248	1000	1267	1276
1126	1	1188	1140	1161	1199	1009	978	852	1046	983	793
1127	1040	1027	1222	1072	1169	1257	1287	880	1137	1202	1079	990
1128	896	1028	1297	1193	1162	1213	1233	1015	952	1148	1149	1278	991
1129	928	1	1172	1184	972	1261	1138	980	953	766
1130	1	955	936	1163	1100	1262	1064	1236	1049	859	1116	1117
1131	736	1	1154	1157	1318	969	1226	1004	1357	1369	1273
1132	1	1211	1057	1066	876	1133	948	1240	1044	986	1019	1180
1133	1	902	934	1068	876	1132	1043	1044	1175	986	1211
1134	1	1059	1220	934	1135	911	1105	1014	1175	888	1007	1182	831
1135	1	982	1134	911	1200	1230	1014	1078	893	1182	831
1136	1122	965	1350	1001	1354	1070	943	1201	978	1198	1046	1242	1243
1137	880	1410	1027	1222	1040	1127	1257	1258	1383	1232	1328	784	753	1268	1141	984	1020	1373	1183
1138	1184	993	867	1224	1129	1162	972	1261	846	1360	1297	1172	1193	953	1306	1115	991
1139	1312	65	1218	1284	101	1107	1396	1045	1047	1113	1084	1221
1140	1	1188	1126	1249	1258	971	1010	1141	983	793	1054
1141	1	1258	971	1137	1140	984	1183	1020	1054	1055
1142	1088	1	1250	1291	805	1190	1185	1353	939	1272	1269	1111	856	1049	1404
1143	1024	1025	1251	1089	1065	1356	1205	1177	1178	1308	1341
1144	1	1091	908	1195	1036	1006	1196	1013	886	1112
1145	864	1	1029	1214	1073	1234	1109	1080	1086	1189
1146	1152	1376	1346	1323	1031	1340	967	1164	1165	1264	1385	1209	1307	860	957
1147	1	900	999	1035	975	1207	1239	1179	1118	1119
1148	1313	579	1028	1382	1128	1193	1213	1234	1374	1278	1015	1114	1085	1086	1279
1149	1219	1286	1223	1128	1162	1297	1233	1074	1203	952	1337	895	1244	1021	1278	991
1150	1	1030	1063	1289	1260	1040	945	1011	1268	1110	984	1339	1116	1117	1183
1151	1	994	993	1064	1100	1262	1224	1170	1172	1017	1306
1152	1088	937	938	1323	1164	1165	1264	1041	1173	1146	1307	860	957
1153	1185	1227	996	1281	1034	939	1173	1272	891	671
1154	736	1185	1090	1318	871	1416	969	1034	1131	1281	1357	1111	891	1353
1155	1317	1104	1265	947	1174	1050	1245	959
1156	1280	996	938	1227	684	787	1173	1465	1018	796
1157	1	1131	1388	1369	1273
1158	1	1092	998	961	916	1207	1051	1118	1215
1159	1	1026	932	1121	1292	1196	1037	1038	1197	849	949	1112	857
1160	1120	1216	1058	963	1348	933	1094	1192	1067	1325	1347	1309	1310
1161	1	1123	1126	843	1199	1009	978	852
1162	867	1028	1297	1128	1193	1224	1138	1219	1115	1149	991
1163	1	869	1190	936	1164	1130	1100	1263	1264	1041	1236	1269	1110	1049	1402	1403	956	1117
1164	1152	1264	1334	967	1340	1163	1263	816	1041	1110	1209	1146	860
1165	1152	1376	1346	1315	1031	1032	1033	938	1298	1042	1366	1385	1146	1307	957
1166	929	1443	1317	806	1194	946	1102	1103	914	1204	1174	1300	958	959
1167	65	1218	1059	1349	1254	1321	1168	977	1044	1045	1241	1275	988
1168	65	1218	1187	1124	101	520	1321	1167	1363	1364	1045	1301	1372	1241	988	1221
1169	1248	1232	1027	1061	1127	1000	1257	1072	1303	1336	990	1125
1170	993	1219	1223	1064	1100	1262	1391	1224	1333	1081	954	1151
1171	1	1346	966	1031	1032	1330	1229	1345	1352	1298	1022	1087
1172	1	993	1224	1129	972	1261	848	1138	980	1017	1306	1151
1173	1088	1152	1227	996	1153	937	938	939	1280	1390	1399	1272	1156	1291	1307	1386	1323
1174	1472	1155	1317	1194	1387	1443	1166	946	947	1076	885	1206	1335	735	1245	959
1175	1	1059	1220	1254	934	1068	1133	1134	1105	1044	1275	1211
1176	1216	1217	1058	1348	942	1096	1282	1186	1038	1358	1077	919	1247
1177	1024	1191	1065	1194	940	974	1143	1178	1308
1178	1024	1025	1251	1191	940	941	1143	1177	1308	1341
1179	1	1252	1093	1095	975	1246	1239	1147	1180	926	1119
1180	1	1093	1057	1066	1095	1132	948	1246	1240	1179	926
1181	1120	65	963	1095	1192	1325	977	696	1274	1342	1311
1182	1	1059	1060	520	1134	911	1230	982	1241	792	1220	1135
1183	1	1030	1063	1289	1258	1328	1137	1268	1141	984	1150	1055
1184	928	1	1129	1261	1304	1138	953	1080	985	1115	1214
1185	1153	1154	871	1416	969	1034	939	1281	1142	1111	1272	891	1353
1186	1217	1026	1319	1282	1292	1122	1038	1198	1358	942	1176	1343	1077
1187	1419	772	101	1381	1413	1015	1293	782	1277	1168	1233	1364	1047	1124	1114	1372	1213	1374	1221
1188	1	1285	1126	1249	971	1199	1201	978	1140	1046	793
1189	864	1	833	1313	1295	1234	1108	821	1208	1145	922	1085	1086	1109
1190	1088	1291	1398	1163	1264	1041	1269	1142	856	1049	1402	1403	1404	1323
1191	899	1194	940	941	974	1394	885	1206	1177	1178	1308	1407
1192	1120	65	963	933	1400	1160	1216	1069	1325	977	1347	696	1370	1181	1342	1311
1193	1028	1029	1382	1297	1128	1162	1359	1360	1278	1138	1214	1304	1115	1148	1086	1279
1194	929	1394	1206	1191	1166	1065	1335	940	946	974	1441	914	1443	1300	885	1174	1324	1177	1308	1102	1407
1195	1	1091	1253	1196	1067	908	1006	1144	1310	1215
1196	1	1026	1253	1159	1006	1195	1292	1282	1038	1144	949	886	1112
1197	1	1026	964	1121	1159	1319	1292	1122	1212
1198	1217	1186	965	1319	1354	1122	943	1136	1395	1077	1242	1243	1343
1199	1	1123	1188	1285	1126	1161	843	978	1242	1212
1200	1	1060	982	1293	1230	1135	850	1108	1301	1078	1208	1124	1114	989
1201	1232	1355	1188	1061	1350	1249	1256	1001	971	1136	1046	1371	1243	1020	1285
1202	1296	1351	1127	1257	1287	1367	1039	1072	1329	1074	1203	1079	1336	1327
1203	1286	1202	1367	1149	1071	1296	1329	1074	1079	952	1244	1021	895
1204	1056	929	1237	1316	1439	1331	1003	1102	1299	1300	1166	890	1435	1210	958	1023
1205	1024	1089	968	1065	1290	1271	1324	1101	1102	1075	1270	1143	1356	1308
1206	899	1191	1194	1394	1076	885	1174	1335
1207	1120	1	961	1158	998	999	1228	1239	1147	1118	1215
1208	1	1189	1114	1293	1085	1200	1108	922	1295	989
1209	1346	1420	1334	1063	1289	1031	1164	967	1110	1146	1339	1340
1210	1056	1378	1099	1032	1225	1003	1331	1229	1315	1042	1299	1204	1368	1423	1022
1211	1	1254	1132	1133	1044	1175	1240
1212	1	1122	1123	964	1121	1354	1319	1197	1070	1199	978	1242
1213	1344	1313	1187	772	1381	1128	1295	1233	1374	1015	1114	1148	1085	1278
1214	1184	1	1029	1193	1304	1234	953	1080	1145	1115	1279
1215	1	1091	1092	1094	998	1228	1067	908	1310	1195	1207	1309	1158
1216	1408	1400	1058	1347	1348	933	1096	1069	1325	1160	1266	1176	1192	1247
1217	1186	1283	1397	1096	1097	1198	943	1343	1106	1411	1358	1077	919	1176	1243	1247
1218	65	1284	1221	1363	1167	1168	977	1362	1139	1396	1045	1349
1219	1223	1224	1162	1021	1297	1170	1337	954	1338	1149	991
1220	1	1059	934	1134	1105	1175	1241	1275	1182
1221	1377	1218	1187	1284	101	1363	782	1231	1168	1139	1364	1045	1047	1396	1412	1372	1277	1413
1222	1383	1127	1257	1287	1260	1389	1040	1137	1268	1079	1116
1223	1219	1329	1064	1149	1224	1170	1391	1333	1337	1434	1081	954	1338	1244	1021	1288
1224	993	1219	1223	1338	1162	1415	1170	1262	1391	1360	1297	1138	1172	1392	954	991	1306	1151
1225	1314	1003	1299	1322	1099	1229	1378	1235	1428	1463	1048	1210	1023
1226	1	1250	1318	1353	1131	1004	1442	1111	1273	1405
1227	1280	1153	996	1465	1281	1034	1390	787	1173	1430	1399	1272	1156
1228	1120	1	998	1094	1239	1207	1309	1215
1229	992	1	1314	1315	1446	966	1345	1352	1225	1322	1099	1378	1423	1298	1171	1210	795	1473	1022
1230	1	1060	520	1135	1200	1301	982	1241	1124	1182
1231	1277	1284	1221	1098	1294	1071	1426	1267	1422	1047	1412	1084	1053	1413
1232	1248	1249	1027	1431	1061	1201	1169	1257	1355	1373	1137	1427	1303	1336	1371	1020	1256
1233	1414	1187	1413	1286	1128	1419	782	1213	1277	1460	1374	1015	952	1337	1149	1278
1234	1	1029	1313	1214	1145	1279	1148	1085	1086	1189
1235	1	1062	1320	1225	1322	1099	1299	1428	1463	1048	1082	1375	1023
1236	1	1259	1384	1064	1130	1163	1262	1263	1288	1333	1305	955	1116	1117
1237	1440	1316	1439	1299	1290	1102	1320	1075	1204	1429	1497	1082	1435	1023
1238	1280	1417	1104	1265	1018	1245
1239	1120	1	1179	1252	1095	999	1228	1325	975	1207	1147	1309
1240	1	1254	1057	1132	977	1044	1342	1274	1211	1180	1246
1241	1	1059	1124	520	1321	1230	1167	1168	1301	1220	1275	988	1182
1242	1	1122	1285	1350	1354	1070	1199	1136	978	1198	1046	1212
1243	1217	1283	1061	1350	1000	1001	1354	1411	1198	943	1136	1201	1106	1395	1397	1371	1256	1343
1244	1286	1223	1149	1296	1329	1203	1367	1337	1021
1245	1155	1174	1417	1387	1104	1265	1238	1317
1246	1	1252	1057	1095	1240	1274	1179	1180	1311
1247	1216	1217	1283	1348	1255	1096	1097	1418	1421	1358	1266	1411	1176
1248	1283	1061	1000	1436	1445	1232	1169	1106	1427	1332	1303	1455	1276	1256	990	1125
1249	1	1355	1188	1285	1258	971	1232	1201	1140	1020	1373
1250	1	1353	1226	1004	1424	1269	1142	1111	1049	1405
1251	1024	1025	1356	1143	1178	1341
1252	1120	1	1095	1325	1239	1179	1246	1311
1253	1	1282	1067	1195	1196	1038	1006	1310
1254	1	1059	1349	65	1167	977	1044	1275	1175	1240	1211	1342
1255	1312	1283	1097	1069	1326	1421	1425	1266	1401	1113	1466	1083	1276	1247
1256	1248	1283	1061	1000	1232	1201	1106	1427	1397	1371	1243	1436
1257	1287	1232	1351	1027	1222	1169	1127	1432	1410	1328	1072	1137	1202	1451	1383	1431	1336	1373
1258	1	1249	971	1328	1137	1140	1141	1020	1373	1183
1259	1384	1287	1288	1389	1305	1437	1329	1236	1079	1081	955	1116	1021
1260	1	1334	1222	1383	1389	1040	1268	1110	1305	1339	1116	1117	1150
1261	1184	1	1129	1360	1138	1172	1304	1306	1115
1262	1	1064	1130	1100	1391	1224	1170	1236	1333	1306	1151
1263	1	1334	1163	1164	1264	1236	1110	1305	1402	1403	1117
1264	1088	1152	1323	1398	1190	1447	1468	1163	1164	1263	1041	1334	1146	1340	1402
1265	1280	995	1366	1317	1033	938	1104	1361	1155	1238	1417	1050	1245	1406
1266	1216	1408	1348	1255	1096	1097	1418	1069	1421	1400	1401	1247
1267	1312	1409	1284	1125	1098	1444	1294	1231	1425	1426	1107	1326	1302	1113	1084
1268	1	1222	1383	1289	1260	1328	1040	1137	984	1339	1150	1183
1269	1	1250	1190	1353	1163	1100	1424	1142	1049	1403	1404
1270	1	1379	1089	1290	1356	1101	1393	1205	1271
1271	1379	1356	1290	1324	1102	1205	1270	1308	1407
1272	1153	939	1430	1185	1416	1353	1386	1227	1281	1485	1487	1448	1173	1142	1399	1291
1273	1	1442	1157	1318	1449	1226	1131	1388	1369
1274	1	1057	1095	977	1342	1240	1181	1246	1311
1275	1	1059	1220	1349	1254	1321	1167	1175	1241
1276	1248	1283	1125	1255	1421	1326	1455	1106	1332	1466	1083	1436
1277	1187	1221	1286	1419	782	1071	1233	1458	1294	1422	1047	952	1231	1413
1278	1414	1382	1297	1128	1193	1415	1213	1233	1433	1337	1359	1148	1149	1374
1279	1	1029	1382	1313	1193	1359	1234	1086	1304	1148	1214
1280	1505	995	1156	1417	938	1227	1390	1104	1265	1173	1238	1465	1018	1307	1406
1281	1153	1090	1509	1185	1416	1034	1227	1154	1357	1430	1399	1272	1485
1282	1	1058	1348	1253	1292	1067	1196	1186	1038	1358	1176	1310
1283	1248	1217	1243	1255	1256	1097	1421	1455	1106	1411	1397	1436	1083	1276	1247
1284	1312	1377	1218	1412	1221	1267	1422	1231	1409	1426	1139	1396	1047	1084	1413
1285	1	1188	1350	1249	1355	1199	1201	978	1046	1242
1286	1277	1414	1419	1452	1294	1071	1296	1233	1458	1203	1460	1461	1367	952	1337	1244	1149
1287	1351	1383	1222	1127	1257	1259	1432	1389	1329	1202	1079	1336	1116	1437
1288	1384	1223	1064	1259	1437	1329	1236	1333	1081	1434	955	1021
1289	1	1346	1339	1063	1031	1420	1474	1330	1268	1110	1209	1183	1150	1087
1290	1440	1	1379	1316	1089	1320	1429	1101	1102	1075	1205	1270	1271	1016	1082	1237
1291	1088	1323	1398	1190	1353	1386	939	1173	1142	1272	1404
1292	1	1026	1122	1159	1282	1319	1196	1186	1038	1197	1358	1343
1293	1344	1	1187	1124	1381	1295	1200	1301	1208	1114	1372
1294	1456	1286	1039	1098	1458	1422	1071	1296	1426	1267	1302	1231	1277
1295	1344	1	1189	1313	1293	1085	1208	1114	1213
1296	1458	1459	1462	1286	1351	1202	1294	1071	1456	1327	1074	1203	1461	1302	1367	1039	1244
1297	1392	1219	1415	1128	1193	1162	1359	1360	1224	1138	1433	1337	1338	1149	1278
1298	1376	1345	1346	1315	1476	1446	1032	1165	1454	1229	1171	1366	1423	1022
1299	1378	1439	1320	1225	1429	1003	1331	1235	1204	1237	1481	1368	1428	1210	1375	1438	1023
1300	1441	1443	1316	1317	1439	1194	1324	1166	1103	1361	1331	1204	1102	1486	1435	1469	958	1365
1301	1	1060	1321	1200	1293	1230	1168	1364	1241	1124	1372
1302	1456	1444	1125	1098	1459	1294	1039	1296	1426	1267	1332	1326	1327	1450
1303	1248	1232	1125	1457	1327	1072	1169	1427	1332	1431	1336	1445
1304	1184	1	1193	1261	1359	1360	1115	1214	1279
1305	1	1384	1259	1260	1389	1263	1236	1334	1116	1117
1306	1	1224	1261	1262	1391	1360	1392	1138	1172	1151
1307	1152	1280	1399	1447	937	938	1323	1484	1165	1390	1519	1376	1490	1475	1492	1173	1033	1146	1386	1406	1385
1308	1024	1191	1065	1194	1271	1324	1488	1394	1205	1143	1356	1177	1178	1341	1470	1407
1309	1120	1	1347	1348	1094	1160	1228	1325	1239	1310	1215
1310	1	1058	1195	1348	1253	1094	1160	1067	1282	1309	1215
1311	1120	1	1252	1095	1192	1325	1342	1274	1370	1181	1246
1312	65	1139	1284	1267	1255	1069	1326	1409	1425	1107	1396	1401	1113	1084
1313	1344	1	1189	1382	1085	1234	1374	1295	1148	1213	1086	1279
1314	1	1062	1473	1352	1225	1322	1099	1229
1315	1376	1446	1032	1033	1298	1165	1454	1229	1042	1365	1366	1368	1210	1423	1022
1316	1440	1379	1290	1324	1102	1300	1237	1497	1204	1435	1439
1317	1472	1155	1361	1417	1387	1166	1103	1265	1443	1300	1365	1174	1469	1050	1245	959
1318	1449	1154	1477	1416	969	1226	1131	1004	1357	1442	1464	1111	1369	1273	1405	1353
1319	1	1122	1354	1292	1186	1198	1197	1395	1212	1343
1320	1429	1	1299	1290	1235	1237	1082	1375	1023
1321	1	1124	1349	1167	1168	1363	1364	1301	1241	1275	988
1322	1	1314	1378	1062	1473	1480	1225	1099	1229	1235	1463
1323	1088	1152	1190	1447	1385	1386	1291	1264	1490	1173	1398	1399	1146	1307	1340
1324	1440	1441	1379	1316	1065	1194	1102	1300	1205	1271	1435	1308	1407
1325	1120	1	1347	1252	1160	1216	1309	1192	1239	1400	1370	1181	1311
1326	1312	1444	1125	1255	1450	1421	1455	1425	1267	1332	1302	1113	1466	1083	1276
1327	1296	1125	1351	1450	1039	1072	1457	1202	1459	1332	1302	1303	1336
1328	1	1410	1383	1257	1258	1137	1268	1373	1183
1329	1287	1351	1223	1288	1259	1367	1453	1437	1202	1203	1462	1079	1337	1338	1467	1244	1021	1434
1330	1345	1346	1478	1	1352	1289	1031	1474	1489	1171	1087
1331	1056	1511	1486	1103	1042	1299	1204	1365	1438	1368	1300	1210	958	1439
1332	1248	1125	1450	1326	1327	1457	1302	1303	1455	1276	1445
1333	1	1384	1223	1064	1262	1391	1288	1170	1236	1434
1334	1	1164	1260	1468	1263	1264	1110	1305	1209	1402	1339	1340	1117
1335	1472	1443	1174	1194	1387	1394	1206
1336	1232	1451	1431	1287	1257	1351	1327	1072	1169	1202	1459	1457	1303	1432	1471
1337	1219	1414	1286	1223	1452	1297	1329	1453	1233	1460	1461	1367	1433	1338	1467	1244	1149	1278
1338	1219	1415	1329	1224	1223	1453	1391	1297	1433	1337	1434
1339	1	1475	1334	1063	1289	1260	1268	1110	1209	1420	1468	1340	1150	1503
1340	1346	1475	1420	1447	1385	1323	1164	1264	1334	1209	1146	1339	1468
1341	1506	1251	1356	1488	1143	1178	1308	1470
1342	1	1380	1349	1254	65	1192	977	1362	1240	1274	1370	1181	1311
1343	1	1186	1411	1217	1319	1292	1198	1395	1358	1243
1344	1313	1381	1	1293	1295	1114	1213	1374
1345	1346	1476	1478	1446	1031	1352	1298	1229	1474	1489	1330	1171
1346	1376	1345	1474	1475	1476	1031	1032	1289	1482	1330	1420	1165	1298	1171	1385	1209	1146	1340
1347	1216	1	1348	1160	1325	1192	1408	1400	1309
1348	1216	1	1058	1347	1160	1418	1067	1282	1358	1266	1176	1408	1309	1310	1247
1349	1	1218	1254	65	1321	1167	977	1362	1363	1275	1342
1350	1	1371	1285	1354	1355	1136	1201	1046	1242	1243
1351	1432	1287	1257	1327	1296	1329	1202	1459	1462	1367	1336	1437	1471
1352	1	1314	1478	1446	1345	1229	1330	1171	1493	1473
1353	1185	1154	1464	1318	1416	1226	1291	1250	1405	1424	1448	1269	1142	1111	1272	1442	1404	1386
1354	1	1371	1350	1319	1198	1136	1395	1397	1242	1243	1212
1355	1	1285	1350	1249	1232	1201	1371	1373
1356	1	1506	1251	1089	1271	1488	1393	1379	1205	1270	1143	1308	1341	1407
1357	1281	1154	1477	1318	1416	1131	1369
1358	1	1186	1411	1348	1217	1418	1292	1282	1176	1343	1247
1359	1	1382	1415	1193	1360	1297	1304	1433	1278	1279
1360	1	1415	1224	1193	1261	1359	1392	1297	1138	1304	1306	1115
1361	1443	1317	1033	1483	1454	1103	1265	1042	1300	1365	1366	1417	1050	1469	1406
1362	1	1218	1380	1349	65	1363	1396	1342
1363	1	1218	1221	1377	1321	1168	1362	1364	1396	1349
1364	1	1187	1221	1377	1321	1168	1363	1301	1372
1365	1315	1317	1511	1032	1033	1522	1454	1103	1361	1042	1331	1300	1486	1366	1368	1423	1469
1366	1376	1315	1361	1033	1483	1298	1454	1165	1265	1042	1365	1406
1367	1286	1351	1296	1329	1202	1203	1461	1462	1337	1467	1244
1368	1378	1315	1510	1511	1032	1331	1454	1423	1042	1299	1365	1210	1438
1369	1157	1318	1449	1131	1388	1357	1273	1477
1370	1	1380	65	1192	1069	1325	1400	1401	1342	1311
1371	1	1350	1256	1354	1355	1232	1201	1427	1397	1243	1373
1372	1	1187	1124	1221	1377	1413	1419	1293	1168	1364	1301	1374	1381
1373	1	1410	1249	1257	1258	1355	1328	1232	1137	1427	1431	1371	1020
1374	1344	1	1187	1381	1382	1313	1372	1419	1233	1148	1213	1278	1414
1375	1	1235	1320	1481	1299	1428	1429
1376	1346	1315	1476	1033	1482	1483	1484	1165	1454	1298	1366	1385	1146	1307	1406
1377	1	1284	1221	1412	1363	1364	1396	1372	1413
1378	1473	1510	1511	1480	1225	1322	1229	1518	1423	1299	1428	1463	1368	1529	1210	1438
1379	1440	1	1316	1441	1356	1290	1324	1102	1488	1393	1270	1271	1501	1407
1380	1	65	1069	1362	1396	1401	1370	1342
1381	1344	1	1187	1419	1293	1114	1372	1213	1374
1382	1	1414	1313	1193	1359	1374	1433	1148	1278	1279
1383	1	1410	1222	1287	1257	1260	1389	1328	1137	1268	1432
1384	1	1288	1259	1389	1236	1333	1305	1434	1437
1385	1376	1346	1475	1447	1482	1323	1484	1165	1519	1538	1523	1146	1307	1340	1483
1386	1291	1448	1353	1323	1485	1500	1487	1490	1173	1398	1399	1272	1307	1404
1387	1472	1317	1417	1517	1174	1335	1245
1388	1	1449	1157	1369	1273
1389	1	1383	1222	1287	1384	1259	1260	1432	1305	1116	1437
1390	1280	1504	1495	1505	1417	1227	1484	1492	1173	1430	1399	1502	1465	1307	1532	1406
1391	1	1223	1224	1415	1453	1262	1392	1170	1333	1306	1338	1434
1392	1	1415	1224	1391	1360	1297	1306
1393	1	1379	1356	1270
1394	1472	1443	1191	1513	1194	1479	1206	1335	1499	1308	1470	1407
1395	1	1411	1319	1354	1198	1397	1243	1343
1396	1312	1	1218	1284	1221	65	1363	1069	1377	1409	1425	1362	1139	1412	1401	1380
1397	1	1283	1217	1256	1354	1411	1395	1371	1243	1436	1427
1398	1291	1190	1447	1500	1386	1323	1264	1490	1496	1402	1403	1404	1498
1399	1281	1323	1509	1386	1227	1485	1390	1490	1492	1173	1430	1272	1307	1500
1400	1216	1	1347	1192	1069	1325	1266	1401	1370	1408
1401	1312	1	1380	1255	1069	1421	1425	1266	1396	1400	1370	1408
1402	1	1398	1190	1447	1163	1263	1264	1334	1496	1403	1468
1403	1	1190	1163	1263	1424	1269	1398	1496	1402	1404	1498
1404	1398	1190	1448	1353	1386	1291	1487	1424	1269	1142	1498	1403	1500
1405	1	1250	1318	1448	1353	1226	1442	1424	1491	1464
1406	1280	1376	1495	1265	1033	938	1483	1484	1390	1361	1516	1366	1417	1307	1469	1502
1407	1441	1379	1191	1512	1324	1194	1356	1533	1488	1394	1443	1271	1499	1308	1501	1470
1408	1216	1	1347	1348	1418	1421	1266	1400	1401
1409	1312	1	1412	1444	1422	1425	1426	1267	1396	1284
1410	1	1383	1257	1451	1328	1137	1431	1432	1373
1411	1	1283	1397	1217	1418	1421	1247	1395	1358	1243	1436	1343
1412	1	1284	1221	1377	1422	1231	1409	1426	1396	1413
1413	1	1187	1284	1221	1377	1419	1422	1231	1233	1412	1372	1277
1414	1	1382	1286	1419	1452	1233	1460	1278	1433	1337	1374
1415	1	1224	1453	1359	1360	1297	1392	1433	1338	1391	1278
1416	1185	1154	1477	1318	1281	1448	1353	1515	1357	1485	1520	1464	1272	1487	1509
1417	1280	1472	1507	1317	1361	1387	1517	1390	1469	1265	1505	1238	1495	1245	1406
1418	1408	1	1411	1348	1421	1358	1266	1247
1419	1414	1	1187	1381	1286	1422	1233	1458	1460	1372	1277	1374	1413
1420	1	1346	1475	1289	1482	1474	1209	1339	1340	1503
1421	1408	1	1283	1255	1436	1418	1326	1455	1425	1266	1411	1401	1466	1276	1247
1422	1409	1284	1413	1	1419	1458	1294	1231	1426	1412	1277
1423	1473	1378	1315	1510	1446	1511	1480	1229	1454	1298	1365	1529	1368	1518	1210	1493
1424	1	1250	1448	1353	1491	1269	1498	1403	1404	1405
1425	1312	1	1444	1255	1421	1326	1409	1267	1396	1401	1466
1426	1	1284	1409	1444	1294	1231	1456	1458	1267	1422	1302	1412
1427	1248	1	1445	1256	1431	1232	1397	1303	1371	1436	1373
1428	1	1378	1235	1225	1514	1481	1299	1463	1438	1375
1429	1440	1	1320	1481	1290	1299	1237	1497	1439	1375
1430	1504	1281	1509	1227	1390	1492	1399	1272	1465
1431	1	1410	1445	1257	1451	1232	1457	1427	1303	1336	1373
1432	1	1410	1383	1351	1257	1287	1389	1451	1462	1336	1437	1471
1433	1	1414	1382	1415	1452	1453	1359	1297	1337	1338	1278
1434	1	1384	1223	1288	1453	1391	1329	1333	1338	1467	1437
1435	1440	1441	1443	1316	1546	1525	1324	1524	1486	1300	1237	1494	1497	1204	1439
1436	1248	1	1283	1445	1256	1427	1421	1455	1411	1397	1276
1437	1287	1	1384	1351	1288	1259	1389	1329	1462	1432	1434	1467
1438	1378	1511	1299	1481	1514	1518	1331	1428	1463	1368	1531	1439
1439	1531	1316	1511	1299	1481	1514	1525	1524	1486	1331	1300	1237	1497	1204	1435	1546	1438	1429
1440	1	1379	1316	1441	1290	1525	1324	1237	1494	1497	1435	1501	1429
1441	1440	1379	1512	1194	1324	1533	1443	1300	1494	1435	1501	1407
1442	1	1508	1477	1318	1353	1226	1491	1449	1464	1273	1405
1443	1472	1441	1499	1317	1479	1494	1512	1194	1166	1513	1361	1394	1507	1300	1486	1174	1335	1435	1469	1407
1444	1	1409	1450	1326	1456	1425	1426	1267	1302	1466
1445	1248	1	1303	1455	1457	1427	1332	1431	1436
1446	1345	1315	1476	1510	1478	1473	1352	1229	1454	1423	1544	1298	1493	1529
1447	1547	1537	1538	1475	1385	1323	1468	1519	1264	1521	1490	1398	1496	1402	1307	1340
1448	1416	1353	1386	1500	1487	1424	1464	1491	1272	1498	1404	1405
1449	1	1442	1508	1477	1318	1388	1273	1369	1535
1450	1	1444	1326	1327	1456	1457	1459	1332	1302	1466	1455
1451	1	1410	1457	1257	1432	1431	1336	1471
1452	1	1286	1414	1453	1460	1461	1337	1433	1467
1453	1	1415	1452	1391	1329	1433	1337	1338	1467	1434
1454	1376	1536	1315	1476	1510	1446	1511	1526	1483	1516	1522	1423	1361	1298	1365	1366	1368	1549	1469
1455	1248	1	1283	1445	1436	1450	1421	1326	1457	1332	1466	1276
1456	1	1444	1450	1458	1294	1296	1426	1459	1461	1302
1457	1	1451	1445	1450	1303	1327	1459	1332	1431	1336	1455	1471
1458	1	1286	1419	1294	1296	1426	1456	1460	1422	1277	1461
1459	1	1462	1351	1450	1327	1296	1457	1456	1461	1302	1336	1471
1460	1	1286	1414	1419	1452	1233	1458	1461	1337
1461	1	1286	1452	1459	1296	1458	1456	1460	1462	1367	1337	1467
1462	1	1351	1296	1329	1459	1461	1367	1432	1467	1437	1471
1463	1	1378	1480	1225	1322	1518	1235	1428	1531	1514	1438
1464	1442	1508	1477	1318	1416	1353	1515	1485	1487	1448	1491	1527	1405
1465	1280	1504	1156	1505	1227	1390	1430
1466	1	1444	1255	1450	1421	1326	1455	1425	1276
1467	1	1452	1453	1329	1461	1462	1367	1337	1434	1437
1468	1	1475	1447	1264	1521	1334	1496	1402	1339	1340	1503
1469	1472	1443	1317	1417	1483	1516	1454	1361	1522	1507	1300	1365	1526	1495	1486	1528	1406
1470	1506	1488	1394	1499	1308	1341	1407
1471	1	1351	1457	1451	1432	1459	1462	1336
1472	1443	1317	1479	1512	1417	1387	1517	1550	1513	1394	1507	1174	1335	1469
1473	1	1314	1378	1446	1352	1322	1229	1423	1480	1493	1529
1474	1	1346	1476	1345	1289	1482	1420	1489	1330	1530	1503
1475	1346	1307	1447	1385	1482	1547	1420	1538	1468	1519	1521	1523	1545	1339	1340	1503
1476	1376	1345	1346	1478	1446	1544	1510	1482	1483	1474	1454	1489	1298	1523	1542	1536	1530
1477	1442	1508	1318	1416	1449	1515	1357	1464	1369	1535
1478	1544	1	1476	1542	1446	1345	1352	1489	1330	1493
1479	1472	1513	1394	1443	1499
1480	1	1378	1473	1322	1518	1423	1463	1529
1481	1	1514	1299	1428	1429	1497	1439	1546	1438	1375
1482	1376	1346	1475	1476	1385	1483	1420	1474	1489	1523	1545	1530	1503
1483	1376	1536	1476	1526	1385	1482	1484	1454	1523	1361	1516	1366	1551	1469	1406
1484	1376	1385	1483	1516	1390	1519	1523	1492	1502	1551	1307	1406
1485	1281	1572	1509	1527	1416	1386	1515	1487	1520	1464	1492	1552	1399	1272	1500	1534	1541
1486	1443	1511	1507	1522	1331	1300	1365	1494	1524	1435	1469	1439
1487	1464	1540	1541	1416	1500	1386	1485	1448	1554	1491	1527	1272	1498	1404
1488	1	1506	1379	1533	1356	1501	1548	1499	1308	1341	1470	1407
1489	1	1474	1476	1542	1478	1345	1482	1330	1530
1490	1537	1538	1547	1540	1558	1447	1386	1323	1519	1492	1557	1398	1399	1496	1307	1500
1491	1	1442	1508	1448	1487	1424	1527	1464	1498	1405
1492	1504	1509	1543	1484	1485	1390	1519	1490	1534	1430	1399	1307	1500	1502
1493	1	1446	1478	1473	1352	1510	1423	1544	1529
1494	1440	1441	1443	1512	1486	1533	1539	1507	1524	1525	1568	1560	1435	1501
1495	1505	1507	1417	1516	1517	1390	1406	1528	1532	1469	1502
1496	1	1447	1500	1547	1521	1490	1537	1398	1402	1403	1468	1498
1497	1440	1	1316	1429	1481	1546	1525	1237	1435	1439
1498	1	1540	1537	1448	1500	1487	1424	1491	1398	1527	1496	1403	1404
1499	1506	1443	1479	1512	1513	1548	1488	1394	1564	1533	1470	1407
1500	1537	1554	1558	1540	1541	1448	1386	1485	1487	1490	1492	1557	1398	1399	1496	1498	1519	1404	1565	1534
1501	1440	1	1379	1441	1488	1525	1494	1533	1407
1502	1504	1543	1516	1484	1390	1519	1492	1495	1562	1551	1532	1406
1503	1	1474	1475	1545	1482	1420	1521	1530	1339	1468
1504	1505	1509	1543	1390	1555	1492	1534	1430	1465	1532	1502
1505	1280	1504	1543	1417	1517	1390	1555	1495	1465	1563	1532
1506	1	1548	1356	1488	1499	1341	1470
1507	1472	1443	1553	1512	1417	1517	1486	1513	1522	1539	1524	1550	1494	1495	1528	1469
1508	1	1442	1477	1449	1515	1552	1491	1527	1464	1535
1509	1504	1281	1541	1574	1543	1416	1485	1520	1492	1430	1399	1534
1510	1536	1378	1476	1446	1511	1544	1578	1559	1549	1454	1423	1587	1556	1493	1526	1529	1368	1518	1566
1511	1378	1561	1510	1546	1559	1549	1454	1423	1585	1522	1331	1524	1365	1529	1368	1518	1486	1531	1438	1439
1512	1472	1441	1443	1513	1591	1548	1550	1539	1507	1494	1584	1499	1564	1533	1407
1513	1472	1443	1479	1512	1548	1550	1394	1507	1499	1564
1514	1	1481	1546	1428	1463	1531	1438	1439
1515	1552	1573	1508	1477	1416	1485	1520	1527	1464	1535
1516	1571	1577	1483	1484	1454	1551	1592	1522	1502	1526	1495	1528	1562	1583	1532	1469	1406	1589
1517	1472	1505	1507	1575	1417	1387	1550	1582	1495	1528	1563	1532	1589
1518	1	1378	1510	1511	1480	1559	1423	1463	1529	1531	1438
1519	1579	1538	1475	1447	1576	1385	1543	1484	1551	1490	1523	1492	1534	1558	1562	1307	1500	1532	1502
1520	1573	1572	1541	1574	1416	1515	1485	1552	1593	1534	1509
1521	1	1475	1447	1545	1547	1537	1496	1468	1503
1522	1600	1507	1605	1609	1511	1577	1516	1549	1486	1583	1553	1571	1524	1365	1526	1454	1528	1556	1469
1523	1536	1569	1538	1475	1476	1542	1385	1482	1483	1484	1519	1545	1530	1551	1580	1567
1524	1600	1507	1511	1546	1549	1486	1581	1553	1522	1539	1525	1494	1560	1561	1435	1439
1525	1440	1	1546	1533	1524	1494	1568	1560	1497	1435	1501	1439
1526	1536	1571	1510	1483	1516	1549	1454	1551	1522	1556	1469
1527	1	1572	1508	1541	1515	1485	1487	1552	1554	1491	1464	1540	1498
1528	1507	1577	1516	1517	1550	1583	1553	1522	1582	1495	1532	1469	1589
1529	1	1378	1510	1446	1473	1480	1511	1518	1423	1544	1493	1559	1566
1530	1	1474	1476	1542	1569	1545	1482	1489	1523	1567	1503
1531	1	1511	1514	1559	1518	1463	1561	1546	1438	1439
1532	1504	1505	1595	1543	1579	1516	1517	1390	1519	1592	1555	1589	1495	1528	1562	1563	1502
1533	1568	1	1539	1441	1512	1591	1548	1488	1525	1494	1584	1499	1501	1407
1534	1504	1611	1603	1509	1574	1543	1579	1485	1519	1520	1586	1492	1558	1593	1500	1565	1541
1535	1	1508	1477	1449	1515	1552	1573
1536	1476	1542	1510	1544	1578	1483	1580	1454	1551	1523	1556	1526
1537	1	1540	1447	1547	1521	1490	1557	1496	1498	1500
1538	1570	1475	1590	1447	1576	1385	1547	1519	1490	1523	1557	1558	1545	1551	1598	1567
1539	1568	1507	1512	1581	1550	1584	1553	1524	1494	1591	1560	1588	1533
1540	1	1541	1537	1554	1487	1490	1557	1527	1498	1500	1565
1541	1603	1540	1509	1574	1485	1487	1520	1554	1586	1527	1572	1593	1500	1565	1534
1542	1536	1	1476	1478	1569	1544	1578	1580	1489	1523	1530
1543	1504	1505	1509	1574	1579	1519	1555	1492	1534	1563	1532	1502
1544	1536	1	1476	1478	1510	1446	1542	1493	1529	1578	1566
1545	1	1538	1475	1482	1547	1521	1523	1530	1567	1503
1546	1	1531	1511	1481	1514	1581	1524	1525	1561	1560	1497	1435	1439
1547	1	1538	1475	1447	1545	1570	1521	1490	1537	1557	1496	1567
1548	1	1506	1512	1513	1488	1584	1499	1564	1533
1549	1600	1571	1561	1605	1510	1511	1581	1454	1604	1553	1522	1587	1524	1585	1526	1559	1556	1566
1550	1472	1507	1606	1575	1512	1513	1607	1591	1517	1582	1584	1553	1539	1577	1528	1564	1596
1551	1536	1538	1556	1562	1567	1569	1571	1576	1580	1597	1598	1601	1604	1608	1483	1484	1613	1502	1516	1519	1523	1526
1552	1	1508	1573	1515	1485	1520	1527	1572	1535
1553	1600	1539	1606	1577	1549	1550	1581	1522	1507	1524	1591	1528	1588
1554	1	1540	1541	1487	1586	1557	1527	1572	1500	1565
1555	1504	1505	1595	1543	1579	1563	1532
1556	1536	1601	1571	1604	1510	1578	1580	1549	1551	1522	1587	1526
1557	1	1538	1540	1590	1537	1547	1554	1490	1570	1558	1500	1565
1558	1538	1603	1576	1610	1579	1570	1519	1490	1586	1602	1557	1590	1500	1565	1534
1559	1	1510	1511	1549	1518	1585	1587	1561	1529	1531	1566
1560	1568	1	1539	1546	1581	1524	1525	1494	1588
1561	1	1511	1546	1549	1581	1585	1524	1559	1531
1562	1595	1571	1604	1576	1612	1579	1516	1613	1551	1608	1592	1615	1519	1532	1597	1502
1563	1505	1543	1579	1517	1555	1589	1592	1595	1532	1599
1564	1	1512	1513	1548	1550	1584	1499	1596
1565	1	1540	1541	1590	1586	1554	1557	1558	1500	1534
1566	1	1510	1544	1578	1549	1587	1559	1529
1567	1	1538	1569	1545	1547	1570	1551	1523	1590	1530	1597	1598
1568	1	1539	1584	1588	1525	1494	1591	1560	1533
1569	1	1542	1580	1551	1523	1530	1597	1567
1570	1	1538	1590	1547	1557	1558	1567
1571	1601	1604	1605	1516	1549	1551	1522	1556	1526	1592	1562	1583
1572	1	1541	1485	1520	1554	1586	1552	1527	1593	1573
1573	1	1572	1515	1520	1552	1593	1535
1574	1611	1603	1509	1543	1579	1520	1593	1594	1534	1541
1575	1607	1517	1614	1582	1550	1596
1576	1538	1590	1608	1579	1602	1551	1558	1562	1519	1598
1577	1600	1605	1606	1607	1609	1516	1582	1583	1553	1522	1550	1528
1578	1536	1	1510	1542	1601	1544	1580	1587	1556	1566
1579	1602	1595	1615	1574	1543	1576	1610	1611	1618	1519	1608	1603	1555	1558	1562	1563	1532	1594	1534
1580	1536	1	1542	1569	1578	1551	1523	1556	1601	1597
1581	1600	1	1539	1585	1546	1549	1588	1553	1524	1560	1561
1582	1606	1575	1577	1607	1517	1550	1583	1617	1589	1609	1528	1614
1583	1571	1605	1617	1577	1516	1582	1616	1592	1522	1589	1609	1528
1584	1568	1	1539	1607	1512	1596	1548	1550	1591	1564	1533
1585	1600	1	1511	1581	1549	1587	1559	1561
1586	1	1602	1603	1572	1541	1590	1554	1558	1593	1565	1534
1587	1600	1	1604	1605	1510	1601	1578	1549	1585	1556	1559	1566
1588	1568	1	1539	1606	1581	1553	1591	1560	1600
1589	1595	1617	1621	1516	1517	1582	1583	1616	1592	1619	1620	1614	1528	1563	1532	1599
1590	1	1538	1576	1570	1586	1602	1557	1558	1565	1598	1567
1591	1568	1	1539	1606	1607	1512	1550	1584	1553	1588	1533
1592	1595	1571	1604	1605	1612	1615	1516	1613	1583	1616	1620	1589	1562	1563	1532	1599
1593	1	1603	1572	1541	1574	1611	1520	1586	1534	1573
1594	1611	1579	1574
1595	1	1579	1621	1615	1618	1555	1620	1589	1592	1562	1563	1532	1599
1596	1	1607	1575	1550	1584	1614	1564
1597	1	1604	1569	1608	1612	1580	1613	1551	1601	1562	1598	1567
1598	1	1538	1576	1602	1551	1608	1590	1597	1567
1599	1592	1595	1563	1589	1621
1600	1	1605	1606	1585	1577	1549	1581	1553	1522	1587	1524	1609	1588
1601	1	1571	1604	1578	1580	1551	1587	1556	1597
1602	1	1603	1558	1576	1610	1579	1608	1586	1590	1598
1603	1	1602	1611	1541	1574	1610	1579	1586	1558	1593	1534
1604	1	1571	1605	1601	1612	1549	1551	1587	1556	1592	1562	1597	1613
1605	1600	1	1571	1604	1577	1612	1549	1583	1616	1522	1587	1609	1592
1606	1600	1	1609	1607	1577	1582	1553	1588	1550	1617	1591
1607	1	1614	1606	1575	1577	1582	1584	1617	1550	1591	1596
1608	1	1602	1576	1610	1579	1613	1551	1562	1615	1597	1598
1609	1600	1	1605	1606	1577	1582	1583	1616	1617	1522
1610	1	1602	1603	1608	1579	1611	1615	1618	1558
1611	1	1603	1574	1610	1579	1618	1593	1594	1534
1612	1	1604	1605	1613	1616	1592	1562	1597
1613	1	1604	1608	1612	1551	1616	1620	1592	1562	1615	1597
1614	1	1607	1575	1582	1617	1619	1589	1596
1615	1	1608	1610	1579	1613	1618	1620	1592	1562	1595
1616	1	1605	1609	1612	1613	1583	1617	1620	1589	1592	1621
1617	1	1606	1607	1609	1582	1583	1616	1619	1589	1614	1621
1618	1	1611	1610	1579	1615	1620	1621	1595
1619	1621	1	1589	1614	1617
1620	1	1613	1615	1616	1618	1589	1592	1595	1621
1621	1	1616	1617	1618	1619	1620	1589	1595	1599
