1	721605.740104
2	106.087313893
3	60.3175315815
4	47.5160755442
5	37.1509802269
6	181.051175814
7	68.1476851092
8	181.389168053
9	67.1337083934
10	137.295263924
11	134.309665817
12	81.6955406734
13	115.128606276
14	59.4162189452
15	72.9218254796
16	64.6128496138
17	49.262368777
18	39.4324278375
19	140.337194072
20	132.422542484
21	238.171864139
22	34.8272835865
23	132.760534723
24	74.9075298814
25	131.253652659
26	87.3569106701
27	42.8405162435
28	84.723387811
29	123.536163211
30	99.1303069816
31	75.2736881399
32	118.663441771
33	62.6834772518
34	33.4189825923
35	138.985225117
36	175.065896589
37	98.538820564
38	248.058137118
39	85.3852892782
40	214.695486566
41	37.2213952767
42	152.95557098
43	164.799382341
44	142.393313523
45	209.358025797
46	165.320453709
47	157.631130281
48	82.1321139816
49	107.270286728
50	24.0537809809
51	135.633468751
52	40.1084123148
53	100.059785638
54	457.331664856
55	187.782854566
56	147.716691281
57	132.464791514
58	101.806078871
59	22.9553062054
60	202.682679085
61	1267.9215511
62	200.823721773
63	81.1603862956
64	795.985804931
65	8985.03075803
66	215.216557933
67	56.9657752153
68	145.491575711
69	20.2513682966
70	151.533186976
71	97.4966778283
72	177.798000518
73	57.9093368814
74	256.071369775
75	123.522080201
76	229.102405736
77	129.704521566
78	48.1779770115
79	170.094594079
80	43.9671570389
81	264.408511661
82	186.599881731
83	135.422223602
84	148.01243449
85	54.7547426544
86	31.2642820712
87	125.240207414
88	237.98878501
89	357.370460288
90	60.204867502
91	200.964551872
92	62.4863151126
93	281.53345175
94	21.7582503604
95	107.706860036
96	118.395864582
97	145.998564069
98	96.2292069336
99	277.040971579
100	140.125948923
101	1756.36258491
102	168.221553757
103	1080.01194944
104	177.713502458
105	31.1797840115
106	45.4881221126
107	250.550829878
108	844.61443826
109	50.8678319104
110	66.6408030455
111	85.695115497
112	220.96242599
113	384.677416565
114	64.331189415
115	86.3570169642
116	27.9829407547
117	91.9198058913
118	49.3609498466
119	1112.86761164
120	165.644362938
121	47.5301585542
122	443.333152974
123	78.0057920686
124	258.310568356
125	104.622680859
126	375.326297964
127	11.886060391
128	345.090075618
129	328.387625827
130	178.488068005
131	134.436412906
132	105.622574565
133	254.719400821
134	95.6658865359
135	229.229152826
136	2116.01449281
137	204.682466497
138	54.4871654655
139	23.9833659312
140	114.973693166
141	353.328636434
142	136.957271686
143	198.288779983
144	38.2635380124
145	61.5286704365
146	55.0223198433
147	304.376093876
148	77.0199813727
149	184.45926422
150	98.1867453155
151	570.826641978
152	164.99654448
153	196.218577522
154	777.325816758
155	126.944251617
156	255.719294526
157	289.419937318
158	211.681722438
159	232.98931648
160	384.775997635
161	24.5607693388
162	36.2496675907
163	377.861239753
164	91.3564854936
165	506.692614703
166	24.1664450604
167	139.576711535
168	63.598872898
169	362.905083195
170	94.173087482
171	643.466807259
172	129.465110397
173	47.7132376834
174	144.266353846
175	128.056809402
176	21.8004993902
177	325.3738617
178	69.3165749344
179	92.22963211
180	36.883403038
181	105.369080386
182	19.8007119784
183	66.3591428466
184	9.35111860148
185	145.7591529
186	410.547905829
187	17.4206832982
188	171.573310123
189	75.8792575674
190	149.688312673
191	308.615079869
192	41.0519739809
193	463.50002321
194	37.4748894556
195	52.684540193
196	307.868680342
197	205.724609232
198	101.93282596
199	157.152307943
200	1745.20884104
201	969.713815575
202	208.7947054
203	297.954241342
204	132.295795395
205	1120.59918409
206	77.5692187604
207	48.1075619618
208	47.0231701963
209	101.101928373
210	49.3187008168
211	75.0624429908
212	80.8083110471
213	130.225592933
214	37.1509802269
215	29.9404791367
216	6.74576176221
217	7.77382148797
218	153.166816129
219	137.027686735
220	172.26337761
221	269.098153971
222	327.922886499
223	177.23468012
224	184.219853051
225	129.169367188
226	234.862356802
227	130.479087112
228	233.904712126
229	142.083487305
230	126.986500647
231	102.397565288
232	326.063929187
233	110.762873194
234	217.117764276
235	184.262102081
236	159.321091474
237	223.31428865
238	278.773181802
239	406.829991204
240	283.124831874
241	155.37784869
242	109.28415715
243	180.487855416
244	248.353880327
245	258.268319326
246	350.483868426
247	233.749799017
248	162.278523561
249	251.860549802
250	145.928149019
251	112.593664486
252	196.204494512
253	217.765582733
254	549.688044055
255	184.839505489
256	179.178135492
257	171.150819825
258	170.066428059
259	280.336395905
260	94.0745064124
261	200.232235355
262	201.147631001
263	171.587393133
264	189.078491481
265	148.927830136
266	291.19439657
267	63.7397029974
268	235.34117914
269	303.756441439
270	142.266566434
271	163.841737665
272	106.425306132
273	125.550033633
274	46.6710949477
275	158.884518165
276	167.841312489
277	151.674017075
278	205.611945153
279	135.281393503
280	9.3933676313
281	133.633681339
282	180.361108327
283	131.591644898
284	180.163946188
285	298.334482611
286	125.564116643
287	215.92070843
288	77.5410527405
289	26.1239834424
290	130.845245371
291	274.2384526
292	241.608118565
293	156.307327346
294	88.4835514655
295	149.139075286
296	158.898601175
297	118.87468692
298	310.840195439
299	187.768771556
300	177.713502458
301	183.093212256
302	101.270924493
303	136.886856636
304	118.480362642
305	168.221553757
306	181.361002033
307	123.043257863
308	213.019608382
309	132.521123554
310	75.8229255276
311	194.17654108
312	65.8239884688
313	208.949618509
314	82.4278571904
315	191.219108992
316	186.106976383
317	170.474835348
318	197.007226078
319	115.832756773
320	86.4837640537
321	115.945420852
322	152.8429069
323	194.27512215
324	135.126480393
325	165.278204679
326	317.712704291
327	106.69288332
328	218.624646339
329	103.777700262
330	156.715734634
331	149.758727723
332	155.532761799
333	413.265926747
334	199.936492146
335	146.759046605
336	305.713979821
337	229.144654766
338	110.171386776
339	281.716530879
340	302.319974425
341	225.76473238
342	197.767708615
343	252.832277488
344	178.178241786
345	158.659190006
346	255.395385298
347	201.682785379
348	155.504595779
349	146.744963595
350	186.726628821
351	199.13376058
352	200.373065455
353	143.365041209
354	429.461388181
355	165.602113908
356	231.693679565
357	108.749002772
358	205.626028163
359	432.348405219
360	175.713715046
361	478.442096759
362	203.344580552
363	194.599031378
364	87.7512349485
365	139.647126585
366	153.209065159
367	260.803261116
368	227.271614444
369	223.877609048
370	235.327096131
371	167.827229479
372	143.15379606
373	326.317423366
374	162.405270651
375	108.087101305
376	137.689588203
377	148.801083047
378	79.0338517944
379	120.789976272
380	146.857627675
381	159.813996822
382	184.994418598
383	175.277141738
384	434.39044166
385	644.551199025
386	192.556994937
387	220.075196363
388	271.80209188
389	259.76111838
390	161.771535204
391	145.280330561
392	186.543549691
393	151.068447648
394	118.297283513
395	455.867031822
396	236.143910707
397	203.414995602
398	263.859274273
399	329.711428762
400	374.847475626
401	92.9056165872
402	215.286972983
403	146.125311158
404	201.45745722
405	163.306583287
406	120.240738885
407	126.507678309
408	231.468351406
409	721.726093507
410	215.96295746
411	178.797894223
412	230.299461581
413	242.410850131
414	201.51378926
415	179.403463651
416	159.997075951
417	133.760428429
418	15.4208958865
419	200.330816425
420	314.614442104
421	134.605409025
422	285.673856673
423	113.396396053
424	294.996809255
425	247.072326422
426	94.4547476809
427	212.287291865
428	82.9911775881
429	241.453205455
430	92.4127112393
431	84.3994785823
432	123.87415545
433	122.719348634
434	145.53382474
435	210.048093285
436	176.910770891
437	451.177389511
438	167.165328011
439	232.327415013
440	77.6396338101
441	170.714246517
442	170.319922238
443	187.275866208
444	97.581175888
445	257.747247958
446	246.072432716
447	202.668596075
448	136.182706139
449	309.755803674
450	259.169631962
451	269.084070961
452	996.499700485
453	335.738957017
454	119.522505378
455	174.77015338
456	232.566826182
457	110.762873194
458	137.717754223
459	156.912896774
460	267.464524818
461	222.060900765
462	282.815005655
463	260.873676165
464	287.772225154
465	378.156982962
466	90.7368330562
467	115.114523266
468	149.646063643
469	244.509218613
470	164.602220202
471	225.454906161
472	319.149171305
473	140.435775141
474	196.58473578
475	345.794226115
476	172.30562664
477	95.6658865359
478	147.97018546
479	94.8631549692
480	121.944783088
481	110.354465905
482	78.0902901283
483	197.781791625
484	279.660411428
485	334.006746794
486	299.616036516
487	220.032947334
488	160.363234209
489	122.916510774
490	219.751287135
491	241.185628266
492	235.031352922
493	252.212625051
494	165.573947888
495	137.689588203
496	213.991336068
497	189.30381964
498	161.461708985
499	162.306689581
500	316.008660088
501	279.308336179
502	355.455170936
503	342.780461988
504	118.156453413
505	119.874580626
506	159.123929334
507	221.863738626
508	240.636390879
509	163.151670178
510	211.442311269
511	143.435456259
512	266.647710241
513	150.42062919
514	302.024231216
515	82.1884460214
516	152.8429069
517	177.657170418
518	134.887069224
519	154.941275382
520	424.87032694
521	109.044745981
522	143.731199468
523	343.033956167
524	116.776318439
525	122.916510774
526	295.081307314
527	96.8347763611
528	183.938192852
529	118.156453413
530	247.114575452
531	279.364668219
532	239.537916103
533	187.684273497
534	194.16245807
535	127.141413756
536	146.561884466
537	148.744751007
538	366.313171601
539	599.55598226
540	205.865439332
541	195.922834313
542	94.6378268101
543	301.812986067
544	360.412390435
545	239.256255904
546	116.762235429
547	392.155494844
548	147.237868943
549	444.896367077
550	130.648083232
551	129.662272536
552	213.090023432
553	296.12345005
554	165.320453709
555	483.554229368
556	197.584629486
557	213.977253058
558	107.946271205
559	175.403888827
560	103.510123074
561	117.480468936
562	118.90285294
563	124.451558857
564	204.513470377
565	205.316201944
566	161.841950253
567	218.202156041
568	170.812827586
569	206.752668958
570	154.504702073
571	154.561034113
572	170.038262039
573	232.059837824
574	206.668170899
575	126.352765199
576	189.26157061
577	109.002496951
578	312.178081384
579	453.79682936
580	198.809851351
581	182.14965059
582	206.654087889
583	115.001859186
584	165.03879351
585	100.721687105
586	223.27203962
587	119.480256348
588	143.674867428
589	191.78242939
590	244.889459881
591	219.554124995
592	174.094168903
593	121.170217541
594	249.90301142
595	148.01243449
596	328.274961748
597	125.099377315
598	85.0754630595
599	134.858903204
600	216.976934176
601	162.884092989
602	133.5773493
603	220.314607532
604	263.295953875
605	131.901471117
606	226.863207155
607	210.639579702
608	194.345537199
609	172.530954799
610	199.499918838
611	122.268692316
612	144.843757253
613	424.926658979
614	153.209065159
615	141.900408175
616	310.121961932
617	155.2511016
618	135.90104594
619	113.635807222
620	175.770047086
621	155.32151665
622	169.615771741
623	154.561034113
624	136.126374099
625	246.410424955
626	109.565817349
627	294.461654877
628	147.026623794
629	331.753465203
630	219.765370145
631	108.523674613
632	254.325076542
633	226.173139668
634	23.9974489411
635	68.2462661788
636	151.406439886
637	167.855395498
638	136.408034298
639	166.052770226
640	226.482965887
641	174.84056843
642	258.817556714
643	182.276397679
644	360.975710833
645	398.450600288
646	135.168729423
647	133.45060221
648	160.447732269
649	134.070254648
650	238.974595705
651	247.325820601
652	284.11064257
653	198.866183391
654	264.49300972
655	264.225432531
656	26.7577188898
657	141.013178549
658	247.170907492
659	288.236964483
660	185.107082677
661	290.391665004
662	436.671889271
663	241.960193813
664	108.946164911
665	154.363871974
666	160.26465314
667	416.645849134
668	189.571396829
669	203.80931988
670	175.657383006
671	437.868945116
672	258.366900396
673	162.70101386
674	186.346387552
675	105.059254167
676	86.9485033818
677	158.208533688
678	165.588030898
679	152.716159811
680	145.970398049
681	307.403941014
682	145.026836383
683	327.176486972
684	515.663492036
685	458.88079595
686	144.294519866
687	225.961894519
688	224.666257604
689	131.01424149
690	119.987244706
691	160.039324981
692	140.77376738
693	262.901629597
694	229.313650885
695	207.513151495
696	469.457136416
697	174.77015338
698	134.633575045
699	137.084018775
700	175.234892708
701	254.705317811
702	140.027367853
703	133.45060221
704	179.304882581
705	179.403463651
706	79.611255202
707	77.8649619692
708	181.093424844
709	105.580325535
710	445.459687475
711	256.338946964
712	433.911619322
713	337.4148352
714	90.1312636287
715	96.2151239236
716	151.420522896
717	140.111865913
718	142.111653325
719	165.15145759
720	153.744219537
721	106.70696633
722	76.3580799054
723	221.638410467
724	230.905031009
725	99.1584730015
726	126.366848209
727	160.856139557
728	155.124354511
729	125.465535573
730	263.084708726
731	160.461815279
732	95.6940525558
733	146.294307277
734	331.922461323
735	383.733854899
736	513.917198803
737	161.827867243
738	152.462665632
739	116.241164061
740	191.345856082
741	112.720411576
742	94.2435025317
743	150.46287822
744	314.248283845
745	280.181482796
746	230.186797502
747	118.83243789
748	157.166390953
749	273.942709391
750	217.864163802
751	168.108889677
752	208.400381121
753	270.436039916
754	193.768133792
755	137.365678974
756	114.804697047
757	139.140138227
758	163.940318735
759	172.34787567
760	174.446244151
761	159.532336623
762	178.121909746
763	200.175903315
764	362.496675907
765	111.016367373
766	281.899610009
767	373.101182393
768	307.023699745
769	205.752775252
770	206.090767491
771	235.172183021
772	393.746874968
773	175.868628155
774	226.651962006
775	396.732473076
776	249.241109953
777	50.5720887017
778	168.320134827
779	92.469043279
780	144.364934915
781	162.70101386
782	398.718177477
783	182.06515253
784	244.875376871
785	192.810489116
786	252.818194478
787	624.764570056
788	171.376147984
789	155.039856451
790	114.973693166
791	183.980441882
792	187.571609417
793	324.317635954
794	170.390337288
795	363.679648742
796	115.593345604
797	175.277141738
798	156.870647744
799	119.592920427
800	142.998882951
801	272.689321507
802	154.870860332
803	107.354784788
804	81.5828765939
805	300.306104003
806	168.122972687
807	37.7565496545
808	78.4564483868
809	185.445074916
810	156.884730754
811	187.233617179
812	207.386404406
813	181.698994271
814	120.874474332
815	211.540892338
816	382.043893706
817	133.661847359
818	200.725140703
819	153.899132646
820	168.390549876
821	227.750436782
822	184.51559626
823	261.817237831
824	202.640430055
825	172.883030048
826	128.63421281
827	224.032522157
828	205.499281073
829	125.747195772
830	111.72051787
831	182.234148649
832	198.443693092
833	171.235317885
834	321.909441254
835	274.801772998
836	278.590102672
837	205.330284954
838	107.946271205
839	129.943932735
840	122.803846694
841	74.5695376428
842	161.870116273
843	241.115213217
844	217.061432236
845	259.155548952
846	158.039537569
847	187.557526407
848	198.500025132
849	90.0326825591
850	179.854119969
851	168.714459105
852	334.92214244
853	222.173564845
854	122.423605426
855	265.901310715
856	395.64808131
857	118.635275751
858	206.527340799
859	311.854172155
860	545.392726023
861	150.096719962
862	189.43056673
863	130.648083232
864	204.330391248
865	130.859328381
866	220.117445393
867	209.442523857
868	514.69176435
869	290.602910153
870	212.047880696
871	233.439972798
872	178.657064124
873	99.1162239717
874	125.803527812
875	123.409416122
876	144.026942677
877	186.444968622
878	263.549448054
879	277.336714787
880	237.636709761
881	111.086782422
882	171.573310123
883	356.990219019
884	208.83695443
885	324.204971874
886	287.603229035
887	148.702501977
888	84.9346329601
889	181.600413202
890	260.577932956
891	348.132005766
892	103.115798795
893	122.240526296
894	148.505339838
895	196.72556588
896	186.642130761
897	229.891054293
898	153.321729238
899	26.222564512
900	175.432054847
901	185.459157926
902	126.12743704
903	159.194344384
904	142.196151384
905	126.902002587
906	102.608810437
907	207.569483535
908	252.057711942
909	142.886218871
910	153.349895258
911	159.461921573
912	201.753200429
913	76.9214003031
914	187.895518646
915	117.086144658
916	133.46468522
917	100.383694866
918	132.309878405
919	195.936917323
920	154.645532173
921	117.902959234
922	124.859966146
923	29.0532495103
924	181.346919023
925	147.406865063
926	244.762712792
927	131.211403629
928	268.408086484
929	479.695484644
930	114.607534908
931	200.753306723
932	109.748896478
933	232.496411132
934	213.146355472
935	276.843809439
936	113.016154784
937	344.498589201
938	594.950838009
939	329.119942344
940	383.353613631
941	112.410585357
942	186.078810363
943	228.07434601
944	140.309028052
945	252.254874081
946	157.78604339
947	204.330391248
948	131.732474997
949	158.433861847
950	208.358132092
951	200.880053812
952	324.106390805
953	256.733271242
954	222.652387183
955	164.531805152
956	195.894668293
957	230.736034889
958	298.64430883
959	606.512989171
960	229.919220313
961	104.003028422
962	137.985331412
963	243.621988986
964	186.81112688
965	158.645106996
966	303.883188528
967	261.507411613
968	180.234361237
969	309.361479395
970	203.79523687
971	228.665832428
972	183.036880216
973	217.483922534
974	243.579739957
975	137.591007133
976	122.620767565
977	352.962478176
978	329.457934583
979	172.136630521
980	166.545675574
981	12.8014560373
982	111.6219368
983	267.196947629
984	251.804217763
985	143.562203349
986	189.28973663
987	65.9225695384
988	180.262527257
989	134.140669697
990	207.484985475
991	263.070625716
992	286.561086299
993	318.121111579
994	160.954720627
995	411.674546624
996	315.163679492
997	114.804697047
998	219.441460916
999	134.225167757
1000	217.258594375
1001	153.716053517
1002	202.612264035
1003	340.132856119
1004	404.745705733
1005	125.859859851
1006	134.309665817
1007	122.663016595
1008	158.236699708
1009	282.139021178
1010	144.069191706
1011	99.5668802898
1012	130.493170122
1013	156.800232694
1014	166.968165872
1015	194.810276527
1016	236.439653916
1017	174.72790435
1018	275.632670584
1019	122.381356396
1020	226.933622205
1021	268.703829693
1022	286.46250523
1023	369.129773589
1024	178.135992756
1025	58.5853213586
1026	210.217089404
1027	134.788488155
1028	164.405058063
1029	133.830843479
1030	87.1738315409
1031	380.001857264
1032	563.17956758
1033	895.70759833
1034	499.904603911
1035	134.534993976
1036	134.013922608
1037	239.918157372
1038	228.693998448
1039	224.947917803
1040	172.826698008
1041	167.249826071
1042	548.56140326
1043	92.2014660902
1044	211.27331515
1045	178.600732084
1046	264.450760691
1047	155.701757919
1048	244.410637543
1049	466.175795099
1050	451.163306501
1051	124.550139927
1052	145.181749492
1053	89.5961092509
1054	133.56326629
1055	82.9348455483
1056	195.260932846
1057	137.605090143
1058	210.681828732
1059	223.145292531
1060	85.4838703478
1061	196.810063939
1062	255.184140149
1063	503.650684555
1064	176.981185941
1065	261.211668404
1066	129.127118158
1067	210.132591344
1068	100.552690986
1069	483.737308497
1070	103.411542004
1071	231.651430536
1072	252.677364379
1073	133.295689101
1074	162.010946373
1075	234.130040285
1076	33.6161447315
1077	118.226868463
1078	170.756495547
1079	211.709888458
1080	128.901789999
1081	204.443055328
1082	361.7784424
1083	130.648083232
1084	157.363553092
1085	168.672210075
1086	125.690863732
1087	425.461813357
1088	208.076471893
1089	155.110271501
1090	10.6185894963
1091	150.37838016
1092	168.714459105
1093	90.4129238275
1094	162.53201774
1095	165.01062749
1096	123.606578261
1097	191.007863843
1098	125.169792364
1099	299.503372436
1100	168.404632886
1101	134.788488155
1102	405.29494312
1103	404.464045534
1104	330.302915179
1105	96.9333574307
1106	133.718179399
1107	88.1314762169
1108	195.472177995
1109	100.116117678
1110	359.553326829
1111	394.422859445
1112	196.55656976
1113	208.231385002
1114	179.50204472
1115	121.240632591
1116	259.6484543
1117	97.8346700669
1118	132.000052186
1119	88.2159742766
1120	173.615346565
1121	156.926979783
1122	124.705053036
1123	219.131634697
1124	251.142316295
1125	273.280807924
1126	227.046286285
1127	124.958547215
1128	185.923897254
1129	204.865545626
1130	121.592707839
1131	405.999093617
1132	184.36068315
1133	174.69973833
1134	152.490831652
1135	217.061432236
1136	137.717754223
1137	245.424614259
1138	204.090980079
1139	146.322473297
1140	213.836422959
1141	124.282562738
1142	302.939626862
1143	87.2724126105
1144	129.817185645
1145	147.519529142
1146	321.839026204
1147	127.296326866
1148	173.770259674
1149	150.012221902
1150	119.677418487
1151	257.057180471
1152	200.133654285
1153	233.594885908
1154	377.692243634
1155	168.883455224
1156	222.680553203
1157	157.912790479
1158	100.932932254
1159	220.370939572
1160	170.136843109
1161	87.4836577596
1162	140.069616883
1163	451.47313272
1164	154.377954984
1165	280.674388144
1166	407.393311602
1167	162.884092989
1168	171.925385372
1169	156.828398714
1170	145.914066009
1171	213.343517611
1172	201.823615479
1173	565.64409432
1174	452.599773515
1175	215.653131242
1176	159.053514285
1177	134.506827956
1178	128.070892412
1179	145.66057183
1180	162.884092989
1181	92.2155491001
1182	135.85879691
1183	145.66057183
1184	149.336237425
1185	236.355155856
1186	106.495721181
1187	194.500450309
1188	174.389912112
1189	201.38704217
1190	334.063078834
1191	249.198860923
1192	193.162564364
1193	146.195726208
1194	603.161232805
1195	180.121697158
1196	199.880160107
1197	127.592070074
1198	101.369505562
1199	169.95376398
1200	199.950575156
1201	203.79523687
1202	183.557951584
1203	181.727160291
1204	345.118241638
1205	206.569589829
1206	143.534037329
1207	150.336131131
1208	172.066215471
1209	199.246424659
1210	204.907794656
1211	116.846733489
1212	287.800391174
1213	152.8429069
1214	114.663866948
1215	228.468670289
1216	195.641174114
1217	170.348088258
1218	148.0265175
1219	85.3430402484
1220	122.268692316
1221	164.052982814
1222	143.900195587
1223	183.459370514
1224	183.614283624
1225	260.535683927
1226	355.103095687
1227	601.245943453
1228	89.1736189526
1229	370.340912444
1230	97.5248438482
1231	132.999945892
1232	231.299355287
1233	213.780090919
1234	140.999095539
1235	373.044850353
1236	179.262633551
1237	273.421638024
1238	47.0372532062
1239	149.871391803
1240	207.245574306
1241	210.850824851
1242	227.820851831
1243	166.052770226
1244	44.1361531582
1245	178.826060243
1246	108.129350335
1247	108.058935285
1248	133.098526962
1249	167.207577041
1250	252.53653428
1251	41.2350531101
1252	60.5710257605
1253	92.2577981299
1254	229.975552353
1255	151.674017075
1256	106.81963041
1257	179.980867059
1258	202.978422294
1259	143.674867428
1260	113.98788247
1261	161.701120154
1262	254.86023092
1263	192.711908046
1264	257.014931441
1265	441.72768984
1266	122.156028237
1267	161.025135677
1268	115.410266475
1269	285.997765902
1270	92.722537458
1271	137.717754223
1272	430.855606165
1273	296.714936468
1274	113.142901874
1275	173.432267435
1276	79.5126741324
1277	121.26879861
1278	143.576286358
1279	151.307858817
1280	559.898226263
1281	437.361956758
1282	193.401975533
1283	131.943720146
1284	92.5676243486
1285	136.182706139
1286	142.801720812
1287	168.925704254
1288	125.240207414
1289	262.521388328
1290	366.46808471
1291	229.665726134
1292	201.40112518
1293	177.2065141
1294	124.521973907
1295	92.7084544481
1296	190.993780833
1297	139.379549396
1298	214.822233655
1299	303.122705991
1300	443.023326755
1301	184.050856932
1302	154.532868093
1303	117.832544185
1304	106.622468271
1305	149.308071405
1306	212.174627786
1307	466.06313102
1308	464.021094578
1309	219.483709946
1310	194.472284289
1311	155.42009772
1312	131.859222087
1313	153.645638467
1314	212.090129726
1315	203.062920353
1316	167.320241121
1317	401.055957128
1318	372.833605204
1319	149.110909266
1320	254.94472898
1321	211.738054478
1322	274.618693869
1323	329.035444284
1324	280.758886203
1325	228.412338249
1326	104.608597849
1327	162.757345899
1328	123.353084082
1329	200.471646524
1330	323.500821377
1331	299.024550098
1332	93.1872767861
1333	195.021521677
1334	310.136044942
1335	109.030662971
1336	112.213423218
1337	184.881754518
1338	99.3415521307
1339	290.715574232
1340	232.890735411
1341	107.523780907
1342	211.2029001
1343	149.998138892
1344	99.6936273793
1345	250.747992017
1346	498.946959234
1347	152.547163692
1348	240.129402521
1349	149.800976753
1350	154.166709835
1351	94.6378268101
1352	316.909972724
1353	292.335120376
1354	162.447519681
1355	123.184087963
1356	326.753996674
1357	25.2085877961
1358	237.200136453
1359	178.657064124
1360	165.841525077
1361	359.947651107
1362	127.268160846
1363	146.505552426
1364	114.804697047
1365	425.870220646
1366	176.093956315
1367	84.3008975127
1368	240.101236501
1369	25.3212518757
1370	171.178985845
1371	238.636603467
1372	196.64106782
1373	231.285272277
1374	206.724502938
1375	106.199977972
1376	335.626292937
1377	118.100121373
1378	339.147045423
1379	326.162510256
1380	158.870435155
1381	116.241164061
1382	134.802571165
1383	164.686718262
1384	153.434393318
1385	301.263748679
1386	251.832383783
1387	82.7095173893
1388	36.6862408989
1389	201.598287319
1390	536.281018591
1391	216.596692908
1392	93.5956840744
1393	13.5478555642
1394	200.739223713
1395	95.0321510885
1396	213.315351591
1397	160.377317219
1398	239.453418044
1399	294.715149056
1400	131.563478878
1401	233.313225709
1402	159.335174484
1403	214.822233655
1404	277.618374986
1405	192.894987175
1406	401.534779466
1407	472.146991315
1408	190.529041505
1409	148.716584987
1410	137.647339173
1411	187.571609417
1412	117.142476697
1413	129.676355546
1414	162.208108512
1415	206.809000998
1416	406.872240234
1417	594.119940422
1418	122.902427764
1419	224.624008575
1420	219.455543926
1421	225.497155191
1422	116.818567469
1423	245.368282219
1424	274.914437077
1425	199.246424659
1426	141.703246036
1427	148.1673476
1428	188.796831282
1429	173.544931515
1430	286.39209018
1431	144.364934915
1432	156.588987545
1433	164.630386222
1434	189.641811879
1435	349.047401412
1436	182.881967107
1437	164.926129431
1438	276.61848128
1439	407.111651403
1440	272.449910338
1441	257.40925572
1442	265.366156337
1443	475.569162731
1444	166.602007614
1445	118.381781572
1446	222.934047382
1447	327.76797339
1448	116.325662121
1449	288.92703197
1450	179.164052482
1451	76.8932342832
1452	119.508422368
1453	171.601476143
1454	518.606841113
1455	150.167135011
1456	160.09565702
1457	167.39065617
1458	126.803421518
1459	217.019183206
1460	92.3704622095
1461	150.674123369
1462	162.827760949
1463	249.142528884
1464	211.385979229
1465	55.3884781018
1466	84.5403086817
1467	177.558589348
1468	282.984001774
1469	291.997128137
1470	57.6417596925
1471	70.38688369
1472	435.855074694
1473	171.178985845
1474	161.940531323
1475	349.005152382
1476	385.043574824
1477	200.006907196
1478	256.015037735
1479	19.4908857597
1480	138.30924064
1481	217.413507484
1482	301.812986067
1483	399.605407104
1484	341.020085745
1485	320.867298518
1486	185.374659866
1487	249.058030824
1488	494.017905755
1489	204.161395129
1490	361.102457922
1491	207.766645674
1492	282.505179436
1493	171.995800421
1494	230.764200909
1495	386.733536017
1496	264.718337879
1497	260.549766937
1498	355.201676757
1499	194.486367299
1500	439.798317478
1501	319.050590236
1502	325.064035481
1503	231.412019367
1504	221.525746387
1505	157.504383191
1506	119.02960003
1507	404.421796504
1508	331.204227816
1509	188.867246332
1510	375.424879033
1511	450.318325905
1512	351.413347082
1513	126.747089478
1514	148.05468352
1515	154.166709835
1516	593.345374876
1517	370.721153713
1518	222.159481835
1519	582.360627121
1520	210.822658831
1521	140.75968437
1522	394.915764793
1523	359.18716857
1524	381.790399527
1525	331.528137044
1526	130.901577411
1527	307.713767232
1528	272.449910338
1529	249.072113834
1530	265.295741287
1531	208.372215102
1532	415.06855202
1533	432.418820269
1534	442.924745685
1535	133.732262409
1536	217.540254574
1537	193.894880881
1538	314.459528994
1539	256.536109103
1540	275.421425435
1541	322.191101453
1542	261.549660642
1543	272.196416159
1544	193.458307573
1545	143.421373249
1546	288.349628562
1547	192.021840559
1548	191.458520161
1549	348.117922756
1550	426.644786192
1551	513.705953654
1552	177.938830617
1553	275.041184167
1554	186.8392929
1555	40.6294836826
1556	157.74379436
1557	141.604664967
1558	212.850612263
1559	161.109633736
1560	123.83190642
1561	197.824040655
1562	392.127328825
1563	194.908857597
1564	89.1877019626
1565	176.248869424
1566	135.253227483
1567	213.6110948
1568	174.910983479
1569	154.208958865
1570	122.972842813
1571	195.190517796
1572	234.425783494
1573	165.926023136
1574	138.971142107
1575	80.6252319178
1576	184.712758399
1577	191.82467842
1578	153.194982149
1579	546.477117789
1580	141.013178549
1581	192.542911927
1582	251.057818236
1583	205.245786894
1584	295.996702961
1585	154.392037994
1586	231.933090734
1587	220.708931811
1588	165.813359057
1589	340.625761467
1590	195.232766826
1591	164.94021244
1592	311.290851758
1593	265.084496138
1594	3.64749957497
1595	267.647603947
1596	115.396183465
1597	226.694211036
1598	164.264227963
1599	59.7401281739
1600	292.419618435
1601	100.961098274
1602	237.580377721
1603	203.231916473
1604	191.979591529
1605	232.482328122
1606	253.480095946
1607	223.32837166
1608	189.472815759
1609	161.785618213
1610	249.410106072
1611	174.305414052
1612	113.875218391
1613	208.611626271
1614	71.8092676942
1615	204.654300477
1616	265.830895665
1617	355.046763647
1618	174.69973833
1619	21.7441673504
1620	185.557738996
1621	195.922834313
