2	175	0.923651
3	206	0.925703
4	188	0.933296
5	194	0.911519
6	7	0.760181
7	213	0.929365
8	195	0.914558
9	10	0.626977
10	207	0.934647
11	13	0.92004
12	16	0.767932
13	15	0.916842
14	164	0.954545
15	16	0.359812
16	189	0.9368
17	227	0.921553
18	203	0.937346
19	150	0.921688
20	158	0.934394
21	139	0.883357
22	169	0.939892
23	182	0.919237
24	19	0.89591
25	23	0.333789
26	28	0.932048
27	32	0.915689
28	35	0.856715
29	183	0.913562
30	31	0.913196
31	144	0.92414
32	136	0.8357
33	209	0.78728
34	138	0.914163
35	37	0.921958
36	229	0.908506
37	39	0.45614
38	140	0.930463
39	42	0.86705
40	44	0.846061
41	48	0.920115
42	204	0.70898
43	145	0.920625
44	46	0.921307
45	177	0.813041
46	50	0.926703
47	49	0.810027
48	51	0.82382
49	47	0.914167
50	53	0.91388
51	52	0.91304
52	55	0.929812
53	180	0.931451
54	56	0.696198
55	224	0.893852
56	59	0.814425
57	56	0.531817
58	63	0.417266
59	165	0.905368
60	61	0.694928
61	198	0.16102
62	152	0.888084
63	151	0.92944
64	64	0.942622
65	65	0.827121
66	146	0.949257
67	67	0.651388
68	68	0.9164
69	69	0.872751
70	66	0.845441
71	70	0.925207
72	153	0.876768
73	71	0.825607
74	77	0.236898
75	78	0.917031
76	79	0.916075
77	75	0.907401
78	74	0.895154
79	154	0.454414
80	190	0.86781
81	77	0.778794
82	137	0.590633
83	82	0.868161
84	84	0.93387
85	155	0.320192
86	83	0.45838
87	156	0.863711
88	166	0.902063
89	81	0.917188
90	191	0.73757
91	88	0.904724
92	85	0.872795
93	90	0.902912
94	87	0.881533
95	172	0.893512
96	157	0.936611
97	161	0.257188
98	186	0.442217
99	92	0.897538
100	91	0.815755
101	176	0.535521
102	94	0.859805
103	141	0.933827
104	142	0.936062
105	97	0.910696
106	101	0.906668
107	98	0.912854
108	173	0.937674
109	96	0.56338
110	174	0.909244
111	231	0.0477242
112	99	0.667198
113	103	0.886807
114	106	0.920769
115	105	0.942592
116	108	0.74321
117	162	0.930937
118	107	0.765698
119	109	0.920229
120	113	0.348165
121	114	0.776717
122	110	0.894262
123	112	0.941625
124	143	0.872715
125	116	0.816095
126	114	0.363027
127	118	0.947269
128	149	0.910193
129	123	0.928441
130	122	0.825625
131	120	0.835175
132	119	0.292958
133	126	0.924026
134	125	0.856534
135	124	0.901329
136	163	0.919004
137	128	0.799394
138	129	0.921277
139	130	0.741511
140	130	0.440291
141	132	0.881963
142	133	0.930017
143	135	0.935187
144	209	0.385352
145	117	0.919147
146	159	0.935748
147	147	0.903448
148	255	0.68101
149	170	0.943341
150	171	0.917899
151	193	0.940307
152	214	0.960681
153	222	0.954535
154	233	0.956784
155	160	0.930651
156	154	0.751614
157	161	0.800159
158	187	0.951783
159	119	0.863119
160	167	0.9445
161	221	0.939061
162	239	0.940271
163	254	0.952879
164	216	0.955205
165	184	0.948879
166	197	0.462066
167	230	0.921742
168	155	0.828219
169	185	0.900847
170	148	0.954181
171	238	0.930113
172	212	0.927495
173	252	0.859201
174	253	0.9378
175	208	0.932131
176	205	0.932564
177	280	0.664563
178	236	0.910755
179	200	0.937563
180	201	0.920204
181	179	0.917065
182	113	0.818603
183	168	0.928982
184	228	0.926082
185	196	0.927232
186	273	0.94745
187	235	0.76444
188	225	0.927519
189	219	0.686839
190	181	0.907347
191	220	0.582109
192	115	0.940651
193	251	0.919502
194	260	0.629929
195	215	0.950368
196	240	0.926232
197	234	0.930421
198	287	0.937431
199	269	0.943707
200	198	0.864685
201	276	0.576482
202	83	0.73524
203	202	0.90132
204	260	0.611768
205	243	0.939196
206	299	0.927345
207	278	0.943703
208	257	0.913868
209	217	0.931706
210	219	0.54564
211	241	0.934412
212	262	0.939653
213	245	0.934261
214	226	0.937696
215	308	0.937017
216	285	0.896657
217	223	0.938619
218	247	0.918016
219	275	0.936202
220	192	0.93147
221	211	0.911521
222	263	0.923475
223	320	0.939707
224	290	0.936472
225	261	0.933871
226	249	0.921789
227	199	0.875447
228	242	0.891388
229	232	0.92498
230	259	0.949694
231	250	0.633342
232	293	0.922478
233	246	0.908517
234	295	0.944532
235	298	0.92453
236	279	0.609727
237	311	0.91504
238	266	0.721096
239	321	0.932983
240	371	0.60608
241	289	0.949719
242	313	0.933243
243	317	0.67026
244	272	0.649365
245	291	0.300717
246	186	0.746427
247	288	0.594737
248	108	0.49533
249	300	0.940847
250	325	0.914192
251	267	0.906362
252	265	0.891238
253	271	0.920636
254	256	0.931712
255	258	0.564403
256	244	0.948837
257	284	0.930916
258	297	0.69398
259	272	0.585482
260	283	0.686293
261	286	0.948524
262	248	0.943545
263	322	0.934927
264	231	0.925351
265	268	0.76874
266	277	0.939516
267	296	0.241304
268	291	0.639204
269	237	0.937949
270	340	0.57836
271	197	0.759829
272	335	0.930336
273	258	0.678174
274	274	0.941105
275	309	0.699603
276	218	0.738171
277	312	0.93751
278	372	0.943111
279	279	0.650501
280	355	0.531352
281	176	0.701425
282	268	0.429772
283	316	0.703323
284	297	0.517976
285	296	0.670958
286	318	0.594446
287	281	0.918607
288	344	0.933456
289	359	0.946462
290	301	0.909048
291	292	0.645604
292	294	0.931117
293	354	0.723981
294	329	0.684383
295	323	0.932764
296	292	0.61086
297	360	0.927092
298	343	0.919563
299	305	0.399502
300	393	0.929597
301	361	0.90986
302	264	0.916524
303	310	0.936165
304	282	0.712414
305	304	0.945791
306	305	0.737424
307	334	0.940953
308	296	0.417918
309	204	0.529346
310	330	0.932308
311	347	0.9361
312	270	0.94605
313	235	0.424092
314	333	0.903208
315	288	0.65075
316	307	0.927392
317	339	0.92491
318	370	0.947769
319	378	0.932831
320	379	0.950214
321	324	0.951735
322	326	0.945943
323	276	0.66625
324	314	0.885568
325	302	0.9243
326	283	0.526441
327	306	0.936958
328	380	0.949443
329	315	0.926543
330	338	0.562521
331	303	0.940369
332	405	0.941471
333	255	0.569754
334	331	0.899184
335	363	0.752427
336	345	0.928951
337	350	0.944792
338	398	0.53497
339	346	0.917269
340	338	0.67148
341	220	0.661289
342	365	0.958572
343	424	0.503048
344	406	0.947853
345	390	0.907701
346	392	0.946017
347	332	0.934096
348	327	0.912761
349	367	0.942915
350	328	0.904351
351	397	0.946149
352	351	0.946276
353	341	0.945136
354	369	0.935809
355	353	0.92838
356	389	0.942431
357	375	0.932103
358	374	0.926764
359	395	0.960111
360	388	0.464324
361	317	0.583552
362	356	0.889526
363	329	0.549138
364	386	0.928563
365	348	0.907987
366	384	0.920716
367	319	0.917177
368	250	0.623247
369	266	0.479333
370	352	0.928176
371	358	0.925427
372	394	0.950709
373	357	0.920675
374	342	0.642495
375	318	0.650641
376	366	0.927155
377	362	0.720257
378	451	0.944789
379	396	0.916443
380	401	0.515917
381	428	0.947397
382	291	0.430534
383	336	0.935887
384	363	0.433852
385	373	0.739054
386	412	0.95173
387	446	0.934895
388	376	0.928104
389	377	0.940074
390	404	0.679102
391	371	0.649247
392	421	0.897788
393	410	0.902116
394	411	0.929024
395	459	0.944732
396	408	0.943299
397	466	0.513175
398	364	0.92937
399	448	0.9365
400	391	0.931913
401	337	0.920992
402	382	0.924785
403	417	0.942866
404	387	0.906154
405	388	0.744841
406	309	0.525777
407	349	0.606948
408	362	0.468579
409	458	0.933896
410	432	0.671999
411	407	0.940372
412	383	0.908416
413	439	0.910239
414	368	0.934203
415	355	0.721143
416	381	0.733461
417	403	0.922405
418	409	0.934056
419	419	0.941373
420	316	0.515016
421	433	0.923726
422	415	0.924439
423	435	0.923999
424	385	0.917431
425	340	0.628338
426	434	0.946884
427	413	0.93786
428	440	0.947875
429	420	0.914861
430	429	0.925016
431	436	0.929046
432	354	0.512242
433	427	0.946574
434	418	0.919229
435	437	0.951432
436	430	0.424009
437	349	0.624436
438	424	0.730008
439	477	0.553737
440	441	0.925086
441	399	0.510577
442	423	0.875502
443	416	0.932428
444	422	0.930069
445	401	0.698324
446	471	0.943136
447	473	0.895017
448	447	0.817822
449	414	0.930531
450	402	0.923218
451	438	0.939872
452	445	0.560871
453	456	0.676596
454	502	0.931031
455	476	0.936962
456	503	0.571805
457	453	0.91628
458	466	0.713347
459	454	0.94535
460	373	0.46571
461	515	0.930924
462	460	0.929376
463	425	0.92806
464	399	0.68937
465	218	0.436458
466	450	0.615809
467	494	0.912746
468	449	0.903012
469	442	0.672931
470	431	0.940068
471	398	0.703845
472	452	0.913566
473	400	0.928528
474	518	0.608608
475	447	0.341423
476	493	0.920673
477	426	0.932191
478	472	0.942624
479	464	0.921202
480	506	0.686916
481	461	0.927067
482	444	0.938606
483	491	0.941082
484	463	0.922392
485	498	0.939744
486	482	0.931803
487	443	0.52654
488	455	0.932919
489	457	0.932191
490	489	0.917898
491	470	0.69417
492	462	0.938922
493	404	0.549747
494	546	0.637559
495	508	0.921773
496	483	0.542983
497	478	0.907582
498	484	0.927666
499	465	0.933231
500	497	0.925502
501	474	0.93191
502	487	0.937833
503	445	0.648834
504	481	0.945367
505	521	0.934517
506	477	0.691558
507	479	0.605762
508	517	0.50543
509	468	0.928389
510	469	0.936699
511	519	0.718865
512	475	0.92243
513	443	0.687566
514	486	0.628761
515	512	0.951579
516	483	0.69444
517	499	0.921911
518	496	0.932024
519	500	0.9236
520	467	0.935983
521	547	0.917751
522	510	0.659521
523	503	0.653075
524	504	0.895141
525	490	0.925863
526	513	0.942974
527	432	0.565146
528	492	0.914461
529	525	0.941884
530	485	0.936086
531	495	0.934692
532	555	0.949496
533	545	0.924803
534	529	0.909693
535	480	0.949462
536	501	0.930036
537	488	0.927762
538	442	0.564967
539	520	0.91035
540	450	0.609533
541	456	0.540899
542	541	0.306116
543	514	0.935706
544	516	0.92936
545	505	0.944868
546	479	0.625427
547	522	0.952439
548	541	0.815122
549	511	0.920183
550	535	0.913368
551	534	0.910354
552	509	0.888176
553	506	0.514631
554	523	0.940765
555	507	0.902764
556	533	0.95621
557	530	0.934262
558	544	0.516806
559	532	0.746342
560	536	0.88603
561	381	0.47338
562	571	0.944498
563	558	0.613996
564	524	0.909941
565	486	0.607439
566	564	0.947945
567	517	0.715724
568	538	0.949804
569	531	0.940884
570	559	0.936767
571	527	0.717081
572	605	0.932853
573	599	0.594562
574	580	0.622851
575	537	0.916244
576	573	0.942083
577	539	0.921262
578	528	0.938424
579	570	0.96316
580	575	0.935378
581	546	0.606593
582	563	0.592897
583	567	0.648823
584	510	0.578828
585	584	0.43023
586	548	0.931379
587	553	0.922298
588	579	0.938121
589	518	0.635623
590	551	0.931146
591	556	0.94347
592	526	0.931524
593	557	0.946622
594	584	0.773981
595	519	0.498168
596	588	0.915893
597	550	0.919339
598	574	0.89948
599	604	0.72794
600	572	0.913878
601	566	0.946761
602	596	0.773748
603	542	0.922613
604	565	0.923498
605	552	0.927599
606	543	0.945959
607	561	0.939327
608	577	0.946141
609	568	0.941526
610	540	0.923672
611	576	0.908799
612	549	0.908201
613	470	0.542361
614	582	0.937053
615	592	0.536005
616	587	0.58743
617	554	0.657663
618	569	0.951134
619	560	0.917285
620	544	0.722575
621	585	0.776675
622	567	0.555447
623	590	0.941523
624	562	0.932169
625	581	0.9135
626	587	0.649474
627	578	0.925539
628	532	0.469252
629	586	0.904943
630	602	0.943911
631	620	0.862126
632	609	0.936614
633	606	0.903468
634	597	0.943849
635	558	0.63025
636	608	0.945403
637	591	0.945076
638	612	0.936487
639	598	0.950184
640	654	0.624422
641	616	0.919997
642	617	0.943522
643	589	0.940581
644	554	0.588442
645	527	0.494552
646	563	0.636183
647	592	0.70915
648	600	0.913469
649	593	0.609359
650	594	0.931944
651	614	0.94349
652	583	0.941715
653	642	0.608857
654	430	0.347124
655	610	0.906802
656	604	0.51098
657	632	0.947535
658	640	0.925119
659	580	0.614853
660	619	0.903799
661	621	0.940545
662	595	0.767426
663	618	0.59947
664	603	0.939283
665	599	0.633143
666	596	0.406906
667	634	0.947666
668	626	0.933219
669	593	0.628094
670	623	0.914261
671	613	0.941307
672	601	0.927169
673	607	0.932741
674	595	0.42707
675	657	0.665791
676	624	0.923679
677	622	0.934486
678	638	0.927117
679	618	0.650909
680	611	0.938898
681	630	0.906661
682	633	0.929702
683	645	0.930948
684	628	0.930277
685	636	0.940942
686	629	0.942216
687	644	0.91561
688	615	0.937518
689	651	0.930967
690	639	0.889523
691	660	0.917594
692	625	0.921281
693	666	0.733081
694	585	0.416941
695	627	0.934794
696	631	0.922228
697	641	0.528081
698	643	0.915176
699	647	0.907941
700	649	0.953735
701	664	0.941625
702	663	0.938649
703	635	0.911288
704	656	0.93709
705	646	0.952537
706	637	0.938008
707	661	0.665937
708	668	0.926519
709	654	0.606914
710	650	0.901693
711	655	0.94806
712	652	0.946041
713	653	0.942736
714	642	0.618206
715	659	0.949534
716	680	0.924585
717	658	0.763386
718	673	0.927616
719	665	0.948402
720	666	0.479852
721	662	0.946395
722	686	0.919873
723	679	0.939707
724	669	0.926247
725	667	0.934599
726	641	0.712304
727	677	0.9356
728	678	0.946243
729	657	0.56168
730	690	0.68758
731	683	0.943336
732	676	0.947082
733	661	0.592622
734	687	0.933658
735	722	0.118508
736	670	0.944973
737	675	0.944424
738	671	0.944732
739	648	0.907968
740	672	0.940577
741	658	0.453168
742	689	0.931252
743	685	0.940567
744	693	0.950891
745	684	0.631218
746	681	0.954311
747	682	0.945156
748	699	0.944027
749	705	0.938746
750	708	0.94492
751	688	0.926239
752	692	0.631514
753	696	0.911731
754	700	0.951188
755	713	0.934764
756	706	0.944172
757	694	0.947295
758	695	0.938107
759	697	0.944235
760	690	0.555639
761	702	0.930498
762	701	0.92455
763	704	0.942314
764	712	0.932917
765	709	0.942969
766	698	0.937775
767	684	0.616923
768	691	0.937075
769	703	0.678726
770	692	0.615401
771	715	0.945429
772	707	0.949462
773	711	0.742975
774	716	0.937193
775	711	0.48407
776	710	0.944086
777	714	0.942137
778	703	0.561437
779	722	0.898098
780	717	0.952322
781	719	0.743415
782	720	0.942813
783	721	0.952715
784	719	0.47536
785	724	0.951031
786	726	0.948149
787	725	0.940147
788	731	0.937019
789	723	0.932716
790	728	0.940721
791	729	0.945802
792	727	0.939291
793	730	0.941398
794	733	0.930236
795	732	0.951119
796	718	0.940568
