2	235	0.802786
3	263	0.884573
4	227	0.857321
5	297	0.915912
6	150	0.292624
7	275	0.949964
8	245	0.711322
9	267	0.937728
10	255	0.874152
11	236	0.907599
12	241	0.931321
13	270	0.869718
14	290	0.893202
15	256	0.912728
16	237	0.887829
17	206	0.865965
18	232	0.952843
19	317	0.928725
20	257	0.0632334
21	168	0.919576
22	364	0.911149
23	295	0.88836
24	310	0.464928
25	224	0.910788
26	187	0.823689
27	250	0.935426
28	188	0.905257
29	229	0.947535
30	198	0.897192
31	238	0.844891
32	276	0.863372
33	230	0.912947
34	325	0.690228
35	298	0.962312
36	194	0.853664
37	207	0.953995
38	280	0.955327
39	251	0.920011
40	335	0.929353
41	141	0.921565
42	181	0.851455
43	247	0.923277
44	176	0.909982
45	218	0.877941
46	336	0.936655
47	246	0.807361
48	281	0.554766
49	264	0.952008
50	352	0.609914
51	195	0.941369
52	326	0.932749
53	225	0.901714
54	56	0.888285
55	282	0.943879
56	239	0.94312
57	356	0.709665
58	277	0.938393
59	293	0.935984
60	285	0.830351
61	266	0.894665
62	265	0.948124
63	258	0.908986
64	70	0.834752
65	252	0.938904
66	208	0.661191
67	303	0.941217
68	320	0.807658
69	231	0.861835
70	397	0.653629
71	300	0.93189
72	231	0.251102
73	272	0.947168
74	209	0.925746
75	202	0.928606
76	211	0.931032
77	199	0.808842
78	488	0.645891
79	240	0.925939
80	313	0.93842
81	253	0.916387
82	215	0.908389
83	314	0.88788
84	296	0.921406
85	212	0.635197
86	259	0.837669
87	89	0.931286
88	286	0.935353
89	226	0.941729
90	162	0.78121
91	371	0.568493
92	273	0.790019
93	274	0.912933
94	203	0.895943
95	173	0.907381
96	164	0.932032
97	242	0.326052
98	304	0.936785
99	138	0.811224
100	283	0.585396
101	301	0.918402
102	221	0.856063
103	329	0.922831
104	283	0.652426
105	278	0.928708
106	144	0.917771
107	191	0.926895
108	305	0.89483
109	201	0.855811
110	342	0.922062
111	192	0.639636
112	260	0.907302
113	331	0.551824
114	287	0.421325
115	315	0.731854
116	294	0.905266
117	288	0.905439
118	306	0.888089
119	349	0.840734
120	244	0.890599
121	291	0.92876
122	332	0.924959
123	322	0.892898
124	373	0.927528
125	307	0.906367
126	279	0.934529
127	193	0.903537
128	268	0.912561
129	358	0.913856
130	233	0.848786
131	323	0.953334
132	360	0.936263
133	262	0.850625
134	249	0.797004
135	412	0.905425
136	302	0.839495
137	309	0.941111
138	312	0.914418
139	308	0.93496
140	271	0.952515
141	382	0.952914
142	344	0.933178
143	318	0.947842
144	69	0.940525
145	341	0.950756
146	316	0.922199
147	333	0.942298
148	319	0.935209
149	284	0.953198
150	340	0.921487
151	359	0.889367
152	338	0.934159
153	325	0.497837
154	292	0.934383
155	328	0.950609
156	321	0.928986
157	330	0.93159
158	334	0.913361
159	357	0.954565
160	311	0.959359
161	219	0.939846
162	343	0.940142
163	385	0.950099
164	287	0.780186
165	377	0.949335
166	324	0.933083
167	242	0.819924
168	337	0.960098
169	327	0.926164
170	392	0.718471
171	383	0.514601
172	389	0.843496
173	345	0.478108
174	257	0.923054
175	379	0.947044
176	281	0.684645
177	368	0.90727
178	350	0.898226
179	348	0.912908
180	451	0.934925
181	366	0.940943
182	361	0.940711
183	387	0.891893
184	402	0.927121
185	413	0.938892
186	362	0.936321
187	406	0.302515
188	310	0.745308
189	372	0.913262
190	351	0.932555
191	378	0.803429
192	339	0.93536
193	443	0.488853
194	381	0.631291
195	398	0.930984
196	367	0.946346
197	384	0.913922
198	363	0.910545
199	355	0.949541
200	386	0.730814
201	365	0.658456
202	383	0.688907
203	354	0.930184
204	376	0.924666
205	406	0.832326
206	375	0.848866
207	346	0.903652
208	347	0.924948
209	471	0.942535
210	405	0.938559
211	480	0.927379
212	418	0.933552
213	420	0.684703
214	345	0.393261
215	404	0.925805
216	394	0.911867
217	438	0.919774
218	414	0.932049
219	449	0.907426
220	369	0.941707
221	401	0.935758
222	370	0.916354
223	393	0.916882
224	374	0.92094
225	371	0.679613
226	433	0.886676
227	477	0.603088
228	391	0.822594
229	380	0.907453
230	410	0.905892
231	472	0.48236
232	378	0.331354
233	212	0.592163
234	417	0.911502
235	315	0.491248
236	419	0.923501
237	468	0.928671
238	403	0.941332
239	425	0.93936
240	396	0.91782
241	432	0.945321
242	427	0.917058
243	415	0.918639
244	502	0.506373
245	460	0.623392
246	475	0.912062
247	390	0.77979
248	462	0.929363
249	388	0.921325
250	411	0.933927
251	434	0.90965
252	446	0.91669
253	399	0.915409
254	430	0.934416
255	447	0.939886
256	424	0.934529
257	395	0.934708
258	400	0.923377
259	431	0.946362
260	416	0.937375
261	497	0.946572
262	331	0.679471
263	428	0.885027
264	421	0.940598
265	483	0.763562
266	500	0.927331
267	420	0.520702
268	481	0.933117
269	454	0.935944
270	407	0.899913
271	408	0.938653
272	493	0.9263
273	445	0.94137
274	426	0.723407
275	409	0.476761
276	353	0.951267
277	435	0.931073
278	397	0.570871
279	345	0.530985
280	458	0.933192
281	440	0.928291
282	450	0.676447
283	470	0.948709
284	423	0.703376
285	452	0.924997
286	455	0.931325
287	508	0.592175
288	489	0.925358
289	509	0.928057
290	474	0.735117
291	390	0.395541
292	456	0.938744
293	490	0.935597
294	503	0.927983
295	381	0.54718
296	444	0.932378
297	492	0.943478
298	441	0.933827
299	352	0.647923
300	436	0.93989
301	450	0.542574
302	437	0.883149
303	467	0.919809
304	439	0.940601
305	422	0.93281
306	466	0.939582
307	457	0.942073
308	478	0.382739
309	524	0.642808
310	442	0.923364
311	469	0.913906
312	459	0.939439
313	463	0.939524
314	519	0.933548
315	495	0.574928
316	460	0.628328
317	443	0.71845
318	465	0.92932
319	461	0.916619
320	516	0.914862
321	494	0.915077
322	453	0.917831
323	491	0.924671
324	485	0.931048
325	520	0.586754
326	510	0.928918
327	448	0.945637
328	502	0.73016
329	498	0.913485
330	528	0.942539
331	473	0.944938
332	482	0.917156
333	487	0.928543
334	392	0.537784
335	386	0.510833
336	479	0.925983
337	515	0.940243
338	505	0.93765
339	511	0.939052
340	483	0.448929
341	522	0.690569
342	524	0.592139
343	464	0.927565
344	476	0.913193
345	517	0.891394
346	365	0.583138
347	484	0.497725
348	478	0.798409
349	532	0.943483
350	477	0.652535
351	484	0.545562
352	496	0.930512
353	409	0.743325
354	535	0.871457
355	499	0.891242
356	391	0.327739
357	426	0.450882
358	571	0.941664
359	550	0.904321
360	545	0.9137
361	542	0.111847
362	525	0.931917
363	562	0.939969
364	539	0.906804
365	529	0.943341
366	504	0.94692
367	518	0.921944
368	555	0.933371
369	596	0.939879
370	512	0.938821
371	530	0.811564
372	564	0.937291
373	472	0.720868
374	565	0.931012
375	508	0.646093
376	531	0.936517
377	527	0.887545
378	581	0.92568
379	533	0.905157
380	486	0.911297
381	583	0.938255
382	507	0.937862
383	501	0.935333
384	523	0.903354
385	521	0.911275
386	541	0.943077
387	591	0.927665
388	526	0.910807
389	568	0.924702
390	556	0.923401
391	616	0.928479
392	513	0.919268
393	551	0.946933
394	584	0.932568
395	579	0.926214
396	495	0.648995
397	542	0.898215
398	514	0.512927
399	574	0.851523
400	522	0.538735
401	546	0.94569
402	576	0.675165
403	534	0.524596
404	540	0.93875
405	548	0.915748
406	582	0.950149
407	580	0.914331
408	549	0.905567
409	514	0.720597
410	536	0.959862
411	547	0.931183
412	506	0.946037
413	538	0.930741
414	615	0.942455
415	544	0.712521
416	613	0.916657
417	558	0.882589
418	561	0.906241
419	569	0.916948
420	586	0.918016
421	621	0.929867
422	553	0.908352
423	544	0.499484
424	566	0.961664
425	587	0.9501
426	567	0.930533
427	593	0.944636
428	603	0.944541
429	597	0.937708
430	537	0.933217
431	559	0.916066
432	543	0.610837
433	552	0.922011
434	570	0.681521
435	611	0.731796
436	520	0.631097
437	649	0.536398
438	575	0.935338
439	638	0.65459
440	577	0.912405
441	585	0.920866
442	592	0.919754
443	563	0.919241
444	594	0.947724
445	595	0.911083
446	628	0.603741
447	639	0.933585
448	614	0.526137
449	572	0.938199
450	560	0.895567
451	620	0.931217
452	589	0.948694
453	578	0.943137
454	534	0.685953
455	543	0.615942
456	626	0.944014
457	573	0.943911
458	557	0.922476
459	663	0.929797
460	554	0.708106
461	590	0.94246
462	554	0.463008
463	651	0.713992
464	598	0.91852
465	648	0.0964699
466	636	0.938057
467	605	0.908288
468	609	0.936487
469	619	0.939763
470	637	0.927483
471	630	0.863677
472	608	0.525145
473	610	0.926326
474	611	0.492118
475	602	0.921034
476	601	0.935869
477	612	0.94088
478	606	0.915156
479	588	0.944864
480	667	0.926963
481	624	0.909267
482	622	0.930559
483	604	0.945284
484	600	0.927928
485	608	0.695564
486	631	0.945502
487	623	0.906075
488	661	0.912879
489	649	0.689256
490	656	0.937604
491	669	0.937223
492	628	0.63482
493	607	0.9216
494	625	0.916269
495	635	0.922696
496	629	0.944512
497	641	0.907928
498	642	0.946747
499	657	0.937605
500	676	0.91317
501	627	0.935239
502	651	0.498734
503	648	0.877317
504	633	0.800885
505	617	0.9311
506	655	0.919316
507	614	0.728636
508	599	0.907597
509	647	0.9315
510	643	0.944637
511	618	0.927449
512	645	0.951714
513	484	0.332978
514	684	0.668825
515	634	0.936275
516	640	0.807214
517	662	0.927769
518	658	0.949305
519	650	0.682612
520	646	0.877267
521	638	0.564184
522	644	0.928132
523	632	0.917653
524	576	0.562819
525	694	0.948837
526	652	0.941388
527	653	0.951622
528	654	0.915798
529	660	0.922542
530	668	0.930019
531	665	0.917767
532	704	0.918962
533	675	0.939539
534	703	0.936251
535	671	0.934478
536	678	0.923944
537	683	0.938895
538	674	0.943284
539	689	0.933146
540	659	0.926464
541	699	0.906919
542	692	0.924571
543	700	0.885717
544	670	0.923542
545	691	0.946594
546	687	0.95222
547	666	0.935171
548	685	0.933811
549	686	0.952802
550	723	0.942992
551	680	0.928861
552	684	0.558865
553	633	0.39279
554	693	0.645983
555	672	0.936832
556	681	0.916075
557	697	0.913504
558	650	0.558805
559	734	0.938724
560	695	0.95588
561	677	0.954056
562	698	0.944156
563	690	0.924654
564	679	0.928729
565	673	0.903704
566	730	0.58208
567	738	0.938328
568	712	0.940132
569	640	0.382344
570	711	0.725421
571	705	0.87097
572	682	0.92192
573	688	0.923008
574	731	0.599724
575	701	0.955972
576	711	0.504344
577	729	0.935985
578	708	0.915564
579	664	0.931132
580	718	0.899739
581	748	0.936212
582	719	0.936292
583	696	0.945699
584	713	0.644965
585	706	0.949523
586	743	0.952033
587	725	0.922008
588	702	0.957571
589	707	0.938676
590	709	0.931339
591	715	0.919678
592	710	0.930361
593	724	0.920997
594	714	0.927695
595	731	0.637394
596	716	0.923608
597	735	0.952852
598	740	0.939231
599	753	0.658095
600	749	0.959192
601	733	0.939917
602	722	0.63544
603	742	0.911348
604	741	0.938699
605	721	0.940059
606	736	0.937382
607	752	0.95207
608	717	0.925976
609	727	0.931349
610	745	0.947668
611	726	0.891281
612	737	0.929971
613	693	0.583858
614	759	0.657718
615	730	0.687351
616	750	0.960243
617	713	0.387111
618	747	0.928998
619	753	0.570691
620	751	0.620652
621	756	0.940409
622	754	0.934568
623	732	0.912137
624	720	0.935944
625	722	0.61588
626	762	0.934858
627	744	0.928826
628	728	0.94116
629	763	0.94203
630	746	0.94117
631	755	0.716365
632	773	0.93971
633	739	0.921497
634	758	0.94474
635	764	0.942331
636	771	0.945783
637	713	0.193495
638	759	0.593009
639	769	0.934952
640	767	0.93369
641	774	0.94974
642	766	0.932538
643	775	0.543223
644	770	0.958198
645	777	0.955806
646	751	0.623328
647	782	0.945985
648	760	0.931087
649	761	0.950481
650	755	0.532401
651	776	0.746458
652	765	0.567399
653	780	0.930646
654	785	0.928038
655	789	0.951841
656	768	0.951379
657	781	0.685287
658	772	0.59505
659	775	0.670751
660	797	0.93066
661	781	0.56905
662	791	0.659101
663	776	0.47588
664	778	0.926763
665	790	0.579669
666	779	0.955101
667	793	0.441293
668	796	0.932477
669	788	0.931476
670	799	0.924167
671	811	0.93336
672	795	0.946781
673	787	0.942156
674	772	0.628836
675	798	0.925028
676	784	0.930857
677	783	0.673565
678	812	0.924197
679	786	0.940667
680	765	0.691708
681	792	0.925241
682	801	0.936847
683	802	0.934036
684	791	0.569083
685	804	0.953095
686	790	0.649505
687	794	0.644832
688	783	0.581831
689	806	0.764113
690	816	0.926372
691	794	0.608952
692	806	0.443961
693	793	0.750897
694	809	0.946981
695	810	0.944481
696	817	0.914963
697	800	0.942733
698	807	0.941324
699	808	0.942487
700	803	0.953595
701	805	0.942566
702	814	0.939766
703	815	0.939428
704	819	0.934528
705	824	0.634719
706	818	0.930565
707	820	0.931932
708	824	0.631616
709	823	0.958004
710	821	0.953182
711	813	0.489637
712	813	0.719614
713	829	0.92901
714	822	0.907892
715	826	0.945513
716	828	0.947535
717	825	0.936607
718	831	0.934251
719	830	0.929884
720	827	0.932528
