2	3	0.872596
3	166	0.877691
4	5	0.792621
5	5	0.0117448
6	7	0.872591
7	10	0.933443
8	148	0.899274
9	8	0.763545
10	11	0.296253
11	16	0.000416378
12	153	0.033935
13	153	0.0582822
14	14	0.808488
15	173	0.103061
16	20	0.688199
17	174	0.269902
18	239	0.904552
19	21	0.590361
20	1	0.000160857
21	218	0.921373
22	16	0.00516685
23	22	0.933506
24	26	0.752319
25	28	0.0429685
26	155	0.841822
27	136	0.897896
28	29	0.248435
29	30	0.277035
30	31	0.90561
31	30	0.826732
32	34	0.858605
33	123	0.925606
34	40	0.0101349
35	38	0.280694
36	32	0.00142704
37	175	0.931918
38	160	0.321569
39	1	6.1772e-05
40	1	0.000133334
41	41	0.895398
42	141	0.922185
43	159	0.0234519
44	131	0.807577
45	45	0.903581
46	42	0.929114
47	137	0.859244
48	257	0.893566
49	143	0.493555
50	142	0.105995
51	1	0.00022705
52	1	0.000668779
53	53	0.837302
54	51	0.534301
55	124	0.00984978
56	185	0.0605913
57	1	0.00020003
58	125	0.901442
59	1	0.000188021
60	54	0.773954
61	1	0.000428536
62	230	0.918955
63	59	0.862441
64	1	0.000104595
65	63	0.886872
66	208	0.936922
67	60	0.00318454
68	262	0.864578
69	66	0.67246
70	64	0.815252
71	1	0.000583821
72	66	0.203687
73	67	0.726113
74	1	6.92072e-05
75	151	0.889968
76	71	0.910384
77	73	0.81526
78	1	0.000552023
79	1	6.599e-05
80	1	7.81437e-05
81	176	0.911858
82	1	0.000186591
83	80	0.0065242
84	122	0.940081
85	1	0.000221689
86	80	0.00790489
87	138	0.864855
88	182	0.557202
89	77	0.53466
90	79	0.895345
91	163	0.913749
92	81	0.897676
93	1	8.71517e-05
94	84	0.931519
95	1	0.000452263
96	1	0.000206892
97	86	0.374593
98	1	0.000236772
99	146	0.930004
100	127	0.0486422
101	1	0.000848316
102	177	0.229557
103	1	0.000301245
104	1	0.000158712
105	165	0.313946
106	178	0.0264114
107	93	0.0101259
108	171	0.938118
109	226	0.922076
110	94	0.871554
111	98	0.560379
112	1	0.000669636
113	178	0.088857
114	101	0.89422
115	1	0.000130689
116	1	0.000299601
117	104	0.897992
118	139	0.859571
119	1	0.000597112
120	115	0.0488337
121	1	0.00013026
122	110	0.294458
123	111	0.939313
124	1	0.000502144
125	1	0.000676067
126	113	0.361682
127	117	0.861021
128	134	0.00606796
129	1	0.000435111
130	119	0.868722
131	119	0.0138952
132	134	0.00412619
133	154	0.942378
134	240	0.644674
135	1	0.000476489
136	1	0.000678281
137	24	0.57588
138	32	0.556003
139	240	0.610678
140	1	0.000611403
141	129	0.946798
142	174	0.846071
143	1	0.000481634
144	133	0.133745
145	180	0.906539
146	228	0.907778
147	204	0.922635
148	120	0.925775
149	21	0.622593
150	194	0.544305
151	145	0.0416582
152	232	0.947748
153	47	0.416377
154	161	0.226675
155	215	0.934236
156	95	0.86265
157	115	0.850075
158	205	0.921389
159	1	0.00040145
160	35	0.510552
161	223	0.602791
162	198	0.0293652
163	88	0.854383
164	187	0.895564
165	212	0.925063
166	289	0.911431
167	55	0.359501
168	197	0.935756
169	102	0.779825
170	210	0.914324
171	202	0.0356724
172	237	0.881078
173	23	0.811819
174	181	0.939605
175	130	0.921739
176	303	0.901445
177	40	0.115841
178	195	0.892092
179	254	0.933114
180	294	0.92177
181	69	0.508108
182	192	0.0894564
183	134	0.822511
184	272	0.899341
185	28	0.882261
186	160	0.807957
187	223	0.641356
188	51	0.693883
189	213	0.919977
190	278	0.920281
191	167	0.91313
192	312	0.886061
193	191	0.929297
194	85	0.337754
195	128	0.00849144
196	93	0.626415
197	252	0.898336
198	108	0.634216
199	270	0.908831
200	1	0.000891891
201	80	0.59323
202	91	0.236341
203	302	0.897998
204	220	0.902707
205	306	0.896039
206	68	0.395161
207	242	0.938781
208	100	0.094606
209	97	0.40546
210	172	0.599759
211	109	0.0125869
212	173	0.907419
213	27	0.580198
214	305	0.927414
215	190	0.738252
216	168	0.910952
217	76	0.482335
218	233	0.730532
219	128	0.00542642
220	107	0.378715
221	106	0.800353
222	188	0.932111
223	118	0.555807
224	259	0.8662
225	142	0.858601
226	56	0.274596
227	201	0.933179
228	114	0.837105
229	147	0.805221
230	211	0.882241
231	153	0.842216
232	16	0.804291
233	184	0.926986
234	296	0.62731
235	304	0.918808
236	190	0.426828
237	291	0.838193
238	243	0.876403
239	279	0.937683
240	250	0.916353
241	247	0.916032
242	37	0.272657
243	78	0.503104
244	179	0.907672
245	177	0.648153
246	271	0.935149
247	35	0.631931
248	299	0.597004
249	169	0.72358
250	83	0.500819
251	127	0.883166
252	165	0.524489
253	251	0.93206
254	193	0.936001
255	346	0.896039
256	116	0.394362
257	40	0.816063
258	229	0.899582
259	372	0.896465
260	43	0.651321
261	323	0.918666
262	161	0.810969
263	354	0.870423
264	284	0.881455
265	214	0.907588
266	178	0.899212
267	269	0.866623
268	203	0.892265
269	339	0.856059
270	49	0.798867
271	124	0.893168
272	52	0.437535
273	72	0.414321
274	330	0.920919
275	61	0.53627
276	267	0.908596
277	328	0.862901
278	344	0.880515
279	100	0.772717
280	236	0.859348
281	156	0.934117
282	194	0.667208
283	288	0.934687
284	55	0.744123
285	60	0.886375
286	150	0.802307
287	144	0.91419
288	292	0.914958
289	170	0.91203
290	92	0.84195
291	164	0.754556
292	299	0.572238
293	162	0.931517
294	308	0.938933
295	336	0.919701
296	158	0.895429
297	159	0.879402
298	376	0.908635
299	132	0.90173
300	350	0.887086
301	133	0.851551
302	275	0.926978
303	238	0.886467
304	164	0.39645
305	390	0.857063
306	373	0.901057
307	121	0.89359
308	165	0.506233
309	107	0.747201
310	200	0.924742
311	316	0.884381
312	109	0.802252
313	172	0.603979
314	202	0.877122
315	342	0.875007
316	253	0.929015
317	310	0.929611
318	183	0.648678
319	82	0.704777
320	233	0.501533
321	152	0.898568
322	280	0.871541
323	219	0.937303
324	256	0.913672
325	349	0.931373
326	341	0.886714
327	103	0.75694
328	221	0.93955
329	364	0.908191
330	347	0.929839
331	263	0.903355
332	76	0.686082
333	348	0.94398
334	387	0.871696
335	340	0.937147
336	331	0.929103
337	186	0.936419
338	365	0.885922
339	80	0.582274
340	379	0.89906
341	128	0.496443
342	227	0.913133
343	246	0.526795
344	338	0.884307
345	384	0.866723
346	206	0.903083
347	296	0.615237
348	352	0.888545
349	332	0.901726
350	145	0.921978
351	266	0.910149
352	192	0.910613
353	366	0.886118
354	322	0.924375
355	207	0.892534
356	216	0.911089
357	388	0.922023
358	185	0.903289
359	396	0.880686
360	128	0.662442
361	377	0.935484
362	199	0.899674
363	235	0.934179
364	286	0.933755
365	268	0.84392
366	287	0.931413
367	295	0.759155
368	260	0.887034
369	281	0.613226
370	224	0.919596
371	241	0.906322
372	198	0.701097
373	301	0.911859
374	255	0.895527
375	367	0.748382
376	282	0.919807
377	217	0.874723
378	418	0.883126
379	273	0.680144
380	319	0.908569
381	281	0.546779
382	285	0.902687
383	177	0.492804
384	356	0.939247
385	375	0.894524
386	189	0.896368
387	345	0.917902
388	324	0.925552
389	410	0.887438
390	244	0.896494
391	234	0.937923
392	276	0.925582
393	371	0.868853
394	358	0.945937
395	222	0.892251
396	422	0.87548
397	425	0.88139
398	283	0.927244
399	335	0.935159
400	378	0.920661
401	374	0.880206
402	362	0.854389
403	298	0.915131
404	351	0.815537
405	414	0.640527
406	196	0.893734
407	274	0.580307
408	334	0.90259
409	329	0.895004
410	290	0.919029
411	209	0.900698
412	245	0.895612
413	417	0.525512
414	367	0.463051
415	273	0.469381
416	261	0.736315
417	231	0.928118
418	265	0.935121
419	337	0.93331
420	246	0.665093
421	295	0.443072
422	416	0.89362
423	357	0.924116
424	421	0.87364
425	429	0.879447
426	317	0.936276
427	415	0.932707
428	248	0.943526
429	401	0.933472
430	225	0.879698
431	249	0.895115
432	386	0.674009
433	309	0.879281
434	321	0.870022
435	395	0.529846
436	258	0.761639
437	395	0.708928
438	426	0.920127
439	452	0.765007
440	198	0.465826
441	412	0.868199
442	297	0.898429
443	258	0.38549
444	443	0.888173
445	314	0.930658
446	465	0.219109
447	277	0.879436
448	261	0.404588
449	408	0.926288
450	293	0.926329
451	300	0.915496
452	326	0.904064
453	343	0.911044
454	385	0.894911
455	462	0.88667
456	456	0.912025
457	313	0.922451
458	411	0.922585
459	398	0.548712
460	417	0.656002
461	441	0.910775
462	359	0.0119255
463	318	0.920468
464	407	0.92355
465	333	0.934293
466	402	0.924819
467	398	0.654414
468	363	0.867611
469	461	0.897436
470	311	0.908829
471	325	0.946527
472	428	0.888525
473	386	0.514575
474	368	0.935247
475	414	0.553654
476	307	0.915867
477	315	0.908134
478	403	0.922738
479	399	0.879067
480	297	0.0229506
481	353	0.92995
482	437	0.905165
483	327	0.896755
484	394	0.873043
485	444	0.897979
486	355	0.935928
487	380	0.642539
488	453	0.899988
489	320	0.888034
490	452	0.357221
491	468	0.905522
492	419	0.931316
493	427	0.940353
494	383	0.89091
495	359	0.891171
496	424	0.924386
497	445	0.91813
498	380	0.587411
499	389	0.928175
500	360	0.628761
501	442	0.932344
502	397	0.937073
503	369	0.938529
504	464	0.90357
505	382	0.905957
506	440	0.911705
507	423	0.884219
508	406	0.91921
509	447	0.948334
510	483	0.896206
511	409	0.569155
512	393	0.891105
513	400	0.919958
514	478	0.899163
515	476	0.903776
516	435	0.934927
517	438	0.928067
518	361	0.907477
519	370	0.880807
520	488	0.56258
521	479	0.908064
522	409	0.641519
523	473	0.893607
524	405	0.929107
525	448	0.940995
526	432	0.919258
527	436	0.931517
528	484	0.909098
529	460	0.877214
530	466	0.897392
531	446	0.928343
532	381	0.908278
533	392	0.913247
534	439	0.916225
535	454	0.878272
536	475	0.916174
537	360	0.611487
538	451	0.910402
539	413	0.894501
540	455	0.920638
541	404	0.914911
542	481	0.885095
543	391	0.939233
544	420	0.921217
545	465	0.821921
546	491	0.908431
547	501	0.889957
548	474	0.888936
549	434	0.903985
550	496	0.879898
551	488	0.639803
552	431	0.766854
553	490	0.895603
554	477	0.88641
555	433	0.934233
556	449	0.91569
557	459	0.918118
558	495	0.911426
559	430	0.925014
560	485	0.922273
561	471	0.903718
562	494	0.905089
563	450	0.927162
564	457	0.920023
565	458	0.932885
566	498	0.908732
567	499	0.902384
568	467	0.899509
569	504	0.903226
570	503	0.919329
571	469	0.699039
572	431	0.43188
573	505	0.500039
574	493	0.926803
575	470	0.924942
576	505	0.699929
577	487	0.900317
578	482	0.921073
579	509	0.924973
580	507	0.545261
581	489	0.921991
582	486	0.935541
583	469	0.488452
584	500	0.919814
585	514	0.933778
586	472	0.932356
587	463	0.914039
588	480	0.934568
589	506	0.930252
590	507	0.672673
591	492	0.92796
592	502	0.930774
593	497	0.93169
594	515	0.920815
595	513	0.919387
596	508	0.912234
597	516	0.931158
598	510	0.932451
599	511	0.925445
600	512	0.917691
