0.000000000000000000e+00 7.960000000000000000e+02 8.920000000000000000e+02
0.000000000000000000e+00 8.220000000000000000e+02 9.360000000000000000e+02
0.000000000000000000e+00 8.220000000000000000e+02 9.380000000000000000e+02
1.000000000000000000e+00 8.780000000000000000e+02 7.800000000000000000e+02
1.000000000000000000e+00 8.890000000000000000e+02 7.880000000000000000e+02
2.000000000000000000e+00 7.110000000000000000e+02 7.930000000000000000e+02
2.000000000000000000e+00 7.860000000000000000e+02 8.550000000000000000e+02
2.000000000000000000e+00 7.570000000000000000e+02 7.920000000000000000e+02
2.000000000000000000e+00 7.570000000000000000e+02 8.250000000000000000e+02
2.000000000000000000e+00 7.740000000000000000e+02 8.240000000000000000e+02
2.000000000000000000e+00 7.740000000000000000e+02 8.430000000000000000e+02
2.000000000000000000e+00 8.160000000000000000e+02 8.590000000000000000e+02
2.000000000000000000e+00 8.160000000000000000e+02 8.700000000000000000e+02
3.000000000000000000e+00 8.510000000000000000e+02 8.850000000000000000e+02
3.000000000000000000e+00 8.510000000000000000e+02 9.010000000000000000e+02
5.000000000000000000e+00 9.560000000000000000e+02 7.910000000000000000e+02
5.000000000000000000e+00 9.250000000000000000e+02 7.880000000000000000e+02
5.000000000000000000e+00 9.430000000000000000e+02 8.260000000000000000e+02
5.000000000000000000e+00 9.970000000000000000e+02 8.710000000000000000e+02
5.000000000000000000e+00 1.030000000000000000e+03 8.960000000000000000e+02
5.000000000000000000e+00 1.035000000000000000e+03 8.930000000000000000e+02
5.000000000000000000e+00 1.035000000000000000e+03 9.090000000000000000e+02
6.000000000000000000e+00 8.860000000000000000e+02 7.960000000000000000e+02
6.000000000000000000e+00 8.860000000000000000e+02 7.980000000000000000e+02
6.000000000000000000e+00 8.680000000000000000e+02 7.680000000000000000e+02
6.000000000000000000e+00 8.680000000000000000e+02 7.830000000000000000e+02
6.000000000000000000e+00 8.980000000000000000e+02 8.000000000000000000e+02
6.000000000000000000e+00 8.980000000000000000e+02 8.140000000000000000e+02
7.000000000000000000e+00 6.900000000000000000e+02 6.280000000000000000e+02
7.000000000000000000e+00 7.370000000000000000e+02 6.800000000000000000e+02
7.000000000000000000e+00 7.370000000000000000e+02 6.930000000000000000e+02
7.000000000000000000e+00 7.640000000000000000e+02 6.980000000000000000e+02
7.000000000000000000e+00 7.790000000000000000e+02 7.000000000000000000e+02
7.000000000000000000e+00 7.790000000000000000e+02 7.120000000000000000e+02
7.000000000000000000e+00 7.920000000000000000e+02 7.240000000000000000e+02
7.000000000000000000e+00 7.920000000000000000e+02 7.450000000000000000e+02
7.000000000000000000e+00 7.940000000000000000e+02 7.250000000000000000e+02
7.000000000000000000e+00 7.940000000000000000e+02 7.360000000000000000e+02
8.000000000000000000e+00 6.480000000000000000e+02 6.250000000000000000e+02
8.000000000000000000e+00 5.510000000000000000e+02 5.500000000000000000e+02
8.000000000000000000e+00 7.480000000000000000e+02 7.150000000000000000e+02
8.000000000000000000e+00 7.480000000000000000e+02 7.160000000000000000e+02
8.000000000000000000e+00 7.510000000000000000e+02 7.200000000000000000e+02
8.000000000000000000e+00 7.210000000000000000e+02 6.850000000000000000e+02
8.000000000000000000e+00 7.210000000000000000e+02 6.930000000000000000e+02
9.000000000000000000e+00 6.130000000000000000e+02 8.080000000000000000e+02
9.000000000000000000e+00 6.610000000000000000e+02 8.520000000000000000e+02
9.000000000000000000e+00 6.900000000000000000e+02 8.740000000000000000e+02
9.000000000000000000e+00 6.900000000000000000e+02 9.000000000000000000e+02
9.000000000000000000e+00 6.970000000000000000e+02 8.770000000000000000e+02
9.000000000000000000e+00 6.970000000000000000e+02 9.020000000000000000e+02
9.000000000000000000e+00 6.910000000000000000e+02 8.850000000000000000e+02
9.000000000000000000e+00 6.910000000000000000e+02 8.900000000000000000e+02
9.000000000000000000e+00 7.000000000000000000e+02 8.980000000000000000e+02
9.000000000000000000e+00 7.180000000000000000e+02 9.140000000000000000e+02
9.000000000000000000e+00 6.530000000000000000e+02 8.510000000000000000e+02
9.000000000000000000e+00 6.530000000000000000e+02 8.610000000000000000e+02
1.000000000000000000e+01 8.290000000000000000e+02 7.750000000000000000e+02
1.000000000000000000e+01 8.080000000000000000e+02 7.450000000000000000e+02
1.000000000000000000e+01 8.820000000000000000e+02 8.180000000000000000e+02
1.000000000000000000e+01 9.040000000000000000e+02 8.280000000000000000e+02
1.000000000000000000e+01 9.040000000000000000e+02 8.370000000000000000e+02
1.000000000000000000e+01 9.110000000000000000e+02 8.340000000000000000e+02
1.000000000000000000e+01 9.110000000000000000e+02 8.470000000000000000e+02
1.000000000000000000e+01 9.180000000000000000e+02 8.450000000000000000e+02
1.000000000000000000e+01 9.180000000000000000e+02 8.460000000000000000e+02
1.000000000000000000e+01 8.670000000000000000e+02 7.660000000000000000e+02
1.000000000000000000e+01 8.670000000000000000e+02 7.990000000000000000e+02
1.100000000000000000e+01 7.340000000000000000e+02 3.970000000000000000e+02
1.100000000000000000e+01 8.150000000000000000e+02 4.620000000000000000e+02
1.200000000000000000e+01 3.990000000000000000e+02 3.700000000000000000e+02
1.200000000000000000e+01 3.720000000000000000e+02 3.460000000000000000e+02
1.200000000000000000e+01 4.150000000000000000e+02 3.980000000000000000e+02
1.200000000000000000e+01 4.540000000000000000e+02 4.260000000000000000e+02
1.200000000000000000e+01 4.730000000000000000e+02 4.460000000000000000e+02
1.200000000000000000e+01 4.800000000000000000e+02 4.390000000000000000e+02
1.200000000000000000e+01 4.720000000000000000e+02 4.560000000000000000e+02
1.200000000000000000e+01 4.940000000000000000e+02 4.670000000000000000e+02
1.300000000000000000e+01 4.090000000000000000e+02 4.070000000000000000e+02
1.300000000000000000e+01 4.150000000000000000e+02 4.050000000000000000e+02
1.300000000000000000e+01 4.190000000000000000e+02 4.150000000000000000e+02
1.300000000000000000e+01 4.190000000000000000e+02 4.310000000000000000e+02
1.300000000000000000e+01 4.380000000000000000e+02 4.370000000000000000e+02
1.300000000000000000e+01 4.240000000000000000e+02 4.200000000000000000e+02
1.300000000000000000e+01 4.240000000000000000e+02 4.290000000000000000e+02
1.300000000000000000e+01 4.440000000000000000e+02 4.320000000000000000e+02
1.300000000000000000e+01 4.440000000000000000e+02 4.390000000000000000e+02
1.300000000000000000e+01 4.630000000000000000e+02 4.680000000000000000e+02
1.300000000000000000e+01 4.600000000000000000e+02 4.690000000000000000e+02
1.400000000000000000e+01 3.730000000000000000e+02 3.110000000000000000e+02
1.400000000000000000e+01 4.050000000000000000e+02 3.520000000000000000e+02
1.400000000000000000e+01 4.050000000000000000e+02 3.710000000000000000e+02
1.400000000000000000e+01 4.040000000000000000e+02 3.530000000000000000e+02
1.400000000000000000e+01 4.240000000000000000e+02 3.930000000000000000e+02
1.500000000000000000e+01 3.740000000000000000e+02 4.560000000000000000e+02
1.500000000000000000e+01 3.710000000000000000e+02 4.370000000000000000e+02
1.500000000000000000e+01 3.880000000000000000e+02 4.680000000000000000e+02
1.500000000000000000e+01 3.960000000000000000e+02 4.820000000000000000e+02
1.500000000000000000e+01 4.120000000000000000e+02 5.020000000000000000e+02
1.500000000000000000e+01 3.610000000000000000e+02 4.260000000000000000e+02
1.500000000000000000e+01 3.610000000000000000e+02 4.430000000000000000e+02
1.500000000000000000e+01 3.640000000000000000e+02 4.380000000000000000e+02
1.600000000000000000e+01 4.080000000000000000e+02 3.790000000000000000e+02
1.600000000000000000e+01 4.080000000000000000e+02 4.280000000000000000e+02
1.600000000000000000e+01 4.390000000000000000e+02 4.460000000000000000e+02
