2	1	8.87123e-05
3	1	0.000399502
4	1	0.000820495
5	1	0.000269374
6	1	0.000155752
7	1	0.000518455
8	1	0.000166585
9	1	0.000143594
10	1	0.000541658
11	1	9.42392e-05
12	1	0.000497185
13	1	0.000181838
14	202	0.0108399
15	1	3.34407e-05
16	1	0.000396298
17	1	0.000532984
18	213	0.00131779
19	1	3.85258e-05
20	1	0.000171614
21	1	0.000732621
22	1	0.000347398
23	1	4.44953e-05
24	214	0.00337962
25	1	0.000393369
26	15	0.332164
27	1	6.43379e-05
28	1	0.000374859
29	1	0.000444146
30	17	0.12473
31	214	0.0229151
32	269	0.0574628
33	1	0.000155752
34	1	0.000291477
35	1	0.00047945
36	1	0.000196814
37	231	0.000532935
38	26	0.0552644
39	1	0.000124692
40	246	0.0695084
41	1	0.000509891
42	1	0.000389336
43	1	0.000343585
44	1	0.000283244
45	1	5.98609e-05
46	263	0.0069151
47	1	0.000238206
48	1	0.000497185
49	29	0.352134
50	1	0.0003017
51	1	0.000180843
52	1	7.73818e-05
53	1	0.000252188
54	273	0.0111344
55	1	7.79898e-05
56	37	0.442113
57	196	0.0243597
58	1	0.000127953
59	50	0.483072
60	1	0.000316454
61	264	0.0193635
62	51	0.296947
63	45	0.22461
64	1	0.000135248
65	247	0.123079
66	1	0.000346624
67	54	0.301772
68	46	0.356047
69	1	0.000504974
70	1	5.05752e-05
71	1	0.000131822
72	62	0.0181491
73	1	9.61184e-05
74	64	0.439455
75	221	0.570382
76	66	0.424886
77	1	0.000632532
78	77	0.507807
79	1	0.00019792
80	75	0.667476
81	271	0.0527714
82	1	0.000150115
83	81	0.480405
84	1	0.000563313
85	1	0.000400165
86	82	0.295455
87	189	0.000334896
88	1	0.000391822
89	242	0.0619731
90	89	0.318848
91	97	0.0143388
92	248	0.00788722
93	96	0.528234
94	1	0.000162219
95	224	0.011841
96	93	0.469979
97	1	3.37724e-05
98	95	0.357486
99	1	0.000382982
100	99	0.72242
101	1	0.000332644
102	102	0.309853
103	107	0.731981
104	1	0.000139615
105	110	0.549951
106	108	0.0381875
107	112	0.369198
108	1	0.000272026
109	1	0.000328887
110	194	0.0122734
111	260	0.0553931
112	116	0.0114982
113	1	7.32365e-05
114	117	0.631968
115	118	0.762814
116	1	0.000226436
117	1	5.1349e-05
118	116	0.0756783
119	208	0.00901276
120	302	0.0488135
121	194	0.0499073
122	124	0.613785
123	225	0.0255955
124	129	0.577136
125	1	0.000339883
126	138	0.0255489
127	251	0.019016
128	135	0.322544
129	132	0.701948
130	226	0.0900433
131	1	8.23562e-05
132	1	0.000165314
133	1	0.000281973
134	138	0.627748
135	1	0.000164761
136	150	0.3452
137	209	0.0589368
138	147	0.353277
139	148	0.496955
140	152	0.0403748
141	149	0.635382
142	1	0.000172553
143	155	0.369819
144	151	0.133911
145	157	0.337165
146	148	0.0905782
147	262	0.149391
148	161	0.017027
149	162	0.444039
150	159	0.610494
151	1	0.000189906
152	164	0.0275128
153	200	0.00411036
154	1	0.000162771
155	1	9.31891e-05
156	201	0.0239239
157	236	0.0143289
158	168	0.492191
159	1	0.000143152
160	172	0.403584
161	177	0.508577
162	171	0.566626
163	1	0.000132761
164	178	0.355937
165	176	0.586879
166	228	0.000299446
167	229	0.153531
168	1	7.1081e-05
169	181	0.21646
170	229	0.0315758
171	1	7.55579e-05
172	1	0.000115794
173	1	9.59526e-05
174	186	0.247083
175	191	0.0390812
176	183	0.00559848
177	59	0.488759
178	76	0.437477
179	115	0.600251
180	163	0.256466
181	245	0.0146
182	40	0.537058
183	56	0.244873
184	169	0.530853
185	1	0.000546243
186	43	0.61363
187	1	0.000434864
188	234	0.0475765
189	131	0.665017
190	184	0.238326
191	71	0.148439
192	90	0.511476
193	199	0.133325
194	166	0.00990501
195	272	0.0383
196	1	0.000528123
197	32	0.456892
198	91	0.821876
199	258	0.000711941
200	114	0.108745
201	136	0.719178
202	140	0.417004
203	141	0.722144
204	5	0.00340715
205	237	0.0302541
206	27	0.00260857
207	58	0.594982
208	287	0.0409925
209	165	0.674128
210	167	0.665706
211	173	0.64177
212	179	0.632952
213	182	0.653272
214	13	0.259083
215	108	0.762603
216	225	0.0335258
217	151	0.799531
218	254	0.00231757
219	24	0.772502
220	133	0.894557
221	143	0.480461
222	170	0.671032
223	174	0.808504
224	175	0.886012
225	185	0.654719
226	192	0.00344313
227	41	0.419048
228	35	0.212996
229	60	0.496925
230	98	0.761685
231	101	0.0956675
232	161	0.805698
233	7	0.00370632
234	21	0.253063
235	94	0.173436
236	92	0.473332
237	100	0.825956
238	104	0.413935
239	194	0.803425
240	142	0.786369
241	144	0.840849
242	164	0.715224
243	180	0.494568
244	2	0.0781727
245	28	0.339801
246	44	0.795365
247	111	0.85208
248	121	0.631805
249	158	0.809925
250	190	0.893215
251	20	0.611189
252	47	0.328825
253	48	0.855866
254	73	0.140014
255	72	0.828242
256	83	0.892308
257	219	0.932718
258	208	0.693636
259	183	0.680417
260	12	0.613517
261	16	0.366988
262	42	0.773393
263	49	0.344433
264	209	0.870287
265	200	0.923405
266	201	0.924029
267	191	0.806733
268	23	0.773117
269	26	0.753135
270	52	0.783106
271	62	0.943797
272	87	0.329695
273	93	0.120389
274	105	0.765547
275	119	0.662951
276	211	0.900814
277	3	0.366854
278	8	0.45386
279	31	0.852606
280	57	0.39474
281	63	0.880385
282	68	0.892826
283	222	0.929804
284	116	0.818587
285	123	0.886822
286	251	0.930393
287	226	0.901814
288	212	0.907455
289	6	0.474888
290	6	0.350975
291	11	0.677174
292	189	0.890457
293	86	0.631424
294	97	0.823582
295	120	0.595446
296	235	0.893973
297	152	0.900028
298	154	0.683702
299	153	0.875228
300	244	0.92824
301	22	0.845059
302	67	0.656866
303	233	0.92986
304	302	0.399956
305	130	0.809342
306	166	0.842061
307	253	0.93435
308	9	0.276108
309	25	0.742373
310	33	0.85568
311	36	0.734495
312	224	0.926948
313	134	0.832619
314	145	0.821128
315	227	0.860916
316	262	0.830668
317	193	0.901655
318	228	0.937539
319	229	0.871133
320	10	0.814181
321	14	0.893285
322	231	0.694795
323	30	0.821723
324	74	0.524992
325	80	0.794159
326	160	0.860775
327	210	0.896894
328	187	0.656278
329	205	0.897129
330	53	0.794179
331	199	0.860145
332	236	0.920298
333	267	0.938204
334	7	0.568845
335	18	0.768814
336	93	0.0510926
337	248	0.924378
338	230	0.595169
339	214	0.899134
340	19	0.739566
341	38	0.765178
342	264	0.943309
343	102	0.63205
344	207	0.905472
345	195	0.86089
346	192	0.810094
347	5	0.800608
348	215	0.934343
349	246	0.896031
350	197	0.741846
351	266	0.902718
352	106	0.0562132
353	252	0.927509
354	245	0.909788
355	304	0.937016
356	173	0.459022
357	202	0.92095
358	263	0.923426
359	273	0.940203
360	39	0.905116
361	239	0.927466
362	271	0.938316
363	85	0.833427
364	188	0.928923
365	106	0.18831
366	103	0.809299
367	243	0.746025
368	27	0.804661
369	65	0.79088
370	198	0.835525
371	314	0.916094
372	148	0.670002
373	220	0.925966
374	216	0.92364
375	240	0.895414
376	225	0.902683
377	284	0.915918
378	203	0.878018
379	238	0.940602
380	196	0.922265
381	247	0.900278
382	241	0.905799
383	250	0.671988
384	270	0.948459
385	218	0.909046
386	296	0.878835
387	303	0.93467
388	285	0.93117
389	290	0.933918
390	307	0.944351
391	345	0.941241
392	206	0.787066
393	234	0.895509
394	319	0.934691
395	323	0.928229
396	232	0.879616
397	223	0.906689
398	318	0.878418
399	249	0.927017
400	302	0.769602
401	327	0.928941
402	328	0.882365
403	283	0.953305
404	297	0.91981
405	254	0.914224
406	237	0.927929
407	357	0.912004
408	279	0.920384
409	317	0.939626
410	309	0.932683
411	344	0.883546
412	258	0.939692
413	313	0.936032
414	321	0.930066
415	159	0.590159
416	358	0.925603
417	338	0.926484
418	286	0.951433
419	353	0.886723
420	282	0.936217
421	315	0.906123
422	280	0.538603
423	255	0.873522
424	320	0.923572
425	278	0.919818
426	291	0.958264
427	272	0.942682
428	269	0.930173
429	298	0.956345
430	281	0.932185
431	292	0.908085
432	333	0.929712
433	277	0.899086
434	289	0.923054
435	294	0.957264
436	384	0.934896
437	322	0.942219
438	393	0.932867
439	329	0.931126
440	280	0.613424
441	340	0.94068
442	308	0.940666
443	275	0.926435
444	287	0.929482
445	412	0.406002
446	337	0.936116
447	293	0.918913
448	242	0.91808
449	352	0.931956
450	335	0.933654
451	367	0.903779
452	331	0.958476
453	349	0.941887
454	274	0.936149
455	316	0.938007
456	380	0.941731
457	300	0.918283
458	256	0.925867
459	276	0.932309
460	312	0.942528
461	479	0.6477
462	301	0.933718
463	365	0.943823
464	347	0.946719
465	359	0.943462
466	305	0.89221
467	299	0.903219
468	342	0.93138
469	388	0.935811
470	407	0.918454
471	336	0.948839
472	472	0.434815
473	417	0.924731
474	370	0.892386
475	376	0.928136
476	377	0.934314
477	330	0.969151
478	324	0.965249
479	368	0.945516
480	306	0.935334
481	58	0.403092
482	311	0.932941
483	373	0.928978
484	382	0.92407
485	416	0.913202
486	356	0.924618
487	425	0.921422
488	404	0.935519
489	325	0.93698
490	385	0.946174
491	332	0.920111
492	379	0.944201
493	351	0.897545
494	341	0.920089
495	397	0.952219
496	346	0.921983
497	363	0.910133
498	366	0.894055
499	392	0.899163
500	360	0.956012
501	348	0.952637
502	362	0.924525
503	326	0.928598
504	310	0.938136
505	424	0.933365
506	355	0.947155
507	430	0.884542
508	442	0.942869
509	409	0.931113
510	371	0.962109
511	334	0.928931
512	146	0.630622
513	437	0.915545
514	339	0.958991
515	361	0.954742
516	395	0.943693
517	350	0.940193
518	411	0.949268
519	343	0.905203
520	400	0.918371
521	426	0.908454
522	405	0.94639
523	387	0.934135
524	374	0.94349
525	391	0.929644
526	243	0.467342
527	403	0.930505
528	378	0.958492
529	402	0.944483
530	386	0.929655
531	369	0.929799
532	435	0.928331
533	381	0.941015
534	375	0.670394
535	490	0.937959
536	408	0.922214
537	481	0.943404
538	372	0.939607
539	197	0.47662
540	90	0.436268
541	259	0.347977
542	389	0.920171
543	454	0.92528
544	390	0.930206
545	455	0.922649
546	446	0.933615
547	418	0.931461
548	433	0.959202
549	451	0.940155
550	431	0.930433
551	93	0.0237159
552	399	0.941023
553	423	0.931474
554	459	0.922674
555	401	0.904327
556	415	0.915098
557	500	0.92144
558	436	0.899403
559	448	0.935626
560	463	0.92949
561	482	0.92986
562	396	0.930209
563	406	0.915838
564	398	0.925102
565	458	0.933157
566	414	0.94043
567	474	0.913599
568	419	0.936341
569	394	0.937498
570	427	0.93338
571	421	0.926654
572	487	0.929566
573	464	0.927821
574	432	0.954007
575	444	0.958745
576	420	0.938631
577	428	0.915232
578	438	0.942121
579	410	0.927051
580	383	0.364558
581	473	0.944387
582	467	0.937066
583	457	0.94963
584	449	0.925898
585	453	0.558833
586	470	0.930352
587	443	0.958613
588	422	0.926503
589	492	0.947307
590	494	0.941498
591	429	0.934542
592	786	0.340519
593	456	0.921761
594	471	0.896474
595	434	0.918632
596	440	0.917417
597	250	0.277633
598	447	0.924695
599	462	0.908418
600	501	0.904272
601	512	0.935471
602	466	0.605397
603	439	0.941337
604	515	0.929155
605	529	0.931871
606	488	0.913218
607	499	0.791091
608	513	0.916962
609	460	0.930618
610	461	0.92062
611	259	0.345016
612	106	0.0679331
613	522	0.946755
614	524	0.929211
615	511	0.929039
616	475	0.951963
617	450	0.907591
618	468	0.915153
619	445	0.937656
620	469	0.932093
621	452	0.929006
622	478	0.902574
623	106	0.141878
624	551	0.776942
625	547	0.937829
626	465	0.954308
627	466	0.653923
628	526	0.951353
629	504	0.890728
630	486	0.409753
631	496	0.543823
632	497	0.940085
633	571	0.92201
634	507	0.944364
635	483	0.957223
636	476	0.93589
637	528	0.9427
638	493	0.916006
639	495	0.926338
640	508	0.941135
641	541	0.911317
642	498	0.932228
643	261	0.40468
644	517	0.929928
645	510	0.909552
646	523	0.905594
647	525	0.914206
648	558	0.919874
649	491	0.94621
650	502	0.900343
651	484	0.915596
652	503	0.922289
653	485	0.918249
654	521	0.939122
655	562	0.934963
656	572	0.934998
657	518	0.920578
658	531	0.923637
659	514	0.952598
660	538	0.936336
661	480	0.94345
662	573	0.919304
663	559	0.957224
664	505	0.91526
665	568	0.945241
666	552	0.908188
667	532	0.957864
668	536	0.963882
669	519	0.929135
670	577	0.929831
671	546	0.917091
672	575	0.933268
673	555	0.942568
674	578	0.911956
675	533	0.946884
676	585	0.953386
677	535	0.925992
678	516	0.930402
679	540	0.894353
680	581	0.909455
681	543	0.936414
682	530	0.88472
683	582	0.931993
684	550	0.9146
685	544	0.9189
686	563	0.915959
687	564	0.900561
688	592	0.936588
689	583	0.918052
690	553	0.947414
691	537	0.935897
692	520	0.92397
693	539	0.925763
694	542	0.929841
695	589	0.92271
696	574	0.935157
697	584	0.927604
698	566	0.941041
699	606	0.946262
700	570	0.845398
701	579	0.909682
702	554	0.884001
703	548	0.932725
704	557	0.922537
705	545	0.90949
706	534	0.936413
707	496	0.689901
708	90	0.299323
709	565	0.731937
710	549	0.923283
711	576	0.901837
712	604	0.947822
713	556	0.864888
714	561	0.937786
715	93	0.0244191
716	569	0.92237
717	412	0.630328
718	591	0.454263
719	617	0.931031
720	639	0.915595
721	567	0.911681
722	593	0.927659
723	560	0.922374
724	588	0.940181
725	594	0.920984
726	600	0.920956
727	628	0.941899
728	630	0.950808
729	596	0.949284
730	587	0.951689
731	651	0.916748
732	599	0.890398
733	595	0.947664
734	602	0.937318
735	612	0.925918
736	613	0.931281
737	607	0.866111
738	634	0.922221
739	93	0.0231562
740	657	0.930718
741	653	0.93558
742	611	0.956537
743	590	0.942073
744	586	0.921194
745	635	0.905437
746	608	0.906527
747	615	0.927074
748	626	0.924953
749	627	0.935489
750	658	0.927491
751	603	0.922436
752	663	0.932059
753	605	0.927794
754	551	0.304974
755	614	0.940739
756	650	0.0532408
757	597	0.904378
758	636	0.886156
759	656	0.928565
760	93	0.0237757
761	648	0.93134
762	616	0.941962
763	662	0.940618
764	681	0.940804
765	609	0.920863
766	678	0.919276
767	625	0.921414
768	618	0.898446
769	646	0.914679
770	667	0.921176
771	649	0.95362
772	598	0.93102
773	680	0.941044
774	647	0.919058
775	674	0.931846
776	660	0.961083
777	620	0.930236
778	622	0.930062
779	642	0.934957
780	486	0.477956
781	499	0.39844
782	638	0.938551
783	629	0.950783
784	619	0.941434
785	621	0.926198
786	631	0.903185
787	632	0.936301
788	675	0.95635
789	633	0.861348
790	650	0.902451
791	643	0.933186
792	672	0.925705
793	677	0.94007
794	652	0.91747
795	644	0.936672
796	640	0.856651
797	591	0.754601
798	641	0.940572
799	623	0.938086
800	655	0.916989
801	93	0.00978402
802	666	0.918512
803	673	0.916547
804	659	0.95682
805	113	0.187237
806	689	0.595102
807	668	0.911149
808	684	0.947431
809	664	0.925486
810	665	0.935695
811	712	0.902113
812	661	0.938715
813	676	0.925848
814	701	0.909776
815	707	0.91499
816	731	0.924567
817	682	0.592662
818	679	0.922293
819	702	0.942933
820	682	0.67216
821	692	0.93826
822	686	0.918756
823	699	0.933511
824	733	0.940498
825	713	0.938714
826	709	0.934787
827	726	0.946569
828	683	0.954241
829	691	0.945065
830	696	0.947494
831	687	0.903484
832	685	0.897064
833	703	0.921265
834	718	0.909943
835	697	0.924121
836	694	0.946733
837	738	0.926247
838	688	0.938521
839	725	0.906134
840	690	0.949371
841	704	0.930623
842	732	0.942501
843	737	0.950283
844	734	0.945399
845	716	0.910099
846	745	0.947953
847	719	0.928108
848	740	0.926205
849	741	0.909058
850	698	0.56111
851	695	0.838897
852	714	0.926051
853	700	0.930549
854	580	0.445728
855	689	0.600177
856	724	0.935959
857	698	0.660004
858	749	0.909303
859	715	0.926257
860	705	0.908646
861	767	0.95008
862	711	0.917775
863	717	0.91371
864	739	0.913775
865	710	0.949915
866	747	0.949921
867	93	0.0292358
868	721	0.928829
869	722	0.0187521
870	730	0.931476
871	752	0.908306
872	735	0.940138
873	693	0.87609
874	729	0.921009
875	723	0.932261
876	754	0.951215
877	727	0.956985
878	720	0.926347
879	765	0.935278
880	755	0.931961
881	753	0.940451
882	759	0.953739
883	743	0.951806
884	746	0.937562
885	728	0.911125
886	768	0.930434
887	742	0.927832
888	736	0.949491
889	773	0.914775
890	751	0.899697
891	744	0.926487
892	748	0.934083
893	757	0.9364
894	750	0.923924
895	758	0.915145
896	489	0.204737
897	756	0.946339
898	764	0.93692
899	486	0.345339
900	763	0.943192
901	779	0.913783
902	760	0.943194
903	766	0.933076
904	772	0.945532
905	774	0.923382
906	762	0.921143
907	778	0.938675
908	761	0.925148
909	769	0.945517
910	770	0.926732
911	804	0.932524
912	771	0.937269
913	815	0.934488
914	775	0.888371
915	782	0.931422
916	776	0.944304
917	780	0.94083
918	809	0.928588
919	785	0.862784
920	788	0.918124
921	800	0.928293
922	801	0.937721
923	777	0.938146
924	798	0.932469
925	811	0.931081
926	827	0.920593
927	795	0.933371
928	783	0.931997
929	803	0.932349
930	784	0.923396
931	797	0.937156
932	790	0.91501
933	794	0.930552
934	781	0.920122
935	807	0.936224
936	789	0.938005
937	817	0.918039
938	818	0.93934
939	805	0.935683
940	793	0.922808
941	489	0.273944
942	819	0.927634
943	806	0.944277
944	796	0.931483
945	825	0.932776
946	791	0.929946
947	787	0.91976
948	799	0.949414
949	802	0.933801
950	813	0.925674
951	834	0.93799
952	792	0.937113
953	808	0.942979
954	810	0.94063
955	843	0.909209
956	832	0.954202
957	823	0.946632
958	821	0.627735
959	821	0.567539
960	812	0.941772
961	814	0.946526
962	824	0.948322
963	820	0.928405
964	829	0.919545
965	839	0.94169
966	828	0.950515
967	833	0.949901
968	841	0.931749
969	816	0.939331
970	831	0.946338
971	847	0.935524
972	861	0.945582
973	826	0.928968
974	863	0.94886
975	836	0.945957
976	837	0.930244
977	849	0.94088
978	822	0.947653
979	835	0.946293
980	830	0.920085
981	838	0.93534
982	486	0.231814
983	840	0.944738
984	844	0.92672
985	858	0.910959
986	854	0.929461
987	845	0.942027
988	857	0.940819
989	852	0.944224
990	859	0.925307
991	853	0.941272
992	860	0.950778
993	848	0.955994
994	855	0.940419
995	851	0.93465
996	856	0.955105
997	862	0.943919
998	842	0.928946
999	850	0.935295
1000	867	0.945967
1001	846	0.930907
1002	864	0.91195
1003	870	0.935135
1004	874	0.936875
1005	865	0.963035
1006	873	0.941165
1007	871	0.951471
1008	872	0.93995
1009	879	0.944014
1010	869	0.943616
1011	866	0.959959
1012	875	0.938838
1013	868	0.938435
1014	881	0.952214
1015	876	0.953719
1016	887	0.922686
1017	883	0.956368
1018	884	0.940297
1019	885	0.933089
1020	880	0.932778
1021	878	0.946998
1022	877	0.940876
1023	895	0.91633
1024	889	0.949003
1025	882	0.93827
1026	891	0.92075
1027	890	0.949825
1028	892	0.951028
1029	886	0.954642
1030	894	0.94957
1031	888	0.952346
1032	901	0.935121
1033	897	0.947429
1034	902	0.950176
1035	893	0.950561
1036	896	0.952572
1037	904	0.936197
1038	898	0.937585
1039	899	0.961731
1040	916	0.946439
1041	910	0.95934
1042	905	0.947595
1043	906	0.949198
1044	907	0.933753
1045	900	0.939207
1046	908	0.927967
1047	911	0.954657
1048	903	0.960428
1049	909	0.95478
1050	912	0.955315
1051	915	0.936056
1052	918	0.948337
1053	913	0.952693
1054	914	0.950377
1055	917	0.9414
