1	55.4597749882	57.0419291413	18.9409150893
2	65.3150333891	11.8683639101	0.462142197599
3	53.3279365694	13.7589892295	1.28196478876
4	46.3250470713	16.1685590839	1.98666565688
5	57.7436341197	16.2303322197	0.420278942533
6	40.8600125035	17.4846580372	0.902458445041
7	65.9554904888	16.546617923	0.575408365454
8	80.4103273273	18.0095023847	1.55627674843
9	50.2760913865	19.0117690709	1.3060599584
10	62.3924593692	18.7462259026	1.70380274955
11	70.9365148694	20.0858612616	1.47690512814
12	36.641774216	20.2986740345	1.29463896778
13	75.5342904106	20.6188871239	1.50068424591
14	32.2213926037	22.5807850534	0.641968898614
15	65.3855014142	23.3907561664	1.14809477143
16	80.8565933735	23.5349242455	1.73292516595
17	39.5565890969	24.0951536037	1.13438103149
18	56.3492751646	24.7933706488	1.15934432113
19	71.108528057	25.8323930975	1.53924131267
20	49.8864099974	26.1514117007	2.04588898266
21	82.6589839168	26.0777464522	0.706954366526
22	34.0846895117	26.7505719448	0.493932898081
23	90.214395583	27.7015927987	0.987203470885
24	28.7268036804	26.785411442	0.987585060006
25	52.3396512828	29.0426693622	2.18185920772
26	44.6841650968	30.0643870529	1.28069470583
27	85.8041143367	28.9405293196	1.24233326058
28	76.8084418137	29.0529626852	0.717933265874
29	55.3314873829	32.072761297	0.999321857365
30	68.1670322544	31.5390232019	0.578488807367
31	32.7346470319	32.2099779691	2.03118503181
32	64.5512097456	32.2861953341	1.9341210275
33	24.6031020742	32.5773829674	0.666221550584
34	48.3644745459	33.1110378868	0.805754571455
35	89.1059474233	33.4420605561	0.655731175203
36	29.2044478247	35.0274813266	1.32237496971
37	42.448424233	35.9620700389	1.13804972917
38	37.3437401626	34.6451968806	0.666094650431
39	95.7775528998	36.946744453	0.527489036992
40	74.5351917363	37.5179580197	1.54167953139
41	54.9780589647	37.3560590162	2.37654530043
42	47.9201664855	39.1199811647	0.880355763427
43	65.6906303661	39.0717830168	2.57855287554
44	78.4123530671	39.296683601	0.894346105403
45	27.9190434396	38.7758372004	1.62035914524
46	33.8509365194	37.9268914096	0.505594416434
47	91.6276953506	38.3880015622	0.653810893812
48	61.6762648943	41.4945292521	1.19225015252
49	20.6531814252	41.2750981581	0.752341943478
50	24.1929498813	41.7199048236	0.432086972826
51	84.4808645236	42.3443257876	1.29749680733
52	34.965563015	41.9619114904	0.267939585807
53	27.3091684155	42.7566742198	1.61589995048
54	53.5518143368	47.1760191762	7.15952158372
55	97.2028523694	44.2057809989	0.580603357612
56	91.3501432067	44.3365838427	1.91423008041
57	32.6260785727	45.2831248738	2.33219828617
58	37.9202164645	45.4515180572	1.0167769173
59	43.8482360242	47.0396487326	1.92148381204
60	77.4495543545	45.2375495792	2.31648310687
61	27.8017873424	46.8874680783	1.1977676089
62	62.881010004	48.7816608754	1.15924869752
63	71.4905327904	48.3737830696	2.18332306449
64	18.9247576296	48.5982290225	0.890933413136
65	82.424701776	48.5123909484	1.97083684942
66	35.5945027585	48.6798467903	0.846914933018
67	50.2471499321	53.0892836332	6.30545116086
68	30.3933943741	50.3224894434	1.79002284971
69	76.7964906779	50.4171207624	1.55539094138
70	91.8185042037	52.0323744664	1.70276102353
71	40.3891772189	52.4844245569	0.548644024023
72	22.9957919472	52.3812749913	0.857054466448
73	36.3022361511	52.6512496108	0.714091017555
74	46.3099055012	54.1980040514	3.49331266689
75	55.5561654667	54.4634934154	7.18363333543
76	18.1529358789	54.0869443366	0.856768010392
77	72.6352347814	54.2869305031	3.32425180277
78	84.7661827983	53.5464809683	2.53968850285
79	29.7347179789	55.8293172076	1.55178596739
80	64.1833490713	55.9464708413	2.76699682981
81	32.655945431	55.8453996915	0.47878677479
82	36.9860302686	56.1368521621	0.744650610868
83	22.0660855846	56.5718001981	0.447060634041
84	49.6260733046	60.1645938641	2.04163520675
85	96.3579531505	58.9286724059	0.801320179687
86	83.599551498	59.0804505899	1.23063879963
87	35.3340297435	59.1076489321	1.24725325011
88	43.6035363094	59.0185065252	2.09135809366
89	91.2690520673	59.5337592897	1.12176676618
90	69.5122716608	59.9436741246	1.61870282528
91	75.4891655748	60.5800872581	0.442200577845
92	24.5263727304	61.8550519644	1.34645844415
93	63.5569498306	63.6675379475	1.28223349306
94	36.6514935929	64.1698782783	1.53722975053
95	79.2991340779	65.0548038533	1.54597385849
96	74.0171204739	64.8364119262	1.42344380795
97	29.9978682891	64.2706869482	0.660568363366
98	68.5202252019	66.0405614	0.477882889946
99	41.4483080453	65.9750878447	1.51722441866
100	82.3512089718	65.947316405	2.34266070939
101	59.9224788871	67.4325080313	1.47896166313
102	94.4093144177	67.0252748825	0.573413186638
103	66.0350410435	69.4062123676	0.615855155247
104	33.9291537151	68.8807444062	1.09150016717
105	45.5904893368	69.518060526	1.64190786264
106	50.9315344742	70.5964144542	0.601148179373
107	76.0518831341	69.9051257598	1.2878409952
108	71.2375234487	70.5752902373	2.00839249798
109	28.8056062048	71.8088916467	1.69006547469
110	61.0037692324	70.5364435624	2.31214510501
111	80.0717023942	70.8385993354	1.18509404461
112	35.7785519179	73.2077824548	0.76100489857
113	43.4626560947	74.5172131613	1.13609189185
114	66.7969793837	73.2098308434	1.05075552217
115	48.6179591115	75.1606143466	1.64920507805
116	38.824451259	74.3337410774	0.313533278873
117	24.997036865	75.0747990388	0.799224203773
118	74.5751362075	76.3553315799	0.756747997053
119	64.368263286	75.1417637999	1.99015110835
120	82.468347218	75.4933700475	0.604662377078
121	33.8137758975	76.9508927851	1.77909092947
122	52.936845866	77.4681378166	1.25686980814
123	59.6700931025	78.075006231	1.50374974095
124	48.4304639993	79.2132410373	1.55041875422
125	42.7991329918	78.372064932	0.378657282465
126	85.1091100359	78.575540132	1.02919861294
127	40.4362741261	81.0987098786	1.84339820749
128	57.7851584264	81.7573930006	0.45395786116
129	70.2066367638	82.8441518876	1.40305028138
130	63.209671487	84.6366462782	1.12498939737
131	41.5080397618	85.9931918728	1.58102288167
132	73.6441308704	85.9506762102	1.04599935049
133	66.9643775841	87.9590118033	1.27785648667
134	49.0298126534	88.0909193156	1.02316491251
135	62.2311908632	88.5421089068	2.09750327498
136	56.103576774	19.4936040549	2.05960859214
137	53.4662459617	65.7805498843	3.17091681233
138	33.6736847366	82.2802210417	1.66678554118
139	73.2485202414	32.3700147052	2.54502598099
140	86.9839543074	66.5590706233	2.75249070712
141	63.5130641066	80.5881100079	2.21987971351
142	71.394613108	14.4769197033	1.53858714967
143	61.3634974282	27.2774364339	2.11064737868
144	39.0452852302	70.3424043562	2.4104111645
145	84.0413776711	72.3431036388	2.52357531853
146	89.6098888805	72.6010140615	2.10089007338
147	57.7347898133	73.5127833975	2.59424748915
148	56.1722212109	84.5032477505	1.90684976671
149	85.8453631248	23.3501281606	2.23592372383
150	36.4060550453	28.8169766724	2.59540342237
151	86.196835724	32.59517	3.03980284203
152	60.9473309837	33.8175713363	2.69537913683
153	80.318369999	35.2882151133	2.39843742416
154	85.0134760717	38.4575984981	2.87455016612
155	96.1134909424	50.6628182356	2.12770658061
156	77.2584485759	56.3893406516	1.79315564784
157	25.1999488241	57.4685264203	2.54462621122
158	40.4294715933	60.1591940338	2.12600369906
159	79.4352399397	82.1747363755	2.37047101586
160	56.2013738703	88.622627251	1.90519155175
161	67.9793045094	28.3689316966	3.06739655937
162	40.6511180086	33.6118708111	3.10303019829
163	37.4524708213	36.7797766416	2.89630307316
164	67.4752021918	44.9642698672	3.7271957493
165	19.5127242107	59.8515292735	1.81045935715
166	41.5107484461	41.0653209501	3.17569790372
167	57.5923223349	60.8592790966	3.06000422673
168	32.3599219561	60.7287755945	2.89439600414
169	25.9330614488	67.0662694881	2.09454530192
170	21.0861058885	66.1882811449	2.33101766539
171	23.8587697626	72.0842134709	2.51590047701
172	78.2516493718	78.1580185165	2.68844800479
173	45.4758601262	23.0777433742	2.49602573988
174	76.4164979436	25.7012089839	2.62829032236
175	92.5760053526	34.2214188827	2.6349338893
176	48.7426793366	41.7384787983	3.16754752003
177	35.4742519395	42.1901717068	3.43035013967
178	80.7917573106	42.6968137527	2.97933327306
179	46.3266693189	48.5852486194	7.85104703776
180	26.1542425015	52.0287140584	3.73319585341
181	40.2772191434	53.9822354335	3.97759593041
182	47.2534190693	66.905218927	3.13565396081
183	68.0920811334	19.439931312	3.13300379152
184	80.8718762466	30.1088605508	2.69464975837
185	95.3818670904	42.3155396484	2.3974118001
186	48.4584897388	82.7791259592	3.24572099141
187	28.7183925398	30.4281296995	3.0028314255
188	48.0009361587	35.3692304505	4.11194100104
189	32.3861910881	38.3997206552	2.69753719898
190	88.2757561973	39.0085400513	4.17962367575
191	72.8141395205	41.7121582214	3.79193947235
192	87.4470043837	47.7718529863	2.48198140239
193	68.0802265809	50.4935342015	5.18515815813
194	79.0639392882	51.7320616314	3.10749145499
195	38.6914365257	76.8790957144	3.73725160684
196	68.6899778984	76.2779705726	3.38354062927
197	29.1398243323	78.0872923689	2.86968642757
198	61.2631769621	21.6228494204	4.13639047025
199	38.7236655607	47.89711517	4.4841827075
200	78.3685330502	61.7290730995	3.36248991996
201	64.5943813524	61.9592323031	5.56239635857
202	70.3481291361	64.5095748846	3.98484063365
203	53.042695768	68.7593866278	4.9105592728
204	64.0255010356	14.0985221965	2.60210134337
205	41.1216701208	27.6144339824	4.090942846
206	69.3369211577	35.3178830635	3.78524507154
207	21.8082001667	44.7122828919	3.55333757674
208	33.7447793255	53.37851855	4.23780669316
209	66.1640247759	68.1818829117	3.29271040991
210	49.7291141038	73.23532755	4.66755067924
211	55.5376821552	80.7901509978	3.26913104634
212	58.9164346017	14.7501429328	3.41142978165
213	52.3823200692	22.5872669411	3.9547992789
214	34.2479779606	24.5584992977	3.59919919936
215	24.4232431886	36.0604889972	2.36854101991
216	60.6452452541	42.0217794916	6.32837930641
217	25.4711513842	47.0272187093	3.06180481515
218	60.427599553	48.9318811718	8.14171093996
219	29.4475667594	66.7664579271	3.92891904309
220	35.7967721805	71.8369925064	4.10567887022
221	75.4795553109	74.9384784112	3.70662744582
222	89.7258590328	54.4258735163	4.59579118061
223	92.3686518325	66.2075756843	2.90918709943
224	58.3896816636	27.1591053038	4.55134075791
225	75.4716019083	29.9178106701	3.86110360298
226	20.7921297323	54.5073226723	4.07924645366
227	73.6000726752	60.1311989091	5.77234024202
228	27.5572187125	60.0325797614	4.4891548413
229	84.459371614	59.8633157349	4.37298399568
230	27.2925206928	63.2146577641	4.83725162499
231	34.9293591618	65.3886563583	4.50529482939
232	31.3541241922	71.7657298699	4.60800468473
233	46.0115305263	30.407062636	4.85266417558
234	89.3789059037	61.4233981497	4.64611205365
235	70.4393294559	80.4176898762	4.43726580059
236	40.6744095738	20.3841931264	4.07921080681
237	55.8601489561	32.2472700011	5.88214022743
238	23.6485851816	40.3708712939	4.33567599313
239	40.9047358084	68.4270263865	5.57920545696
240	43.5597305462	79.3211585229	5.61847368124
241	49.2061063376	86.9517068325	4.11272783049
242	28.17102853	43.2843308967	5.35302810747
243	21.547833886	48.8508897931	4.2873269774
244	50.7754729036	60.1096178213	5.88107686198
245	94.7052949792	58.8598168657	4.29592667586
246	76.7703126157	70.793668099	4.60852414247
247	43.8439681728	74.0680927474	4.27765986722
248	72.9982266181	84.7781533112	4.09406770426
249	82.5219267744	28.3850896895	5.45352649546
250	38.1957834632	60.5949132075	5.58661885984
251	75.3028612444	66.6934495599	5.91720664388
252	84.4849444553	77.2829334822	4.5110020946
253	77.3392873043	18.4077427693	4.9864401209
254	73.5602118521	22.9933539474	5.77387287056
255	69.0863662753	23.2538937921	5.72018781599
256	30.8759249288	37.3641241537	5.46194785992
257	82.352585867	41.2362169718	5.54660869498
258	85.4837698382	45.8989962705	5.56413980024
259	44.204314758	62.333109025	6.04980587169
260	53.004304343	16.8482609746	5.3118427964
261	65.5954479746	23.1994511761	6.25474457732
262	77.5607731866	24.3828496308	5.72834663899
263	55.8540713618	23.965766636	6.5816614435
264	76.4077124702	36.6015097256	6.06736454579
265	52.1938104182	43.893319715	7.16431568123
266	79.3024029209	56.8433986971	6.19152473709
267	63.0507767565	71.9912666429	6.55936082542
268	47.2909079593	77.4204708084	5.96811913
269	62.8846569306	83.0448749169	5.67318766888
270	37.522075765	83.1956846612	5.11522721261
271	70.6961600923	16.4212187679	5.14858072459
272	87.7378911799	27.5345776646	5.27097549452
273	29.579976706	48.3567512867	6.5977767915
274	59.3599490403	65.8253309111	6.89509273847
275	69.9198394347	71.7032899547	6.59311155657
276	57.0048532098	75.9113108001	6.23141972058
277	66.735489509	86.2179657184	5.4009832532
278	37.6574054554	31.7684079796	7.0054242749
279	35.3181307746	34.4339959025	7.1406634324
280	89.5984961652	47.2786434967	6.6275510575
281	81.2174698098	50.3604092483	6.76362597605
282	22.204360312	61.9710786103	5.79064799489
283	81.9734721979	71.1024211822	6.29736789205
284	43.6289971129	84.9448611784	5.51427401929
285	46.483578763	19.4824017166	6.14355384825
286	62.4301296895	30.468157717	7.09063509375
287	84.0385166864	34.5987579509	6.58701351749
288	26.7535771499	36.9229487529	6.26827691609
289	65.3139794061	36.5598886705	6.80453034015
290	50.2134343059	37.5022620416	9.34961683088
291	28.7608070031	54.6138978678	7.57544696049
292	51.4214193717	29.819666067	7.29707213688
293	56.2245088742	38.148179405	7.39197040468
294	45.6206817711	42.1604771375	7.78709631508
295	52.0969956507	77.8171950999	7.01984855693
296	47.7963010841	25.17723734	7.02215632729
297	45.1985806164	35.4210268814	7.24937625958
298	92.8466895689	40.600866242	6.38795459553
299	77.9049404986	42.1940133274	8.09637067523
300	31.7003936827	67.1905413688	7.17406873592
301	34.6882155394	73.9112963555	7.21109049275
302	64.7170120111	17.0868049906	6.69718563891
303	35.0433492973	38.9997656943	8.60358638056
304	40.1264709922	40.2960998321	7.12875410252
305	30.4632948156	57.6141369563	7.75299876352
306	45.856218479	69.4553461234	7.7004674115
307	61.1805356421	78.7448356877	6.86249857962
308	53.5632941624	83.0466323145	6.19539760567
309	59.5164909215	86.9592200075	6.34606149591
310	72.8114569107	27.3188210127	8.05435309533
311	69.1052070421	41.8968208447	7.55617706237
312	72.9947242547	46.3817720599	8.22284745143
313	41.7932270532	50.1257954901	9.27127194697
314	94.2286210774	51.3210336268	6.8446599464
315	59.9888491891	58.8121151315	9.71271042392
316	24.0226605948	68.1620673673	6.42255142458
317	88.2089383528	71.2606680774	7.3652172113
318	39.1666643327	74.5594183988	8.33383746335
319	76.4525627553	77.0194871491	7.48896371839
320	69.8598208717	33.5934537137	7.94577678185
321	84.4145197373	37.3795088778	7.59594281411
322	31.8557503279	40.9661997519	7.73617279224
323	36.8137691562	53.403489502	8.57302099438
324	70.4601628531	54.3958944877	8.25992569184
325	68.7165546268	59.3116290321	8.3198599333
326	53.7751961147	72.094733906	8.71058037051
327	29.2981421488	75.5479456674	6.79491073156
328	34.6170600011	80.112996586	7.12648644536
329	76.7839827368	81.5700959754	7.39359872805
330	56.9379192372	82.8187180001	7.73180317366
331	79.0480425649	30.7072986772	7.87123403364
332	42.7505400781	44.4165226642	9.17164239545
333	80.2820706168	63.2516002521	7.77022622533
334	54.7821751319	87.0624655833	7.10905450518
335	40.6531508418	23.4581346863	7.78291202408
336	32.1845435624	30.0374331095	7.56398027111
337	79.9628963769	45.4574897192	8.38489059594
338	85.0934728545	52.9368754844	8.0603822836
339	61.9590356164	53.22361079	10.1411922005
340	87.175129099	58.1699430093	8.60335957862
341	85.8022037877	64.7878077899	7.83814921821
342	64.0550816836	74.692079484	8.89523002631
343	60.6037464633	25.3785296511	8.61592374072
344	73.1106812935	31.7371244744	8.60517883327
345	29.9520945177	33.7192778384	7.84786079416
346	65.4908980045	46.9094378816	8.85029317616
347	37.0703387446	46.8424892414	7.76868478079
348	36.3879486788	59.7451915126	8.82618797237
349	26.6800041045	71.0016166271	7.47491002431
350	82.114456626	23.9642094298	7.76985408008
351	43.4849199708	29.2466478823	9.26376437119
352	90.2805139832	34.4888361426	7.53459299853
353	60.8704492488	36.8158537727	9.8966720305
354	92.833650689	45.2224599689	8.45177420014
355	65.8399188305	54.5407971064	10.3500574162
356	23.2000586534	55.483792452	7.83937352694
357	31.1863619113	62.2886693056	8.87952746949
358	70.7306837176	66.4698225115	9.1914931068
359	64.5703817645	67.3755957466	9.36539954409
360	70.6204635147	78.9326703477	8.61975551605
361	58.3135175303	18.3325718828	7.85507343094
362	83.678696317	42.0244420434	8.47971234081
363	76.4989990975	54.32492378	9.21915607598
364	41.7939099911	56.7728758993	10.0206997988
365	54.6131343345	61.7312220261	9.59329395143
366	48.073056516	64.4673308536	10.4609398018
367	57.0798694889	69.1608738891	10.242783616
368	35.8190091739	69.2628809747	9.06683507393
369	51.5228541046	20.0548357594	9.07749506216
370	36.3389192782	27.3132560699	9.01461440343
371	67.5975631812	27.4390694247	9.23492507274
372	33.1398210881	45.2158925835	10.1440029717
373	24.5580712089	47.4500366592	8.59357038585
374	74.889626714	49.4740352798	8.46480760936
375	51.4942200019	68.8622754711	10.281129285
376	82.2025832963	77.1935324866	8.65299301825
377	40.5064545919	82.3592111009	8.70104331916
378	72.1919445214	19.7872038203	9.02192825422
379	66.6784701553	36.2464775771	10.4458346221
380	39.226022735	37.0893777317	10.4356909703
381	91.2178885675	64.6604193198	9.22338999268
382	75.3559333223	68.3347449608	9.66082591871
383	77.391530448	72.8447325152	9.85267475687
384	47.4124773795	79.2886630181	9.45560696521
385	78.0681172604	22.1653631608	9.29657755066
386	42.1197479791	33.7527584039	10.6984940892
387	80.9342379293	36.8671064096	9.89638873805
388	72.8846317648	39.4898937804	10.1522851774
389	87.0182679569	45.9643881317	9.71618779991
390	80.1279205927	57.3317701421	10.14423892
391	92.5351311164	58.0393747371	9.57961780209
392	64.3732428082	62.2974140512	10.0606609063
393	36.2274428593	65.397697409	10.5037719887
394	72.6875061183	75.0063806773	10.7699748741
395	44.1277043319	75.6788810916	10.720806669
396	65.1609598676	78.8427993401	10.0741255612
397	83.3235638856	59.5273672241	10.2422611629
398	63.7925123035	85.7847493423	9.65071071617
399	86.2523214703	30.0806613357	9.27809680066
400	27.4414528134	39.6212871377	9.32851773905
401	31.6577194765	49.8155287521	10.234962959
402	44.7615873629	54.5341299022	12.5801272537
403	47.9975916546	59.7453238522	12.2745477121
404	42.4418914084	63.4146818395	10.5614675041
405	56.2053944124	79.2907653833	10.6868240848
406	70.6057973447	83.5270057139	10.1365815306
407	50.091223094	85.1498465092	9.60368412849
408	64.7664273521	19.3742871389	9.54491072464
409	56.5483961631	29.0785230904	11.7877235066
410	87.1872481727	53.0411412701	10.6419800821
411	26.4848384466	66.2755786306	9.76919542241
412	81.5028428064	68.4809365788	10.0114050777
413	50.6058061878	27.7074689177	11.2890576712
414	55.428737543	34.7055241612	11.2206793339
415	65.2540757301	41.808524998	12.3108167544
416	47.3524353392	43.9133536706	11.9753300309
417	83.1536428449	48.3049416562	11.6317517977
418	24.8949504357	54.3723318641	10.445911575
419	25.2303959665	61.0003743313	10.2007389663
420	51.3893874754	79.7130185739	11.2382809495
421	60.8036603938	80.8047504457	10.9429351672
422	76.1876042367	35.9694486967	11.7149256991
423	84.1161697153	41.8459179176	11.1916601943
424	71.7922715729	42.4817869698	11.5713349263
425	68.5452993221	62.9528650855	11.7103118343
426	45.0012355451	83.2399030577	10.7456665409
427	58.4551014259	20.983815374	10.8003381569
428	78.4051185032	32.6777326406	10.7448370879
429	91.9227253321	52.3424243647	10.7847508027
430	33.5571418424	55.6179926331	12.5559034995
431	48.686038664	72.6725304211	11.9375524414
432	34.63891776	76.785314912	11.1766880396
433	74.5569557089	61.2950837753	11.6281149376
434	66.9787221143	30.6292542588	12.3371956892
435	73.4745694671	30.9208557777	11.9336882789
436	89.1183532272	39.9469204675	11.2556881021
437	59.6522598797	55.4909117662	13.6505925874
438	33.4961427996	60.6256091941	12.0942851599
439	70.7581908768	68.318772567	12.5242468874
440	30.7372665214	71.6124463779	11.4380836326
441	70.1753025604	22.7140544099	11.7381813959
442	45.7548313332	23.8242214036	11.7435272738
443	61.3957499499	28.0740303612	12.0818685145
444	26.9450304823	46.0210144568	11.3834453649
445	36.078097309	49.5345739772	13.2662256665
446	69.1123874266	51.1539635358	13.8226522405
447	53.4320729704	64.2310176374	13.1860901796
448	42.4271363147	72.4784493824	12.8736857528
449	68.269048777	75.2642759942	11.9345120737
450	86.0402398726	33.7834789322	11.5250991454
451	32.6069195178	34.8040982415	11.7342802831
452	82.6984216766	64.6002998966	12.5133962714
453	38.0108738582	69.6155856322	12.1759873263
454	75.6628661645	80.2390879659	11.7260254072
455	52.1602749863	22.2278113288	12.0371404617
456	64.1080654812	22.364259673	12.0818971475
457	56.8091087964	41.3930997989	14.5662193427
458	56.6077879181	45.5057109529	14.402711386
459	81.3637042573	51.3511472047	13.6725478553
460	69.7073739083	57.6788892742	13.1490075863
461	61.2166612148	71.1588400243	12.7902728009
462	39.9302147787	80.3018308435	11.5907217834
463	58.0802202073	85.0925187316	11.7118997508
464	77.9985551993	26.2337460513	11.9426907243
465	61.7368781022	44.0737263209	14.4742544838
466	52.2179849368	43.8442040556	13.8576442716
467	68.4514487854	46.0756389477	14.0867309922
468	74.3392770166	55.3185694474	13.2119949233
469	59.3211069728	65.3921736684	14.3525496328
470	86.0077352757	71.0233567031	11.8246187516
471	80.5750974722	75.7786441643	12.4575996719
472	40.2025736501	27.8498043079	12.6003265434
473	48.8171516432	32.5796626242	13.7751364877
474	38.2809876606	42.2863903991	12.8495696699
475	83.8368197686	55.1704692928	13.103405381
476	37.6685982885	64.6924197465	14.2016420633
477	53.9311374511	76.5681034264	13.7236944167
478	82.6067914837	30.8462820461	12.4179459295
479	62.4789246506	33.5608588928	14.5628853612
480	50.9263046251	51.8713915066	15.6911934181
481	56.3919205049	54.2683896565	16.2269827905
482	79.0371608079	66.00647757	13.4078340275
483	65.6926212405	69.191826136	13.1378726157
484	59.865315054	76.510147361	14.1371087739
485	65.1958812412	83.2523488398	12.6516599925
486	43.5987462589	38.6032422976	13.8716399978
487	53.2020705467	39.7920210144	16.1758547805
488	38.7921538186	45.8604067742	14.2584421232
489	73.4730571534	47.9636785502	13.7369284734
490	89.8647390159	48.2317725894	12.9143983254
491	84.1422959485	60.5325091398	13.3781556639
492	79.4915210351	62.6041533211	14.5133384178
493	42.754604217	68.6748307589	13.8664821441
494	71.4801270716	35.5097206289	13.6543481036
495	79.6731681289	40.8034102738	13.3040309912
496	64.6196783673	49.6213165161	15.5470948591
497	27.5832101832	52.9843623331	13.4221353746
498	50.7417411709	56.026222681	15.0704553376
499	28.0971885849	60.1403875872	13.4955840048
500	76.8187367964	70.4829338848	13.7427700706
501	38.2127500203	30.9236450735	13.6720105996
502	54.3460093246	32.1497524751	14.6669628716
503	30.0210232884	42.366602147	13.4350280527
504	38.0494827211	52.2307680801	14.6801267987
505	63.7899960195	57.6450171672	15.5627370524
506	68.6142622331	35.1533818707	15.3358835393
507	77.8621356465	49.7277307763	13.1740290175
508	38.8655118549	61.0026790167	15.2058687304
509	71.7686365777	71.9564673792	15.4309419766
510	59.9282451533	38.1382471428	14.5662042665
511	79.2865825755	44.3471066398	14.5987776459
512	62.5126160939	63.3867968062	15.6809720248
513	86.8458149487	66.1249865699	13.9063272401
514	31.5764799322	67.7280277695	14.2810495973
515	47.6334082169	81.9883052162	14.0171270728
516	76.0134230974	27.6915894861	13.8150427883
517	84.093688704	36.8768385427	14.4329985375
518	75.1174790603	38.9049236816	14.6586376601
519	42.7876506309	45.5105068368	16.3407906474
520	88.918614088	56.0858300133	14.1144574368
521	79.9179331336	56.3168656118	15.3124154767
522	57.2373618732	60.7346583871	15.9047180177
523	62.3803650841	24.2152720135	14.4339309528
524	71.7274506874	26.5554784309	14.1186346934
525	44.6422913389	27.591079112	14.5072432666
526	35.1987711453	34.8867275332	13.9005559418
527	39.636792301	55.962405523	16.4533877303
528	69.4272679076	62.3683010916	15.1841667778
529	35.6576168643	73.4182542571	14.9146865869
530	76.0300851744	77.1793769642	15.0598700794
531	86.3010271248	43.0195669729	14.9405069549
532	47.5488061484	52.0258677903	14.8446258928
533	43.0665877108	65.6824350437	16.1950797959
534	57.108644459	73.2975947787	15.7685400857
535	57.1733355078	83.289213297	14.1858200853
536	49.8920696003	25.5049611645	15.241785518
537	33.5480188195	39.7789539688	15.3147355135
538	29.8234416791	48.4730715301	15.3383528303
539	48.6549937116	67.6755549435	16.7494091902
540	40.1868056882	77.8508064184	14.9370698329
541	68.0382713507	26.9706625984	15.5994268644
542	88.0223383137	60.2935279859	15.0807096572
543	48.5159982592	73.9602341392	15.9945552689
544	70.0150253626	80.1917928554	14.8754673208
545	54.4013035685	24.95291034	15.1976521711
546	79.1276635007	32.214831991	15.4224666305
547	58.5111545531	35.2946233021	16.815706979
548	54.0020620037	36.1374945939	16.2924589517
549	49.0994654348	38.0514901614	16.8260276229
550	87.67566293	49.5680744312	14.9542988432
551	41.9929769827	49.5916290734	17.169395233
552	51.9136581642	69.976605714	17.06896318
553	53.0103930132	72.416195598	15.6238100019
554	65.9239274249	74.1616956351	16.0958847497
555	58.1589560552	25.5348734648	15.8067928676
556	69.5400125887	40.5088134266	16.8023742791
557	74.6400731136	43.3152524892	16.3086700503
558	42.9686015253	61.1788719168	17.1555741281
559	75.0540144484	66.4907898278	15.9274128014
560	46.271283133	41.6268451049	16.9070582494
561	74.7311831847	62.3053336212	17.5994710878
562	43.1203900378	31.5536480854	16.7185585713
563	66.2736581093	38.2121229791	16.8337084584
564	59.9480645651	50.6382593384	17.0931496144
565	81.5059594536	71.1099304829	16.3480776298
566	32.3279326481	63.7050113687	16.8812131938
567	72.619771779	30.7410468842	16.7418502555
568	30.7823326851	54.6159892753	17.0051544584
569	38.363009798	35.8164932554	16.8140695985
570	48.5843271397	44.0858217086	18.1910326094
571	76.7693502528	49.5762430661	17.4351739213
572	85.4980225976	52.8211236943	17.2321597293
573	64.2664535042	80.3483742745	17.2963963609
574	76.7606960085	55.3809649759	17.8298940297
575	73.0036726034	58.5030110743	18.1713355903
576	40.1529749312	75.0587020564	17.4707205127
577	63.3232326662	28.7825533184	17.6303519081
578	48.3995762976	29.3281733525	17.6934793013
579	71.9970406852	45.8201410492	18.5829042606
580	71.0137652641	55.3755945755	18.7470616809
581	46.1481260498	58.3847618095	19.0626449791
582	56.8178117063	81.0845435907	17.3275370582
583	81.5647892893	39.1561402357	17.4763819458
584	47.4540025575	47.4608538031	19.3438688535
585	32.5966188336	50.1514731612	17.6718568154
586	53.8590254743	65.7708355299	18.9760225032
587	70.8086209598	66.7983986357	18.6236967234
588	67.4081040263	68.1183325859	18.3243475927
589	56.9744607954	69.0993774148	18.8614429179
590	77.0476397464	35.1906863143	17.7605768092
591	37.7952502942	39.8703292523	18.1627683194
592	34.5144909527	44.3257694638	18.0071110046
593	82.9315144696	45.5643686373	18.0011853545
594	48.2250208471	63.665476768	18.3867266059
595	83.8523800975	64.4780457663	17.7623767438
596	36.7775747227	69.4005522004	18.1713348854
597	42.9079838131	34.444837883	18.4468293277
598	33.7635416216	60.3573963429	18.4384018721
599	62.4396032484	71.4992424539	18.5809444514
600	74.4597614641	75.7188158756	17.9022811058
601	69.6147877923	77.9661557957	18.0949478924
602	45.3887655798	77.4721748398	17.9697229957
603	50.3598470955	79.2205762549	18.1863962454
604	62.8518172979	41.4552384273	19.2968559813
605	54.7923236259	29.3081940932	18.7603927736
606	46.7152824943	53.8083408277	19.8376321492
607	53.1196713446	47.1453476106	20.5779253276
608	66.1181239726	45.9086092922	20.308671014
609	70.690374753	50.5573938743	19.9491300407
610	51.8302963515	60.9909556639	19.5831922313
611	67.0664389572	62.2891727371	20.1774017367
612	47.9263536777	33.6957957668	20.034005258
613	45.1805428462	35.9412537924	20.2965888149
614	60.1641572225	46.8167812906	20.9718138897
615	53.6547743553	58.1392128401	20.754268356
616	62.8816821444	67.1385518321	20.0815036935
617	77.8239490158	70.1966268414	19.4242906248
618	68.6672717097	33.3603438632	19.6261661008
619	34.8599851426	55.147464238	19.5076298341
620	82.305113116	61.3355601575	19.3650791893
621	81.1931606458	50.9134275439	20.1729682965
622	42.2417490536	71.5260262742	20.1623851951
623	83.1983278964	54.4582037385	19.4022244607
624	57.2732159293	64.2241685539	21.1283006494
625	41.8531562076	39.0607380972	20.1562257657
626	66.3845844512	53.3494859271	20.8998230047
627	61.690318093	55.5908882928	21.4756130267
628	65.5531390537	59.0932249925	21.2715327855
629	60.859934587	32.215937543	20.5428446189
630	73.1061928532	37.5009929471	20.5748008895
631	36.8637615942	50.3967732996	20.5965996771
632	38.5990235126	65.7150893684	20.5428957775
633	55.6626438613	77.217094085	20.6229152798
634	65.5312111926	35.0365135272	21.150272669
635	53.096957954	36.2032201764	21.3167120206
636	77.6286670216	41.2798458265	20.3726157861
637	39.0864764819	45.1872798455	20.9803727351
638	80.104132633	57.1080537992	21.329391031
639	59.6513119489	59.9787066003	21.7023367998
640	65.1192321308	77.2541089593	20.8054285419
641	54.2297935564	32.9326181153	21.1918567969
642	53.665613902	38.987714139	21.0372785942
643	55.3652019623	52.5164178573	21.6543546922
644	36.0709535752	58.3842028599	20.9250739768
645	47.0302392041	73.8112404986	20.9967521666
646	60.3724745666	76.8201723921	21.2175274368
647	76.1462454339	67.0355750413	21.6841542436
648	70.4706936211	74.5310725804	21.0729364144
649	78.3186047737	46.8399391639	21.3068694395
650	77.5188597102	60.8008701643	21.9404711848
651	39.86780921	61.3272382729	22.2511945475
652	43.7599588533	67.6521891316	22.0415282047
653	51.8554414184	73.9080427599	22.1806475908
654	37.8504127766	55.239433766	22.009156295
655	59.0024673487	36.3195196833	22.6912594925
656	46.5735328333	39.3446389533	22.5339073817
657	42.4161141186	43.2924166926	22.1460762397
658	47.7709632548	70.8161007822	22.5342419946
659	63.0096657102	38.0632442359	23.2121707778
660	78.6011902795	52.2509036145	22.3846219396
661	70.981569527	71.1449405843	22.7048510148
662	68.3049199227	39.4845516402	22.9429291362
663	75.4598432414	49.2195873786	23.581245425
664	40.7992164376	57.6375151323	22.9952158543
665	70.1416332324	42.5038331565	23.3756635658
666	44.6540003753	48.0585004189	24.0732432173
667	42.3481628975	52.2366633594	23.6836639456
668	73.9247801317	44.1197374675	23.1537240862
669	75.4188285654	55.5332236946	23.8999022727
670	73.536915217	65.080281021	23.7068750034
671	44.1187426869	64.7400417272	22.9859780813
672	64.7263837784	71.970766729	23.7828891698
673	58.1625707456	72.9304745292	23.8131992436
674	50.0148546508	40.3383678534	23.6438375674
675	47.9437807136	44.4848050212	24.3829011547
676	49.5735308273	67.1884086047	24.0056544608
677	53.4433899816	38.7460114904	23.3179703118
678	58.1115225446	39.9317817225	23.6331265198
679	44.7781380339	60.8479850894	24.1250438042
680	44.8874490344	56.9980297555	24.7443955434
681	54.5378393272	42.568339596	25.2321552594
682	48.719821674	62.4754826453	25.1335251431
683	68.117216045	67.1042578399	25.0095073213
684	65.0022152566	42.8765709939	25.2410915824
685	70.6285050344	48.7401770742	25.2497894984
686	72.0322936217	53.6863782366	25.1847756785
687	71.1073676696	60.826261911	25.1118649476
688	54.6245441769	66.5498299356	25.7591785155
689	54.7252212107	69.7627324485	24.7351288812
690	53.397944709	38.2813866177	25.2315232787
691	48.7631488528	51.8276515201	25.6354014811
692	53.3497179672	62.0453753752	26.0506972081
693	60.6550173581	67.5660682428	25.6878639337
694	53.6034716732	46.8638331297	26.4936316198
695	50.5806066353	57.8050947703	26.1095140387
696	61.9877461087	44.6046919394	25.9886033923
697	67.5266545478	47.066756694	25.9376918109
698	59.7073299771	47.7754768834	26.8358935617
699	64.0406671196	50.3901939132	26.5760276314
700	53.0157667676	52.4538972593	26.9712404347
701	67.5523594602	57.3996062932	26.3462397274
702	64.1296145203	62.7662986952	26.6216492442
703	58.3357340786	52.1028781791	27.1059182642
704	66.8600374231	52.5817358034	26.6319872175
705	57.018622291	56.7956718773	27.2395442875
706	58.4290648464	62.5626648698	27.0616975845
707	62.3281408041	56.4650755486	27.425039763
