513
2
3
4
517
6
8
523
12
514
14
529
530
515
23
24
516
538
687
540
541
542
544
33
546
683
550
39
555
49
562
565
566
55
568
569
572
573
64
577
578
582
583
524
76
590
525
592
593
595
596
85
598
697
600
601
602
603
605
699
612
613
102
617
618
619
620
621
622
623
625
531
117
630
631
632
633
634
635
636
637
126
640
641
131
132
133
134
135
648
649
138
535
652
653
142
655
656
536
146
659
660
149
662
537
664
665
666
667
668
669
670
159
160
673
674
675
676
165
678
679
680
681
170
171
684
685
686
175
688
689
690
691
692
693
694
695
696
185
698
187
700
701
702
703
704
705
706
707
197
545
204
207
212
214
215
223
226
236
238
241
243
638
248
252
253
260
520
629
270
271
272
277
644
282
284
285
645
288
646
298
647
302
309
314
316
317
651
327
328
329
567
334
335
336
654
345
349
350
650
352
354
356
657
361
658
369
370
373
376
377
378
381
661
385
391
663
398
399
400
406
407
408
411
418
155
426
427
429
432
436
585
440
441
526
671
444
245
672
450
451
454
455
456
462
463
464
419
470
471
472
591
478
442
485
490
497
499
501
503
576
682
597
