1	54.6072288642	56.5334372463	26.5021101366
2	51.177489704	12.6670817987	1.65366202516
3	45.3912305484	13.8719332587	0.559977578475
4	56.0258208468	16.1002385397	0.911989459816
5	62.3503994915	16.5024783704	1.28175711374
6	50.0539394678	17.6374434355	1.88997173494
7	43.3846175768	19.6528469604	2.14198114391
8	85.4942510195	20.2702250828	0.639630390144
9	66.7684897093	20.6836392658	2.05867776969
10	45.1577549009	22.2869767594	1.00185609352
11	81.280201292	22.4892313236	1.38174370432
12	50.3215192182	23.1153745906	1.66551198062
13	63.6058728431	23.2461459088	0.884000861989
14	89.6672802629	23.4223884374	1.54598110578
15	59.445620369	22.373354339	0.804453935326
16	34.8729543016	24.0015591878	0.717202456703
17	55.766480539	24.1391786792	0.462173100872
18	73.6726149552	23.6468158026	1.90970370286
19	72.301221551	27.1547133202	0.934359070582
20	31.9838935751	27.653215432	1.52496412968
21	43.9647571643	27.7374048919	0.993939393939
22	85.6703308342	26.9937030268	0.708791586
23	66.7749021524	29.5986765856	1.38120636056
24	49.2594912609	30.4539459492	1.40520704305
25	38.7476514105	30.4435763884	1.37595065947
26	90.1581718159	30.3541132073	0.748405820798
27	72.8453533202	30.7087026055	3.15787672439
28	46.1450995023	31.4345960241	1.60678985819
29	60.4504415171	32.067395414	2.04394570468
30	96.9759561628	33.1975046993	1.07960854691
31	85.9352131092	33.0999278626	2.70113771806
32	31.8462853251	32.1168159232	0.342225342225
33	55.1417514501	32.6878490416	2.35448737994
34	35.2142181863	32.6352435467	1.37874075121
35	42.4867379114	33.6370813727	0.439669421488
36	66.3357324782	33.0871486349	0.80382146589
37	27.8273823216	33.2782044111	1.38470403435
38	52.2277167838	35.1413988586	1.72877775724
39	76.8861364613	35.7681321475	2.63588959188
40	83.7602221912	35.5856485973	1.89364992958
41	46.5996694531	35.7238586685	1.95178849145
42	61.9574025629	37.0844835333	1.75407818158
43	68.1889153703	37.6913434047	2.48563037843
44	19.1992592264	38.4875839481	0.717284347418
45	23.1732177018	38.5836697746	1.1769371568
46	43.2156801268	40.5833154216	2.70198325059
47	37.2870696453	39.9329072501	0.900184755318
48	50.2862429572	39.6449102475	1.82295760957
49	33.3404076166	39.6947257546	1.24399140761
50	78.191324731	40.1912553739	0.894574619693
51	58.5541983418	41.0485549025	2.79580362041
52	28.7243675064	40.7909870105	0.821698956781
53	75.649846778	40.8221567019	1.10094839371
54	26.6376139978	40.4083763232	1.87190435525
55	85.7433500015	41.9196665507	0.744623266154
56	35.5750056214	42.4346460332	0.656951191302
57	17.247935959	43.13898013	0.951997602021
58	20.6308681112	44.8141556816	0.757967185308
59	44.623696511	44.1371068908	0.84959205392
60	65.4489562672	44.6487763687	1.64224406415
61	52.2988031096	46.4966597434	4.0911048453
62	92.1805673722	44.6221441069	0.763909188346
63	28.9529078759	45.1748412636	2.02795941903
64	84.0563415455	46.2163932145	2.64500094011
65	33.4384645647	46.1556217081	0.875093160807
66	71.8349862542	47.4199788395	3.67317479232
67	59.4745066873	48.7700697401	3.06833617347
68	77.8020307141	47.0134840577	2.97280990171
69	95.1359771537	48.732857712	1.44966642724
70	81.4477271756	49.4487619991	1.86108524822
71	101.717341986	50.4859737938	0.687781818182
72	84.6649822038	50.6976759572	2.76466775409
73	38.9315756415	51.43319798	1.20290591505
74	66.1148489408	51.7319372567	6.77725337992
75	45.1699685169	51.3263466055	1.11286525974
76	97.6874609643	52.9972741141	1.64961965537
77	23.1330710888	53.0883975509	1.9022680859
78	78.2387909977	52.729286197	3.70435932972
79	72.6456088158	54.7779527713	3.97123117505
80	59.8209368817	56.8397792045	5.00308601167
81	86.5078916337	56.7182945664	2.41067068327
82	26.2117046707	55.4048010526	0.387377911345
83	42.5445798921	57.3308052552	1.47187625552
84	83.0468000062	56.226451853	2.3566632022
85	47.7386404794	57.4583300379	3.97679084905
86	38.2951038436	58.7817449102	1.90127955155
87	32.5974672691	58.7858669061	0.797463217818
88	19.8511270785	58.9055421439	0.545976711399
89	73.4008271174	60.4200656713	2.28604058872
90	98.0809468504	59.8263299962	0.758939509512
91	81.7657490514	61.5328229342	1.76218365773
92	84.574795844	62.8594552829	2.94827234885
93	26.0973342257	63.0895719547	0.579384104739
94	94.7962236385	63.5208517673	1.67093273979
95	45.5965106737	64.8698708319	2.09651119614
96	20.8070488281	64.5147341006	1.65109852058
97	70.7828137016	64.4903995213	1.8351569121
98	77.8551249513	64.1013625522	0.68804813669
99	35.8800114779	64.5259221131	2.6590678114
100	40.8499216242	65.5420534546	0.502789874796
101	73.7822915001	66.4511487248	1.30062274291
102	30.165603106	66.6934601182	0.646175041424
103	79.29862588	67.0436205871	0.636007529124
104	83.478515477	67.1059227932	0.673132260471
105	99.6298303577	68.3767634377	1.04554997923
106	66.8917847987	68.5153313788	2.41701395538
107	91.4267507854	68.6184054958	1.57434893639
108	86.8079592045	68.7240729894	1.17424343745
109	47.3601886129	70.050618864	2.1706704747
110	52.8285140189	71.5775351261	0.744092114782
111	42.6053070518	70.9088498195	1.73265624647
112	73.2663461254	70.7283523226	0.591488248702
113	23.9156638802	71.0304275291	1.80520402476
114	81.501604419	70.9854024838	2.38161244294
115	18.8875779361	70.5449942929	1.18184105778
116	33.7726176895	71.8136825831	1.03011690804
117	30.1570151238	73.4333800365	1.75181477234
118	64.1652241858	73.6692237016	3.91093378043
119	59.1128958904	73.4489726366	1.66622645775
120	47.023394878	73.1264416991	1.97504179322
121	87.1997802097	73.7627808459	2.12693363973
122	68.7638595196	74.8192452187	1.88827865298
123	54.4175082915	77.2795473194	0.868555997644
124	71.6642956515	76.4854385637	2.13040816598
125	49.3266648174	77.6652899994	0.708126278866
126	60.113254729	77.1447611444	1.87142269495
127	22.3145284095	76.6838776605	0.978826308242
128	46.4824023457	78.102727321	0.698720434277
129	65.4866363776	79.1105091757	1.27980329547
130	80.8453678112	78.1520653101	1.42037372528
131	86.9018747583	80.8713366253	0.701533246829
132	31.4264425482	81.3580092103	1.83620632786
133	40.6148014518	82.7885196183	0.496616981228
134	59.8825196751	83.049767283	1.65943614122
135	69.4467747822	81.986770677	2.45277229087
136	52.633994258	81.9539073613	3.13919406862
137	26.307247403	82.359433178	1.98031460775
138	82.9187201703	83.1440667261	2.70939713443
139	77.5430175029	83.504911805	1.36288951841
140	56.0293342918	85.5783105057	0.426819514796
141	71.1516844258	86.4586544411	0.406912804399
142	52.1331017911	87.8423893665	1.54275532641
143	59.1585281536	88.3973445498	1.58011106541
144	66.5081465602	89.6020240189	2.28135840081
145	73.5662891033	89.2725580651	1.38370030083
146	43.1600706889	89.820269415	1.3125815845
147	51.6899144618	95.9724042154	1.31798038095
148	72.7202479182	96.021338282	0.443955439417
149	61.4645094785	97.6629770015	0.800193050193
150	65.122299468	98.3138976926	0.351395730706
151	85.5096574892	87.5297792146	1.62688617592
152	78.281582621	14.9941112114	2.25412406271
153	80.8860941592	42.4683000287	2.93741098868
154	95.3709851476	76.4390500277	1.6385118526
155	49.6587636452	91.5645851265	1.46132763506
156	73.1250744206	13.8068575613	2.22122537051
157	38.8752246253	16.906237287	1.36283891547
158	37.7711048987	22.3855912206	1.64512481352
159	89.6135362408	48.0372153072	2.76621543282
160	77.2543323297	73.2791272022	2.21576272774
161	79.0707015576	91.0782239699	2.74700079979
162	56.3521497721	20.3377360807	2.51998329754
163	71.8690787286	41.2629650035	3.58539458186
164	89.0044186281	40.3600258752	3.0519708896
165	52.5469833701	53.7000057308	3.11723449098
166	16.1485318764	59.1380581871	1.64772202532
167	51.0454127431	67.9445087642	3.30312992447
168	42.2337073925	74.8978793321	2.41396314998
169	79.3379674192	28.2428295935	2.27235129826
170	59.8678029059	28.5727335497	3.20458021999
171	92.3693453444	35.5465262044	2.58362352191
172	95.3130737784	40.83540051	2.44703538556
173	30.5419517906	53.2566469638	2.06173050616
174	101.724197974	56.5861284292	1.77829884601
175	94.2004714894	70.3148176547	2.74126515896
176	36.3128066925	76.0161010677	2.72173276892
177	41.8142638596	80.9544874018	2.74531755138
178	47.7429809369	82.7338006531	2.74080618793
179	26.8148319059	26.8990385598	1.71714583374
180	38.5672013553	45.313362007	3.3970206175
181	53.3713144766	61.1186233441	5.26868747444
182	66.5084664063	83.8287730875	3.80971321681
183	45.8487463728	86.4858928801	3.04458754042
184	54.7104606501	36.8456453696	3.05901216893
185	90.752302546	75.2314605346	2.71326516319
186	37.6898414135	90.8368903227	2.16472738697
187	66.4054375253	95.0677465702	2.33008144361
188	77.1076291639	19.5550748259	2.52215473464
189	41.0322213682	25.589172204	2.97160967866
190	79.0721701912	33.8054933405	3.50385797277
191	100.729251887	46.2898527426	2.6850199394
192	58.0214800157	95.3324550498	2.97479807213
193	57.0880521566	12.2613694218	2.20340078878
194	52.7523282974	26.7726889017	3.23841084598
195	32.9939768232	35.1696452953	2.0223154473
196	39.5556586245	35.8289877071	3.07347167695
197	36.4925924846	51.8741015345	3.62487213153
198	95.7303217479	57.8663600853	3.52455570418
199	77.9856041318	58.9615110966	4.6896869848
200	17.03549257	47.3834209001	2.75963681556
201	23.9579754851	59.1901692614	3.21630524865
202	73.1183464185	37.5689848011	5.50775525654
203	22.793316057	45.9096336711	3.61997930254
204	43.6952085427	48.1122705584	4.36779539138
205	28.6588860131	57.8790199239	3.65883662973
206	26.315392672	66.6299534761	3.5665725898
207	90.6544047645	55.5947816276	3.42512191735
208	37.0301038828	69.9256772336	3.99780818715
209	38.0814314939	85.0847618246	3.47707025906
210	69.9731535947	18.2453001071	3.87690207429
211	32.4605957845	21.7769636875	2.34100041242
212	71.1562184287	33.604709016	4.61257534515
213	99.6611151261	38.9478374765	2.36888981924
214	33.007005391	48.386462778	4.27094647299
215	74.485491323	79.649504976	3.32356802322
216	90.7941100675	82.0920468271	2.2387140588
217	94.1327465617	29.3427938743	3.34983073024
218	31.6458729431	38.2004972208	4.09277249377
219	79.5746069422	65.0518203907	4.41288540839
220	52.751026386	74.0054714692	4.48608703067
221	32.4549881743	87.1443988742	2.91646804082
222	67.706218575	26.6418097189	3.882394278
223	33.8232530472	58.3582964074	3.99307020556
224	66.8619414357	60.176299777	4.79089470561
225	78.7806759332	86.0260890055	3.90395267545
226	73.3009039041	93.2480240048	3.16593657102
227	46.2680876425	27.4832896387	4.10186218835
228	42.2477281947	56.0893945557	5.68351306813
229	35.331106942	27.4294607862	4.27409326677
230	86.8188135352	28.0659632538	4.04148170254
231	23.286207353	33.296452	3.63381184768
232	83.022476482	40.3793155257	4.40635199359
233	27.276665683	51.6049960405	3.77663445853
234	20.2629891732	53.4227442434	3.94773069632
235	64.6786768892	34.832691859	5.01731773177
236	29.9001765302	62.4761706712	4.81707473826
237	100.010679211	63.0035403874	3.85431520086
238	86.0318587158	79.1687209224	4.42365970346
239	56.280371163	79.918450764	5.33821821648
240	60.2730955833	91.1538248745	4.93853843037
241	43.3395333604	32.6871929675	5.14219410257
242	52.030049998	40.8103930149	5.60766166069
243	64.9208576309	42.3979931636	6.25804463189
244	41.9342413744	66.0965861704	4.98105850349
245	71.8606437774	70.718409	5.37308281342
246	97.7075263129	70.9902044171	4.26340989095
247	72.3233408088	85.1533167012	4.80745300748
248	57.5199440399	24.8316286027	4.88873334336
249	88.3384068348	63.4387442062	5.07432561065
250	59.5608619388	65.7970282765	6.49137834059
251	68.1821727251	13.4072864122	4.42315172661
252	82.388228441	17.5518313863	4.10454201437
253	47.2663622701	20.9621416083	4.85245124636
254	34.9434195759	42.9416522016	6.08030883639
255	47.220005234	50.5355085848	9.5390051103
256	31.7948443703	68.0601532466	4.90604205483
257	34.9265892304	78.2943303929	4.69969610461
258	37.5050083336	39.8208411919	5.65847750865
259	88.2959524931	45.2058313618	6.45419126834
260	72.6494050935	64.2018603601	5.88194923576
261	75.8425435855	68.4033404455	5.48438034222
262	82.8851973091	75.4179460489	6.09735247209
263	64.2501895453	87.0656218176	5.14880957341
264	56.3388700267	17.6438429366	5.27155987579
265	80.9935845119	31.2401729975	6.04145148138
266	89.9741023414	31.5198739628	5.06586907756
267	75.9371682254	44.8175814467	6.44395706953
268	95.5342341442	47.1786198928	5.78516026876
269	17.6839791424	65.8115842653	4.72682933732
270	84.2522509429	67.4507053696	4.26868937115
271	45.7092119739	77.2857974331	5.72165297281
272	62.3983204341	79.405492433	6.09925684618
273	62.7434458985	12.7869939621	4.66041293485
274	45.3488782147	15.6277754648	4.24808215671
275	61.797909166	17.9206062484	5.27592112817
276	49.1236038775	31.8193379306	6.14007056373
277	31.3654513932	32.2455478785	6.07857778996
278	28.2807952758	34.8749613753	5.35817066369
279	25.0944660372	38.9367082037	4.95886937072
280	38.758690069	18.6194543971	4.73347527538
281	94.7152391412	63.6657505312	5.64079470199
282	27.9848251138	76.7455261898	5.56456743085
283	95.5800709079	54.1810923704	6.46525433593
284	86.0703057883	20.416802052	5.85869181946
285	22.642309526	76.7245313906	5.15990501733
286	57.6839846886	86.4369288047	6.7765128665
287	52.3344861901	14.4740681696	5.65479056029
288	79.7295859797	22.8102948958	6.53184673227
289	62.4028786255	23.6075866763	5.05664628948
290	84.9540959981	24.9700024208	5.47680727698
291	64.9952421294	31.5049955778	6.20951548981
292	58.2515259739	36.5518984338	6.73577909002
293	45.9866686376	61.8072391391	6.03079183532
294	39.0767331635	71.7957604165	5.92813936733
295	33.2043244212	81.8947410645	5.71050407762
296	40.4803241655	22.7797024783	5.73334563573
297	74.9597631689	27.5903996793	7.25599486424
298	19.9930802892	40.8455627868	5.52652115178
299	86.2062036335	70.1944134792	7.79000911793
300	30.5824925344	72.7599262718	6.30806780959
301	78.4643873499	80.8001306056	6.88640538492
302	87.8513815521	83.4411522347	6.05652645714
303	53.4154734742	90.5983634929	5.56882462059
304	78.2777754492	40.0224304386	7.31608229688
305	100.544289722	53.946939742	6.15325826141
306	20.7155965195	60.2230101317	5.71742360968
307	48.9297411858	94.219753731	5.4843423922
308	29.3336497553	26.8081823588	5.95254591183
309	79.0692474347	74.3605528166	7.81032541466
310	40.1089377986	76.3614920493	7.43609223205
311	68.9288219971	77.9701431912	7.37395715203
312	48.6713524551	79.4846978708	6.61329397322
313	53.5420175789	22.7965178242	6.77149967842
314	37.2441057404	34.0169753527	6.44821574822
315	97.2791419606	36.6057617845	6.75442439219
316	86.320652674	38.2371786393	7.48648743569
317	28.0909128333	43.6870541077	6.72203301022
318	16.7720558336	57.1520256113	5.50166023513
319	58.8535350667	74.6240461273	7.23672210654
320	42.8464751552	92.8071830256	5.5652456948
321	74.7383637855	21.7188183489	7.19751050588
322	86.4316869846	51.8460003587	7.81780025946
323	66.52342228	67.3219284924	8.92612497134
324	45.5200217192	69.3989482496	8.65189430598
325	90.6101949376	25.310267245	6.92545470272
326	51.0040119504	35.2462076435	8.35269987937
327	45.9721947713	39.3744160641	8.32224343187
328	25.7365949843	49.0720448737	6.85946042205
329	82.8138106865	68.960769701	8.07743275055
330	90.7808319984	70.741861813	8.14491432677
331	50.9113872904	85.3044774149	7.7418387368
332	35.1466752827	64.4925723143	7.79440568781
333	41.4298340461	43.5254297195	8.74007123776
334	31.3257601494	47.1834110723	7.5430263482
335	53.3616535576	53.4680546344	9.64519950169
336	38.8728261188	60.1529916599	9.24350324114
337	51.718154461	67.0819284346	9.36676178829
338	24.7101401949	71.8620069214	7.7126699802
339	52.7964996619	19.8074182711	8.39632516579
340	90.7883712113	35.0860292294	8.17731499853
341	100.076999672	45.2641917843	6.84583672559
342	86.7824143626	57.1565373925	7.56769028558
343	47.2112952939	23.3097815864	8.31290005534
344	43.7447627461	37.3011585218	9.34246798295
345	58.2974236289	47.3450779837	10.8088132733
346	80.1828450783	48.7692348342	7.98814674705
347	22.7419493181	67.4589224808	7.8554231277
348	19.9008158694	71.4432088802	8.22031007545
349	93.2276839467	77.2314705399	7.09332670727
350	45.3235777112	88.6411527208	7.14127723953
351	76.0746632105	90.9174982682	8.01095029002
352	75.5789733472	15.9627269422	7.44943126708
353	66.0043623076	20.3216246603	8.70488132557
354	69.2179210327	24.2560191149	7.23428206082
355	18.2361615716	49.8717865759	7.38441442618
356	91.9226758663	51.1062249602	8.58091173881
357	33.105376863	54.0476636832	8.40958831699
358	80.9451351343	53.7844105736	8.33855878635
359	81.6360902726	59.8496384649	8.63886909324
360	27.7948667795	61.4929566491	8.740999054
361	68.9054035233	73.1129089451	7.88475772016
362	73.0336495048	88.0489041936	7.87664930727
363	41.3564094952	30.6158363107	7.56577540107
364	89.6642539057	41.2876719032	9.26839384653
365	82.847042866	87.1732614794	8.13674798722
366	65.9373699918	89.3677833338	8.35364384988
367	36.39309203	28.7816787567	8.80245156841
368	85.4766076638	32.1793244402	8.92000882725
369	28.7359705848	38.67417656	8.67337093422
370	39.948318762	65.4273039795	8.95506046278
371	27.2557236069	67.4606640214	8.39370157129
372	69.3269463756	93.0790254248	7.96645313807
373	56.6013629343	94.7881360791	7.70613300867
374	58.4761394293	33.4463067208	9.3627516618
375	50.5851456815	42.5107824664	10.7238080661
376	43.7049293871	63.5364072785	9.05743628756
377	78.0924543716	69.3679452576	8.65965585777
378	87.6228836432	76.6521781123	9.01361338587
379	43.6693369793	83.0839119678	8.69092098444
380	56.9554376634	14.7099938835	8.40281799877
381	42.0824165047	26.0530463529	9.57324416271
382	25.3034273745	55.4451576109	9.08184171065
383	72.1204892966	80.9523311096	9.75042703725
384	62.0058581361	82.7986803324	9.32477697101
385	36.6425672322	88.5887480796	8.22944985044
386	71.6360578909	30.5549181339	9.78357373378
387	48.1051904997	73.0556943817	10.8916723921
388	34.7012405442	23.2005160496	8.17109025574
389	81.213991857	27.4599069666	9.33001074412
390	25.4020137631	34.051853883	8.55523479925
391	96.4623320958	70.322390479	8.58020444746
392	62.7577608475	71.2895393493	10.5869370309
393	74.4711313427	74.5954555788	9.24900789829
394	28.6112261257	82.9048756381	8.71135341874
395	59.5702480711	26.5660743201	9.35214991952
396	83.750085832	36.9707649911	9.11273963769
397	33.5773016991	59.5241533467	10.2675342952
398	55.0181718691	81.8846199596	9.97980607587
399	34.8923924412	81.7926239267	9.28084408629
400	43.4106165143	18.583529057	8.63715580757
401	85.0598806419	45.2561488977	9.79521853392
402	43.1825382268	55.8485616797	10.8658882928
403	99.1353960455	62.5506458802	9.40429344458
404	72.7209958422	63.4897750278	10.3764131223
405	52.7227403887	27.4209590076	10.708583712
406	64.9440426494	28.9597286092	10.5674791306
407	75.0113083543	51.1867060803	10.7153799856
408	83.2495356854	55.1047769876	10.3429190562
409	94.3203244725	57.9816874849	10.488512851
410	35.7375869979	72.2016745053	9.66452336202
411	64.4970235232	93.6025997251	9.64748067762
412	72.336177437	20.852640248	10.4817196227
413	59.5887754572	20.9340189889	10.1422920531
414	47.3623601037	31.0488148936	10.976720113
415	82.2775632165	47.7336119702	9.85493776978
416	39.9003198707	48.4795856016	10.7075520919
417	37.8085697683	56.1661501203	9.33687036681
418	89.4823065377	57.1303526351	9.9062633785
419	82.3657124185	65.420369753	11.005881046
420	53.0011105525	75.2633431386	9.73928137066
421	68.4082465383	34.4622537741	10.3725811652
422	34.4547319401	40.2260146985	9.85806291801
423	69.5130444867	41.1679443488	11.004038424
424	37.3171232899	51.3425704859	10.8441648404
425	38.5883666352	78.6009281109	10.3600400301
426	92.9241589813	29.6659731746	10.3577375054
427	54.7316553544	30.8805245677	10.0469931069
428	77.4979534706	34.30024837	9.85414926371
429	23.4024930449	61.7520880783	10.1853498895
430	42.9207375086	71.2501825018	11.2721933683
431	67.2693370546	58.8682703713	13.0371502688
432	76.2294326458	57.5887458243	11.8365268265
433	81.6770545591	82.7642056252	10.0337717445
434	58.4593438579	39.4697555736	12.8258472903
435	93.1370838558	41.7161497478	9.48817958883
436	23.6934381893	48.9824803861	9.8881714876
437	93.7432553986	65.3531339408	10.4995079468
438	68.1205887951	15.4327834847	9.86847125773
439	88.7616257774	63.6689564384	11.2599542774
440	18.6733732957	64.6280023758	10.0775566702
441	31.6967006811	65.9353718366	10.5104833547
442	31.3316811223	68.9314952248	11.7834172978
443	63.8081315328	74.5669343468	11.9907840504
444	49.3892588828	17.2825330988	10.389518534
445	87.6340006873	30.2041929579	11.3756475867
446	25.8991583573	43.7972484356	10.6118870223
447	65.0383180283	44.2665246671	11.0989881214
448	80.180755351	31.6262248393	11.1007949972
449	64.4496921179	35.8889004204	12.3349844202
450	67.3281624288	79.3877249635	11.3325659976
451	66.3771609834	85.0468537793	11.2459877919
452	34.8356086927	33.6925652972	12.5273918477
453	71.4118591808	47.4533406903	13.6406657438
454	39.1197319518	21.5356929398	10.345879903
455	39.5610831096	37.8638285427	12.2817290058
456	76.2311290215	44.4024705907	11.7243708006
457	94.6918165177	50.3442858113	12.1763667263
458	58.5571543003	77.7223879976	12.136889659
459	45.6085601256	78.474275127	12.1542955656
460	50.9319884187	79.1248823343	12.5944821043
461	88.2180822566	81.8662493714	11.1751140768
462	62.8782273715	15.913064406	11.4022515552
463	30.6595944434	28.6558443134	10.9709595181
464	82.4328584199	40.445640885	12.7405437243
465	22.3890531549	42.5559593086	10.9032428675
466	90.2555139783	48.8380323599	11.9152972144
467	29.018997955	49.4470467374	12.1051129556
468	50.3621857977	83.3300645762	12.1787276499
469	31.3479336834	36.7267283235	12.0821131671
470	73.7708072149	37.1450439072	12.8455913444
471	98.0897854315	43.2302720648	11.2661982103
472	74.042098865	68.1031280641	12.9779442635
473	78.9865935881	79.3057498119	11.7786392712
474	58.6752577376	89.2267710228	11.6391079138
475	51.342990103	92.6559052081	11.2994659091
476	82.2755334491	19.7801545264	11.1346497217
477	78.4512223275	24.2392848869	12.6205117293
478	29.8698011732	41.1380023765	12.722553028
479	27.2811896475	71.5408835863	11.9812081701
480	58.6522382997	93.388020838	11.5975259628
481	65.3132584796	22.6790340363	12.5928105044
482	51.0577901283	23.7277166649	12.5452936851
483	89.2359909491	36.6314196971	12.518674151
484	99.3565225643	54.5287759901	11.8259905141
485	18.971973555	56.870628646	11.6264924956
486	30.9052465316	58.7174424311	13.3337790165
487	77.3703072099	62.8481366322	12.947883576
488	25.2885537885	77.7917546965	11.7162423895
489	26.4935878711	34.8901008053	11.5987880139
490	87.1335303498	43.6070401778	12.037636159
491	49.1243326382	56.6533748773	13.8278930655
492	80.64031722	74.8986896955	12.7119299133
493	82.7316716378	25.7764367126	12.2997581697
494	38.1856668771	67.846881939	13.1862331729
495	42.1868645479	85.5764961896	12.503097096
496	75.3767200196	17.546599843	11.8683125446
497	34.5396618934	47.4776711712	13.9989233915
498	73.8695503323	84.9453527447	13.2357200953
499	52.5933244082	62.5774025826	14.3293798499
500	36.9976069847	62.7465330579	12.9107277764
501	56.6040783745	69.2947028466	14.5141069749
502	35.4023160467	73.078119754	12.9318647757
503	30.8866677009	75.6036104808	13.2456384863
504	55.9567741595	23.651660138	13.9239656991
505	47.5257441732	25.1452391497	13.235654583
506	57.1583478737	29.2645924536	13.2183677058
507	95.6541728782	36.6988953146	12.4937470356
508	20.2580815541	50.6683157735	12.1476388502
509	24.3665781045	55.0799787201	13.2440761458
510	83.861027204	60.2188729728	13.6383592351
511	46.2106965008	62.2570363345	13.9266467418
512	69.4355996716	72.0509017771	13.0929712081
513	62.5222626933	77.715439636	14.034877786
514	58.3950056643	85.0577388245	13.8003335084
515	76.347359309	89.4726961189	12.2129690689
516	62.353178579	28.2199296237	14.2360001484
517	72.7460221389	29.1660174062	12.60393371
518	38.8165877327	30.1272661462	13.8091603053
519	29.4147713991	44.9921772703	13.6107696979
520	45.4082454317	48.0971609763	14.876917493
521	98.2175621359	47.9870082011	13.4605094258
522	59.7066418445	56.3185480855	15.2532921072
523	70.1186851261	24.231625877	14.3030958349
524	87.6525145859	25.484117269	13.6839911308
525	31.5549111516	52.9829660291	13.3766893843
526	86.0482531687	53.3178538334	14.1538747987
527	42.6009666702	63.4976554336	14.2443093611
528	26.2345694572	65.1847863076	13.5545653351
529	92.6270996638	75.3830649638	13.5743208239
530	73.7668248213	24.3822980677	13.4277446277
531	72.3405012387	53.2203056147	15.3607330117
532	36.0844919677	81.2311459635	13.8568913647
533	43.6383414567	90.5379677362	12.6550450895
534	43.1954972945	34.8458980216	14.989598702
535	89.7018823706	39.5537845728	13.6895513346
536	86.1889058826	75.2453601213	13.6887037104
537	84.4337509814	32.1596437798	14.5536501567
538	79.4632447439	70.4274542203	14.2390598825
539	43.8272706921	21.2631436838	14.2049728562
540	80.5468178021	37.3571878453	13.9258785118
541	51.7846052095	43.6977735935	16.0374695469
542	37.6881888917	44.1112056432	15.9745500666
543	41.1046844401	74.2964932043	14.8320615872
544	69.3582930336	17.9114415303	14.2018103715
545	45.3506544257	41.7876707689	15.6008941253
546	53.1663514546	76.8408694362	15.1600235618
547	35.4645879977	86.5837977603	13.5199578306
548	78.7091076996	43.2144430547	13.8273418005
549	68.3600245547	65.2744535011	16.1299951206
550	71.8240080592	80.3067451389	14.4273218673
551	51.1529883212	87.2221970199	14.037413702
552	70.0575529858	90.9074307039	14.2676162365
553	56.8270725558	17.6754309436	13.9227252564
554	90.3419176954	56.0358935993	14.7999477784
555	92.3387724174	61.5410533845	15.0670320703
556	60.9554385581	63.7312048422	16.0116022632
557	90.4966231592	68.568990388	14.6594649167
558	50.1546198134	70.3831442361	15.3247378392
559	30.8646252678	31.7026271634	14.8521195785
560	36.8753782527	25.530439808	14.6092555332
561	26.3679160247	37.7491146732	14.6554928289
562	64.8832112233	43.9994421066	17.7276332146
563	42.4839373883	44.055994916	15.7647098438
564	82.9698691696	44.1996157463	15.8933917488
565	65.7012088591	51.744164907	16.5134328567
566	84.8430849663	66.8418074607	15.5984425123
567	80.7009483504	85.996624481	15.1614889282
568	66.2899164703	87.5017419416	15.1862738308
569	44.1260826718	28.3529612894	15.4931769545
570	49.1253351029	31.3351963049	16.2759106432
571	67.7811779835	31.7338994773	16.1055897527
572	57.5569524493	34.4546180486	16.8298599663
573	69.7600321802	38.0844969097	16.3856718882
574	96.2009402094	68.2734661083	15.049968242
575	56.2716019654	72.4399847691	16.6372987776
576	73.8904185989	75.5982477773	15.8936480297
577	59.9691928409	80.1543596488	15.9607704224
578	41.0684836932	80.9481772442	16.109302921
579	60.2301506778	24.5539066094	14.0658386187
580	76.8175990315	28.003882203	15.5860771808
581	51.4290236312	36.7140182207	15.6081605925
582	34.4413959756	40.3437066668	15.1713542612
583	88.9998891257	44.3705074409	15.0385015823
584	50.1432583051	50.0516712197	17.6250361442
585	97.8325298758	61.3417847674	15.0853419308
586	20.8460318898	62.8363671891	15.0011021903
587	34.1326094466	64.1437787248	15.6496030393
588	80.6142464033	81.2196094831	15.8618160978
589	80.1671769923	28.6493738869	16.1770772179
590	91.9646658258	31.6736803365	14.7761391459
591	60.6719381186	32.7701799761	16.7027462296
592	92.6007513942	48.4190454749	15.6931982212
593	79.6049508561	52.1982839602	15.7621709451
594	26.8358125035	60.4122907736	15.2591857001
595	52.0857037153	91.3729631355	15.2536142459
596	27.8335580576	54.5698056305	16.6923238198
597	36.1096382067	56.7347339297	16.4058946235
598	41.2579201219	57.7592166878	16.5010551948
599	63.0332186871	69.3674546956	17.2997323082
600	22.5121273414	69.4024640656	15.3278946698
601	78.3733352718	64.4377877761	16.3670797921
602	27.7319204153	70.5048274988	15.7722733519
603	46.444501615	83.8601982652	16.1037025888
604	50.0933836768	20.0700957448	15.8578370844
605	73.8914678792	43.6037113568	17.230809155
606	41.093295409	50.1852470845	17.4901933797
607	66.6059890648	75.7500896154	17.124109776
608	77.4962749766	20.52232697	15.9433040078
609	83.6845137102	23.1950996115	15.7235113606
610	86.6293052964	38.4224379662	16.5874583307
611	84.9916233528	47.8840056796	15.9364104852
612	27.1654863355	49.293153994	15.8642971227
613	53.776673351	55.8881230839	20.2199630826
614	86.5898513645	81.3806700137	15.7938525035
615	78.5519840789	32.6143242168	16.634689407
616	75.0569174263	34.5923766671	16.7374125441
617	39.5344788782	37.4878138641	16.479516283
618	77.8347554235	48.5532893217	17.3879102392
619	81.5994290543	57.2992532065	17.7285074857
620	25.4123441887	75.6236223431	15.730000253
621	46.4073701573	78.0268392782	16.7318043313
622	59.6072270324	24.7445966993	17.8093007876
623	31.3601433771	70.3880243592	17.1894582245
624	37.986594384	75.7841107029	16.8098831986
625	31.2491071465	82.1116437297	16.0299017338
626	64.7250581669	82.9520694147	17.2275812154
627	62.9340301513	91.506563544	16.1883011126
628	62.6912314186	18.8220103898	16.3403079833
629	65.1871956335	25.9206585132	18.0722523306
630	72.7097163795	28.0295400153	17.7930827836
631	44.0929875723	55.5919618661	17.7549111319
632	97.54789096	55.2136676941	16.2023211502
633	75.3571331153	57.2015491767	18.0869497137
634	43.548669934	72.067700243	18.5854449557
635	74.8108517101	83.0423091998	17.8043742789
636	42.0478474331	23.980970426	17.0133732004
637	53.8339176689	31.2317766583	18.0994409699
638	92.8586121418	55.8096187593	17.0863762277
639	88.6581668698	62.7980534055	17.5368999789
640	86.4064722123	72.2021715733	17.6379914622
641	33.5248997414	75.5539880225	17.7015465112
642	56.4753987622	29.8043862154	19.1482806354
643	90.0827668875	43.7033159561	17.7352977211
644	23.5348893979	46.6992499032	16.6622236363
645	85.4695547563	60.3521835163	17.8887092938
646	73.1714955976	62.4681621799	18.3302280181
647	29.3601333741	63.0657628718	17.5842515307
648	75.2391349504	69.9162631873	18.7330627432
649	82.0980390382	76.7759948962	18.044073233
650	95.0158873864	41.9693379927	16.633727817
651	25.5582273395	42.1200562885	17.2156686279
652	37.1439658387	68.9911385332	17.6489529425
653	58.4871466721	87.2067907339	17.6008139448
654	51.2348772341	25.7506753915	17.6862617431
655	88.9953662876	50.6934575619	18.6918995401
656	22.4448348385	57.0608948793	17.357939017
657	50.1790559606	81.4437593677	17.7494128212
658	46.4712275326	89.1737242225	17.2779869564
659	69.7659944902	19.7570124768	17.4061095167
660	92.1001881655	35.2784770325	17.1635938484
661	78.3943946152	40.609987677	19.0235774848
662	30.1348010679	45.1803416671	18.3484867258
663	80.1364872582	71.8738163783	18.4938181818
664	77.1240047799	78.1435937999	17.9962978572
665	55.3504090875	81.918445319	18.2813554841
666	60.4025737165	39.553452237	19.2452722961
667	69.6285046583	83.2846083408	18.5410434148
668	58.1088254862	91.4815478168	17.5113787142
669	40.484748326	32.3464565779	19.1836495905
670	84.2751969196	33.5954442164	17.8717385334
671	32.9712115937	38.6873900336	18.155702853
672	23.1757348066	51.1411287177	17.596346895
673	29.2530354497	66.5083416801	17.9721219624
674	51.5561283873	77.6864755017	18.6761100797
675	40.0792926335	87.2971303748	17.4316191065
676	65.5308263302	36.1640389239	19.8714541746
677	82.266419948	36.8909669836	19.6059974484
678	49.1577081628	57.3233916933	18.8137966574
679	53.2717520195	62.6959424974	21.4066792844
680	47.0440965447	67.1420260805	18.1334227811
681	68.7049731232	70.8584537807	20.1414806974
682	64.7164103058	31.2441032588	19.2953115762
683	96.0406202298	50.5403047216	18.5858695118
684	63.9664718634	50.8503480105	22.8450671807
685	59.1616912323	54.1530813995	21.307967439
686	40.6404015723	63.9294870131	18.6004617892
687	55.7040529401	20.2477793522	18.5556790873
688	84.0218879591	26.9125373849	18.6062580199
689	88.8811601601	31.8969005067	18.6477343866
690	54.1732307558	39.7746344156	20.4277227723
691	49.0975299793	72.8995008187	19.21568783
692	48.4789994134	36.2738737685	19.6012131515
693	48.896709564	43.1928765709	21.0048959668
694	61.3195815734	73.0660355626	20.7761833388
695	28.8430387167	38.2500762344	18.8271805093
696	70.2182721686	49.1257709842	20.0403407802
697	55.4678078278	47.1807179822	20.9479629459
698	35.028753578	54.7093093439	19.4179241309
699	88.1939178383	67.9045728608	19.9369798335
700	57.3607957941	76.1679507388	20.634470678
701	74.8832558019	87.8144053549	18.8620220002
702	59.5341833243	58.4290279327	21.3988675035
703	68.0061188502	78.7339999006	19.4967590023
704	72.0158598507	37.1739426645	20.4839998024
705	31.4600193918	50.4439814664	19.956028597
706	89.8979600281	57.8993135328	20.249092949
707	45.9244362913	82.7147306947	19.8911799101
708	45.1914264938	23.4817407735	19.7012384254
709	75.9502115668	23.0519516823	19.3341010446
710	34.8494598066	30.6253740903	19.6718972085
711	45.9133414935	29.1712533495	20.0464797238
712	43.0298778181	41.3860985562	20.4659228266
713	85.9919243753	42.235722007	20.8206041184
714	66.5093365376	55.4905274756	22.3495843513
715	70.7421546765	57.1964741915	21.7341518686
716	33.9680823469	70.6620196596	20.5557563993
717	91.2054263725	74.697506874	18.5135010374
718	37.216371638	84.0391274865	19.8849388819
719	67.8930369394	90.1240035444	19.0166833097
720	37.7717794436	35.2792426619	19.6239599038
721	80.3284598809	52.0495717964	19.6591687494
722	32.5256498481	60.50127871	21.3353255251
723	64.3883891793	61.7147371439	22.2792293838
724	79.8668781445	64.3684240588	20.8917628556
725	90.1060594399	63.5553413237	20.6476914778
726	24.0008713413	64.8653515049	19.2188878554
727	37.1665415274	77.7524409497	20.0612427448
728	61.2405683462	79.3846080692	19.8338924195
729	63.3149372309	21.1133992496	19.8117619964
730	39.3771724029	27.4551118246	20.8265622655
731	79.4992514157	31.3899134163	20.0666083765
732	32.2670583085	34.6237756625	20.4563623746
733	70.3011332639	43.191217013	21.6928353701
734	31.6277767845	79.3175555863	19.9062286201
735	90.6824886756	38.1433319832	20.6971630552
736	77.3663485781	43.9059898447	21.2565531704
737	34.0346515955	46.7006987838	21.7282966788
738	95.1387815114	58.8011897619	20.3535718658
739	47.3775619286	63.8691313518	20.8853157783
740	80.4576834622	84.349282005	19.9740871477
741	69.4989848111	22.4481588221	20.4569440129
742	68.8962011158	65.5455625155	21.5571881665
743	26.0252935594	71.4813921676	19.7845708077
744	41.9152635379	78.4293037868	21.0139822353
745	72.5873810075	30.8242527219	21.6953325449
746	65.746237859	39.4804706693	21.9317301043
747	37.5893382149	40.0224282604	22.0348165855
748	87.5800172127	53.688124862	21.4367749064
749	30.723936014	57.091803381	20.9190592336
750	58.5871876773	64.909460014	22.5503887876
751	84.7273276977	69.3635818599	21.8317195863
752	39.4725838065	48.6458291993	21.3994099895
753	55.9501973406	26.3835825604	21.0660606061
754	34.173180356	42.3155658066	21.1179834286
755	92.9841385087	44.7293381323	21.0226764897
756	45.91211669	45.9287007831	22.7027101498
757	39.2072141921	55.8880313672	22.1270202794
758	33.4206491738	65.4970875923	22.3470883625
759	92.6409217686	69.4300064786	20.6736524778
760	28.8848475237	74.5802828177	20.9013391399
761	73.0574054997	79.2836267964	22.0729959918
762	85.8805091845	79.5415614064	20.1011507836
763	77.8437448421	79.7157769296	21.5230250609
764	43.4164750322	86.3021424546	20.8219941349
765	38.399576661	72.9798276657	22.246145844
766	50.7696359423	83.3406235659	21.3719964246
767	64.9008366523	85.0933623188	21.6274191861
768	53.5867126955	89.3622683388	20.8174120921
769	94.1766253929	51.6089942332	21.1150054765
770	44.7633783131	52.196885342	23.017653875
771	83.9491933331	52.032722976	21.8306054953
772	94.3096661393	63.1803715068	21.5243152486
773	52.0362336862	67.7369643021	22.2961711886
774	60.1461268982	83.5056928864	21.9395320856
775	66.5641556176	28.276505248	22.2448065561
776	45.6987240645	33.9570941536	23.5561646248
777	80.2334654529	47.8819934496	22.5710224791
778	49.4619121864	51.391055092	24.1065736075
779	25.1299315463	58.0572822539	21.0766368233
780	55.1432505308	72.5548254064	23.1393664068
781	46.7972449604	79.2054364778	22.2454119732
782	73.7220578003	66.1678889116	22.185058178
783	63.3673844535	68.7969862993	21.5852294617
784	77.9631426573	26.6391321992	22.0491151515
785	61.3098456141	29.0944309415	22.8984592247
786	60.1397855504	35.0673702753	22.9982503185
787	26.5650435211	49.481157947	21.8520169705
788	44.789447336	59.5914084647	23.6198417932
789	38.9333387229	62.8157660786	22.3899288388
790	75.9431926998	71.9938045102	22.7613251463
791	65.9239618602	74.986005736	23.3557451382
792	56.8013581733	21.9246952975	22.0349333872
793	49.7925842993	23.5995059757	22.6426887444
794	48.2282241965	29.7578320251	22.4915481672
795	54.2809017616	36.3949360086	23.7627726992
796	77.7800081112	35.8010120009	22.8516751776
797	80.1988341286	57.9613683563	23.0027148654
798	82.4036333424	74.1737823549	22.5880564542
799	82.451303479	27.9423474662	21.2095081247
800	85.9627953537	32.7853065748	22.4440422198
801	86.3737051996	58.8408986952	23.648156348
802	75.2644304234	60.5562664283	23.8231281459
803	55.1169738756	83.8507688065	23.1276677719
804	69.722447705	87.3739956742	22.4041156578
805	74.9254891122	53.2734119006	24.6453158677
806	85.5794583851	65.5834101003	22.9479042508
807	62.1711059038	89.3625689904	22.053551147
808	54.0080286004	28.719281756	23.7926148831
809	29.6647989757	40.9088348042	22.5092781437
810	48.6718227184	73.1540736666	22.6803932057
811	81.7449036157	39.6374289389	23.2757439984
812	48.3957634324	87.3529793188	22.5252064019
813	48.5214161697	56.8652786443	26.2802190419
814	63.7807070949	80.8703048195	23.9133335284
815	68.9049520908	82.4039232066	23.4273902821
816	42.4827140115	37.7742383129	23.740719262
817	85.9810239281	46.0187983812	22.5757746047
818	33.8968486598	51.8874160201	24.0429197111
819	70.7760558177	72.682953077	24.2747769268
820	81.7009240703	80.9116393548	23.5887200782
821	38.9206047588	68.767422417	24.0010524519
822	52.5606654015	76.6820586522	24.4481753861
823	68.1468697502	23.8839337779	23.561664739
824	79.2148014959	51.4393540282	24.3143073774
825	92.4705051748	54.7954356287	23.9929567131
826	69.675084897	33.129954697	24.2841997934
827	90.8895254342	47.5478042341	24.1480132703
828	74.3424671155	47.3867103691	24.9427913858
829	27.4815628739	63.7408655846	23.4489816639
830	28.7582890582	69.4300555435	23.1657071402
831	53.5701967909	49.7579343153	26.385936872
832	45.5584158415	66.7908587286	24.2605393919
833	64.3356331234	57.6993387635	26.3353079107
834	37.5442039488	80.5520300784	24.1548383829
835	74.2945682176	26.6185431882	24.2833251179
836	43.9520121795	27.5479600518	24.5486821674
837	51.502673782	32.2413723676	25.1538419507
838	74.8837723614	35.280208576	25.1119075165
839	36.6897440426	46.8534462276	25.5228941852
840	35.0725505972	57.9554615531	25.279845331
841	87.6583157995	74.4205890269	24.0986111541
842	43.1639702923	84.1518145676	24.0359751895
843	75.2371387975	84.1481337639	24.3716304721
844	79.4396275812	30.5858928912	25.1310933231
845	66.5374233222	32.8883730955	25.6304891441
846	61.9798294129	42.0535789787	26.8882999087
847	56.897716976	44.9520990246	26.8578881955
848	70.3009067055	51.1855578326	27.1624224638
849	27.0337702245	56.7255515105	23.7710752295
850	41.0446451873	73.1721569119	25.5592276778
851	81.4453264396	44.2619669838	25.5491943259
852	77.5467215838	75.5601693758	25.2358525164
853	59.6088198972	24.3973076238	25.6136203185
854	88.8203520124	40.0481796515	24.539300051
855	33.4170612752	75.1978397602	24.7740523102
856	61.61957339	77.2619777023	25.5115728251
857	61.4657472841	87.4841397678	25.0517343472
858	59.3617488881	32.0531881347	26.6804128036
859	71.214621612	42.5116397681	25.4051974005
860	67.1110198588	45.1347351129	26.3810853674
861	83.0037297679	64.3504147952	25.8736433656
862	35.3615265296	35.3991630021	24.6938439349
863	48.6891309088	37.4953166262	26.7467663224
864	81.1991575254	69.6973203364	25.2241828334
865	60.7910139298	72.8056976861	25.7950020883
866	45.9206596542	76.2123709882	26.0001559868
867	48.9631874934	80.1605816195	25.5056059049
868	41.778747402	43.222761254	26.7313131313
869	61.6481045599	46.7679748033	27.2516341338
870	90.5536877108	67.3749684577	25.0776781632
871	51.2265401466	68.1292225728	26.357334875
872	58.2355463542	80.614514923	25.9921936269
873	51.6295375128	86.050423089	25.9270565987
874	84.2924546218	35.3587856326	25.7257458357
875	65.6034750965	38.4076253062	26.1420382654
876	29.2454570506	47.6104143809	25.0825446898
877	59.28002092	51.6670910816	27.6914524921
878	61.3792676754	56.0594279384	29.1942132302
879	36.2394571208	63.5123991969	25.9895796927
880	57.879194857	67.7098651368	26.4850653666
881	64.2359645454	68.778116769	26.9387356639
882	41.7168967224	30.7481220118	26.2315368227
883	83.6890833712	57.5041209493	27.3881232404
884	57.8501788865	60.6732247264	27.2566712694
885	69.8842405639	78.6490541116	26.4699890274
886	63.9102677512	24.8885413171	26.0767377478
887	32.4008273072	42.1630506887	26.0028521353
888	83.8682772179	51.1597602617	26.7198251074
889	55.3550534002	32.7547705699	27.3369446343
890	39.1318301327	51.2757185828	27.4603436353
891	69.0301822979	61.2152031157	27.4292973264
892	75.1019832933	65.6040121691	26.2835600419
893	72.4605664118	38.3464780658	27.7265502476
894	44.7366887241	71.8189917606	27.2685750504
895	49.0106692306	26.8966928969	26.4767326862
896	51.2945306423	62.9694020801	27.8772398833
897	68.1221333792	66.3556536355	27.8180574874
898	48.3559942987	72.7906659892	28.1729540135
899	76.1000655372	41.0265311951	27.1460903977
900	54.7686398429	24.7342942808	26.3840542009
901	68.9457006423	36.6361816567	28.1720445014
902	37.9564098316	58.1479911059	27.9171142285
903	55.2252258526	58.1424922144	28.555333845
904	89.562629215	63.8228496602	27.078591218
905	30.2701217685	63.4185415429	26.6042362791
906	65.7042483054	74.5228896737	26.8531998825
907	72.959026314	77.0034308365	27.5800262101
908	65.43814399	80.123838119	27.4825196627
909	38.512423367	35.0982167395	27.07069848
910	42.3348817906	47.0456531119	28.367938563
911	52.0483976142	53.8770393725	28.6368858773
912	90.664912642	56.5090795351	26.710085383
913	69.9709480641	57.5654469597	28.1989463345
914	80.8457563787	79.1396200627	27.0850370583
915	58.2736147695	39.9061017528	28.4391032853
916	89.0386605914	45.8439018188	27.1415687023
917	79.6669961711	55.9638418823	28.526444197
918	57.7323087991	76.2018461511	28.7248309795
919	68.6517078262	27.4082536554	27.3762618848
920	64.2406252034	35.1926293876	28.6639810893
921	60.0239913012	35.9376581983	28.0373480023
922	46.6588829076	41.1693836251	28.2998576429
923	55.6961343805	53.5067091851	29.1949437882
924	30.1476528753	55.0991383299	27.1721295978
925	62.2497947354	63.4420088926	29.0840556157
926	40.8860979672	67.9013652282	28.2476778262
927	79.7667520095	60.9762470974	28.6413120317
928	88.9417948978	52.5135128846	28.1653647897
929	39.0071559068	76.8870743664	28.1717412684
930	69.7840493569	84.321079699	27.9976753023
931	54.0957866193	37.9783127166	29.7830053755
932	78.9379378686	46.7791542759	28.8586247226
933	65.4238919143	52.1601877056	29.5305503132
934	41.59412998	54.1522843016	28.8193500425
935	34.536643068	70.9014015362	27.9685961653
936	42.3665623735	63.6678953951	29.359792773
937	77.3786266364	69.795898961	29.4145210216
938	84.7167758755	73.2223286643	28.2179800506
939	75.7541768349	81.5919715117	28.0579521849
940	43.9658350418	81.5831130855	27.6945650323
941	41.2621216695	58.9403484598	29.0963274128
942	80.1088432931	65.7571834467	28.6327096373
943	52.6853880848	77.6255449042	29.1467090991
944	85.3945486935	41.7450885014	28.7232987251
945	33.3928110371	45.0941094217	28.6255173768
946	64.3522890984	84.9020109932	29.0162946891
947	75.746126146	32.8352841623	29.2513119003
948	76.3789143329	58.2823400127	30.3012376438
949	51.8024709851	71.3582018735	30.4041750928
950	36.8945464777	40.2818678376	29.1606805763
951	51.203855795	41.9655881426	30.4850198308
952	73.5812340523	71.3308251816	29.9829751854
953	53.4728838226	28.50458239	29.8875674933
954	47.5935399745	30.7637446798	29.3751927284
955	80.6516225138	37.5052423153	29.8675739097
956	32.6954914234	49.8648622892	29.4385012417
957	46.3796954755	51.0048645072	31.0520632763
958	31.9181452969	61.301951342	28.9413968613
959	71.6266070877	29.2581715341	28.3787651156
960	56.5907160362	73.3983685376	30.6499041043
961	59.8586877235	85.2963181129	28.8142903674
962	86.2489752248	47.7986516528	29.9743497748
963	47.0191215969	68.7142171159	30.2726452988
964	49.5615344234	82.4773420899	29.4651065795
965	42.4984343162	35.5509374858	30.2501876817
966	47.2847876625	46.6182157781	30.2505432433
967	87.8206238261	59.2026553611	30.0012701374
968	62.5588399032	76.9583802199	30.1418899859
969	58.4396450932	28.2019750413	30.1576686577
970	68.9952087791	41.7079553245	31.0654895471
971	77.5981826143	51.9276010475	30.7736162378
972	68.3476321979	74.9211476413	30.6518364305
973	53.279499227	46.5707251336	32.3550307275
974	47.1538568454	63.6054764167	31.2259770876
975	55.0309249867	70.0692648093	30.8869107015
976	44.0903771051	78.625841955	30.6634142353
977	54.9910738017	83.1290396118	30.717995024
978	61.9787899826	38.1425728346	30.6612998233
979	44.8900854572	57.4729318406	31.4696807002
980	73.7958386987	64.8342562838	32.0368247767
981	35.5684917045	66.4266360783	30.9710221845
982	77.2648900159	77.8686550044	31.3525430616
983	62.5959951664	28.5266807479	30.3991615337
984	72.5443939713	46.707851179	31.7444188259
985	59.0855830142	68.4880592861	32.6020963411
986	83.5848588362	69.8174237767	31.0453044738
987	86.6734542611	53.8290401501	31.364887589
988	33.9536345869	56.5630511594	31.2838184487
989	67.3521522334	31.4728781751	31.6395314305
990	85.1607452947	63.2553967283	31.3038722416
991	54.5895989777	65.7819018497	32.310696663
992	51.597446873	66.5260344248	32.2918284121
993	68.8714057473	69.9533159628	32.4704736732
994	62.4878072694	72.3555084383	32.0454047794
995	47.7107054619	33.7315461193	31.6642508272
996	72.4271420825	34.4124603002	31.712036227
997	73.4837107967	56.07569591	32.4676685807
998	41.9634990406	40.0326031573	32.0974280314
999	37.8907565924	44.2756936142	31.7653762638
1000	64.9652583448	45.222473641	32.9293636448
1001	36.0634614488	51.3738223691	32.1047174762
1002	35.6866538886	61.4801961576	31.7963849759
1003	71.3729065996	80.8965042107	31.8286091656
1004	50.9048570065	60.2914448923	33.1094656811
1005	40.4846848823	72.528582137	32.0899994697
1006	71.9938960483	61.1813066503	33.0257637818
1007	67.914405012	57.2210613761	33.90448364
1008	59.1840026283	59.8133024771	34.0378481627
1009	56.9807528194	63.0609084668	33.2325666777
1010	49.8474294532	79.8777557231	32.2811682489
1011	60.0788113213	41.0806581514	33.0174578636
1012	81.8845565831	44.7079700895	32.8743867029
1013	67.8526252007	50.528230013	33.7131332153
1014	72.1892130723	53.138439698	32.7516282784
1015	67.2269210924	63.7685587267	34.019407755
1016	61.0859707065	81.0278258577	33.0870502009
1017	58.948653939	35.6812620761	33.0754378615
1018	59.9841084507	45.8306119459	33.5593427445
1019	60.2989650749	32.1136795274	33.3993919411
1020	53.2628523326	32.9259610917	32.9324652829
1021	83.5149210393	50.4455116907	33.3403000883
1022	63.1298616884	66.5549947166	34.2771227913
1023	78.0475268879	74.1285299145	33.2192152129
1024	66.3337205199	80.5776153607	33.1153676004
1025	75.7321179487	39.281979544	33.6251743103
1026	57.5715081134	49.8187924731	33.9626928564
1027	64.3236014828	60.2605795596	34.7183103355
1028	51.6906724488	55.1671436716	33.7037608383
1029	46.6662069687	38.9624068557	33.9085952407
1030	46.2429253106	76.0244582717	33.1420458761
1031	50.3284512013	35.3599014303	33.6930004093
1032	77.7212036501	42.8157811048	34.0773727828
1033	39.9357236072	50.9247074348	34.3985671751
1034	83.3329807843	57.3936435633	33.9494279437
1035	65.5389467527	35.8377761269	34.7680489463
1036	61.1953957817	53.589034305	34.749010481
1037	39.0450394365	57.5846628429	34.2671769666
1038	81.1346758106	67.7301703993	34.0160921469
1039	72.1105539372	75.9652336135	34.98110772
1040	39.0765240895	46.7621032808	33.791023746
1041	38.9785955849	63.9055565399	33.9133706032
1042	42.6957837562	68.2698868742	34.8354088379
1043	70.044619675	37.6415098449	34.82302168
1044	51.8008975133	77.1345583965	34.7544004219
1045	43.7233572864	45.7297925774	35.3018289655
1046	46.8496309201	73.2186776299	34.8778684289
1047	56.2139553572	79.0858753335	34.330027918
1048	79.6670531121	62.6245771402	35.5063200997
1049	78.3710843571	49.502042265	36.0658713586
1050	76.7443079841	70.2373715653	35.8604599551
1051	47.5819232435	43.4341662259	36.0783988004
1052	79.6951539954	54.9750774327	35.9625084613
1053	52.0880551125	38.9238869914	35.9832913941
1054	44.3786130827	63.1646707238	36.6776279542
1055	57.9739515417	75.7664308234	36.3902292418
1056	64.6939056137	39.7696744595	36.2836455194
1057	42.9147152244	51.965910804	36.0990214646
1058	74.922903545	47.4619119561	37.203269438
1059	48.3288303967	70.1551330837	36.2201934351
1060	64.4594434445	76.939944592	35.8486520632
1061	57.0222935621	35.2922682301	37.0375811992
1062	59.5769606068	38.216200295	36.0657696476
1063	72.1960269846	42.7289288373	36.7527842227
1064	42.3014145989	56.6137459377	36.5326249434
1065	70.3758580484	73.2617747257	36.9028346609
1066	52.7969055606	73.5456345487	36.4595633439
1067	55.8571053375	40.0667990751	36.9211413444
1068	45.6662979825	58.9273764825	37.4338044545
1069	59.6421190571	41.7799558059	37.7946448111
1070	48.9315477428	66.7751041772	37.2739007549
1071	74.0225250083	68.6634204207	37.2721742685
1072	74.8175766176	58.7720278932	38.0828731968
1073	76.3080393716	63.1493773777	37.3202732388
1074	56.4028817994	70.8689200491	37.6115327605
1075	46.6149063097	52.6646418925	37.6344037389
1076	60.7824952297	72.1955949599	38.1198124129
1077	53.7827630521	44.4530819036	37.9802074217
1078	50.002536514	62.2804463136	38.4818637018
1079	64.211304545	74.5664049667	37.5596475706
1080	50.2988955594	48.3756615046	38.1063161153
1081	54.3096038032	68.5281097475	38.098982526
1082	71.0013589925	50.8886742937	38.5762310887
1083	68.8876660981	44.6657024667	38.1475372924
1084	68.7901031896	68.4797726846	38.5989568038
1085	72.426347072	65.4343705259	38.406788448
1086	66.1234518241	70.7373961906	38.4297258121
1087	74.0296977349	53.3628352456	38.3536033122
1088	54.2794928024	54.0440427974	39.4227217764
1089	50.2514968301	57.9594474394	38.8761022165
1090	68.035597476	48.485445843	39.3234221918
1091	63.0028515537	43.3855676118	38.9650041032
1092	55.0047942329	59.348821609	39.5797943049
1093	54.3101814528	64.0369975296	39.2119570237
1094	59.9997986853	46.8445719891	39.5966848726
1095	55.4310512327	49.8250450866	39.5903860568
1096	49.9241623272	53.4594652505	38.991225437
1097	70.0299813046	63.3728564282	39.3951500587
1098	59.5674920508	63.3838837894	39.7298638114
1099	60.8486046233	68.4025528902	39.3010836551
1100	65.0290410123	47.3747744075	39.555835508
1101	69.5193363244	58.4968222314	39.8847963902
1102	64.869359233	65.5092016181	39.8287902574
1103	65.0326299748	52.4044270283	39.9744822745
1104	59.3604242984	52.773738807	40.3776447447
1105	63.6418162037	57.5258702749	40.4011336385
1106	58.5416299964	58.093196797	40.3079287922
1107	68.708772725	55.3213374396	40.0934956163
1108	65.3862375912	62.3201917871	40.3569448262
