1	455673.335986
2	69.3028315023
3	28.5359344873
4	72.000969328
5	143.412279396
6	196.553086638
7	27.5710375166
8	148.817489279
9	76.1285841474
10	32.3419169832
11	98.2944117814
12	115.948452654
13	124.882683865
14	132.047937296
15	123.569351877
16	93.0857549855
17	103.485200115
18	43.8849437075
19	215.82422336
20	41.8479389915
21	67.766143734
22	151.613903648
23	110.721927396
24	116.073531891
25	97.5439363597
26	18.0739497395
27	42.5358747947
28	141.96493394
29	151.059981312
30	18.1454235892
31	19.9501382938
32	30.1619645677
33	13.7587160647
34	55.9461558421
35	26.6686801643
36	131.511883423
37	96.4092889959
38	126.490845483
39	18.6546747682
40	88.7883897731
41	159.690448662
42	120.183278248
43	197.080206279
44	352.428618573
45	55.9461558421
46	36.5499398835
47	133.665033145
48	81.2657670936
49	46.9047138568
50	227.134960073
51	89.9230371369
52	468.7701774
53	138.980900715
54	290.568001669
55	33.4944328094
56	119.343460514
57	243.833038206
58	45.9844880421
59	397.644762731
60	78.1745230946
61	53.0246622362
62	415.870594401
63	186.466339601
64	1281.39211141
65	76.4770191646
66	135.827117098
67	241.402927316
68	177.344489535
69	183.696727926
70	613.361775316
71	251.436068966
72	58.0278317143
73	197.946826707
74	171.001185375
75	1006.02123703
76	90.8789998764
77	20.9507721894
78	46.8064373135
79	25.810993968
80	28.8933037358
81	559.568769196
82	195.775808523
83	958.768088158
84	20.003743681
85	215.75274951
86	293.74858798
87	72.5995628191
88	185.27808685
89	235.104294313
90	77.2542972799
91	474.622098843
92	93.657545783
93	43.7509302394
94	346.35334135
95	123.533614952
96	1315.22604501
97	145.127651789
98	18.4402532191
99	400.387571713
100	102.448829294
101	820.001608991
102	166.971847099
103	180.650155083
104	35.04898904
105	310.759364206
106	165.855068198
107	92.9517415173
108	125.499145818
109	65.2556247638
110	70.1694519298
111	47.0029904001
112	182.133237464
113	89.0564167094
114	162.299244176
115	109.024423466
116	218.835059278
117	170.706355745
118	117.494074653
119	155.768321161
120	96.4628943832
121	82.132387521
122	40.4095277665
123	150.67580937
124	98.7232548795
125	17.5110931732
126	77.4865872914
127	51.3450267686
128	91.0844871943
129	52.3277922018
130	45.7343295682
131	65.1573482205
132	114.947818758
133	22.9431057494
134	74.6901729224
135	87.6269397157
136	115.25158262
137	64.8178474345
138	102.261210439
139	69.9103592246
140	128.742271748
141	111.19544165
142	145.190191407
143	125.972660073
144	50.1567740175
145	27.6782482911
146	80.9977401573
147	70.9377958139
148	13.5353602844
149	67.2836952487
150	25.1587950897
151	51.4522375431
152	26.1772974477
153	34.0036839884
154	15.1256534399
155	79.4967893138
156	45.0821306898
157	247.362059534
158	228.117725506
159	95.8643008921
160	172.627215455
161	130.573789146
162	164.532801978
163	140.347838091
164	242.064060426
165	170.027354173
166	152.998709485
167	331.933492175
168	184.02729448
169	206.273530195
170	85.6346061557
171	143.171055153
172	168.240507931
173	208.292666449
174	262.398370662
175	143.894727881
176	295.687316153
177	132.253424614
178	224.356414166
179	138.703939548
180	145.279533719
181	196.812179343
182	167.472164047
183	231.843299921
184	177.585713777
185	143.9572675
186	230.538902164
187	146.253364921
188	163.969945412
189	170.74209267
190	158.2699059
191	201.404374185
192	208.694706853
193	127.446808222
194	149.219529683
195	138.552057617
196	174.50340401
197	234.478898128
198	261.397736766
199	207.175887548
200	220.997143231
201	104.959348265
202	234.764793527
203	218.325808099
204	294.40972109
205	205.138882832
206	203.030404266
207	186.046430734
208	271.252193792
209	140.812418114
210	168.946312197
211	236.810732474
212	120.683595196
213	240.232543028
214	206.818518299
215	178.684624216
216	268.089475943
217	296.366317725
218	300.565406394
219	231.923708002
220	138.945163791
221	101.948512347
222	249.068497695
223	151.283337093
224	188.682028941
225	285.564832191
226	230.681849863
227	187.413368109
228	232.638446498
229	252.463505555
230	247.513941464
231	199.921291804
232	181.114735106
233	152.900432942
234	202.753443098
235	110.033991592
236	117.065231555
237	221.533197103
238	186.662892688
239	168.883772578
240	109.024423466
241	166.882504787
242	107.675354553
243	237.016219792
244	241.608414634
245	211.803819315
246	134.710338197
247	237.230641341
248	233.478264232
249	231.10175873
250	378.641652946
251	190.835178663
252	113.169906747
253	140.303166935
254	272.869289641
255	212.893795523
256	252.677927104
257	158.394985137
258	190.031097854
259	134.013468162
260	186.734366537
261	278.10474913
262	159.851264824
263	247.272717222
264	218.156057706
265	302.611345342
266	163.264141146
267	197.026600892
268	158.109089738
269	237.856037526
270	240.750728438
271	151.211863243
272	165.390488175
273	306.685354774
274	161.66491376
275	140.669470414
276	209.034207639
277	108.604514599
278	246.29888602
279	387.566949925
280	154.240567624
281	159.091855171
282	186.546747682
283	184.956454526
284	118.012260064
285	195.472044661
286	267.133513203
287	186.16257574
288	213.671073638
289	180.489338921
290	197.705602464
291	217.101818423
292	65.9971659543
293	133.191518891
294	137.783713733
295	203.039338497
296	192.300392582
297	210.133118078
298	243.895577824
299	149.076581984
300	238.392091398
301	113.652355233
302	155.402017681
303	143.608832483
304	227.733553564
305	154.28523878
306	254.598786815
307	124.141142674
308	216.726580712
309	160.735753714
310	195.891953528
311	117.252850411
312	254.330759878
313	198.545420198
314	204.567092034
315	227.251105078
316	102.770461618
317	145.833456054
318	170.036288404
319	104.798532103
320	254.375431034
321	188.405067774
322	164.98844777
323	164.443459666
324	127.554018997
325	218.85292774
326	318.862711914
327	304.809166219
328	315.235414042
329	130.886487238
330	272.181353838
331	175.709525223
332	233.129829215
333	225.115823819
334	91.3346456682
335	198.465012117
336	71.3845073744
337	253.991259092
338	84.8662622715
339	144.386110598
340	156.357980421
341	197.696668233
342	176.513606032
343	290.987910536
344	148.469054261
345	280.204293465
346	659.516013751
347	210.81211965
348	118.735932792
349	277.032641385
350	133.548888139
351	158.091221275
352	143.117449766
353	155.205464594
354	187.145341173
355	462.837847876
356	164.979513539
357	203.897024693
358	103.252910103
359	190.022163623
360	169.553839919
361	158.296708593
362	169.661050693
363	177.943083026
364	380.642920737
365	243.600748194
366	200.26079259
367	186.189378433
368	254.089535636
369	240.393359189
370	153.213131034
371	180.855642401
372	187.699263508
373	188.914318953
374	238.48143371
375	176.040091778
376	120.960556363
377	255.536881092
378	228.081988581
379	232.906473435
380	162.960377285
381	130.618460302
382	280.945834655
383	143.287200159
384	184.009426018
385	242.475035062
386	288.870497739
387	97.2848436546
388	179.247480783
389	233.942844255
390	154.892766502
391	147.915131926
392	132.494648856
393	389.37166463
394	242.224876588
395	150.38097974
396	146.083614528
397	93.4788611588
398	201.904691133
399	192.353997969
400	201.163149943
401	171.456831167
402	138.971966484
403	191.746470247
404	307.578777895
405	148.147421938
406	146.566063013
407	173.02925586
408	173.851205131
409	219.576600468
410	117.887180827
411	212.384544344
412	230.565704858
413	207.792349501
414	126.062002385
415	145.154454482
416	211.848490471
417	135.568024393
418	242.403561212
419	165.819331273
420	151.524561335
421	232.084524163
422	202.860653873
423	178.532742286
424	225.160494975
425	164.461328129
426	128.661863667
427	322.490009786
428	132.324898463
429	187.71713197
430	266.29369547
431	115.510675325
432	120.120738629
433	162.165230708
434	219.728482399
435	159.851264824
436	231.753957609
437	126.580187795
438	260.17374709
439	252.552847867
440	273.816318149
441	135.228523607
442	183.321490215
443	177.728661477
444	261.496013309
445	266.945894348
446	158.332445518
447	110.328821222
448	113.795302932
449	196.749639725
450	210.964001581
451	254.214614873
452	129.376602164
453	210.338605396
454	180.04262736
455	151.131455162
456	142.375908576
457	193.7656065
458	173.922678981
459	200.314397978
460	207.300966785
461	161.253939124
462	270.564257988
463	134.647798578
464	343.976835848
465	189.888150155
466	192.264655657
467	168.562140254
468	164.702552371
469	229.100490939
470	226.223668489
471	163.06758806
472	204.513486647
473	198.1165771
474	404.506252301
475	105.566875987
476	145.699442586
477	137.372739098
478	215.172024481
479	591.17807922
480	219.406850075
481	215.851026053
482	226.849064674
483	299.377153643
484	134.88008859
485	126.062002385
486	284.260434435
487	164.595341597
488	191.058534443
489	182.999857891
490	74.5829621479
491	142.063210483
492	213.39411247
493	201.80641459
494	226.250471183
495	559.506229577
496	161.280741818
497	143.680306332
498	139.516954588
499	349.355243037
500	378.203875616
501	292.828362166
502	190.424204027
503	112.392628632
504	175.718459454
505	129.519549863
506	180.953918944
507	197.768142083
508	229.565070962
509	151.971272896
510	242.53757468
511	278.569329153
512	165.006316233
513	105.906376773
514	185.787338029
515	167.364953272
516	90.9772764197
517	154.463923404
518	102.198670821
519	131.083040325
520	150.032544723
521	227.081354685
522	157.465825091
523	205.746410554
524	105.602612912
525	153.186328341
526	158.993578628
527	136.631197907
528	261.388802535
529	136.095144034
530	253.696429462
531	239.857305317
532	233.46039577
533	181.829473603
534	165.453027793
535	119.379197439
536	278.381710298
537	229.189833251
538	138.516320693
539	222.596370617
540	143.787517107
541	174.610614784
542	229.207701714
543	261.862316789
544	121.112438294
545	194.766240396
546	121.255385993
547	228.305344361
548	126.383634708
549	150.041478954
550	130.332564903
551	252.785137879
552	134.51378511
553	189.316359357
554	246.254214864
555	75.9141625983
556	127.661229771
557	108.952949616
558	167.901007145
559	155.902334629
560	194.784108858
561	180.203443522
562	101.689419642
563	149.425017001
564	137.131514855
565	241.402927316
566	134.969430902
567	235.122162775
568	55.5619839001
569	123.417469946
570	211.955701245
571	200.734306845
572	113.804237163
573	223.775689137
574	254.366496803
575	146.860892643
576	163.612576164
577	200.394806059
578	181.186208955
579	152.828959092
580	129.751839875
581	142.4116455
582	200.55562222
583	203.593260832
584	175.504037905
585	198.473946348
586	136.005801722
587	135.076641676
588	170.804632288
589	161.495163367
590	121.737834479
591	182.437001325
592	103.780029745
593	203.146549272
594	215.547262192
595	174.253245536
596	154.964240352
597	184.197044873
598	124.811210015
599	173.627849351
600	124.123274212
601	207.024005617
602	238.463565248
603	170.22390726
604	311.947616957
605	237.793497907
606	182.115369001
607	172.814834311
608	160.226502535
609	98.7411233419
610	161.316478743
611	248.51457536
612	160.315844847
613	178.228978425
614	215.046945244
615	129.662497563
616	121.737834479
617	184.384663729
618	312.081630425
619	183.267884827
620	141.562893535
621	72.8139843682
622	171.564041941
623	181.266617036
624	184.447203347
625	159.708317125
626	141.991736634
627	148.084882319
628	138.820084554
629	103.788963976
630	442.753696114
631	92.0315157026
632	160.869767182
633	218.754651197
634	150.398848203
635	147.450551903
636	212.447083962
637	217.137555348
638	196.981929736
639	263.720636881
640	154.499660329
641	108.202474194
642	140.204890391
643	301.414158359
644	239.946647629
645	252.606453255
646	200.877254544
647	205.103145907
648	225.455324605
649	99.3575852955
650	154.151225311
651	98.3837540935
652	162.299244176
653	92.2459372517
654	101.689419642
655	141.464616992
656	120.361962872
657	174.306850923
658	221.131156699
659	213.706810563
660	182.999857891
661	179.470836563
662	130.368301828
663	147.468420366
664	107.648551859
665	119.656158606
666	148.370777718
667	105.656218299
668	92.1029895523
669	171.340686161
670	185.697995717
671	119.039696653
672	98.910873735
673	148.82642351
674	142.384842807
675	180.355325453
676	131.208119562
677	83.0436791045
678	178.273649581
679	162.102691089
680	180.784168551
681	230.87840295
682	152.534129462
683	382.009858112
684	395.965127263
685	110.355623916
686	120.826542895
687	228.671647841
688	131.851384209
689	97.5260678973
690	145.592231811
691	140.597996565
692	148.692410042
693	125.2936585
694	144.931098702
695	103.118896635
696	90.0838532987
697	155.375214987
698	165.05992162
699	170.429394578
700	245.63775291
701	164.774026221
702	131.502949192
703	212.277333569
704	119.227315508
705	179.399362713
706	163.692984245
707	169.053522971
708	119.90631708
709	220.041180491
710	199.099342533
711	169.714656081
712	311.429431547
713	251.346726654
714	189.316359357
715	80.5242259031
716	129.57315525
717	121.505544467
718	107.076761062
719	209.525590356
720	242.090863119
721	178.48807113
722	141.634367385
723	229.10942517
724	118.05693122
725	174.440864391
726	225.12475805
727	250.792804319
728	145.788784898
729	215.288169487
730	127.72376939
731	219.603403162
732	258.896152027
733	220.389615508
734	149.844925868
735	181.257682805
736	187.002393474
737	202.494350393
738	183.660991001
739	132.583991169
740	79.8988297183
741	183.384029833
742	186.341260364
743	157.689180871
744	158.064418582
745	176.263447558
746	256.814476155
747	199.027868683
748	158.403919368
749	185.197678769
750	146.789418794
751	168.758693341
752	152.721748318
753	199.88555488
754	112.955485198
755	190.468875183
756	257.520280421
757	109.015489234
758	210.419013477
759	176.781632968
760	96.8202636316
761	189.369964744
762	170.286446878
763	196.508415482
764	77.2810999736
765	190.969192131
766	103.199304716
767	121.809308328
768	220.443220896
769	140.178087698
770	89.9141029057
771	227.349381622
772	168.294113318
773	126.758872419
774	121.335794074
775	272.12774845
776	97.7583579088
777	199.15294792
778	172.314517363
779	235.131097006
780	186.108970353
781	216.619369937
782	113.152038285
783	192.005562952
784	110.552177003
785	129.71610295
786	150.497124746
787	107.755762634
788	153.722382213
789	140.356772322
790	112.062062077
791	147.611368065
792	188.646292016
793	196.356533551
794	140.12448231
795	128.822679829
796	169.357286832
797	224.31174301
798	211.133751974
799	144.091280968
800	140.982168507
801	205.71960786
802	177.094331061
803	167.007584024
804	149.818123174
805	213.769350181
806	133.718638532
807	210.124183847
808	243.332721258
809	182.258316701
810	116.80613885
811	89.6192732757
812	91.49546183
813	187.511644653
814	136.595460982
815	136.041538647
816	241.87644157
817	162.960377285
818	172.850571236
819	142.03640779
820	109.283516171
821	143.29613439
822	107.773631096
823	208.131850287
824	68.570224543
825	236.060257052
826	234.675451215
827	238.963882196
828	107.344787998
829	104.128464762
830	187.27042041
831	97.5886075158
832	153.579434514
833	223.20389834
834	255.938921496
835	145.476086806
836	103.056357017
837	98.106792926
838	156.831494675
839	161.691716453
840	108.005921108
841	176.808435662
842	85.8579619359
843	236.739258624
844	179.944350817
845	193.944291124
846	196.186783158
847	216.467488007
848	153.570500283
849	115.171174539
850	210.937198887
851	103.931911675
852	259.146310501
853	167.615111746
854	156.259703877
855	151.881930584
856	109.596214263
857	193.569053414
858	120.290489022
859	198.286327493
860	212.625768586
861	209.650669593
862	133.245124278
863	248.657523059
864	193.184881471
865	131.735239203
866	114.81380529
867	265.355601192
868	233.960712718
869	122.407901819
870	153.981474918
871	92.9874784422
872	246.611584112
873	161.387952592
874	207.971034125
875	117.386863879
876	166.435793226
877	216.199461071
878	234.56824044
879	141.321669293
880	218.683177347
881	128.072204407
882	232.441893412
883	96.3824863023
884	131.494014961
885	248.871944609
886	135.639498243
887	103.547739733
888	113.982921788
889	119.647224375
890	165.220737782
891	204.656434346
892	98.7053864171
893	163.005048441
894	133.611427758
895	182.597817487
896	351.347576597
897	219.799956249
898	113.616618308
899	261.826579864
900	136.541855595
901	132.548254244
902	82.3736117637
903	106.683654888
904	192.041299877
905	155.410951912
906	177.174739142
907	209.981236148
908	133.47741429
909	196.043835459
910	172.654018149
911	129.501681401
912	138.016003745
913	120.969490594
914	137.220857167
915	148.97830544
916	203.405641977
917	190.861981357
918	149.398214307
919	149.425017001
920	192.979394154
921	159.96740983
922	226.116457715
923	149.585833163
924	118.021194295
925	292.024281357
926	134.156415862
927	148.263566944
928	239.097895664
929	125.106039645
930	237.775629445
931	150.729414758
932	106.871273744
933	101.859170035
934	74.1005136625
935	170.241775722
936	204.495618184
937	217.414516515
938	217.048213036
939	189.620123218
940	128.509981736
941	175.825670229
942	156.840428906
943	108.399027281
944	176.754830275
945	129.733971412
946	124.721867703
947	190.129374397
948	194.248054986
949	84.6786434161
950	109.935715049
951	130.511249528
952	179.74779773
953	200.975531087
954	168.642548335
955	97.1508301864
956	180.712694701
957	163.424957308
958	190.495677877
959	128.009664789
960	169.821866855
961	116.055663429
962	144.582663685
963	141.580761998
964	154.338844167
965	186.484208063
966	136.666934832
967	129.635694869
968	137.015369849
969	101.68048541
970	141.74157816
971	156.188230027
972	157.689180871
973	236.346152451
974	283.367011313
975	88.7615870795
976	185.510376861
977	161.387952592
978	177.773332633
979	168.097560232
980	255.384999161
981	121.326859843
982	137.792647964
983	51.8185410227
984	135.684169399
985	188.324659693
986	154.088685693
987	139.686704981
988	131.431475342
989	163.844866175
990	175.986486391
991	89.8247605936
992	145.663705661
993	362.104390974
994	108.104197651
995	175.915012541
996	77.5759296035
997	100.358219191
998	273.208790427
999	88.5203628368
1000	236.355086682
1001	178.765032297
1002	129.966261424
1003	162.040151471
1004	114.992489914
1005	151.444153255
1006	182.365527475
1007	136.604395213
1008	225.687614616
1009	235.256176243
1010	207.068676773
1011	111.606416286
1012	172.359188519
1013	240.857939212
1014	178.246846887
1015	51.1484736819
1016	107.702157246
1017	180.837773938
1018	142.161487027
1019	209.784683061
1020	198.715170591
1021	151.515627104
1022	274.289832403
1023	128.983495991
1024	128.304494419
1025	101.832367341
1026	143.269331697
1027	293.114257564
1028	273.074776959
1029	84.1515237747
1030	153.418618352
1031	122.184546039
1032	173.341953952
1033	77.6027322972
1034	73.7788813389
1035	210.526224252
1036	170.331118034
1037	152.239299832
1038	127.759506315
1039	112.312220551
1040	218.92440159
1041	136.649066369
1042	135.219589376
1043	137.622897571
1044	189.289556664
1045	185.063665301
1046	172.716557768
1047	162.272441482
1048	210.168855003
1049	200.877254544
1050	215.448985649
1051	155.705781542
1052	159.851264824
1053	132.575056937
1054	155.884466166
1055	205.951897872
1056	148.01340847
1057	235.988783203
1058	110.53430854
1059	168.731890647
1060	144.493321373
1061	132.88775503
1062	143.948333269
1063	134.156415862
1064	107.219708761
1065	128.31342865
1066	200.948728394
1067	126.705267032
1068	260.656195576
1069	116.234348053
1070	127.437873991
1071	121.291122918
1072	69.9014249934
1073	192.702432986
1074	135.62162978
1075	194.006830743
1076	199.010000221
1077	135.076641676
1078	186.421668445
1079	146.601799938
1080	235.52420318
1081	251.963188607
1082	133.950928544
1083	164.809763146
1084	108.693856911
1085	86.1706600283
1086	160.887635644
1087	173.851205131
1088	122.809942224
1089	186.877314237
1090	132.289161539
1091	116.779336157
1092	172.645083918
1093	159.476027113
1094	143.850056725
1095	225.634009229
1096	126.419371633
1097	185.921351497
1098	193.595856107
1099	103.797898207
1100	95.7392216551
1101	173.25261164
1102	220.818458607
1103	135.970064797
1104	207.050808311
1105	182.294053626
1106	76.2089922283
1107	187.779671589
1108	152.176760214
1109	109.873175431
1110	277.800985269
1111	128.125809794
1112	117.154573867
1113	139.686704981
1114	92.0940553211
1115	183.044529047
1116	127.312794754
1117	149.559030469
1118	158.153760894
1119	125.088171183
1120	160.217568304
1121	117.252850411
1122	164.952710845
1123	221.077551312
1124	78.8177877418
1125	103.663884739
1126	241.224242692
1127	205.728542091
1128	159.386684801
1129	117.422600804
1130	199.438843319
1131	194.498213459
1132	138.480583768
1133	177.89841187
1134	249.3275904
1135	230.842666025
1136	140.347838091
1137	217.164358041
1138	114.0722641
1139	102.305881595
1140	138.909426866
1141	225.473193067
1142	80.4884889782
1143	178.71142691
1144	150.372045509
1145	150.112952804
1146	121.621689473
1147	222.078185207
1148	160.003146755
1149	194.319528835
1150	106.174403709
1151	176.183039477
1152	133.799046613
1153	233.576540776
1154	282.795220516
1155	52.5868849069
1156	118.843143566
1157	186.698629612
1158	127.330663217
1159	137.131514855
1160	210.43688194
1161	145.216994101
1162	138.13214875
1163	211.526858147
1164	221.577868259
1165	108.211408425
1166	197.169548592
1167	202.565824243
1168	124.980960408
1169	79.8541585623
1170	65.0590716772
1171	161.870401078
1172	243.833038206
1173	141.455682761
1174	204.808316277
1175	94.9530093086
1176	223.311109114
1177	153.802790294
1178	178.148570344
1179	221.202630549
1180	136.157683653
1181	205.317567456
1182	194.292726142
1183	95.3282470194
1184	265.444943505
1185	142.733277824
1186	203.128680809
1187	263.05056954
1188	27.3923528924
1189	143.966201731
1190	143.412279396
1191	127.670164003
1192	153.62410567
1193	204.826184739
1194	137.363804866
1195	239.356988369
1196	110.168005061
1197	201.618795734
1198	214.957602932
1199	262.496647205
1200	183.625254076
1201	103.512002809
1202	170.232841491
1203	130.573789146
1204	239.303382982
1205	174.262179767
1206	122.729534143
1207	160.137160223
1208	168.955246428
1209	115.591083406
1210	143.617766714
1211	173.333019721
1212	128.840548291
1213	179.140270008
1214	165.479830487
1215	199.554988325
1216	168.026086382
1217	198.33993288
1218	181.677591672
1219	149.898531255
1220	112.89294558
1221	218.182860399
1222	216.04757914
1223	107.130366449
1224	175.012655189
1225	228.841398234
1226	139.132782646
1227	183.866478319
1228	172.109030045
1229	110.132268136
1230	133.423808902
1231	74.7348440785
1232	215.502591036
1233	182.981989429
1234	141.437814298
1235	144.493321373
1236	159.08292094
1237	99.9383103242
1238	107.648551859
1239	226.393418882
1240	133.093242348
1241	66.9531286939
1242	226.429155807
1243	174.762496715
1244	147.781118458
1245	135.809248636
1246	102.475631988
1247	222.051382514
1248	149.031910828
1249	190.451006721
1250	120.093935936
1251	189.664794374
1252	132.021134602
1253	119.75443515
1254	133.012834267
1255	112.133535927
1256	160.619608708
1257	75.4138456505
1258	144.25209713
1259	98.1335956196
1260	78.4604184934
1261	192.380800663
1262	180.248114678
1263	164.059287724
1264	99.295045677
1265	190.835178663
1266	105.084427502
1267	145.038309476
1268	93.9434411817
1269	133.218321584
1270	167.293479423
1271	159.038249784
1272	121.362596768
1273	110.248413141
1274	146.414181083
1275	243.582879732
1276	89.9677082929
1277	110.97208587
1278	122.92608723
1279	202.860653873
1280	198.295261724
1281	144.439715985
1282	156.232901184
1283	137.83731912
1284	233.156631909
1285	112.187141314
1286	75.9945706792
