2
3
4
5
7
521
12
514
526
527
528
529
20
533
857
516
538
542
35
552
553
519
557
776
51
56
59
769
577
578
579
580
70
585
587
677
77
592
81
594
696
601
92
94
607
96
784
98
613
614
616
617
870
871
620
109
623
114
118
532
635
637
126
641
471
875
644
705
648
650
791
653
142
145
660
149
150
151
664
666
879
670
159
674
164
165
892
170
683
172
685
688
691
693
184
185
186
187
700
701
702
885
193
194
707
710
711
802
719
888
212
727
706
733
734
735
225
226
740
741
230
231
745
747
748
751
240
241
754
755
809
760
249
762
251
764
765
766
257
771
774
264
777
779
268
781
271
272
728
788
279
280
793
283
285
798
799
555
290
803
804
805
806
295
296
297
812
302
303
816
817
818
820
822
824
313
826
827
828
829
830
831
320
833
834
835
836
837
838
737
328
841
842
843
844
845
334
847
684
849
850
851
852
853
854
855
856
345
858
859
860
861
862
863
864
865
866
867
868
742
358
359
872
873
874
363
876
877
878
367
880
881
882
371
884
318
886
887
376
889
890
891
380
893
894
661
385
388
392
393
663
399
400
403
406
408
883
571
832
347
753
412
370
431
432
840
435
236
438
442
671
444
447
450
451
452
453
419
468
846
761
476
479
848
482
484
485
486
593
491
743
289
497
869
504
293
508
