1	447552.508853
2	169.761054021
3	160.358579002
4	111.417220801
5	101.993663999
6	30.4315531176
7	94.3831404969
8	140.5417034
9	55.9615917912
10	58.2278834158
11	118.300422805
12	125.478769765
13	129.589717363
14	124.761989158
15	260.096492267
16	49.7003023725
17	115.876017811
18	230.666323821
19	48.0770051158
20	153.391049867
21	8.64353084739
22	30.4947984652
23	65.0162173984
24	26.9319772135
25	89.6608212047
26	101.182015371
27	208.519911248
28	70.9085756224
29	75.7468447187
30	110.58449039
31	54.9602071198
32	41.8051748058
33	49.4789436556
34	95.5320976462
35	43.8711894961
36	34.0470788257
37	7.16780606856
38	62.7920893389
39	171.90085495
40	93.4028376082
41	203.449742543
42	172.744126252
43	110.099609391
44	278.52197022
45	149.44875653
46	277.61545357
47	20.259593035
48	226.207526811
49	294.849810809
50	142.744749677
51	88.5645685119
52	90.7254512237
53	42.1741060005
54	16.802180696
55	26.5208824537
56	1670.64694032
57	197.799824819
58	379.060991223
59	215.793126229
60	154.171075822
61	207.687180837
62	214.707414427
63	111.638579518
64	89.2602673362
65	16.8232624786
66	41.6892250017
67	159.589093938
68	34.3843873466
69	23.8013325041
70	473.52845885
71	261.066254265
72	41.0989350902
73	246.488201628
74	45.2625871447
75	59.5033312604
76	409.091990472
77	154.993265341
78	98.2727293783
79	260.012165137
80	14.7467068969
81	149.722819703
82	34.2895193251
83	95.2264117991
84	32.9929896979
85	444.64641675
86	333.766781404
87	298.022619083
88	51.6082036937
89	19.121176777
90	39.4650969422
91	50.859800413
92	48.2034958111
93	68.4841706286
94	29.4196275549
95	73.7862389411
96	755.43405517
97	126.437990871
98	320.738239786
99	57.7640841996
100	82.0397568112
101	430.279181939
102	148.226013141
103	194.458362284
104	116.44522594
105	180.755203623
106	97.123772229
107	177.824835848
108	214.538760167
109	67.3457543707
110	231.97339434
111	29.6726089456
112	115.749527116
113	146.89786084
114	93.6031145424
115	177.276709502
116	57.6692161781
117	96.1856329054
118	170.878388496
119	235.5256747
120	62.4864034918
121	84.3165893271
122	47.5394196606
123	159.483685026
124	152.611023913
125	62.7077622087
126	85.6763643019
127	82.9884370262
128	230.24468817
129	283.022930795
130	71.1193934479
131	151.68342548
132	66.5551875249
133	23.2953697228
134	21.1661096848
135	19.7536302537
136	145.885935278
137	141.722283223
138	141.922560158
139	56.4675545725
140	69.5382597563
141	90.050834182
142	214.549301058
143	82.8197827657
144	54.0431495787
145	51.5238765634
146	64.8264813554
147	90.4408471592
148	124.403598855
149	11.0046904935
150	61.6642139722
151	29.5882818154
152	54.9707480111
153	35.7125396475
154	142.797454134
155	260.180819398
156	144.020197522
157	100.507398329
158	256.417721212
159	288.67284852
160	257.324237861
161	219.914614718
162	177.951326543
163	208.435584117
164	203.808132847
165	173.987951423
166	304.410399197
167	235.947310351
168	139.13976486
169	135.00773548
170	230.866600755
171	178.320257738
172	194.395116936
173	150.418518527
174	482.150907915
175	263.343086781
176	276.266219487
177	449.126295543
178	126.395827306
179	267.928374486
180	215.561226621
181	250.019400206
182	159.652339286
183	200.28747516
184	864.36362563
185	139.29787823
186	220.294086804
187	159.68396196
188	166.514459508
189	164.574935512
190	93.550410086
191	160.021270481
192	220.979244737
193	216.910460704
194	169.624022434
195	228.874372304
196	126.437990871
197	133.869319222
198	411.189627836
199	143.535316523
200	197.07250332
201	7.92675024053
202	212.198682303
203	173.481988642
204	180.881694318
205	220.199218783
206	166.461755051
207	189.799288339
208	209.637245723
209	173.966869641
210	245.191672001
211	112.123460517
212	193.088046418
213	368.066841621
214	247.110114214
215	196.144904888
216	251.53728855
217	306.149646258
218	245.001935958
219	282.833194753
220	220.09380987
221	161.17022763
222	280.324462629
223	221.400880388
224	522.564685072
225	133.163079506
226	263.195514303
227	191.074736184
228	259.811888203
229	152.505615
230	326.514648206
231	97.1659357941
232	185.540768263
233	205.315480299
234	404.717520592
235	275.148885011
236	205.104662474
237	137.927562363
238	263.891213127
239	64.5207955084
240	294.333307136
241	115.401677704
242	152.062897566
243	339.764548541
244	280.798802736
245	224.236380142
246	221.833056931
247	235.915687677
248	191.380422031
249	214.749577992
250	88.5540276206
251	361.468243681
252	250.757262596
253	227.735956046
254	227.050798113
255	128.335351301
256	304.083631568
257	299.055626428
258	206.717418839
259	76.4214617604
260	140.900093704
261	180.554926689
262	161.117523174
263	307.973220449
264	251.189439138
265	210.385649004
266	190.231464881
267	176.27532483
268	160.284792763
269	366.801934667
270	172.501685753
271	219.977860066
272	313.686383521
273	199.402040293
274	270.732251566
275	204.387881867
276	224.910997184
277	146.602715885
278	272.566366648
279	212.156518738
280	217.20560566
281	192.487215615
282	191.433126487
283	229.854675193
284	312.980143806
285	136.072365499
286	286.817651655
287	192.571542745
288	103.300734518
289	254.826046629
290	218.586462417
291	633.096471006
292	286.406556896
293	241.049101729
294	209.510755028
295	95.3423616032
296	142.175541548
297	179.943554995
298	170.098362542
299	157.227934292
300	154.624334147
301	198.179296905
302	168.063970525
303	249.039097317
304	126.42744998
305	163.457601037
306	358.927888883
307	482.51983911
308	470.661336423
309	215.55068573
310	238.898759909
311	164.659262643
312	147.382741839
313	154.202698496
314	212.578154389
315	245.360326262
316	212.91546291
317	220.167596109
318	167.642334874
319	171.268401474
320	200.139902682
321	176.148834135
322	157.090902706
323	228.821667848
324	161.001573369
325	162.255939431
326	327.979832093
327	258.747258184
328	171.226237908
329	237.844670781
330	274.990771642
331	205.768738624
332	158.914476897
333	195.301633586
334	215.424195034
335	124.667121137
336	237.91845702
337	133.247406636
338	193.267241569
339	162.57216617
340	187.438128693
341	121.494312862
342	168.812373806
343	178.615402694
344	260.7816502
345	212.704645085
346	165.481452162
347	186.499989369
348	243.325934245
349	168.380197264
350	164.406281252
351	139.05543773
352	200.751274376
353	424.660886889
354	291.592675404
355	223.941235186
356	232.131507709
357	193.330486917
358	283.149421491
359	123.644654683
360	336.749853636
361	229.654398259
362	100.191171591
363	268.128651421
364	269.699244221
365	170.794061366
366	462.260246075
367	241.396951141
368	90.2721928988
369	156.342499425
370	179.037038345
371	242.577530964
372	187.427587802
373	166.957176941
374	263.817426888
375	247.500127191
376	284.414328444
377	165.196848098
378	91.8217039166
379	311.272519419
380	42.9646728463
381	190.326332903
382	199.62339901
383	121.947571187
384	116.835238918
385	122.242716143
386	164.659262643
387	182.304714641
388	160.643183066
389	195.944627954
390	200.160984465
391	176.243702156
392	220.020023631
393	299.719702579
394	244.032173961
395	274.706167578
396	274.200204796
397	207.444740337
398	313.696924412
399	134.312036655
400	237.022481261
401	304.041468002
402	120.450764626
403	217.574536855
404	277.44679931
405	149.29064316
406	115.812772464
407	271.596604651
408	158.166073616
409	265.15612008
410	271.280377913
411	186.405121348
412	113.356744796
413	216.003944054
414	137.685121864
415	253.413567198
416	241.96615927
417	297.74855591
418	150.618795461
419	118.353127262
420	200.983173984
421	277.467881092
422	211.007561589
423	170.878388496
424	377.975279421
425	232.321243752
426	59.9987531504
427	173.524152207
428	139.508696055
429	163.626255298
430	276.856509398
431	205.041417126
432	214.454433037
433	266.88482625
434	292.520273836
435	242.914839485
436	122.822465163
437	221.200603454
438	292.204047098
439	278.363856851
440	338.773704761
441	269.983848285
442	121.937030296
443	207.813671532
444	177.571854457
445	214.854986905
446	211.271083871
447	154.940560885
448	87.4050704714
449	215.592849295
450	117.404447047
451	228.621390913
452	197.620629667
453	341.24027332
454	226.407803745
455	262.01493448
456	263.459036585
457	221.074112759
458	247.426340952
459	186.394580456
460	286.796569873
461	307.31968519
462	173.671724685
463	267.29592101
464	143.229630676
465	601.241897566
466	210.280240091
467	169.497531739
468	224.731802032
469	145.116450215
470	98.5573334428
471	165.945251379
472	306.297218736
473	174.346341727
474	209.510755028
475	152.473992326
476	205.926851993
477	184.507760918
478	136.557246497
479	247.342013822
480	254.225215826
481	211.555687935
482	306.508036561
483	253.771957501
484	130.654347382
485	167.399894375
486	205.441970995
487	180.597090254
488	278.395479525
489	136.862932344
490	187.596242062
491	194.363494262
492	220.620854434
493	251.832433506
494	360.909576443
495	232.384489099
496	275.675929575
497	119.944801844
498	192.951014831
499	116.034131181
500	175.674494027
501	124.192781029
502	366.759771102
503	167.104749419
504	199.328254054
505	181.946324337
506	264.08094917
507	127.2496395
508	263.712017975
509	244.169205547
510	229.443580433
511	161.570781498
512	182.599859597
513	345.846642808
514	262.51035637
515	220.778967803
516	215.582308403
517	152.790219064
518	231.941771666
519	156.911707554
520	197.873611057
521	183.991257245
522	167.020422289
523	235.799737873
524	257.471810339
525	107.61195905
526	161.25455476
527	136.757523432
528	215.350408795
529	266.189127426
530	292.38324225
531	344.529031399
532	242.630235421
533	164.343035904
534	287.840118109
535	164.14275897
536	233.617773379
537	238.867137235
538	249.819123272
539	178.952711215
540	155.8892411
541	151.546393894
542	123.570868444
543	248.97585197
544	95.2369526904
545	269.066790744
546	161.064818717
547	142.976649285
548	343.496024053
549	106.104611597
550	192.550460962
551	165.091439185
552	206.06388358
553	206.622550818
554	169.413204609
555	227.430270199
556	165.555238401
557	149.775524159
558	200.087198226
559	85.4233829112
560	290.053705277
561	177.002646328
562	198.632555229
563	183.69611229
564	210.84944822
565	222.623623777
566	184.455056461
567	179.16352904
568	136.852391453
569	172.238163471
570	206.980941121
571	256.270148734
572	114.832469575
573	226.660785136
574	232.416111773
575	139.213551099
576	233.13289238
577	283.676466055
578	214.159288081
579	169.33941837
580	157.386047661
581	171.268401474
582	194.026185741
583	128.103451693
584	157.027657358
585	125.088756788
586	124.646039354
587	219.503519958
588	171.2367788
589	210.153749396
590	221.274389693
591	206.432814775
592	184.36018844
593	179.300560627
594	136.609950954
595	187.290556215
596	236.042178373
597	186.552693826
598	170.836224931
599	90.3459791377
600	111.417220801
601	211.281624762
602	299.603752775
603	246.836051041
604	217.943468049
605	218.312399244
606	183.991257245
607	121.157004341
608	158.545545702
609	155.161919602
610	231.383104428
611	100.317662286
612	291.265907774
613	130.401365991
614	192.234234224
615	241.597228076
616	227.451351982
617	261.68816685
618	114.590029076
619	89.3867580315
620	234.903762115
621	153.285640954
622	217.226687443
623	205.125744256
624	146.14945756
625	96.6915956867
626	148.647648792
627	155.172460493
628	100.296580504
629	193.625631873
630	204.693567714
631	272.176353671
632	84.1268532841
633	153.254018281
634	147.066515101
635	114.990582944
636	199.265008706
637	155.857618426
638	102.278268064
639	206.074424471
640	259.074025813
641	211.850832891
642	208.678024617
643	115.833854246
644	100.76037972
645	183.010954356
646	272.229058128
647	252.52813233
648	213.6533253
649	287.534432262
650	96.0907648839
651	90.0086706169
652	271.807422476
653	174.325259944
654	221.379798606
655	226.766194049
656	281.041243235
657	258.009395794
658	178.878924976
659	76.632279586
660	215.192295426
661	114.895714923
662	141.985805505
663	201.710495482
664	83.7368403069
665	273.82073271
666	206.422273883
667	176.169915918
668	167.863693591
669	140.45737627
670	126.501236219
671	122.685433576
672	184.971560134
673	141.890937484
674	360.171714054
675	271.322541478
676	171.595169103
677	126.891249196
678	192.856146809
679	215.382031469
680	140.320344683
681	271.744177129
682	193.93131772
683	285.088945486
684	164.458985708
685	163.099210734
686	174.198769249
687	186.42620313
688	103.174243822
689	177.034269002
690	208.667483725
691	194.331871588
692	252.791654612
693	115.022205618
694	155.267328515
695	231.825821862
696	182.083355924
697	240.500975383
698	86.0558363879
699	149.501460986
700	225.712104921
701	161.381045455
702	147.066515101
703	207.666099054
704	214.23307432
705	233.428037336
706	188.797903668
707	276.983000094
708	185.129673503
709	292.857582357
710	141.648496984
711	282.48534534
712	152.695351043
713	127.323425739
714	200.097739117
715	115.86547692
716	149.227397813
717	165.797678901
718	229.812511628
719	253.097340459
720	201.215073592
721	295.218742003
722	93.6452781075
723	147.203546687
724	257.123960927
725	167.789907352
726	91.9481946119
727	127.544784455
728	124.329812616
729	231.330399972
730	157.249016075
731	91.3262820265
732	48.5829678971
733	231.636085819
734	266.442108816
735	162.498379931
736	187.427587802
737	199.581235444
738	221.727648018
739	144.041279304
740	122.031898317
741	136.283183324
742	205.294398517
743	259.527284138
744	205.252234952
745	127.376130195
746	190.368496468
747	211.271083871
748	156.690348837
749	239.341477342
750	216.467743271
751	154.866774646
752	207.033645577
753	222.89768695
754	250.493740314
755	208.962628681
756	163.584091732
757	149.132529791
758	292.014311055
759	118.827467369
760	246.730642128
761	152.769137282
762	200.846142398
763	170.140526107
764	167.104749419
765	213.748193321
766	107.327354985
767	190.853377467
768	229.211680825
769	128.641037148
770	159.589093938
771	158.334727876
772	154.89839732
773	114.853551357
774	200.519374768
775	201.267778049
776	102.689362823
777	315.172649191
778	219.282161242
779	203.734346608
780	205.705493277
781	90.4092244854
782	158.766904419
783	214.559841949
784	156.890625771
785	87.0572210592
786	249.450192077
787	170.066739868
788	221.896302278
789	128.651578039
790	280.566903128
791	232.416111773
792	194.658639218
793	182.178223946
794	90.5673378546
795	275.760256705
796	214.928773144
797	241.154510642
798	187.227310867
799	205.663329711
800	141.711742332
801	221.58007554
802	219.809205806
803	282.084791472
804	94.6466627789
805	203.829214629
806	228.705718044
807	287.608218501
808	201.784281721
809	217.658863985
810	214.201451646
811	169.940249173
812	106.747605965
813	156.173845164
814	172.512226644
815	115.001123835
816	132.931179898
817	229.591152911
818	103.764533734
819	206.875532208
820	164.891162251
821	152.737514608
822	331.869420975
823	222.381183277
824	299.23482158
825	106.863555769
826	151.767752611
827	243.11511642
828	173.524152207
829	211.365951892
830	267.443493488
831	243.030789289
832	226.766194049
833	182.030651468
834	272.798266257
835	165.312797902
836	256.417721212
837	200.69856992
838	150.587172788
839	158.935558679
840	190.452823598
841	175.453135311
842	165.270634337
843	181.756588294
844	186.373498674
845	138.802456339
846	247.57391343
847	324.575124211
848	197.536302537
849	158.355809659
850	139.803841011
851	233.080187924
852	247.4895863
853	174.388505292
854	137.126454626
855	187.585701171
856	145.643494778
857	146.022966864
858	217.026410508
859	175.811525614
860	169.929708281
861	166.525000399
862	211.450279023
863	202.395653415
864	129.705667167
865	240.785579447
866	99.4849318752
867	90.2194884424
868	134.870703893
869	169.792676695
870	173.13413923
871	155.246246732
872	152.895627977
873	193.425354938
874	221.843597822
875	120.587796212
876	162.055662497
877	99.2530322671
878	104.597264145
879	243.125657311
880	182.083355924
881	141.184697768
882	272.566366648
883	250.409413184
884	197.262239363
885	211.060266045
886	136.673196301
887	151.388280525
888	161.602404172
889	136.451837585
890	203.312710957
891	174.652027574
892	171.500301082
893	157.069820923
894	197.336025602
895	163.415437472
896	144.346965151
897	224.236380142
898	175.811525614
899	128.841314082
900	171.953559407
901	110.932339802
902	168.801832915
903	206.496060122
904	190.95878638
905	303.767404829
906	142.333654917
907	14.7361660057
908	249.355324056
909	180.291404407
910	150.154996245
911	149.185234248
912	187.16406552
913	118.490158848
914	147.783295708
915	164.754130664
916	11.0046904935
917	230.845518973
918	225.005865205
919	156.511153685
920	152.83238263
921	302.692233919
922	193.425354938
923	158.640413723
924	171.679496233
925	163.489223711
926	280.155808368
927	136.862932344
928	129.81107608
929	128.24048328
930	89.0494495106
931	109.172010959
932	174.978795203
933	117.667969328
934	159.546930373
935	90.2089475511
936	140.647112313
937	95.9221106234
938	159.989647807
939	228.716258935
940	258.420490554
941	198.242542252
942	183.28501753
943	138.127839298
944	229.201139934
945	112.271032995
946	133.036588811
947	187.901927909
948	166.282559899
949	295.155496656
950	166.598786638
951	95.1104619951
952	165.924169596
953	117.562560416
954	248.996933752
955	124.972806984
956	116.023590289
957	216.014484946
958	229.875756975
959	265.050711168
960	146.571093211
961	202.195376481
962	178.49945289
963	188.934935254
964	259.168893835
965	191.907466595
966	155.47814634
967	205.104662474
968	171.268401474
969	113.662430643
970	151.662343698
971	203.99786889
972	200.78289705
973	154.750824842
974	164.395740361
975	96.6388912303
976	254.562524347
977	189.535766057
978	238.403338019
979	116.202785441
980	214.254156102
981	218.955393612
982	185.076969047
983	182.146601272
984	235.125120831
985	207.05472736
986	144.726437237
987	194.785129913
988	148.247094924
989	158.925017788
990	223.519599535
991	258.041018468
992	130.285416187
993	105.619730599
994	212.356795672
995	236.358405111
996	102.942344214
997	175.20015392
998	253.793039284
999	261.508971699
1000	136.799686997
1001	131.508159576
1002	240.680170535
1003	90.2089475511
1004	81.6286620514
1005	142.607718091
1006	269.551671743
1007	140.531162509
1008	241.987241053
1009	201.225614484
1010	210.448894351
1011	124.519548659
1012	125.468228874
1013	274.81157649
1014	261.846280219
1015	149.691197029
1016	238.266306432
1017	142.839617699
1018	253.951152653
1019	160.822378218
1020	253.634925914
1021	125.626342243
1022	21.2293550325
1023	233.101269706
1024	138.307034449
1025	253.150044916
1026	238.044947715
1027	153.464836106
1028	157.828765095
1029	215.181754535
1030	216.38341614
1031	208.288011639
1032	154.81407019
1033	210.491057916
1034	128.641037148
1035	160.664264849
1036	217.37425992
1037	176.475601765
1038	139.856545467
1039	156.690348837
1040	87.352366015
1041	234.872139441
1042	105.54594436
1043	142.68150433
1044	161.149145847
1045	101.550946566
1046	95.3212798206
1047	172.923321404
1048	152.083979349
1049	235.831360547
1050	243.758110788
1051	247.194441344
1052	143.84100237
1053	129.062672799
1054	207.87691688
1055	185.171837068
1056	198.948781968
1057	172.238163471
1058	196.071118649
1059	218.312399244
1060	210.807284655
