1	454273.601292
2	53.8237073876
3	146.266685048
4	104.768074496
5	84.0330233807
6	22.5500807964
7	201.249730765
8	40.1112056644
9	116.427977209
10	120.628202962
11	59.5443768521
12	23.7284246728
13	130.615617592
14	49.93707315
15	114.299356013
16	90.4283897423
17	71.3373183896
18	137.666675304
19	91.7397724434
20	132.896283159
21	46.0409361393
22	11.8309526302
23	175.459204309
24	132.069541891
25	10.662111527
26	174.575446401
27	26.7978204154
28	11.7644332178
29	42.6294405616
30	37.3649042104
31	99.2564660422
32	30.1332938076
33	92.0818722785
34	153.384262172
35	186.235349114
36	82.9307016899
37	167.201294401
38	58.9837132335
39	158.781837348
40	101.879231445
41	73.675000596
42	140.688557181
43	242.311213749
44	176.50450936
45	229.834072542
46	210.828526148
47	57.5678000272
48	60.3901236667
49	93.744857588
50	124.210748457
51	274.468598248
52	143.710439058
53	57.4252584292
54	138.369880521
55	96.785745011
56	134.986893263
57	20.7065427962
58	87.4635245048
59	113.691178528
60	72.3351095753
61	224.59804451
62	48.0270157374
63	99.1614383103
64	166.384055906
65	226.641140747
66	63.7255970588
67	258.72250306
68	160.397308791
69	9.11315949588
70	1710.92680025
71	386.00264726
72	120.11505321
73	133.78954384
74	213.650849787
75	137.001481181
76	77.3335682769
77	152.101387791
78	247.81331943
79	611.398924719
80	96.0445287017
81	504.407201295
82	17.0954889813
83	274.573128753
84	443.342380731
85	13.1898491974
86	81.5147884835
87	30.7889851581
88	35.1887691483
89	109.215372353
90	23.3958276109
91	28.4893140445
92	391.799338911
93	380.519547126
94	155.123269667
95	101.404092785
96	144.546683099
97	217.974611592
98	51.2199475316
99	121.207872127
100	812.629649938
101	222.108317933
102	220.692404726
103	54.4413876454
104	140.137396336
105	408.904330665
106	44.8530894896
107	464.08693462
108	38.5147397673
109	76.3927937304
110	43.5797178813
111	168.731240885
112	33.2216950966
113	21.1626759096
114	79.0915813183
115	51.9326555214
116	120.713727921
117	121.683010787
118	234.414409223
119	61.3879148524
120	162.858527049
121	293.949283302
122	63.6970887392
123	97.0613254337
124	139.272643975
125	102.6394533
126	103.79879163
127	98.4582330937
128	6.44288022754
129	72.6677066371
130	117.330740663
131	189.846402929
132	64.0486913475
133	110.78332993
134	163.523721173
135	98.2206637638
136	112.902448353
137	207.740124859
138	65.3410685023
139	77.2955571841
140	232.314296346
141	152.386470986
142	28.5463306837
143	81.9139049578
144	160.292778286
145	76.4022965036
146	9.93039799082
147	163.884826555
148	140.384468439
149	25.8095320029
150	59.3163102954
151	9.53128151655
152	60.3521125739
153	167.362841545
154	206.314708879
155	109.17736126
156	132.848769293
157	15.4420064451
158	171.952680999
159	115.42068325
160	131.94600584
161	142.684139552
162	354.500954113
163	147.663592708
164	975.355138163
165	444.720282845
166	111.239463044
167	244.401823853
168	138.759494222
169	111.809629435
170	160.178745008
171	266.258202206
172	153.222715028
173	160.701397534
174	230.860372047
175	235.03208948
176	253.762055452
177	304.668411468
178	175.430695989
179	195.034917094
180	319.435721016
181	183.146947825
182	234.062806614
183	135.718606799
184	153.830892512
185	103.770283311
186	213.375269365
187	109.662002693
188	245.171548482
189	150.124810966
190	613.42301541
191	189.713364104
192	229.691530944
193	223.67627551
194	324.329649212
195	218.307208654
196	168.883285256
197	133.333410727
198	305.533163829
199	233.42612081
200	343.306687287
201	203.824982302
202	196.051713826
203	200.622547734
204	189.257230991
205	195.947183321
206	145.534971511
207	178.766169381
208	217.071848138
209	232.732418367
210	319.35969883
211	38.115623293
212	132.307111221
213	280.303300991
214	228.950314634
215	278.744846186
216	153.716859234
217	218.459253025
218	172.988483277
219	147.416520604
220	171.924172679
221	242.434749801
222	219.466546984
223	261.592340566
224	255.111449246
225	248.05088876
226	203.920010034
227	293.046519848
228	338.640825647
229	261.677865525
230	184.382308341
231	165.471789679
232	168.332124411
233	188.649053506
234	127.945338324
235	219.827652365
236	535.880386123
237	155.417855636
238	190.986735712
239	231.611091129
240	190.616127558
241	211.351178674
242	164.302948575
243	267.274998938
244	212.909633478
245	243.708121409
246	96.6907172791
247	154.857192018
248	277.499982898
249	188.316456444
250	184.363302794
251	163.865821008
252	147.711106574
253	213.945435756
254	208.538357807
255	290.395246126
256	98.904863434
257	275.029261866
258	136.127226046
259	335.913529739
260	136.032198314
261	290.262207301
262	176.048376247
263	106.868187373
264	155.408352863
265	459.440078527
266	197.942765693
267	381.412807806
268	217.043339819
269	239.431873471
270	294.348399776
271	159.79863408
272	304.962997437
273	204.195590456
274	276.825286001
275	310.256042108
276	185.266066248
277	92.0533639589
278	315.691628376
279	171.287486875
280	159.332998193
281	176.371470536
282	335.713971502
283	220.787432458
284	162.079299647
285	447.79918136
286	270.239864175
287	322.83771382
288	97.5174585472
289	234.680486872
290	303.271503808
291	236.21993613
292	196.935471734
293	146.399723872
294	263.473889659
295	513.643896842
296	264.889802865
297	260.59454938
298	168.332124411
299	239.878503811
300	190.283530496
301	219.704116314
302	143.56789746
303	238.842701532
304	408.08709217
305	239.992537089
306	166.583614143
307	233.18855148
308	335.010766286
309	196.71690795
310	239.93552045
311	305.058025169
312	176.257437257
313	125.027986952
314	208.804435457
315	155.626916647
316	126.843016633
317	160.625375348
318	203.577910198
319	257.259075988
320	268.795442649
321	169.833562576
322	338.17518976
323	33.0221368594
324	305.400125004
325	312.6697465
326	253.752552678
327	197.980776785
328	167.619416421
329	363.984721763
330	221.38610717
331	232.428329624
332	186.064299196
333	219.685110767
334	174.92704901
335	215.836487623
336	176.05787902
337	145.439943779
338	276.863297093
339	186.681979454
340	401.710731355
341	261.99145704
342	241.170880966
343	245.99828975
344	133.78954384
345	143.995522254
346	228.000037315
347	651.339080466
348	224.560033417
349	200.308956219
350	242.121158285
351	420.412189007
352	173.834230092
353	239.308337419
354	235.231647718
355	146.637293202
356	286.347064744
357	348.732770782
358	238.282037914
359	205.411945425
360	111.543551786
361	262.200518051
362	265.887594051
363	192.735245981
364	216.72024553
365	219.209972107
366	104.806085589
367	48.5876793561
368	264.3101337
369	277.338435753
370	174.717987999
371	120.894280612
372	285.94794827
373	271.123622082
374	157.365924142
375	276.283627928
376	117.596818312
377	130.302026077
378	156.700730018
379	265.345935979
380	222.04179852
381	126.529425118
382	190.958227393
383	285.301759692
384	201.11669194
385	253.61001108
386	318.133841088
387	258.655983648
388	247.471219595
389	151.426690894
390	183.118439505
391	166.365050359
392	190.112480578
393	145.610993697
394	287.373364249
395	185.798221547
396	54.8405041197
397	199.244645621
398	211.13261489
399	188.772589558
400	198.474920992
401	249.314757595
402	66.5004068323
403	192.402648919
404	232.988993243
405	255.054432606
406	164.01786538
407	180.609707381
408	189.371264269
409	180.334126959
410	157.841062801
411	230.299708428
412	237.759385388
413	157.27089641
414	349.626031463
415	298.453597797
416	264.699747401
417	156.909791028
418	107.029734517
419	173.254560927
420	125.142020231
421	126.728983355
422	153.137190069
423	158.392223647
424	307.414712922
425	136.260264871
426	184.809933134
427	163.115101926
428	204.053048858
429	137.989769593
430	170.118645772
431	212.158914395
432	284.940654311
433	220.103232788
434	273.16671832
435	141.125684748
436	120.580689096
437	197.87624628
438	195.918675002
439	307.889851581
440	196.260774837
441	235.136619986
442	486.846076427
443	337.110879162
444	210.220348663
445	209.583662859
446	206.514267116
447	176.352464989
448	408.163114356
449	254.807360503
450	167.125272215
451	196.080222146
452	142.323034171
453	191.822979754
454	125.930750406
455	156.520177327
456	188.497009135
457	185.722199361
458	125.702683849
459	213.052175076
460	170.47024838
461	139.405682799
462	367.595775578
463	203.691943477
464	195.034917094
465	66.4814012859
466	125.218042416
467	171.610581164
468	220.416824303
469	95.1797763407
470	175.696773639
471	167.239305493
472	143.491875274
473	92.1578944641
474	196.878455095
475	165.756872875
476	156.976310441
477	103.874813816
478	156.947802121
479	182.244184371
480	207.065427962
481	173.482627484
482	216.663228891
483	153.450781585
484	214.81969089
485	212.653058602
486	247.680280606
487	148.784919945
488	227.562909748
489	259.359188865
490	293.977791621
491	308.754603942
492	143.596405779
493	194.018120362
494	231.915179872
495	125.027986952
496	165.747370101
497	171.705608896
498	217.157373097
499	201.107189167
500	234.58545914
501	184.486838846
502	133.019819211
503	206.628300395
504	212.871622385
505	224.788099974
506	183.308494969
507	165.984939431
508	142.61762014
509	118.376045715
510	344.931661503
511	253.980619235
512	134.245676953
513	256.413329174
514	203.425865827
515	270.553455691
516	241.655522399
517	159.313992647
518	138.075294552
519	216.321129056
520	245.247570667
521	189.31424763
522	181.502968062
523	159.047914998
524	266.619307587
525	83.1112543806
526	118.385548488
527	232.817943326
528	110.156146899
529	187.128609795
530	293.331603044
531	147.920167584
532	198.11381561
533	200.232934033
534	211.047089931
535	42.4393850976
536	158.61078743
537	159.000401132
538	90.8180034433
539	146.466243285
540	130.368545489
541	138.987560779
542	277.262413568
543	304.687417014
544	235.440708728
545	165.557314637
546	123.545554334
547	179.155783082
548	414.976602738
549	195.548066847
550	113.672172982
551	225.187216448
552	120.875275065
553	360.544717866
554	167.780963566
555	188.592036867
556	173.169035968
557	180.087054856
558	254.550785627
559	150.561938533
560	97.1563531657
561	229.691530944
562	174.594451948
563	303.404542633
564	203.01724658
565	209.241563024
566	333.518830894
567	259.264161133
568	299.080780828
569	408.847314026
570	548.918190949
571	227.505893108
572	395.277353901
573	239.194304141
574	261.57333502
575	98.1921554442
576	222.564451046
577	177.616333824
578	115.088086188
579	185.845735413
580	194.445745156
581	143.026239387
582	299.955035962
583	257.335098174
584	181.369929237
585	244.373315533
586	260.166924586
587	187.166620887
588	106.630618043
589	262.400076288
590	289.701543683
591	86.3326944944
592	171.230470236
593	121.293397086
594	221.177046159
595	103.475697342
596	142.969222748
597	291.611601095
598	172.883952772
599	131.413850541
600	212.729080787
601	196.735913497
602	181.940095629
603	219.447541437
604	108.094045115
605	116.218916199
606	155.598408327
607	223.723789376
608	242.064141646
609	266.923396329
610	208.699904952
611	200.746083786
612	208.699904952
613	161.233552833
614	188.497009135
615	302.093159931
616	148.613870027
617	125.427103427
618	216.24510687
619	185.788718774
620	212.719578014
621	213.755380292
622	286.698667352
623	84.9072785148
624	272.178429907
625	93.1081717838
626	160.7489114
627	136.602364706
628	227.65793748
629	220.606879767
630	212.634053055
631	298.634150488
632	313.572509953
633	133.989102077
634	171.62958671
635	135.794628985
636	80.7925777206
637	91.8252974022
638	104.663543991
639	215.893504262
640	179.326833
641	161.87974141
642	169.301407277
643	184.239766743
644	94.514582217
645	92.4524804332
646	159.998192317
647	271.522738557
648	153.270228894
649	202.104980353
650	156.615205059
651	148.6233728
652	199.30166226
653	187.195129207
654	70.9667102349
655	189.55181696
656	193.875578764
657	134.293190819
658	140.669551635
659	88.5278351029
660	152.443487626
661	138.151316737
662	118.594609498
663	201.240227992
664	149.773208357
665	128.563018582
666	159.865153492
667	217.138367551
668	216.188090231
669	217.993617138
670	164.141401431
671	170.090137452
672	131.765453149
673	161.262061152
674	204.727745755
675	111.420015734
676	178.129483577
677	223.419700634
678	233.92976779
679	135.994187222
680	118.936709333
681	96.7097228255
682	155.455866729
683	201.572825054
684	232.285788026
685	40.4057916335
686	105.452274167
687	137.23905051
688	97.7455251039
689	84.7932452365
690	217.19538419
691	208.84244655
692	102.097795228
693	428.289987987
694	160.24526442
695	84.6697091849
696	218.212180922
697	143.976516707
698	179.146280309
699	187.793803918
700	118.176487477
701	168.465163236
702	122.633288107
703	208.718910498
704	207.911174776
705	184.325291701
706	178.357550134
707	93.5452993509
708	131.575397685
709	186.529935083
710	77.5141209676
711	184.230263969
712	159.979186771
713	244.648895956
714	171.924172679
715	266.505274309
716	136.735403531
717	199.567739909
718	185.551149444
719	117.397260075
720	165.481292452
721	256.175759844
722	192.925301445
723	220.67339918
724	156.206585812
725	274.269040011
726	196.308288703
727	281.880761341
728	169.225385091
729	164.169909751
730	172.636880669
731	201.525311188
732	268.643398278
733	163.333665709
734	167.999527349
735	370.855226785
736	207.645097127
737	240.296625832
738	208.072721921
739	175.706276412
740	174.442407577
741	164.188915297
742	464.723620424
743	139.462699439
744	232.684904501
745	129.446776489
746	206.001117364
747	244.553868224
748	269.840747701
749	115.18311392
750	114.669964168
751	145.88657412
752	126.957049911
753	128.64854354
754	321.744894903
755	250.065476678
756	184.458330526
757	222.459920541
758	236.001372346
759	232.285788026
760	277.56650231
761	248.060391533
762	175.915337422
763	177.530808866
764	191.148282857
765	224.797602747
766	179.53589401
767	206.058134003
768	256.888467833
769	224.873624933
770	163.001068647
771	109.044322435
772	105.205202064
773	129.86489851
774	199.710281507
775	140.184910202
776	250.436084833
777	292.514364549
778	281.51965596
779	167.02074171
780	150.466910801
781	175.981856834
782	124.077709633
783	245.884256471
784	299.802991591
785	222.75450651
786	185.247060702
787	119.953506065
788	241.674527945
789	173.121522102
790	101.7176843
791	240.334636924
792	135.015401582
793	214.81969089
794	132.164569623
795	161.300072245
796	318.732515799
797	240.762261718
798	300.819788323
799	254.512774534
800	227.524898655
801	274.953239681
802	222.421909448
803	227.800479078
804	113.8432229
805	252.203600647
806	207.141450147
807	178.804180474
808	167.220299947
809	100.843429166
810	292.827956064
811	136.260264871
812	240.85728945
813	163.200626885
814	151.882824007
815	192.155576816
816	223.657269964
817	164.160406977
818	152.433984852
819	141.762370552
820	270.002294845
821	199.406192765
822	284.532035063
823	103.779786084
824	145.335413274
825	206.238686694
826	159.199959369
827	209.26056857
828	244.544365451
829	121.264888766
830	246.882047657
831	112.341784734
832	237.208224543
833	213.45129155
834	147.302487326
835	181.046834948
836	222.659478778
837	234.699492419
838	177.017659113
839	185.589160537
840	152.196415523
841	238.053971357
842	261.896429308
843	187.70827896
844	182.966395134
845	190.996238486
846	167.952013483
847	273.717879165
848	112.18023759
849	173.444616391
850	92.5094970724
851	228.446667655
852	186.567946176
853	154.182495121
854	227.258821005
855	91.7207668971
856	189.751375197
857	270.182847536
858	116.684552085
859	290.205190662
860	165.281734215
861	122.680801973
862	246.482931183
863	169.434446102
864	256.156754297
865	204.376143147
866	210.676481777
867	188.915131156
868	249.884923987
869	259.549244329
870	321.773403222
871	96.0255231553
872	267.065937927
873	214.914718622
874	220.711410273
875	191.547399331
876	146.219171182
877	252.792772586
878	115.496705436
879	91.3406559692
880	100.11171563
881	139.557727171
882	197.154035517
883	250.996748451
884	255.539074039
885	240.952317182
886	252.070561823
887	162.041288555
888	91.3596615156
889	176.903625835
890	150.552435759
891	253.296419565
892	158.800842894
893	140.175407428
894	116.199910652
895	206.362222745
896	132.117055757
897	62.4047115844
898	185.80772432
899	140.907120965
900	231.088438604
901	125.702683849
902	156.691227245
903	138.768996995
904	158.230676503
905	223.875833747
906	171.44903402
907	130.577606499
908	177.502300546
909	172.380305793
910	183.907169681
911	122.234171632
912	102.858017084
913	218.164667056
914	187.176123661
915	245.941273111
916	224.62655283
917	208.538357807
918	109.395925043
919	191.575907651
920	202.30453859
921	249.162713224
922	248.259949771
923	215.389857282
924	173.862738412
925	184.344297248
926	73.3043924413
927	110.013605301
928	226.042466036
929	169.900081988
930	165.538309091
931	217.794058901
932	180.410149144
933	192.450162785
934	109.186864033
935	195.329503064
936	225.272741407
937	128.686554633
938	192.117565723
939	252.222606194
940	129.703351365
941	160.786922493
942	161.043497369
943	134.369213005
944	226.44158251
945	169.776545937
946	255.358521349
947	118.879692694
948	222.345887262
949	169.07334072
950	160.083717276
951	170.916878721
952	91.8918168146
953	231.097941377
954	198.693484775
955	173.758207906
956	167.524388689
957	105.651832404
958	250.122493317
959	289.102868971
960	102.972050362
961	272.45401033
962	245.133537389
963	219.884669004
964	183.48904766
965	111.134932538
966	210.647973457
967	176.799095329
968	176.29544835
969	244.753426461
970	136.896950675
971	163.951345967
972	160.7489114
973	115.981346869
974	101.204534548
975	149.630666759
976	152.956637378
977	161.594658214
978	150.9990661
979	148.20525078
980	178.699649969
981	179.877993845
982	151.132104924
983	206.884875271
984	91.2646337836
985	161.727697039
986	198.912048559
987	130.976722974
988	118.433062354
989	202.285533044
990	161.414105524
991	261.288251824
992	143.292317037
993	198.693484775
994	187.356676351
995	167.70494138
996	113.044989951
997	181.018326629
998	106.364540394
999	229.045342366
1000	245.893759245
1001	206.153161735
1002	106.469070899
1003	254.978410421
1004	133.171863582
1005	213.869413571
1006	271.836330072
1007	93.7638631344
1008	127.118597056
1009	162.468913348
1010	169.443948875
1011	170.042623586
1012	196.070719373
1013	174.489921443
1014	174.45191035
1015	163.761290503
1016	181.227387639
1017	177.131692391
1018	181.578990248
1019	192.896793125
1020	188.12640098
1021	172.332791927
1022	205.849072993
1023	224.797602747
1024	135.937170583
1025	139.662257676
1026	162.525929988
1027	236.086897305
1028	148.461825656
1029	203.996032219
1030	140.736071047
1031	246.863042111
1032	200.575033868
1033	275.665947671
1034	279.286504259
1035	220.948979603
1036	115.097588962
1037	10.8996808569
1038	193.23889296
1039	230.793852635
1040	325.612523594
1041	226.308543686
1042	14.3871986202
1043	267.018424061
1044	310.008970004
1045	158.002609946
1046	256.109240431
1047	230.280702882
1048	208.253274611
1049	222.99207584
1050	239.374856831
1051	156.824266069
1052	175.563734814
1053	172.161742009
1054	208.984988148
1055	216.767759396
1056	178.88020266
1057	266.875882463
1058	226.365560325
1059	240.078062048
1060	138.369880521
1061	139.880821459
1062	162.782504864
1063	248.564038513
1064	164.759081689
1065	155.246805719
1066	119.459361859
1067	305.352611138
1068	138.845019181
1069	132.65871383
1070	86.313688948
1071	230.717830449
1072	264.110575463
1073	138.056289005
1074	267.284501711
1075	108.22708394
1076	258.836536339
1077	163.105599153
1078	217.756047808
1079	132.525675005
1080	181.807056804
1081	161.746702585
1082	202.561113466
1083	137.0299895
1084	294.994588353
1085	223.932850386
1086	241.427455842
1087	244.392321079
1088	141.534303996
1089	235.564244779
1090	115.050075096
1091	183.337003289
1092	233.207557027
1093	177.977439206
1094	207.550069395
1095	198.294368301
1096	187.974356609
1097	242.909888461
1098	143.368339223
1099	175.810806917
1100	114.042781137
1101	164.46449572
1102	147.340498419
1103	172.598869576
1104	240.819278357
1105	132.525675005
1106	255.539074039
1107	216.615715025
1108	260.566041061
1109	118.252509663
1110	133.31440518
1111	95.1322624748
1112	251.918517451
1113	260.547035514
1114	158.924378946
1115	248.830116162
1116	237.787893708
1117	219.238480427
1118	111.030402033
1119	147.207459594
1120	161.6706804
1121	173.900749504
1122	213.821899705
1123	151.47420476
1124	61.5209536771
1125	176.723073144
1126	172.3422947
1127	245.247570667
1128	144.537180326
1129	102.781994898
1130	151.255640976
1131	157.803051709
1132	178.64263333
1133	106.260009888
1134	199.624756549
1135	219.419033118
1136	211.740792375
1137	144.48966646
1138	120.856269519
1139	292.599889508
1140	167.49588037
1141	274.012465134
1142	181.474459742
1143	262.91322604
1144	175.012573968
1145	209.089518653
1146	254.683824452
1147	124.590859385
1148	261.136207452
1149	156.833768843
1150	167.068255576
