2
3
4
5
6
11
12
15
16
32
33
48
66
91
106
109
112
124
126
138
146
156
157
158
159
160
161
173
178
179
181
184
186
187
189
191
193
204
207
208
217
218
219
227
231
233
237
241
251
256
261
262
269
271
272
277
278
280
292
300
302
306
307
308
312
315
316
318
319
320
324
327
332
349
354
358
359
362
365
366
371
385
392
393
395
399
400
402
403
406
408
420
428
431
434
435
446
454
455
464
465
470
475
480
482
484
486
492
493
494
498
507
513
514
517
523
527
528
534
538
539
543
550
564
571
576
577
580
581
585
590
593
597
600
602
605
607
610
612
613
618
619
620
626
636
639
640
650
653
654
657
677
680
686
689
691
694
698
699
701
708
712
714
717
718
719
730
731
737
738
739
746
747
752
757
764
767
768
775
776
777
781
785
788
789
791
798
800
803
811
814
815
817
830
835
840
846
849
856
857
859
861
863
866
869
870
871
878
879
881
885
892
893
901
902
903
904
910
913
916
920
923
929
933
936
938
939
943
944
947
950
954
955
956
957
958
961
962
967
968
971
973
975
982
984
988
989
990
991
997
998
999
1001
1006
1011
1012
1016
1018
1019
1020
1023
1025
1026
1029
1032
1034
1035
1036
1039
1041
1045
1046
1047
1048
1050
1052
1053
1054
1058
1060
1062
1066
1067
1068
1070
1073
1074
1077
1079
1081
1082
1084
1085
1086
1087
1088
1089
1090
1091
1092
1093
1094
1095
1096
1097
1098
1099
1100
1101
1102
1103
1104
1105
1106
1107
1108
1109
1110
1111
1112
1113
1114
1115
1116
1117
1118
1119
1120
1121
1122
1123
1124
1125
1126
1127
1128
1129
1130
1131
1132
1133
1134
1135
1136
1137
1138
1139
1140
1141
1142
1143
1144
1145
1146
1147
1148
1149
1150
