1	56.1520302547	55.8552628129	30.34861006
2	67.9281536656	9.56484785906	0.950698724533
3	61.9450058571	9.54503072725	1.910127457
4	55.5507538153	9.71457783823	1.53405895692
5	73.1245260445	10.520134839	1.47862030916
6	44.3544598159	11.7454273525	0.590162050339
7	64.1155983327	14.8517656791	1.85929795643
8	49.3042953753	15.4905583898	1.03305263007
9	54.9727283252	14.7060115622	1.59816826443
10	72.6694661203	15.6378560905	1.57509035526
11	34.3287805667	17.3247438835	1.05934867346
12	86.2576240764	16.7383053358	1.11752891348
13	44.698400582	17.660282026	2.53757730084
14	77.9666535371	18.1350760812	0.863405703082
15	87.5441610154	19.9464329143	1.65839052312
16	29.1980610828	20.825342603	1.49008527902
17	69.5974965567	20.3026541168	0.872313113821
18	56.6578079732	21.2438787668	1.80040935342
19	46.142954945	21.0237130652	1.59789473354
20	38.6284253197	21.3127735342	1.54102555769
21	50.5973982063	22.7985529536	0.735272226913
22	85.2165471352	22.8094251123	0.448046732384
23	76.2542903363	24.7110957797	1.79936469329
24	62.5034602541	24.970578509	1.6967483876
25	83.0219054663	24.5092492209	0.293347917679
26	32.3828764771	25.0205558085	2.13115615356
27	54.8279663902	27.5680477213	0.815957446809
28	51.8242961355	27.6198244309	0.582317520928
29	88.4901173206	26.8251977329	0.702171064186
30	26.4463599336	28.4303899566	0.834215758809
31	68.6164292179	28.494632177	1.80361634536
32	21.0628477351	28.2652084449	0.676380646579
33	95.7072456964	29.3718267653	1.35902992776
34	59.4040147442	29.9626758576	2.0600240682
35	83.4487503287	30.0368361898	2.42184885904
36	33.0041979113	30.7657203787	1.57977506242
37	75.6777323958	31.4728141377	2.35359477124
38	41.6907323107	31.3003664095	0.979263392748
39	65.9983864576	31.8416258007	2.54588254923
40	73.1380180125	34.0086892354	1.62736543685
41	81.2044082854	32.7521505091	1.50723864467
42	59.2668109993	34.6837681088	2.19652144546
43	24.4703873336	34.7791831612	3.31699163485
44	45.4663939008	35.5838471942	2.77785173801
45	51.9612694732	36.9372025895	2.1982977881
46	36.2332275783	37.0172091232	3.74761793542
47	63.6328308364	36.7190271582	1.44443360645
48	100.653637845	37.943232938	0.827148749493
49	20.8601734225	38.351452394	1.87777112227
50	29.2984630118	37.1342401314	2.18505110782
51	87.1802328966	38.0955890695	2.66615257586
52	38.8142990174	40.3892136037	2.66807131021
53	34.152961382	40.0129192025	1.81092824656
54	67.4858888961	40.847361338	2.25382247723
55	77.6465761432	41.5047402997	1.89100578688
56	46.950468325	41.8329460289	1.37684660758
57	91.6611843135	42.2357483276	0.716105525192
58	25.7356526503	42.25132952	1.09895565828
59	19.40179332	43.0519882171	2.10484610397
60	83.0062319066	44.3514586869	1.87040995876
61	34.3896079004	45.1621109365	2.2659473944
62	80.1968763904	45.5237954473	1.65113141706
63	74.2936582242	46.9572873733	1.58978234671
64	95.3728181332	46.1363533726	1.58263109708
65	88.7549633299	46.6359419576	2.61754145226
66	102.83388535	47.3629044246	1.01480808683
67	66.9131098947	47.4910897772	2.60754425916
68	25.3628311279	50.0354115818	2.00845141982
69	78.8883516594	48.2296017544	0.642051379278
70	53.9036674594	46.5682167923	5.31289231564
71	40.616766461	51.9983957647	2.75990331677
72	82.6792520688	49.6925150491	1.77867999616
73	98.4129619403	50.9076578223	1.84216122443
74	74.5809808348	52.2744076061	2.26853757519
75	33.9890822993	51.8679784043	2.81226603273
76	20.6242365149	52.8053166663	1.82144931746
77	29.9180318635	54.6959565606	2.81346957012
78	68.1068736512	54.7937898563	2.9086301701
79	88.4861651451	55.4676778821	3.54991505694
80	81.122256706	55.637499276	1.60487331013
81	54.9311451597	57.3445362921	4.63539682812
82	25.990271164	57.4568243605	0.61269728974
83	74.6234032174	59.1278453631	2.66885963532
84	63.022621043	60.564592314	3.1302282048
85	27.7484865547	58.3000055894	0.761625622216
86	43.1677223684	58.7929069936	2.1085034302
87	15.4035663953	59.3813901081	0.676748971193
88	99.408433784	58.3519836162	0.710963264839
89	31.0427879017	59.4433318452	2.34805771102
90	69.2253253968	59.4719949498	1.21277970608
91	103.796295839	60.688171366	0.515682171953
92	48.7188295438	61.4991050018	4.18403670466
93	85.413989999	62.4058643956	3.94637885485
94	95.8790942746	63.0098153494	1.53959498192
95	42.3309012308	63.2056503193	2.0600139716
96	22.7908378179	63.4963507217	2.2876895309
97	69.4548873774	64.5234949423	2.08317480322
98	26.8826452448	63.1448736732	1.03648451116
99	32.666612419	63.5765646521	2.36141263676
100	55.363785949	66.0775378328	5.07764914537
101	77.9974529834	65.328975465	2.4801512753
102	89.7106511818	64.9211247468	3.3870493168
103	37.8883387899	66.2005777693	1.09273658209
104	17.8449156346	65.2313757443	2.33536045338
105	62.9943441876	68.6346652843	4.58259177882
106	101.803080301	66.1404884211	1.17593412943
107	47.0334886306	69.2216686525	3.21008537367
108	92.188592136	68.2494969529	1.10644191732
109	12.3861128128	68.3092644832	0.98827873209
110	35.015224927	69.0868677525	0.947352945063
111	73.5780179279	69.0661602052	2.78614057903
112	101.558762409	69.4199183174	0.907717044588
113	89.1223779426	69.7069353847	0.976092310623
114	81.6855240594	71.5503529119	0.9385110264
115	17.8907285463	70.7243164283	1.04630014694
116	41.015495082	71.4777968598	2.77239926622
117	69.2522691416	71.4381051395	2.20592216582
118	31.8205054597	72.8987248136	2.99518023596
119	24.5687521746	74.1442586819	0.930819026175
120	66.1205313316	74.7709077585	2.68084745223
121	59.1901892117	73.5487884755	4.22894251407
122	87.9389589258	74.2214847041	1.20852942373
123	43.9758912535	75.7273053077	1.7803252814
124	14.8410012329	75.6550277167	1.62313190585
125	92.0790292813	75.7541718992	1.64242929246
126	97.6169183004	76.7236590401	1.11767635154
127	55.5392351743	77.4579424519	1.36907341926
128	32.3895242049	77.1116823372	0.483999284884
129	38.1453509767	77.7404245153	1.37111206217
130	29.3324497125	78.7674033484	1.6194045419
131	67.5372613816	80.0209633503	2.33016393791
132	74.0695971113	80.7555701049	1.02450544016
133	49.5913713304	80.4064953799	1.63191877603
134	86.6751223621	81.0159035981	2.04470524633
135	60.6114642401	82.0663277595	1.31527201191
136	23.8288910433	82.1478859892	1.65634588457
137	40.9341674211	83.898852265	2.22007851259
138	93.0629685121	83.3026640441	1.02102834629
139	33.1732469658	83.8750562074	0.9833955488
140	78.0448993971	83.3523682926	2.40277731295
141	52.3162108625	86.3847279898	2.21662150313
142	83.8384352751	85.316812344	0.752930436186
143	57.714772673	86.4412753286	2.33141742248
144	61.296567741	86.984783091	3.43542102313
145	72.0592744101	87.7634410357	1.31690411578
146	20.6773047488	86.0594152889	0.406191097579
147	46.9996269388	88.9486059812	2.36627465657
148	30.6753909247	87.8114106188	2.08468151357
149	40.3152709208	88.283577323	0.696573615388
150	79.3270879058	88.8049904686	1.10406532483
151	50.6789147847	90.5813252913	0.507447354905
152	57.1875831827	90.9860184647	0.92455733528
153	38.2363796814	91.7204610029	2.01566253037
154	72.7382450123	91.6214005896	2.42774155818
155	65.0592454272	93.8568748344	1.570597172
156	31.1014951682	93.4189282425	1.59243941562
157	80.6876663118	93.8525700648	0.462787878788
158	40.2815059114	96.9572310235	1.6506267427
159	69.6514951042	97.54633321	1.95742082441
160	49.1170937722	98.5680163345	1.35909800199
161	18.5803160961	82.4378354696	1.877725305
162	81.4176424255	37.6670253509	4.47967329101
163	19.1417521528	47.949983906	2.22643319741
164	60.7032453678	52.0814284789	6.85000075286
165	36.7115775869	58.6808495857	3.95538333829
166	49.3427284188	76.5436181322	2.38948169548
167	82.6789210329	77.0570860041	3.30519118633
168	29.9223971755	67.3235960946	2.57710338559
169	20.2142163261	76.7575888263	2.03912016648
170	38.4479634739	28.0745636399	2.7980657908
171	94.2560039733	38.1817824237	2.83703428518
172	46.7274276312	84.1738253439	3.34216921134
173	63.9606744204	98.7031541166	2.55923166381
174	68.40270349	36.455370032	3.70962028285
175	71.6443317577	44.376582527	3.78945072771
176	25.9399161826	69.7115265189	4.1716801024
177	48.0969190282	93.3326298845	4.10197180942
178	57.1534342176	98.9026476446	2.32370041348
179	48.5635307487	11.8798751735	2.62029006691
180	70.2298062798	24.8784530946	4.95209885558
181	102.853364455	54.7691918594	2.35760657475
182	17.9306352098	59.006934709	3.72783004418
183	95.0797422573	70.1009363851	2.18629192075
184	76.7046669108	94.6717806949	2.19057607206
185	29.2493302085	31.6565578307	3.04384920635
186	19.9746900575	32.6703980841	2.93960649516
187	15.7446619586	39.5864600871	1.86257549498
188	96.1983721471	56.8667618918	3.76620566126
189	12.9412434171	50.3149663443	2.86938891382
190	47.7277713933	55.0485440418	5.67785168265
191	12.641964655	62.3061169463	2.55250587421
192	71.0132950479	83.9752637232	4.1910679339
193	40.1982001155	15.3154348135	2.85574261607
194	46.9805647026	30.0579816298	4.7868368715
195	90.6265101054	32.5170068205	2.88513063425
196	30.9954290805	50.071208722	4.34089203991
197	16.8299052626	53.2539880823	2.98709999287
198	65.2143183998	89.1912942367	3.83090500049
199	63.5042651114	21.463949664	3.9420561255
200	51.9714148969	32.4234005836	4.90327892091
201	23.3268824833	56.9065503833	3.13854852314
202	37.659092029	73.9676700606	3.72720589639
203	55.2193246364	81.8190129254	3.9875634423
204	88.9767396283	85.5675665059	2.92897974523
205	57.0221021543	94.463155342	2.76966904741
206	42.9496060543	78.9854700509	3.82534057519
207	25.3353916052	89.0554099608	2.39072336162
208	77.6238793785	13.1971723935	3.48535391122
209	51.713614212	18.309497417	4.55800151695
210	44.0965457772	25.8300859003	4.85028867543
211	36.2078743285	32.2639740188	1.72185202813
212	42.1147402423	35.0755578808	3.93928076281
213	60.4911777039	77.7340670445	5.85200395315
214	35.1006604631	80.1209223716	4.19158022763
215	52.224394641	24.6353395813	4.61878595728
216	77.2850101391	28.3939229205	4.91855592273
217	100.550809781	43.5539399277	3.62559102707
218	14.5072662364	45.3568003715	3.74584340438
219	12.6014116775	55.7829016568	3.14727432906
220	83.5853125963	24.6822661857	3.58576953484
221	74.4709652686	39.4248894902	4.53749869343
222	82.4887798769	69.6918231282	4.69115379821
223	85.8878727177	71.3779667803	6.08107447624
224	72.3321070999	75.5958293353	4.56778053951
225	81.0377890515	21.4733628957	4.80783237501
226	59.2028004999	17.2518216348	4.68813396089
227	91.8104079974	25.7069301939	4.01814860454
228	42.8917421596	41.5393863799	7.29652343391
229	85.9740880931	43.6021229286	5.82864212448
230	65.1570901924	83.049980147	5.18887191765
231	98.6564759894	35.495806405	3.40032612346
232	76.5170320373	48.1779186745	5.46680420554
233	98.8315359269	70.8568577322	3.71405751043
234	23.7744494082	77.1184165577	4.32167373377
235	35.7462765831	87.668769726	4.78698605822
236	44.0617449916	45.4217598565	6.33408188138
237	101.07762015	60.7449331637	4.02049414969
238	78.2591098341	76.273040166	4.22489121487
239	55.7236843333	90.4120922206	5.47405723422
240	69.3438235409	18.5061797669	4.91152614937
241	25.8449116653	25.3473207686	3.96222510161
242	32.8053170334	36.0120503601	6.41617680565
243	23.983610931	42.5793470656	5.81220977463
244	77.7147810732	53.5187682881	6.00430098801
245	27.2697878417	63.0296992021	6.57937619193
246	73.6077475871	78.6802032396	5.83009009009
247	26.6046471588	82.3643063311	4.82956497969
248	75.0815495382	19.3371734805	5.33323682687
249	38.4515651934	32.5274999133	5.35733323547
250	20.5164271475	68.6784210649	4.60562482721
251	15.0709576263	70.8942731863	4.48363066996
252	41.8178319214	90.3923698186	5.30863998971
253	37.3925334274	23.7829790155	6.29072953933
254	30.40240155	41.0293276064	5.41585437423
255	79.4286148174	60.1866404651	5.77079509384
256	100.602909091	64.5824940892	4.49143141639
257	35.8168133297	67.7793975938	6.39504976515
258	20.9028446865	72.8288604408	4.7379290285
259	52.1040774891	72.713977035	6.50362189321
260	31.4170384388	82.4607229025	5.31787910541
261	83.365598843	90.1852511898	4.00071280823
262	33.4930408693	20.0570193311	5.27707824221
263	41.6333988249	21.6921921282	5.84670374382
264	87.0468951679	28.3557502675	5.29832104832
265	51.498504133	39.3354800964	8.6651185471
266	94.7300086655	63.1918485299	5.63152722617
267	39.7448573575	65.5636113788	7.55291460083
268	76.584837119	71.0379881189	4.64832961843
269	69.5772115576	12.1042760521	5.12454237565
270	28.0252610027	46.5708935427	6.34306650035
271	49.3186240872	97.8411711166	5.1467938183
272	81.9944636523	16.4210641381	5.39454041222
273	95.0486128811	52.5519384028	6.49707588732
274	57.430172902	28.4525142561	6.25841106475
275	72.2910212976	32.116443883	7.93794092724
276	62.1702914709	33.2297243194	7.48879879012
277	17.4798459041	78.2192187636	5.35384661105
278	94.0604705111	78.5686754556	5.38329488558
279	59.3077024946	81.9652665757	7.71798848401
280	35.0519148503	94.4185553811	5.19172038871
281	27.6496763611	29.3809002468	5.60260988114
282	94.2919484231	45.2009707898	6.32634685853
283	84.2518874784	51.0528342951	6.85144941713
284	27.9583740264	58.2018840554	6.68394308943
285	71.9998747068	58.463841918	9.61644156267
286	87.5722437101	78.6310666307	6.62470776405
287	72.6379353924	89.2387381707	7.60052100197
288	73.9121053071	36.9998343864	7.28835864
289	24.6263746313	51.4590837479	7.20555285606
290	90.7479419834	71.8678167198	6.90844950729
291	48.6576026056	81.6798979302	7.07762088664
292	42.3432953399	96.0853785212	6.06317664193
293	65.7428748991	17.817363284	7.64350076121
294	79.0321019246	46.6760069299	8.05051652644
295	62.8095007613	60.6785922995	9.72675442727
296	68.8768627607	64.7547151011	7.2478842234
297	52.824514816	77.4975649485	8.11757493986
298	40.8702693292	84.1170647301	7.16826701017
299	81.3682651495	85.7608503959	5.87530416473
300	61.1686459762	12.0392256771	6.16324123173
301	65.5203214168	28.5610962254	6.93992738807
302	16.6215776694	40.7056902767	6.88989778644
303	36.555913869	43.4242334178	9.79487341787
304	41.0015268167	52.9736952035	9.92799466818
305	29.7365819218	75.2963913361	7.23570970045
306	75.7524506763	93.8287679874	6.42116717661
307	54.9308763045	12.8103516319	6.6309010888
308	95.0056260517	33.5325434601	7.70027256739
309	79.9511305921	34.7074992107	8.29230911111
310	18.9701707615	48.46147154	7.65898439422
311	66.0065672561	74.8737156199	8.59843104272
312	31.1197001279	91.339929167	7.45841665523
313	91.0553171516	38.621195496	7.75539924594
314	20.8131746166	40.7960526068	8.39463997827
315	14.6178987567	63.7301024472	6.90590647268
316	20.8244473279	81.8632706129	6.93118478764
317	45.3491150019	87.9640309883	8.18410664056
318	68.8098804031	96.1512434151	7.04113109813
319	47.5956896867	15.2181639701	7.83672664141
320	86.9353453149	21.5862174967	7.43340211133
321	59.6075429033	25.0470942473	7.86733692114
322	57.2509823598	35.5210226282	9.6494727816
323	86.8209047398	38.0248634974	7.40288641814
324	100.486750777	52.2283323412	7.09308484056
325	45.0199518635	74.530620861	8.42684649737
326	77.9514915216	82.3142950737	8.04722599549
327	24.5168292323	86.5556539565	6.33333115158
328	81.9602214256	43.7113045397	8.88650579724
329	70.5590575352	51.285897582	8.70939494414
330	80.5694356303	66.4849247902	8.59236655519
331	31.1149572788	67.4244934877	9.52293200619
332	61.1363472118	97.3779728787	7.73979245984
333	57.6769930825	19.8689414662	9.00364860649
334	33.9893148311	28.8077886725	7.39254836501
335	87.4947633029	32.5848934004	8.35405434613
336	80.3933519689	55.1795317741	8.97825450489
337	70.2955536358	71.1467022936	8.30716640432
338	36.8671946601	77.0470686599	9.0883582695
339	28.2288507458	38.4601345347	9.12698118883
340	58.4833668479	44.3561037037	9.52057011819
341	32.9793547967	62.0110767939	9.71119904156
342	56.5734041431	85.2348451635	8.78592417735
343	46.8522783076	21.4895927979	8.49406043281
344	49.0248302131	27.6696686074	9.21326841825
345	81.651957652	29.5532542155	8.36800793522
346	62.2291460752	38.8657089147	8.27560879499
347	46.4144554139	65.7219809204	10.8183182088
348	64.3260108791	92.9158168894	8.0604040917
349	98.9085198215	42.745957799	8.25029147205
350	32.7432800086	46.2678310095	9.92455462431
351	36.7378926412	50.3804445534	10.7169573267
352	90.1750584733	50.1129067162	8.3852475446
353	25.6666659299	77.6819827159	8.83729343629
354	88.2718340463	84.4890662597	8.28122544015
355	30.0011662367	84.9972927833	8.41492430625
356	71.2817417748	43.8172383762	10.0064828754
357	42.3063309972	59.3601764264	10.2274333338
358	96.7579068586	70.6832864617	8.32406900511
359	55.6351390708	98.0445373257	8.46579694054
360	76.4818013543	24.5605989033	8.19855739195
361	19.8699030009	54.8710807417	9.39039038544
362	14.5420431962	54.0566585381	9.06674464444
363	87.601765606	57.1161841385	9.75152471366
364	55.6793070679	93.4083146102	9.45005434508
365	39.7908127359	18.2295952584	8.70468929804
366	30.6027419671	22.9184790875	8.49986124735
367	86.6506735536	39.9032151979	9.72286032632
368	92.9969427232	57.5391456912	10.6531542868
369	73.8908573797	64.33381149	10.2389620031
370	69.9954715397	84.3992846839	9.6411449423
371	37.9157475945	93.7847364381	9.38351126419
372	30.9815260163	55.2510013361	11.0259631643
373	19.628441177	62.1909927546	9.59522921904
374	79.2390574875	77.4512680361	10.0125430025
375	51.1436343384	88.165525493	10.2609464668
376	40.4014882156	89.953217253	9.83713621059
377	52.2965136133	20.969217827	10.6261933807
378	75.3107701415	29.1521784968	10.0040777698
379	39.4801483476	30.7797538968	9.90549552395
380	87.3952648593	64.4258146113	10.2550773074
381	70.0045083368	78.9040182643	10.2505012574
382	32.0956278016	34.3107133332	10.2698794363
383	40.0906840009	38.3395355529	11.3936699036
384	61.692190893	88.4939111275	10.9155405405
385	22.208446843	31.2513676603	9.93227520257
386	64.5686104676	42.0858618834	10.5393732112
387	92.9902817246	65.689234173	10.1314745604
388	35.0078021554	85.8716502953	10.6881511917
389	32.2333325345	26.4955327619	9.83058637837
390	28.019093668	32.0331187741	10.5322978094
391	66.3416043513	34.0734668186	10.0913582619
392	19.1006132625	36.3832806209	10.0074803317
393	17.2781980328	70.0756528864	9.78096009366
394	40.2495085151	71.8585064208	11.7026157544
395	19.474279013	76.4390107074	9.54393334945
396	74.0244220233	79.8294844018	10.2693194289
397	22.3197679082	66.2974396629	10.4028502221
398	43.2800878899	79.3294778719	11.4250403031
399	68.6303258373	14.3002590643	9.67005697549
400	76.3655841207	16.3425603185	10.3292810321
401	66.654631712	47.2340389168	11.1814838043
402	99.5316803605	58.751079504	9.72965002988
403	98.7197148683	63.0620525601	10.0241300245
404	33.6902709473	71.512340532	11.8270268968
405	23.5960807319	72.3232513552	11.4634749131
406	61.7858511506	15.0624207775	10.8417553285
407	63.021833326	21.5206197595	11.5734154127
408	26.7980814695	26.0944788865	11.1723667324
409	54.7032971813	25.8740510551	11.1949616841
410	66.693732721	26.5820728871	10.5026946162
411	69.1971384081	37.4613272426	12.035307688
412	24.3421659965	59.5660110162	10.401188746
413	70.9809577601	69.3856296842	11.7239339009
414	64.1337712065	69.1035256428	12.6405913341
415	76.9234328455	72.8797428124	11.3687080954
416	84.9901408444	77.8627087586	11.3067253037
417	64.7287845424	80.5212008565	10.9760862623
418	67.3763335149	21.8405234837	11.1616744556
419	89.949137794	40.9767736201	11.2355374167
420	15.293402607	62.3445000983	10.6388465105
421	46.2189807877	83.8833197233	10.5755564796
422	72.50867668	21.477111157	11.0513383917
423	83.0784978653	27.3788370684	11.0769456625
424	44.2261099329	35.9329483564	12.3140888015
425	78.2480117972	38.9305681708	11.8459160966
426	30.177894229	80.4221005896	11.8418104845
427	36.547114879	80.2673422899	12.2291617015
428	79.659015747	90.1874695494	10.5889580855
429	41.9442313285	23.0186863295	11.8271072407
430	87.210229549	47.9300351276	11.7172653809
431	89.2134288318	26.749781988	10.9371204656
432	35.3906014457	59.1315411757	13.6428037251
433	81.0460909819	61.3064719174	11.8563988037
434	49.8089341229	96.5423121834	11.192998657
435	53.8990112252	15.9437379563	11.6497011731
436	77.3987635327	23.3538753455	11.4873739364
437	84.4494524612	42.6851750317	13.292025572
438	31.3149305443	51.1538354615	13.431437869
439	66.8324569878	54.526836678	13.4222385896
440	27.4969815974	68.7808201832	12.2142193738
441	59.010629204	72.8983639113	14.0832855715
442	49.0401336698	50.5304258669	15.7134659564
443	52.2620105867	58.1355752677	13.698719115
444	52.0404764619	82.0585262348	12.9634143168
445	75.3456179121	35.4594473879	13.1672389275
446	16.053290149	44.0666539556	11.6009912767
447	92.4311640157	49.3166562977	12.3083665625
448	60.0737170839	59.8842208337	15.1352813853
449	54.857579982	68.5047145039	14.2559297382
450	65.0639995944	83.9954514592	13.1918626189
451	24.6797265647	36.2360445377	12.391536035
452	79.3266713522	84.9715592919	12.4187835489
453	67.3538594045	88.7863609775	13.2342637712
454	43.0948704126	94.9191716089	11.8730574687
455	65.8743536264	96.1818928483	11.8693047284
456	35.7234592668	36.7672148449	13.6329721901
457	26.3491556222	53.5277757458	13.8484088738
458	35.0606618939	42.170184216	13.1694225289
459	74.1413103832	42.2072966043	12.8773200335
460	25.5154041203	46.6641298577	12.5208230924
461	81.9437301217	53.8448171273	12.769315858
462	54.7319940502	64.549196789	15.5559978974
463	40.4401513592	86.7476008998	13.1938637601
464	29.8569693412	88.4466132424	12.0434915812
465	81.8074933236	20.0608192351	11.9195947468
466	58.5422780265	31.1367808417	13.1542034905
467	44.4724746192	30.9429965403	14.1625018668
468	48.5475488091	33.8611832952	14.5740082437
469	85.7140351909	37.9322822473	13.2931930124
470	95.5222773047	41.181651292	12.1186274558
471	21.1249738883	44.7890627612	13.5254017532
472	55.5751237882	73.1922612786	14.4874212322
473	41.4526260307	76.3420209594	13.3877447396
474	61.1526129927	79.7136092776	14.3876200464
475	24.6564982435	83.0494965609	12.0630981604
476	39.1281250677	25.2284885289	13.617976178
477	85.1096041959	34.5622176757	12.1884077256
478	24.5053869967	40.9284895014	14.0544724308
479	50.6315312722	72.0831090884	14.0340652326
480	85.7131630219	84.7348917319	12.7463348492
481	45.6096192504	90.811948096	12.4741396768
482	45.6272824494	17.7162726711	12.7778907496
483	50.0142077979	22.6571261274	14.0779175205
484	98.1369562223	53.4980603489	12.580147668
485	88.9098147624	70.0984216621	13.7364490828
486	92.1815074003	77.2604544911	12.0693212047
487	46.8598296428	26.916372384	14.5085033125
488	53.1769142059	32.1273989272	14.2356605686
489	49.614886156	41.7920355426	14.8985531866
490	75.1982536391	52.9094406258	14.5007033093
491	82.5416509095	68.7293021283	13.9354529879
492	36.5951459059	92.1140428749	13.0775573885
493	33.3535363905	21.9373307636	12.4890576926
494	95.9351752162	46.809303534	14.1154271666
495	88.081508771	55.8560889174	14.12650139
496	72.9771759935	87.5904076193	13.3823077698
497	79.4219431379	30.0742331254	13.6641963383
498	91.9509446736	34.356537711	13.1850146397
499	74.7409377101	66.6628170088	14.3457377728
500	49.7740828759	76.2906822871	14.4597667921
501	71.4121778957	79.8209486199	14.6384887819
502	70.6610589254	25.4130815986	14.0343793702
503	20.6794350545	50.3000445278	14.2450289317
504	67.2418009081	65.2473079722	16.2077984884
505	30.3402796605	75.6189856209	15.2430064757
506	57.1752674013	85.6609115179	14.2762492734
507	82.6073918361	23.6776228856	14.1092302194
508	36.9945399294	30.8703988481	14.7758639837
509	78.1980880414	43.7835645925	14.1290220176
510	43.0834718683	45.2818187457	15.0813843988
511	64.1736719953	48.4907605755	16.1863369354
512	75.0790698837	82.2080619138	14.9695854274
513	73.0445983578	93.0365626996	13.2475571039
514	15.1718717931	52.2420987585	14.5553033488
515	28.870065808	61.190815253	15.3532174685
516	70.2128687662	74.3751769925	15.7895029731
517	70.3937053282	17.8652553061	13.8434156658
518	72.6722157774	30.4363006169	15.6894158377
519	29.5022122813	44.5633996479	15.4551211908
520	80.8478778482	47.7396690869	15.8098176041
521	20.6502121836	56.6718073667	15.2301909264
522	90.4258591077	62.2219754834	14.9092035539
523	59.0766446483	96.2037368756	14.1838070615
524	56.9776492533	23.1221610492	15.3746863798
525	74.299587031	26.2786684499	15.0767848852
526	62.7330665421	35.0463186209	15.8531514373
527	18.2849576511	70.5699236737	14.7513580705
528	61.8637800381	17.0161320821	14.240491091
529	33.3145935367	28.0156909052	14.9675764347
530	61.7630809479	29.435735568	15.2445599248
531	50.9973126039	29.560892966	16.479781108
532	76.6098489291	60.1173522704	15.8080936475
533	62.7785728076	74.4677263444	16.5572048615
534	22.840786339	78.623841026	15.6324176521
535	66.561481433	77.2770237332	14.2432554384
536	80.314539164	80.4937862522	15.4979312023
537	61.4946111893	91.6353339861	15.5175792711
538	25.3727449347	28.4285217233	14.9753853276
539	87.1727367346	29.3264149153	14.8581962491
540	27.6867098807	32.3041981725	15.7108279382
541	89.2744119467	47.6784232607	15.6936878701
542	73.2207086896	48.3223318876	15.865677199
543	95.1037074031	69.3551594249	14.749174211
544	77.6090084331	75.2298321101	16.4599361797
545	55.9134373864	90.4213432727	15.5667338057
546	41.8096337309	29.2743749166	15.8743092023
547	62.8327832525	38.3196635903	15.991498821
548	58.329450478	53.3530949175	18.2128973677
549	49.9871990652	91.2151454607	15.4508264195
550	77.3885297275	20.5268679865	14.8260945013
551	65.5528738376	25.4253498411	16.3909509067
552	67.8949389489	59.9851049744	16.1404278635
553	40.5171527172	61.1653810976	17.5989654591
554	24.2456759651	70.8113836604	16.9141479933
555	37.0861500247	84.3338061898	16.6241987547
556	81.9489071058	36.8928902149	16.1216502954
557	52.8386475934	37.6989343069	16.9357249877
558	58.7721012767	41.8295422295	17.5018020953
559	83.6945561209	53.4252754045	14.9014338666
560	86.3145215203	64.1114093422	16.4544061507
561	60.8375667837	66.0823080707	17.6721854263
562	39.5776386687	68.3240320823	16.3836269955
563	55.3357073867	77.9079691905	17.3276083309
564	53.7280000939	18.1063584446	16.1825025673
565	67.0311097362	42.4526401451	17.4077773053
566	45.6947638646	57.5052779877	18.9004201343
567	68.9586671422	32.7611181075	16.0484639675
568	31.3868747931	41.1367410836	17.9898989899
569	56.2174969596	46.111284958	17.5836657764
570	40.3738778156	53.5600882535	19.9064912507
571	96.3573506191	61.5929239907	15.523723092
572	46.2853828023	66.6565213033	17.8160691442
573	84.4177602746	74.9660761839	15.7677407743
574	46.5333704435	85.0693872629	17.170353539
575	56.7767028065	81.3436346866	16.7129350214
576	66.8207629794	93.5555222565	16.4228961836
577	19.2941251351	38.6881614383	17.0292954152
578	90.0527356645	55.8285944368	16.9796466023
579	36.4846108719	74.8576679258	17.1124638005
580	78.725043667	89.0102644053	15.9062126988
581	16.2549507271	63.4512765676	16.885005124
582	34.3039364389	65.015430263	17.6655578436
583	47.9855832984	79.4408892256	17.9547043552
584	31.4813469894	81.3370381659	17.0052878677
585	91.1455177135	40.6456377744	16.6909529264
586	82.5226622068	61.7951739863	16.9206451984
587	22.2269683698	65.3808543387	17.3461339635
588	26.5097078482	76.799400045	16.8843807471
589	41.171195556	80.196693568	17.313395974
590	37.7062512116	21.3101996836	17.1511140732
591	78.596018373	31.8708788291	17.0410766999
592	31.5847141931	33.0221050992	17.9306262581
593	21.5282207575	34.036489836	16.7778244684
594	28.653145858	37.13460983	18.4351450054
595	85.9766404499	42.8616232431	17.5277524997
596	63.8073584556	84.3992193331	17.4762460094
597	45.9807121904	94.3678510098	16.7962576197
598	78.9659998268	57.4705134041	18.0062977935
599	73.6339385316	72.0579241311	18.0976680537
600	89.6068525727	77.3480698551	16.9908932531
601	56.3171535974	29.0496578065	18.7769595681
602	95.2840041352	54.8555037671	16.6905430045
603	26.0463624192	60.4363756113	18.4055656378
604	42.0968004554	88.4119065704	17.5724848485
605	87.1349923534	33.556617132	16.8300701207
606	72.7189654139	39.2718122321	17.9128866533
607	16.9505276698	45.0115992345	17.4917172833
608	27.7832240214	50.1791832034	19.0748290822
609	52.9253954463	58.6017899783	19.0992446089
610	15.5955541753	59.2036645322	17.0333137403
611	52.3106646537	88.4099800629	19.454004662
612	57.0975346784	94.7922454417	17.7791295157
613	45.7029599717	19.0397283291	17.4131683428
614	45.1284212093	23.9465832586	18.0111787873
615	37.3486781894	35.9870181743	19.2815612876
616	78.7730146056	42.796353321	17.5863875664
617	21.0327532956	61.4591190653	18.2673836631
618	29.5010687898	85.5439259712	17.528701721
619	36.2889904024	90.4769781579	17.6280272419
620	68.5462325876	20.5025972136	17.1694133653
621	57.275124676	34.9889608425	18.5636890376
622	45.775518566	39.2649076943	19.8333730075
623	25.3814208153	54.0856216604	18.0674009259
624	29.440924585	68.822931824	18.1664143354
625	38.2613456572	70.5641304312	18.9019141198
626	61.2006859407	19.5808715578	17.5252728276
627	76.2929953438	35.9078467888	18.4684542819
628	34.2109182825	48.7642783593	19.6070478547
629	85.5455676453	50.6912864866	18.6173653398
630	66.4445238549	54.1232599728	18.9816429399
631	34.4545195561	56.569961732	19.621073749
632	71.4557186469	58.9330249561	19.3196901741
633	51.9142151973	83.4775969342	18.6513260262
634	69.7326457976	83.9066880526	18.1458810462
635	75.5373140002	84.599747379	18.5456135887
636	82.8815158073	28.4660781498	17.4908025206
637	68.6538004408	45.3567738236	19.0731813635
638	22.0642631436	48.3290228073	18.6975997491
639	84.3110834892	83.3344229829	17.4447145428
640	77.7258701477	24.7375174847	17.5629938835
641	23.3373657659	42.0249178249	18.6857121257
642	68.9388486101	64.8825895161	20.2041533997
643	75.8946098963	66.3247688263	18.6731803802
644	85.7558504171	70.2327233661	19.0309047645
645	35.0593029514	79.8655278052	19.1550145301
646	59.1750316748	88.1839469299	19.5521758537
647	50.5601364637	25.7560343421	20.5052465296
648	35.406597754	28.3577220777	19.2524964444
649	41.8483701016	41.1699613019	20.5122527228
650	92.9142017232	50.0799119642	18.7323667474
651	86.8250801928	58.8737508518	19.7404818647
652	45.6751395012	74.283962201	19.4611845822
653	29.9869303505	26.0572108045	18.9674648921
654	83.8577216029	31.6501235804	18.7715180731
655	36.1882334141	42.4388765223	20.8087469673
656	38.8241590742	46.0835700143	19.5375557358
657	18.1547373905	68.4121604999	18.6930263575
658	65.3430016993	88.6461004327	18.8682412861
659	19.3194666834	56.350845459	19.5622454689
660	42.1653013549	73.2433669725	19.5291856981
661	40.6461808372	26.7090450563	20.5844307708
662	73.277686946	29.1729364644	19.4369633838
663	75.8467978158	53.1136911706	19.9567591197
664	87.3074297592	65.2561207439	19.953738899
665	81.9193577197	72.4178712933	20.3143763005
666	72.7202417027	76.7208401638	20.5258394442
667	69.717402587	70.3304631164	21.0136841058
668	63.1453358506	70.380115477	20.6976623377
669	64.6860996746	75.5337652345	20.478906766
670	67.1846345993	79.6637002643	20.374886186
671	51.3146871272	42.1493323594	21.4114170929
672	43.9896938508	48.9237382083	21.4237288506
673	42.6971699995	34.4107275226	21.6584025285
674	21.6467396252	51.6075359137	21.5777907651
675	78.0007034874	68.7226226512	20.1117903987
676	73.0586446094	44.3587776441	21.0801708738
677	90.540550691	71.5599433403	19.8692417347
678	47.945383084	46.3550138777	22.5014894856
679	57.165740098	73.4341908741	20.4655795605
680	70.8143408654	24.110586354	20.7834347792
681	62.8221569256	26.6649464296	21.5354825647
682	45.6438596694	29.7072199249	20.9308989399
683	81.307450013	41.2517280082	21.0179443883
684	50.9000973779	68.6860401704	21.6471985441
685	50.7503096357	73.4030440301	20.1710033068
686	24.8757021015	79.9881225599	19.8567180319
687	60.9347016731	82.6770421779	21.3149935164
688	70.355703711	86.6030334373	20.8272188146
689	75.9989058493	25.7832168632	20.3345219538
690	66.6828933456	29.0144343599	21.6993972805
691	26.5494147023	30.1813525099	20.9821797168
692	70.7058407264	49.7480442238	20.863791489
693	64.2888786204	60.1348826446	22.9104208269
694	92.4330953862	59.2489553185	20.3845706666
695	36.8968671269	66.3998853203	21.57795293
696	79.7572356777	78.2896949962	20.8922548659
697	60.6608867092	79.0062688731	21.0440624981
698	79.6825431139	85.6750104759	20.7082208141
699	72.7136823003	90.0816081885	20.2901911535
700	77.6237726167	34.519389231	21.37860878
701	85.8882605798	36.9165594065	20.3460430683
702	29.9865182454	56.5436823187	21.4785800665
703	58.5010610222	63.4732617465	23.5637958533
704	64.0860345067	33.865167591	21.6197987
705	64.5219272918	48.9624379049	22.7804487104
706	82.6862555337	68.1396000094	22.3340380737
707	24.505601219	70.6318938492	21.1017093938
708	21.292126023	74.3875372137	20.6975660841
709	29.3579291101	76.0855137376	21.1436518633
710	36.0187046156	76.3433486836	20.8997477534
711	38.5643410311	85.3923391356	21.5136384738
712	42.2063220967	91.785506499	21.3046917047
713	35.1771677292	71.9657235754	22.4390908502
714	59.3313898211	20.6166580962	21.113045947
715	66.6601575827	37.5205648265	22.5053382821
716	50.5821824659	38.1270210757	22.3307703486
717	88.8872938015	44.0129237592	20.9446382784
718	17.0399623921	48.8778016628	21.5527478513
719	90.7082428521	51.5806206649	21.1403937383
720	84.2107229054	54.6982200988	22.3105112222
721	25.3949299122	45.0351514319	22.5452488383
722	45.1756268027	62.9468103946	23.3900011344
723	57.48853759	25.5031640569	21.5461030945
724	71.523191575	33.250198843	22.9054140996
725	57.7801780006	38.7325690052	23.4650405377
726	23.3610288792	57.3374623899	22.4402814083
727	51.5657757966	62.2600860206	24.2498562131
728	74.1650002612	81.8017825977	22.2979585273
729	45.8689537319	88.0914553821	22.6982264764
730	34.927890837	88.3355178535	21.9691089905
731	80.2600052824	31.0440782375	21.9240266579
732	50.5659246545	32.926156958	22.9393960832
733	73.0572093932	39.304435177	22.5614073596
734	63.07779175	41.5706891931	23.279168745
735	48.998379334	51.8216882399	23.4597894333
736	61.98140405	51.8329661895	23.3088770641
737	16.386827183	54.7640841058	22.3392161022
738	91.8528440424	64.6448620403	21.2095505198
739	22.5480755915	35.8067538255	21.5375657604
740	32.5508339319	47.3745423465	23.8927772578
741	55.61568052	53.1480766719	23.0534345656
742	50.9138420616	58.0250875971	27.7247374572
743	82.0615993224	60.9761362446	22.4625176541
744	23.937273001	64.3956121941	23.1911747962
745	41.8825192907	67.2801706012	23.4118048789
746	54.2784987108	93.80326382	22.6427379245
747	42.4710264147	22.1586754165	23.7780884422
748	79.9266681824	53.2806578136	23.0110216121
749	63.2090932494	67.4430579366	23.776229834
750	77.2864735042	73.7545000822	23.1679750183
751	44.4381909013	83.2342899193	22.9573621836
752	48.280931559	93.1825530269	22.1135048086
753	57.8137029032	33.8694757384	23.5268212484
754	59.4428641143	58.3446545635	26.4229281115
755	32.2070925753	65.1962006094	23.7411022634
756	55.8382170699	84.9189680661	23.0468548761
757	35.5215992314	24.8730215033	22.9341973774
758	39.0309668547	31.2569807267	24.4889366791
759	81.7889817096	46.1147486991	23.5530117077
760	56.570013223	46.1950660376	23.9058187752
761	38.3591816606	62.6885478519	24.8072256429
762	77.2198615705	62.601203268	23.5144386279
763	45.3608766813	69.5334268465	24.9991151749
764	66.5426103543	23.6999930672	23.3788390994
765	32.625291655	33.7953005775	23.5455890491
766	28.021566267	39.4533532043	23.7864288361
767	17.7289366222	63.1498276908	23.2887871521
768	85.4066056214	77.9661890956	22.4068131095
769	38.8658693401	82.1363387582	25.245407293
770	31.7394349232	54.2063765392	24.4572793168
771	43.3796035904	59.4880529411	24.9282273718
772	75.3645288807	67.8663510523	23.9578916251
773	28.2451287444	70.8141221759	23.9328559265
774	51.981770896	70.9589208071	25.2395635072
775	29.4084418248	83.3346189544	22.978921194
776	48.4633315321	21.4682745494	23.7619865652
777	53.9391183874	21.6898264566	24.8727768885
778	75.5181206054	48.2010278298	25.0138948984
779	47.8313927455	79.9034059937	23.9254975793
780	34.1583007069	81.0336330499	23.9744116037
781	59.9134640926	93.1175609142	23.8891515184
782	41.1374272885	39.1789732003	25.4356109924
783	70.6779716834	64.3513457472	25.0392674572
784	69.0061511564	54.874994258	25.919748693
785	87.1202893932	47.718620609	24.5501917774
786	65.5303951235	85.6031474366	24.3987295236
787	52.4839463321	89.1111399398	24.5410386044
788	20.4843635121	42.4421382879	24.2963964511
789	87.9746677357	70.1507239347	24.2858295326
790	71.7984385785	77.4499190629	24.3533230285
791	66.2061919824	91.6857245612	23.709634401
792	44.2909070594	27.009451059	24.7825254232
793	76.6359478148	38.3756208261	25.3297924391
794	63.8471226292	44.907771898	24.9928316818
795	41.8533058798	47.8216018094	26.1075245206
796	56.8938967296	67.4728373919	25.674827642
797	50.4131273997	75.0522593102	25.3109092584
798	72.9122628324	28.3891587025	25.4965438119
799	70.2439593985	43.0160840078	26.0513622956
800	89.2403792523	55.7761624348	24.2420888499
801	75.081799514	59.1077907049	25.710610983
802	27.7213859087	65.5065991685	26.4136565605
803	20.8301354211	69.4156121435	25.0928153553
804	29.5727501771	76.4169678658	24.9517035969
805	54.1286925357	80.172581881	25.6007021991
806	60.4938020391	87.9397642068	24.8685492414
807	39.0469997607	44.5169666538	26.5790590858
808	36.37624091	55.121136869	26.3435916246
809	67.1360509663	69.9276513544	25.5268049892
810	57.6525417067	74.5478907274	26.4459128032
811	23.6337001514	76.1834914297	24.6109508503
812	61.9479089168	30.7799802273	26.3369140788
813	44.541410997	35.8142180731	26.3372707511
814	72.8052697258	88.2449917777	25.3288512984
815	84.2075341901	39.2112056391	24.7255853126
816	66.1392638535	77.7663189284	25.6170656686
817	78.4897055357	84.4465730319	24.9739218524
818	50.7193648733	84.6497412345	25.6155401027
819	52.7263761691	27.7454718386	26.1034361581
820	68.3639055991	48.4044987134	26.520295874
821	83.6015445292	60.8862200829	25.9905851789
822	42.1239446058	76.1654965363	25.4298654166
823	37.230575641	35.5217891828	26.8956791614
824	37.9207778302	49.4864600344	27.0544073533
825	25.5402324279	54.3745641206	26.264157029
826	44.0297053619	53.5643010728	27.4111321536
827	39.2490446191	69.3510607602	27.1709772903
828	71.6008149853	72.1393660489	26.6067453505
829	36.6102195701	77.1595080597	26.1420509459
830	25.4668638015	35.6805046783	26.1310705204
831	49.9059131741	35.7697959222	26.9142712867
832	35.2437243615	38.8640298376	27.0145730601
833	79.8444295245	67.7064190365	26.9884087064
834	74.8387023345	80.3449565724	26.6114942731
835	28.5032232548	81.5150254763	26.1576419242
836	27.8446078404	59.3719769523	27.0763938734
837	35.3095741957	61.7114348658	27.9812050786
838	57.2644798456	30.4844304833	27.1929101515
839	68.1948574576	33.2319989108	27.4672880883
840	80.4386601183	35.0933967769	26.5011806375
841	52.6476413649	42.3428596592	28.0981035052
842	46.2167305372	44.3749545367	28.5764293882
843	54.3269241484	53.9314526194	28.6837756904
844	60.0958298644	81.7309779514	26.805014149
845	69.3004140357	83.7033363075	26.760027259
846	31.3915275684	29.8025844899	26.2645505639
847	74.347249101	53.0629311472	27.8475038189
848	79.0891806735	74.2165502462	26.350240653
849	41.2519204069	90.2887131206	26.240298282
850	72.4253765671	35.3312569935	26.9352165725
851	33.0063715443	42.8085802186	28.3290519589
852	29.1676088848	45.3690130264	27.6744480922
853	57.5246210912	51.5623902481	28.5084166783
854	30.912167564	71.8792861589	28.0100957305
855	43.2472896827	81.1086740872	27.4609674239
856	48.1952575208	92.1148545611	26.788766572
857	59.5468757647	23.9540489641	27.3258806765
858	40.9002076166	52.7615982173	29.7335695089
859	86.7794700275	66.5861704831	27.070753046
860	44.0754430792	86.1994454972	27.8023978647
861	77.1968873383	31.9992988224	26.9725817431
862	76.06513378	43.0121067103	28.6576252929
863	20.1897938941	48.7855180302	27.1209707847
864	27.9612974653	50.23140787	27.2636209626
865	81.1722520264	51.7811170129	28.0538351854
866	35.7375739102	86.7534513558	27.7277272044
867	49.6182135981	65.7245885136	29.64510853
868	62.5488719237	72.0834404715	28.6139307972
869	20.128546131	56.5695062598	27.9016702003
870	82.2083938651	77.5635916734	27.2279935888
871	38.7825265591	25.9824586706	27.5694615627
872	48.7313007582	31.1560861182	29.2146696469
873	58.9899017919	44.8030455565	28.4597348619
874	63.3754512869	65.9239477605	29.4708933823
875	43.7944193589	32.1419538236	29.2061589252
876	47.2944872302	40.2612977277	29.6792382787
877	63.0107684694	52.0015128509	29.7351457967
878	87.5421101107	58.3947736783	27.546926813
879	19.8010535272	63.5570318409	27.2779259511
880	64.6231374169	77.937337752	29.3564870346
881	35.5116086631	29.5587624526	28.5749569782
882	64.2411815559	41.4218413854	30.1162176058
883	52.7472203128	47.6584145457	30.6823424875
884	56.6109994675	61.9913936713	30.8348365962
885	25.0077700157	72.6961647885	29.0775777175
886	40.7690802908	58.7619089495	30.3837155769
887	66.1161085641	59.9459211397	28.7546648754
888	80.3483896389	62.6152561857	29.368993135
889	43.5799857223	65.0917384721	30.8126798713
890	42.8289801265	71.3562069974	29.7495605554
891	55.2859455447	37.829353216	29.9776424913
892	63.4360172567	26.1339960217	29.304095651
893	85.2958884614	46.036027923	28.3264883942
894	78.2677629263	46.5040583533	30.2278092505
895	48.9456799308	75.3266155753	29.8293445135
896	60.2513023157	37.6358504579	28.8899136659
897	64.7082631003	44.8080084	30.2575088482
898	31.5066145328	64.9171031232	30.3528862501
899	74.7063070673	76.2512432652	29.3529747161
900	56.8373226196	86.1144077538	30.0044106249
901	61.6935203525	91.1075182447	29.4017327799
902	29.2038995717	35.910882182	29.7062770957
903	26.0004528402	40.739430552	29.7213285356
904	23.2978812306	45.7200233661	29.754774033
905	32.0249741861	55.8791116807	30.926023253
906	75.0813368385	65.0182321004	30.3193592056
907	34.6401267779	69.15531638	30.6205814053
908	35.4575846696	78.2677440069	29.8151213403
909	70.2835242271	79.5525591965	30.3322909358
910	55.1350425942	91.7024769831	29.1286661374
911	54.1239278493	32.2171563248	30.2909319425
912	50.8604995025	86.5696511361	29.851772996
913	81.7623748692	40.8337716742	29.7524623357
914	46.5112909809	49.8289022452	31.0211422752
915	34.2637679336	50.1224396188	30.9826841499
916	85.8228531807	53.9248126205	30.1518625634
917	49.7967150085	55.141210884	32.0539033534
918	69.9228951239	63.3001305663	29.9069021522
919	36.130313671	72.9746656353	31.0396494709
920	29.4390566002	79.3756478418	29.9349806487
921	69.8631246149	69.3688348691	31.0512660934
922	48.5273127122	82.9808415353	31.2470691605
923	67.7548217705	88.9578216761	29.9941415389
924	65.8755219433	36.2893000783	31.1302768613
925	71.1571571281	38.8484829107	30.2758741078
926	51.0423527797	50.865558789	32.2119758644
927	47.4140623312	68.9216058354	31.0758190875
928	76.5121978792	70.5758441763	30.902381744
929	67.4710214824	28.2720793666	30.0575162668
930	39.7013268051	42.4674932857	31.6153324288
931	45.4629245775	57.8812611877	32.200587841
932	80.0398428813	59.1424777962	30.9860775253
933	24.5192192217	67.0635892066	31.1651344574
934	40.2646014458	37.2234736039	30.8218833241
935	64.6664571211	83.4499654373	30.7586268916
936	46.72777557	26.0199258212	31.2831018359
937	32.7774069978	61.6862222724	32.482371343
938	23.7700598841	62.1688752027	31.0184745511
939	74.3879070248	84.7866521825	30.6029774423
940	46.8766885273	62.5150181194	31.1847521297
941	52.4278025624	71.78988915	32.7143617021
942	41.5022592772	81.0754423334	31.4078276123
943	33.4647735254	33.493604149	31.0122519395
944	52.2063152378	25.8708132223	32.0112830432
945	69.8985648911	48.0524072803	32.1326525074
946	70.1104846247	56.4885145518	32.2320326666
947	83.8161218772	67.5060166519	31.3575600126
948	57.5196125941	77.0116170628	31.4962862664
949	60.1340847959	34.5463951374	32.4048917116
950	41.5596408406	27.1859247073	30.6725056573
951	43.4607800877	39.2750532547	32.9922380707
952	37.3331927156	45.8780781912	32.7366284353
953	63.7536929902	61.8431091425	33.674714994
954	35.7653004342	84.3431837915	32.067644497
955	42.4405406011	88.6542183665	32.0824263969
956	76.0467873607	34.447851873	31.45109642
957	23.3955178405	50.6419128195	31.5427357765
958	24.5682387064	56.2741361169	32.7240220679
959	55.7847608575	68.8758016592	32.9475536352
960	64.7492934772	73.7637839735	32.1321632717
961	81.0427394869	74.5913461637	31.6436616875
962	85.0124193009	62.0170129852	32.3516466025
963	40.855860416	75.2720616091	33.5158423336
964	78.4905823436	53.419724046	32.3945530189
965	36.2196847117	54.951516194	33.2046108801
966	75.6414791242	58.890303653	33.4998831186
967	48.6315797825	90.1520360035	32.0691757673
968	58.71284668	27.7265393276	32.9456874698
969	59.4364489752	46.3376497024	33.2436684362
970	61.8897252101	82.5085440219	33.6009575135
971	39.6532590148	31.2453314922	33.0708958828
972	48.1491347618	39.1465251916	33.4987164743
973	31.5102076374	38.9015080181	32.9961764304
974	66.9254195388	49.376234973	33.044653578
975	30.3803771809	76.590759638	32.9169688117
976	54.0661964369	82.5896567236	33.4546226429
977	52.1427619621	42.2190401093	33.8175367316
978	64.7048287294	56.0654821056	33.5734042756
979	53.1129531324	62.3252026303	34.7704180171
980	45.990178176	79.2905240155	32.6545905747
981	54.381310254	35.7416505211	34.1786284313
982	80.2874508868	41.6784377384	33.2403083272
983	69.3946516137	42.1445893163	34.54241951
984	27.2323981767	43.2692894404	32.3951368117
985	43.1206659298	46.6803840962	34.3146118331
986	58.6033825085	57.070648276	34.4673915246
987	73.1576235835	74.722244633	33.8551938158
988	64.5746083741	30.537714491	33.9202585106
989	70.1560390445	32.1231123587	33.2932085453
990	28.2432601551	47.5764075518	34.235353357
991	82.7476673206	48.5024668704	33.4655713007
992	37.5952398726	66.2764694841	33.7623747254
993	62.8254996031	67.0004647833	34.04626252
994	44.6957116477	73.8255003303	34.707896832
995	56.0508085051	53.2158947757	34.4925770626
996	60.8461795205	72.6756972846	34.2016618777
997	61.7120948773	88.9480354808	33.4595978155
998	55.3404528254	90.2837691022	33.3089430894
999	74.7866708335	37.511055254	34.9051746356
1000	40.6575219618	51.4669842376	34.8043460185
1001	29.2222373558	71.1920455914	34.3915319415
1002	75.5373512882	49.31812558	34.3355416897
1003	38.7063344248	60.0849750122	35.2541622622
1004	71.0469030091	62.3451225012	34.1297155226
1005	68.7651379663	76.7208796786	34.8038435542
1006	74.9507759271	80.81648068	34.3209127562
1007	64.5201724993	38.3795630883	34.617259552
1008	63.4531195472	52.3778779773	35.2304384957
1009	76.7639571326	65.0986110361	34.6820698652
1010	51.6188669676	78.6238934107	35.1163686668
1011	36.4276748938	36.0587404333	34.5861682094
1012	32.7865319574	42.1271491703	35.0096572275
1013	41.390403833	68.1120489496	35.5839563261
1014	57.1013304306	80.8189697787	35.442035014
1015	72.9896248054	46.5082755324	35.102141944
1016	83.4094054707	55.9393516484	34.9709053727
1017	47.3614412884	70.427038108	36.703305859
1018	28.637163122	57.7456800923	35.92462145
1019	28.1919146634	63.7381171756	35.6894943325
1020	81.4867663465	67.4264672545	35.4732803103
1021	62.9459172544	78.871391785	35.4126534159
1022	73.9311230451	54.6683299246	36.712661888
1023	36.6763303254	80.9395385228	35.5891836013
1024	59.0658459804	40.3347005893	35.9860951352
1025	50.1298587147	88.2246345444	35.7330799318
1026	46.1462722166	30.9834561422	36.0636854424
1027	71.8601073655	69.594578907	36.7545739963
1028	49.4061305688	75.4273034006	36.8618392851
1029	67.3993782168	85.4795770197	35.8110489532
1030	43.0160529066	62.3237893775	36.7633100076
1031	66.4641910815	71.5558979954	38.0595451396
1032	57.5694455937	30.7528729935	36.4596349624
1033	49.4088916702	48.0400137509	37.4110767087
1034	43.1730836334	84.8274559199	36.4117752895
1035	51.5206357618	31.2515851253	37.1014886294
1036	41.0603160256	34.289755826	36.2194780533
1037	51.8932072255	38.5426083845	36.5589152202
1038	61.6178002494	43.0499566841	37.4629776993
1039	78.3975911346	44.198645286	37.1262291462
1040	55.3076461895	46.7686848888	38.0688475297
1041	29.8228651529	51.8946271743	36.078934845
1042	54.6400451332	39.8640626445	36.7407029342
1043	46.7525172314	53.6151621875	37.5955070115
1044	49.3928916539	66.0146824117	37.8641472506
1045	33.1561438869	72.8155169955	37.0009714028
1046	78.3114486077	73.7201551135	36.9124910191
1047	36.9321103799	76.5679838365	37.7345755663
1048	64.674098855	33.7050003409	37.3887851824
1049	66.9479044191	46.7206024185	37.6344575905
1050	32.5228818927	66.5505077332	37.8313496217
1051	63.5291870257	76.237854036	38.1226058072
1052	44.7208747818	35.8032619662	37.5520834871
1053	39.1705328619	39.3797292361	37.6400643293
1054	33.8100128326	47.05692424	37.1466917722
1055	48.9022107008	59.8724620489	38.7941277666
1056	56.574915677	75.9995535214	38.0474845136
1057	53.3244563298	56.5721112363	39.4238102791
1058	58.6727832293	87.3507406843	37.1248230171
1059	63.2238493239	49.38889021	39.0089659259
1060	70.4887684064	37.422987475	37.9465820904
1061	70.1284097979	53.1724146835	38.6245666584
1062	49.1866791086	35.8771162824	38.3048223036
1063	67.2115675453	59.9939975963	39.1900343034
1064	72.1916725688	62.1192479301	38.456793975
1065	53.2578405383	72.2734282373	39.0953802579
1066	38.0805100423	43.0252692973	38.4120522704
1067	33.4084448994	58.4219315652	38.4839544733
1068	81.1624672357	62.3410363701	37.8342375919
1069	67.9477674489	66.0532168072	38.3603705392
1070	69.1771081235	82.6340296481	37.9857025612
1071	59.0902175255	53.3649271027	39.6009202366
1072	55.8596565951	66.0532878076	39.4809255437
1073	50.1355693722	86.0177987683	38.3425078845
1074	79.7563866983	52.2403611702	38.8848798362
1075	61.6261606234	63.9671408622	39.5757934956
1076	60.0250656231	70.4996872962	39.4907248563
1077	35.95024385	51.7489668139	39.1232150802
1078	59.0402011208	60.6307375179	39.6752927486
1079	73.4673245006	41.803240482	39.3624716982
1080	64.9513075667	56.2608045048	39.3794950868
1081	39.1777077354	46.9189743366	39.4834731784
1082	79.1293928159	60.2736434618	39.6612844527
1083	64.5082664702	66.7414468677	39.9978249905
1084	43.8133098009	78.3774056707	40.2922602958
1085	73.0912286495	77.5603037925	39.6664705618
1086	55.2377701665	35.73979756	40.0978854911
1087	37.9243290951	70.7663361988	39.996842207
1088	47.1170902	81.3147898629	39.9652361537
1089	61.9150166401	36.7539535553	40.025864967
1090	47.4326705997	39.3988697359	40.0852286806
1091	43.311976325	42.2476675527	40.0544969207
1092	76.6253152609	69.1648499376	40.2674652066
1093	57.5834854379	84.9454813963	39.9420239557
1094	42.8294044745	48.8938708616	41.2288571813
1095	38.0455787046	65.1315281527	40.6174603659
1096	65.1774926112	82.2504825876	40.4960575882
1097	47.807237049	43.8717800365	41.4263519713
1098	76.0133142628	47.065291088	40.5102185104
1099	38.8630526471	54.5150306733	40.9589866559
1100	37.3863303739	59.5876537985	40.7057631561
1101	52.12658327	40.310592203	41.3949794355
1102	67.6396763409	39.7665514312	40.7694624412
1103	70.7255559618	44.4757261027	42.0016867458
1104	52.7779513538	82.6567867981	41.1706772563
1105	42.8192146308	74.2242139804	41.6388233402
1106	75.9887892215	58.6297744851	42.1957126582
1107	43.7286589854	66.5707336441	42.6236548419
1108	42.4621020736	59.9748569377	42.4292266207
1109	75.0393322268	65.5069410908	42.39744236
1110	43.820152261	71.2289915369	42.376396728
1111	59.6803835314	39.3121356169	42.3099999092
1112	69.4997643281	76.0584963318	42.4243453014
1113	59.0832513906	80.1248795923	42.895370659
1114	56.0511319464	41.6814125721	43.1670680133
1115	73.6804749972	51.2095826561	42.5726549436
1116	51.9004249335	77.6319207479	43.367550944
1117	64.6327609965	44.0881740806	43.3828937811
1118	48.7116509547	49.0455393613	43.8130971647
1119	43.3827481298	54.688994338	42.8830024472
1120	71.5072992385	68.8855807114	43.639039843
1121	49.6601688725	73.0516008114	44.1043136281
1122	62.2742040527	76.8150939235	44.1718442143
1123	51.7780419895	45.958275735	43.9549000038
1124	60.8736975591	43.3243896116	43.9822623829
1125	47.7998955207	64.4063831965	44.4535091193
1126	49.4642459422	69.092601616	44.3332673337
1127	67.4041782801	49.6804837308	44.5323466766
1128	48.0936170911	51.7767855892	44.0155659156
1129	70.9373825661	53.7113719186	44.7565013112
1130	48.012396984	55.8251934107	44.3658371743
1131	57.5393394772	46.0158425915	44.4110681061
1132	54.131390434	50.7038955255	45.274426267
1133	72.3974873798	58.0535613897	44.5078589508
1134	70.5492955265	62.6768703544	44.9298689759
1135	66.6117833789	72.5041759389	45.016677822
1136	56.4016924797	73.4357874062	45.2422474453
1137	48.3150958052	59.8804943174	44.9580580551
1138	61.393972306	48.232986804	45.2193205049
1139	66.6249910838	57.3024907642	45.876622744
1140	58.1518999558	51.6853701995	45.9983357918
1141	62.1784795641	54.4299377428	45.8452690596
1142	53.1280523809	61.4164323064	45.7530375229
1143	66.8043472013	64.8588107275	46.0616416451
1144	54.1669045391	64.9735370886	46.2204147683
1145	56.3136511781	68.94878497	46.2167824222
1146	62.5678627007	70.0760793285	46.1604559079
1147	52.5266329879	56.2451707733	45.8880803304
1148	61.0486014737	64.0080663919	46.8252161352
1149	59.3670949664	60.12948494	46.6608489769
1150	56.2430630569	56.9610733228	45.8164668125
