1	56.6796492684	55.6945236671	33.8655670013
2	67.8270011629	8.97067203264	0.811171861789
3	55.2109420488	9.07169625378	1.75718156152
4	61.8466826231	8.87085983531	2.06033303903
5	73.0643344048	9.9393221555	1.36583727023
6	43.6587045075	11.1392710296	0.682305868616
7	63.9719889397	14.2734461056	1.92382835241
8	72.6050998353	15.0625110816	1.39864798427
9	54.6149871094	14.1531841812	1.73265229685
10	48.7344617971	15.1091979223	1.07896680796
11	33.3472600312	16.835440422	1.34823729853
12	44.0529524647	17.226857795	2.78009750202
13	87.4329450245	19.0325652254	1.15080322096
14	69.3667711548	19.9124064373	0.582268873721
15	28.1206794896	20.4341144506	1.82098019763
16	45.4528787232	20.7254044812	2.11295160278
17	56.2613475501	20.7825579998	1.88391369102
18	37.7625083727	20.8836370776	1.84408093897
19	49.6128336485	22.1928050654	0.728017322538
20	23.1338224977	23.1842239183	0.483725813709
21	62.0305811435	24.9120430145	1.67795439841
22	76.4031145009	24.1367585452	1.60498322866
23	31.4041728795	24.6802986592	2.48728169912
24	25.2878181969	27.8564720513	0.852809281653
25	19.7087684006	27.9881817174	0.94950016827
26	68.3675518488	28.551636038	1.46585078357
27	72.8790144048	29.1378938119	1.09850502621
28	83.2001922669	30.0617954094	1.9767914328
29	32.0492619681	30.4905423003	1.85809493688
30	46.4966563969	31.4166612034	3.64729590742
31	41.1587679808	30.9703832357	0.996934342239
32	76.2125350752	32.3027715651	1.87033213683
33	59.1538472002	30.1778614575	1.74498305151
34	65.7117552827	31.8233254945	2.21127832053
35	51.5340113828	32.3888029033	5.35543953871
36	80.8435541357	32.3423644082	1.04814860395
37	91.1186113133	32.7476659293	2.23274986551
38	72.7333589309	33.9357921467	1.16303649762
39	58.6885790296	34.8679214153	2.02610375845
40	23.2423196082	34.6375993929	4.01863317649
41	83.034938623	34.4247800879	0.447337231353
42	44.9325175846	35.6081894788	3.0581450272
43	99.3951108663	36.0001192461	1.96541947258
44	35.2948147029	36.9998045891	4.33997569356
45	68.1093605179	36.488542418	3.37591850031
46	51.1766599623	37.1856489446	2.09326717977
47	63.1259635018	36.8262510874	1.05967577727
48	28.0344556019	36.996926092	2.4235422986
49	87.4766304396	38.4811385196	3.81942925326
50	94.7261980071	38.3573280525	2.05514488536
51	19.5487586965	38.3255119261	2.06752659763
52	37.8985205937	40.5091275237	2.9758603835
53	74.6148851666	39.624530785	3.65802454448
54	58.7981416584	42.1499764489	2.64592996765
55	33.1951592095	40.1968050861	1.97240600641
56	81.731616612	37.688151942	3.63236424296
57	67.0574496828	41.027045184	1.91596067423
58	24.273009132	42.2463668277	1.0566694739
59	46.6180356223	41.9884237391	1.12533836859
60	77.4443188978	42.1500939126	1.10411541608
61	18.0106966025	43.0922980477	2.37080847666
62	101.159135527	43.8925399302	1.88988016074
63	71.2315715916	44.907083126	2.7488303272
64	31.678831453	44.6250887941	2.00775127748
65	82.424053807	44.669439656	1.13768930491
66	79.8338230913	45.1391182075	0.442694011839
67	35.3726886369	46.168338139	2.96877489901
68	66.0898585128	47.5815673818	2.18646213994
69	46.0982216984	49.0172246117	3.23950691423
70	93.9284430009	48.2998175762	0.407996608967
71	17.7442004223	48.1025695346	2.35380074147
72	72.6118531489	48.5133658321	0.841514610896
73	89.2343437192	47.3583084425	1.46704304144
74	24.0407403127	50.338658926	2.0060903505
75	81.5179066489	49.3527853249	0.758060575844
76	61.1187081378	51.9733656453	4.54922464939
77	98.4790314656	49.9834760619	0.579903806087
78	33.1320835225	52.2296843924	3.30903812316
79	39.7514971576	52.2282721802	3.02376493971
80	73.2581511933	52.83736205	1.39638029975
81	19.4446145961	53.0150149452	2.0040188968
82	15.5446821751	53.55310124	3.09192412087
83	67.4760430897	55.2675987338	2.17085639284
84	28.8261238284	55.0647404366	2.98609222902
85	46.941684533	55.4132202838	6.97714054256
86	54.1209452502	57.5283778565	5.34692378784
87	103.34025147	55.8978108204	0.731669274056
88	90.4644502511	53.0933278925	4.20034509597
89	35.7514210005	59.0736997903	4.3388895098
90	96.8402904209	57.7182432847	2.40234291416
91	42.3139155795	59.1040587461	1.92224093634
92	73.4743976519	59.7473443852	1.66256610178
93	62.4642789749	60.8991257773	2.37430130405
94	79.1750553873	60.5750328016	3.90688500102
95	29.9492153291	59.8193586824	2.29772778429
96	47.9210966997	61.6617781174	4.59947975413
97	101.251852638	62.6898686136	1.89109629213
98	85.6582091902	63.1374011879	2.91084692383
99	41.5694242135	63.4585849453	1.85803335331
100	68.4533555971	61.9507234145	0.885628970085
101	21.579582691	64.0676923729	2.23307884236
102	25.6181136621	63.8033585636	0.720881343688
103	31.4211115466	63.9798503101	2.16890242307
104	69.8945971637	65.6509309965	0.711480587587
105	74.8273505747	64.8057479729	1.26495844053
106	54.467720602	66.1606669016	5.40077715973
107	16.3944527995	65.6091732966	2.1601510252
108	89.9639616923	65.2895006619	2.06323792557
109	36.2884606856	67.1832807935	0.525124518301
110	62.2826683516	69.0941783687	4.00002187961
111	28.7394513883	67.8709539	2.24997003786
112	10.581124644	68.9324870049	0.733169384919
113	43.1734470976	69.0518066615	0.800407280772
114	72.6659866279	69.1507166862	1.65007143886
115	46.210095301	69.4248178904	3.17366989802
116	82.2139739644	70.9935213098	2.94958757647
117	95.0835645394	70.5196805721	0.649950389453
118	76.2698961352	71.0840909474	2.90035467654
119	16.1936071238	71.2639920484	0.61690064559
120	68.3047555494	71.9361004779	1.12311263657
121	99.2245743827	71.2783844673	1.03305585157
122	40.1124219698	71.7852534095	2.61594988187
123	30.9319293797	73.5319360678	2.62964690325
124	57.915465152	73.64891177	3.98662720193
125	51.2515405089	73.170595897	5.93778669869
126	86.0109634197	72.3430822084	4.1953530488
127	36.87877414	74.6984981988	3.11697360009
128	64.1106131081	74.1692357172	1.30449906552
129	71.7318828725	76.0307254997	3.27297024411
130	42.7705716505	75.8279206198	1.10397084338
131	66.0385202728	76.4541119003	1.13707491897
132	13.3510145187	76.4522946231	1.30568758079
133	78.2273486661	76.7884901556	2.25885640702
134	48.0767602702	77.53506358	1.22352196152
135	18.6088724356	77.5851199395	1.42530924559
136	59.8247179369	78.4356104821	4.27966801168
137	37.6277494518	79.0045439256	0.802738449956
138	41.9881061695	79.5860176342	2.41714471144
139	73.4718342206	79.4357077331	3.0673266813
140	28.0073794466	79.4279096932	1.12239792581
141	67.5836669881	80.4480128988	1.40407449458
142	34.0153937823	81.0154530708	3.19560275102
143	49.1822055683	80.828469952	0.605704401635
144	95.4479507898	81.2905760947	0.819317712871
145	54.3831716655	82.4918802228	2.36408522921
146	21.7443112896	82.948613163	1.07911874938
147	17.0828047383	83.5164467914	1.306707386
148	39.6969458005	85.0425623981	1.21631824422
149	64.6883952251	83.8946306938	2.95829735292
150	70.9375030875	84.6664583525	2.0760803296
151	45.5972840799	85.2549942642	1.94559173223
152	90.6509739323	85.306356056	0.588821040559
153	51.2823059627	87.5775367836	1.1891758498
154	56.8954628719	87.1085984714	0.845988907746
155	34.4894384291	88.7744212893	3.33866257014
156	60.420991269	87.9276663478	1.99672406618
157	28.968703206	88.9438316372	1.25950999893
158	64.6013835743	90.4275833325	2.26120765019
159	46.6591626794	89.9813981202	1.14242131664
160	24.2218220261	90.4821208521	1.61617500725
161	55.3122357019	91.5665520593	3.1416054874
162	83.0264223416	91.3401351856	2.15398429478
163	36.7386860186	92.9594527938	1.16886584337
164	28.6778482652	93.8584341172	0.810002115928
165	47.2687891411	94.4063502362	3.13844418895
166	56.7831561652	96.0135834441	1.0426549894
167	37.4556604945	98.6272202785	0.519102093676
168	64.1542534202	100.149880015	0.912095571692
169	47.6704082403	27.4520958115	1.18448763135
170	14.37742231	39.5227282728	2.22408534445
171	24.732039485	70.3893258673	3.98429022043
172	82.8282422141	78.0621063286	2.10997037117
173	40.769082372	91.6581205263	3.28476056046
174	77.3434442609	28.2432462084	3.6358900608
175	16.3312498548	59.4402218047	3.5018085336
176	81.222857465	86.8785034591	2.89884713154
177	79.5230674068	11.6454250049	1.62359438419
178	86.304138417	43.7888957674	4.1472570202
179	30.0246514167	50.3247166083	4.94986968133
180	83.841659329	24.4591023871	2.61966947794
181	85.1246604106	57.3435371018	3.60614049291
182	95.4074448911	77.3465099277	2.4772341089
183	93.1407672198	80.8450234833	2.99306535323
184	63.3539098364	21.1142474116	3.81459788744
185	11.4748533613	50.4738564318	3.19011992731
186	77.57935572	53.7914342159	3.89384283186
187	11.0944595052	62.7940452628	2.45031773334
188	43.8989569752	25.2139097413	3.31632045169
189	41.4625239469	34.9050094327	4.37343731276
190	95.1491506329	63.6186841851	2.71797143457
191	22.604281032	77.7054150765	3.05746536564
192	48.4270877085	99.2574971585	2.27419761788
193	77.0943777302	13.0688205154	4.09762263041
194	84.4508397727	51.2203646975	4.67680193347
195	22.300394784	57.3649348083	3.1099561093
196	68.2955249597	65.2197402818	5.25622328736
197	92.3582670279	25.7602738383	3.09787170641
198	37.6111771393	27.6946849664	3.36974053455
199	91.1724568838	72.7759651607	4.32293792976
200	87.5997794458	79.9297898238	3.33895267665
201	72.3824356048	90.5955765382	4.31199915033
202	75.7668811385	94.9485197474	2.48428757838
203	48.0711451205	11.3052290512	3.02927939317
204	81.3581445427	21.2572745975	4.62820641684
205	70.3885560145	24.6353641171	4.70340118328
206	28.2019667212	31.371175964	3.58181361017
207	18.7446768137	32.545072192	3.55093024429
208	76.3389089234	48.3468551044	3.53436291867
209	39.4901843948	14.7830367438	3.3906487178
210	19.7389964224	73.5088715667	3.93031396896
211	77.8217281339	83.4590883066	4.58942110418
212	33.8266890271	95.6568534005	2.94371256576
213	68.5365359851	97.4117078308	3.30685413411
214	11.0820652227	56.1044430027	3.34084211628
215	25.2034680328	83.2070079869	3.78995812571
216	41.1981244057	97.3699196329	3.4979211568
217	51.3155911156	17.9028755864	5.14096404484
218	26.8505384279	46.4278537472	4.72032433377
219	34.8392618139	68.387646263	6.03803315909
220	13.7737896754	71.4110679522	3.85255378601
221	76.1264859832	19.2912765129	3.75437405933
222	42.3039209051	41.785354946	8.56390292665
223	13.1314802599	45.4583856911	4.34636049791
224	51.9794715106	48.7269444161	8.41497304997
225	95.644618038	52.9102709753	4.46570408038
226	19.1019352274	69.1553664657	4.5971914014
227	69.9817092467	71.8323994024	6.0916458292
228	52.2745734759	78.2488764243	6.3559325762
229	69.425484431	18.122289859	4.71589355135
230	87.4324626504	28.1796920077	3.99562457548
231	30.3044582876	83.378285178	3.5617965515
232	63.892244421	94.2558034197	5.13536519692
233	59.0705535432	16.7516177316	5.16343651143
234	51.7551039941	24.3435827104	4.73327057948
235	94.928832062	45.4586546925	4.23065414251
236	70.4354753687	51.557303535	7.6647770926
237	101.0886959	52.5267945889	4.3788707147
238	58.7254756356	82.8816428408	5.4445719834
239	88.4744086152	85.6922521403	4.49739272242
240	82.4179028813	16.1026343081	5.35132574659
241	37.2934087881	32.2071903912	5.48168729643
242	80.3925171719	66.95849206	5.25945779836
243	39.9614391448	85.1161847858	5.71357219769
244	97.3150103891	71.4669381176	5.15774973725
245	47.910531094	82.5171478459	5.09404415468
246	60.6713289824	98.8454296563	4.59319946497
247	69.7468792711	11.5218247298	5.2850928553
248	24.7182400217	25.048677996	4.8305073296
249	57.1213528396	28.2602691745	6.13694118738
250	72.5707965938	32.1926829251	6.40760689577
251	29.4391251018	41.1621214746	6.49053904096
252	42.2148249268	74.8029363882	6.6768262918
253	66.4564633188	76.846231422	6.69194562126
254	22.8417473337	42.7113898096	6.73755835319
255	26.9775185013	58.7160811307	7.0041770315
256	16.1952334134	78.7963365907	4.56993479688
257	91.6311976465	38.6838599873	6.410101359
258	80.6509447913	55.6200571118	7.00499812028
259	26.2200270289	63.6409876169	6.71973260716
260	44.5318852265	89.1023046276	6.47823266987
261	45.9616756072	29.9396568698	7.04460232108
262	31.9004028233	36.0276710439	7.82369950971
263	38.8647932434	65.8886267076	8.24717404336
264	55.0392556372	99.5446435718	5.61592971442
265	41.0578868119	21.297838865	6.81276555438
266	87.9076242433	32.5935125385	7.42897039723
267	82.3209001146	43.8969377905	7.83721870518
268	88.0325629276	57.4710217235	8.16828847042
269	63.9665590866	74.0881170402	6.4176713595
270	32.7274859443	19.5223608105	6.39702565677
271	36.5913461427	23.3099745428	7.53258620428
272	59.5559735458	24.7881824419	8.44285061984
273	65.5210091104	28.4553031837	6.81914360712
274	58.1649393835	44.6939403555	10.5130142398
275	45.4170887821	75.4507638663	8.46917565663
276	69.9307774395	85.5681843717	7.28131941503
277	56.0321416151	86.3429966457	6.70160557538
278	23.173891154	87.5468095085	5.1633539892
279	29.8743607141	92.5097106075	6.05962523914
280	87.8873982915	64.9887733102	8.32024247781
281	69.8439215961	79.9016983394	8.26571604822
282	19.5672764916	82.7241138182	6.25232222221
283	65.7621874664	17.5141467941	8.33574863838
284	76.7884845353	24.4141742893	8.0618807644
285	95.6456944724	33.4687949599	6.37152573576
286	73.978807217	37.0014199021	6.59261576317
287	99.6023327022	42.8935666374	6.48549870541
288	79.1672492532	46.7876817104	6.5406467095
289	62.3180750083	61.0854443207	9.65837531642
290	28.7187849497	76.1097514879	6.69189548821
291	79.403332354	78.3478038514	7.64695884609
292	87.5026688226	21.3666547664	6.9419990199
293	80.4688009217	27.9141556626	7.4239159065
294	80.2030696015	34.7063639043	7.54887018986
295	43.6746559329	45.7622713441	7.51321489635
296	36.0089112893	77.9496489755	8.71605028968
297	79.7828686964	91.5314532974	7.66588644118
298	74.0806063754	17.7588706239	7.09556543471
299	26.6812311381	29.0049972524	6.70724582539
300	71.7485252463	58.9443991958	8.73829299489
301	73.8339709854	64.910805991	8.83886880224
302	61.3851990695	89.8175319582	9.1519720224
303	61.2919893035	11.4767189043	6.90229773378
304	82.8417317112	30.3635074792	7.99873902676
305	23.5038935345	51.8071328217	8.13268093209
306	28.9646468494	86.0344038282	7.49460149022
307	62.0030586001	33.2908711555	7.65973919097
308	45.8426330287	66.4023176819	12.1092027841
309	55.0944471226	94.8249919974	7.10315386432
310	36.9287930397	95.0824387357	7.89673461893
311	66.4283753457	47.619205444	11.9616342659
312	99.629674112	62.5648444736	7.67419345339
313	13.328699767	64.1656548174	7.19341041228
314	39.4207776045	91.1732690657	8.48284457233
315	41.6249719629	59.9083151967	12.0405643817
316	76.9357288144	73.7394151564	9.57906784332
317	24.6091324068	78.5355739367	8.63644888946
318	61.9493458217	39.0096679204	8.88173527479
319	15.365496647	40.8665977975	8.17698581456
320	64.4724732762	42.3305369807	11.5377905425
321	58.9758209053	53.1212297944	12.2787768902
322	93.5652926042	58.0069441748	9.06830972573
323	93.541267102	66.4359360086	8.01050960972
324	30.1484183158	68.1847776673	10.2451914314
325	57.6042769772	19.7237828705	9.94618262776
326	51.0634192139	39.648677343	9.90480339292
327	40.3935201862	53.5159041523	12.1347149271
328	50.540568844	89.3694136533	8.70805422148
329	54.7739883914	12.2280410236	7.61324425102
330	42.7561521551	25.9981330611	8.89045467925
331	57.0041571767	35.7861394798	10.8400640575
332	17.8347752946	48.7189407082	8.81984211632
333	70.8637712063	70.134271169	10.7670115102
334	65.6898311707	97.6570870376	9.59500133758
335	47.2908496097	14.7209233999	9.1815538077
336	39.509357336	72.587879389	12.5890953216
337	85.3448397985	79.0136894788	9.02763549
338	33.1638859167	28.5579163183	9.12347037736
339	66.3799589253	34.0970070188	10.5765363221
340	39.5397104232	37.4853308915	11.1298319301
341	19.6618804384	40.8968918055	10.0505682973
342	71.2899827338	44.0356802106	9.85238404341
343	74.2011266424	80.4535988449	8.79602119105
344	46.4921484331	21.1225358283	10.1356688978
345	45.5687825328	85.021838891	9.59820666371
346	34.1696718625	87.0050108577	10.2819860281
347	49.2061503267	98.0696825005	9.59673239443
348	21.0699334574	30.623426994	9.69985093732
349	36.0518468516	50.8419428141	13.2896203999
350	18.6348580126	55.4221198135	10.7949006871
351	42.7215839132	80.3681774341	11.1471000884
352	64.4977714531	81.586903131	9.47955155535
353	48.6881185878	27.5084106868	10.677277005
354	78.6641313457	39.0628953683	11.9680754485
355	90.4955849117	41.2805564807	10.6968282149
356	31.9638487199	46.3912775435	9.21795728395
357	81.2827992445	61.9908185055	10.6360365015
358	18.4333438662	62.7779802889	10.6854986467
359	32.0810528183	62.6193287311	10.8985214047
360	63.8060391293	69.9812645509	12.5141753445
361	18.3205099477	77.3677835689	9.7355222094
362	79.6575239088	86.2283683687	10.4239391825
363	29.7503601702	22.3859692957	10.294263955
364	27.2510696043	38.5285778789	11.2364307556
365	66.8499579924	26.3700108134	11.1400354869
366	35.9130766393	43.6641141752	11.9086902064
367	66.7527968066	55.099227861	14.4307218325
368	67.2693667947	90.2765817671	11.7136875064
369	75.5383518738	29.1584042407	9.98970627907
370	40.1503337567	32.124339564	12.3174748333
371	83.7512111099	41.4719143901	11.3608470541
372	27.0982689237	47.3145127861	11.0811092254
373	87.6821525087	48.2039822468	10.9595051958
374	13.3337114659	54.3806983308	10.3507992866
375	23.2428697106	60.2344107488	12.0219347186
376	16.1754652917	70.8524730161	10.4231651201
377	29.3025971025	81.6465620383	12.0502007719
378	86.1240748031	86.0283777601	10.4891196231
379	73.1925743771	88.9409457393	11.6943156182
380	73.1242767976	94.5812580044	11.0486844408
381	39.2979321746	17.6965512472	10.4861404572
382	37.9120968838	29.6255816066	11.8750880955
383	31.2507067666	34.151477229	12.8333209559
384	92.6690913076	78.4175361801	9.79147166339
385	35.8729671164	81.4500906808	12.4950529985
386	72.8135019744	21.3723539018	11.7969079595
387	89.9229136635	26.7891203797	10.9377326987
388	71.5612660039	31.4980642587	11.3293425425
389	85.0825079867	44.7132586706	11.1939924906
390	93.1201639129	49.6720333271	11.4730938229
391	21.1924634292	67.0806255626	11.6432904476
392	58.6848235329	73.919655337	14.5959799441
393	64.988124116	85.3121180584	12.0941784484
394	52.1866500783	20.6255046334	12.3094819463
395	31.4969216561	26.0882435467	11.9617752491
396	83.5404722134	27.3698223649	11.1209724962
397	82.9599919825	69.689689766	12.9503991046
398	33.9091792032	71.9374903459	11.8496957085
399	42.3155023859	96.4602959697	10.8878516636
400	67.4568616861	13.7308313105	10.6765296704
401	71.5145885937	14.4415054593	10.8781802918
402	76.9320446251	52.9199209775	13.2285791845
403	28.0186146503	54.9467530063	11.1570858487
404	51.6695737829	83.3028134093	12.393370649
405	44.9758015572	92.2680870604	11.6020863317
406	76.8641651857	16.127583864	11.1774962027
407	69.3940500877	37.6153702131	12.8359973213
408	96.2703368113	41.4183907042	11.5070568894
409	98.9469698516	54.0110626106	11.4000773442
410	82.3933684729	54.3451677104	12.1701236998
411	30.9221969366	56.1178540481	13.6886271019
412	14.0733714251	63.0036207704	11.9809898818
413	18.0229659662	36.4224354499	12.2110409135
414	60.9443444615	80.8888719075	14.0940798301
415	61.9647524724	14.7870437196	12.4367297114
416	63.1866891622	21.3443044798	13.0864475006
417	67.5769711658	21.6808066738	12.0068183895
418	77.9013328312	23.1791211461	12.083800581
419	22.5686405212	73.2843073068	12.4069924611
420	40.8776213148	77.3870683266	14.2011161771
421	23.6198818334	84.2426338196	12.3328194942
422	39.8262613957	88.1340067711	13.0906140935
423	27.1218099894	31.7907830568	12.9812106285
424	57.0181855075	87.0261910544	13.6781450552
425	75.666565585	35.5534630089	13.86498018
426	86.26621163	38.2076039528	13.3096172898
427	54.4106875162	69.4480329852	15.6551001397
428	89.4698444143	71.0341017209	12.3322716236
429	31.7668213422	72.8196614055	14.2664335919
430	35.8450645163	93.542959287	12.7132615285
431	54.6033767221	25.7103524592	12.9178682808
432	85.5512750082	34.6720135592	12.1260878668
433	44.8593762655	37.3574307735	13.4880620674
434	88.5338647308	56.8127439525	13.97936524
435	75.4798256375	83.945313418	13.8995133103
436	28.9519615341	89.7308548439	11.8566387646
437	58.7374987777	97.8497166583	12.7336232827
438	53.9882330586	15.558223956	13.6169900646
439	78.7207979942	44.1306287774	14.5276095698
440	75.0075882941	67.5266202814	13.7657572856
441	26.5178741182	69.689040433	13.8114578704
442	50.207702276	73.13637442	15.1585261844
443	49.4228773347	77.4857305103	15.2276625527
444	71.3035000502	81.2553041746	13.878559267
445	74.4366329145	42.4777684621	13.4628088615
446	23.7036809919	36.2928303566	15.3895313395
447	80.8229174201	81.6884420598	14.3928833811
448	25.915628601	25.7851320971	13.6960596675
449	96.8594739878	47.3004147291	13.6137541424
450	59.6954101893	60.7604721952	17.4870252758
451	91.1506918142	62.990781488	14.0813902054
452	96.0002129152	70.3924697568	13.2916079331
453	49.6804365008	92.8823597025	15.0654932105
454	82.0478949417	19.0508860536	13.4215929204
455	41.528341272	22.5554321105	14.0929595113
456	58.6594793643	31.1295009873	15.0117974311
457	92.672250806	34.6012928883	13.1951356172
458	76.9472847	60.8963796329	15.8862961951
459	78.0586388272	76.4894930164	15.8946681512
460	61.4839908793	93.316146908	14.68124427
461	83.2553884667	23.0689099216	14.4782219122
462	14.9567541508	44.3625108238	14.0916303926
463	71.1391649537	25.4016142202	15.480193948
464	62.3585838227	28.7856743384	14.7003660288
465	85.769381803	43.8289690136	15.0132261558
466	51.8124211167	58.9858879737	16.5344267001
467	79.9073232393	30.2377699177	14.3640692142
468	53.166200976	32.3470109881	17.0832505166
469	31.876438517	46.8869490946	15.6643665528
470	90.1178770568	48.2983895626	15.6558134865
471	67.0415471931	66.1020874915	17.1854761255
472	79.131709217	90.6187423399	14.455053942
473	69.084336607	32.586755508	15.9450939862
474	24.4592281628	47.1760808326	15.5268671024
475	84.5028602499	53.9777790481	14.5619637489
476	70.2159545098	75.4976804361	15.4131198485
477	65.9384438377	78.4141028692	16.1184232214
478	55.7253699205	92.0826610651	14.9105507307
479	66.8859694846	95.2668105798	15.4134298635
480	74.8746318177	26.446209982	16.0854928288
481	21.3979244111	31.6951489122	15.3171524468
482	34.7100346384	59.7522018936	16.542415917
483	86.9752869865	65.1453810639	16.3264252997
484	55.2346348871	74.2559348439	15.0680749544
485	40.9982620065	82.0756729972	16.7237192254
486	45.5241411554	17.2604790344	15.367988484
487	49.9857926376	22.4115979926	16.6842505378
488	42.7151542816	35.0198705942	16.4823782863
489	20.0777511586	45.1661151463	16.6518530506
490	48.9092601807	51.5490237708	20.6374908151
491	97.3764728327	62.4786591106	14.6770349099
492	38.5963879701	24.9798807103	16.769819813
493	44.1145109424	31.0567173123	17.3390834648
494	35.0701887611	36.7701547147	17.0468669857
495	81.4509653356	48.3240075207	16.3375524883
496	73.5834416532	48.9227726268	16.9596153627
497	25.4728417854	54.225227594	16.8629841528
498	83.2038881398	62.6937028475	16.9491589328
499	54.2496397784	65.4549889968	18.1116614626
500	84.9354602338	76.169904014	14.6137379592
501	70.9734105307	17.8011009896	15.55501584
502	87.9238686983	29.5945552126	15.4745457093
503	73.2801589593	30.6420489066	17.1838002918
504	30.4299405842	51.7380872655	16.5858240581
505	62.6168611186	75.651937502	17.1909855285
506	90.4155288826	78.6676396863	16.04648162
507	82.5718116632	37.3442999627	16.8977926343
508	39.4605647812	39.7451343444	17.6767892036
509	34.3999322218	42.3835782175	16.5202113293
510	32.7312884175	21.5187996938	15.3403714971
511	46.6361786924	26.7655680429	17.5342988388
512	63.08571125	35.1975695212	18.3582026344
513	29.5724451826	76.8559814447	16.7781589993
514	36.5682898767	85.8523409262	17.7119170738
515	46.2231575669	86.6945284255	17.8937424767
516	62.1300391858	16.8527538085	16.4646327628
517	78.0352969696	20.5969886836	16.3466618661
518	19.5134906527	50.8127639444	17.4980322026
519	73.2594022428	54.5473464726	17.1187902488
520	90.9472879138	56.5699982137	16.8774646649
521	67.8675528208	60.8342064919	17.7208688448
522	60.533382505	67.1614870132	20.0938319159
523	17.1942018648	71.7334195942	16.6412686458
524	74.0725898302	73.2330398459	18.3959422021
525	55.0927877708	79.3377225631	18.36989528
526	21.9538447682	80.0074696582	17.0570901111
527	23.6225776362	41.2393313751	17.6718939049
528	49.3805918781	42.4194438409	18.5054683987
529	79.5703651185	58.3366280839	18.7450869133
530	45.6337422975	96.1057390845	16.7856097782
531	92.059672523	41.1610239401	17.1681029092
532	64.192802954	49.1273896962	19.229191112
533	13.942008932	52.7574296081	17.4740229814
534	96.2362887502	55.6285627228	16.5392481969
535	27.8158416281	63.9129292893	17.8535029777
536	56.5909013328	82.8244466394	17.179722202
537	63.8386807095	85.8903597237	17.7749393861
538	57.0738969119	96.6079220874	17.4337075316
539	48.3258592629	34.1276681625	17.6816958252
540	47.6754394438	81.1411055235	19.4100404225
541	85.0306367314	84.7560595707	16.476142589
542	76.0155060785	86.1106699601	18.7146226271
543	66.0757885396	25.5103008129	18.6598455845
544	36.3783610911	30.828696612	18.4733991234
545	42.5694067689	45.8055242959	19.1556244877
546	19.5014663406	57.5783934437	18.3952677034
547	87.9862217765	33.9132706886	17.8522640726
548	25.6950668	78.277621727	18.8819089026
549	30.7802489897	82.8751817493	18.5963862609
550	70.0604162357	85.4182180027	18.148033531
551	57.2385606492	23.0001089043	18.0301979026
552	67.3289285349	42.9607161279	20.4102132223
553	86.7520779127	43.5141217899	18.2260877566
554	28.2553061207	60.0418681927	19.1867195544
555	41.7013748379	90.1546358806	18.3566119077
556	32.5775617797	27.7755574762	18.6514933398
557	50.9940043433	29.5954860882	19.9434336679
558	61.9538732709	30.0133903949	20.4215145879
559	86.4862063525	71.4708352727	18.8198963388
560	36.0102730362	76.2139581835	19.3334355214
561	65.5573072585	90.365553103	19.07912086
562	79.203056991	32.1572557686	18.6474419058
563	62.9845199162	38.6904475983	18.775052525
564	58.8405464873	42.4913315285	21.3786095616
565	71.395398197	58.4304225136	20.2058434435
566	35.8159229278	92.2177246681	18.3602372015
567	26.8428401655	32.3210434796	19.6334084538
568	30.9452370809	40.804511688	20.1384052845
569	93.9132571935	50.7392618948	19.1256057197
570	39.0786547635	69.2748892465	19.3833340078
571	28.8688332512	87.1631752624	18.8124194772
572	52.7583669657	38.2112852714	20.848600692
573	28.6125139808	45.057149372	19.5616495953
574	86.474576767	51.5167948239	19.4793316733
575	40.1980670684	63.6674408176	21.4333451978
576	33.5036348483	66.1733824696	21.175610096
577	78.5385962694	25.0127215618	19.3453774569
578	73.2722822516	39.6702477909	20.1267265125
579	76.3476909564	67.3730537786	19.3745234846
580	51.7881580146	85.1797926391	19.7414165228
581	59.1149888373	90.0052275502	20.140461178
582	24.5227605776	28.2480454351	18.5897242401
583	41.3953624389	29.2101864964	19.7139907629
584	79.3555538204	43.3943623392	19.1784162114
585	56.1295068208	47.0191657606	21.8585157401
586	58.185412264	54.4077330781	22.3371910669
587	40.6005287716	53.3332028975	22.3154114347
588	14.2731214557	60.1332709851	20.4315716654
589	45.889905514	67.7972046606	21.4102608004
590	78.6714505484	70.0009898424	20.8841502982
591	23.2561089855	72.2218454205	19.8113726858
592	54.0814380482	17.9143559348	19.0447622098
593	84.1137643365	30.3861224057	19.5073422602
594	69.1683007697	20.5847519981	19.5035509906
595	87.710616748	59.9311234503	20.6103823646
596	15.0909270268	64.6785744205	20.042046902
597	88.2136358594	66.3124649406	20.4022685317
598	52.1915871899	90.32264182	20.4935341786
599	37.4934643068	20.9905905197	21.0534411126
600	76.9320035718	36.3125733491	20.5370397236
601	91.410516642	72.8406483355	19.6075349231
602	82.6931026798	73.8219296027	20.8216770565
603	34.4655975229	81.6935908619	21.5187278591
604	80.339838327	87.3143610427	20.391937837
605	61.7680467137	19.5435627322	20.4273362909
606	21.1818972953	66.6893815955	20.9134021666
607	56.676586792	29.1850803947	22.822367209
608	69.8682149714	33.2735348153	20.2151063561
609	20.6319593906	34.2544290381	20.9141407549
610	18.3159665809	39.0627817393	21.2674255406
611	28.4717756677	37.5612296878	22.8628081045
612	25.0619608004	61.6950121038	22.7677057589
613	45.4036221886	58.602538367	23.8547488013
614	72.2652417894	61.2137532782	22.6961491862
615	28.5821369785	70.0529051549	21.7918159606
616	37.7005645735	71.9116740798	22.3047457313
617	45.4892619797	75.9711252553	22.2577717969
618	67.39949017	81.2883496369	21.252695687
619	73.0745163406	91.8991241108	19.9648038039
620	57.5794902555	35.3319879503	22.502822611
621	76.4117288925	54.1574855785	21.8279158179
622	93.4539741651	60.1782442419	20.786978199
623	19.8339122795	62.6435274845	22.4306152385
624	73.1026446173	78.165581822	21.1910070581
625	74.7346528984	83.5259096528	22.9966274591
626	70.7668569401	88.4671489185	21.1100982105
627	45.8014831999	18.8193312939	21.1292613229
628	30.8632726875	32.9895714317	22.961646176
629	38.5662090614	35.9413055312	22.5526759376
630	15.8088683432	45.4646035801	21.6329178963
631	27.2212003095	50.3709352267	22.7819857152
632	66.5424210703	55.1420485215	22.0590912681
633	39.7138962104	59.9642128208	22.9000013749
634	83.5407074097	69.5413989857	23.6145155367
635	41.731960404	74.8015376888	22.787508501
636	45.1673857604	23.8016288272	22.3075003457
637	51.3350472892	25.5888784068	23.8932550745
638	74.0906957084	29.3885472101	21.9399952337
639	24.3213573548	54.8916338781	22.5096116941
640	34.8671419865	55.6645298482	23.0961685062
641	40.4858778638	81.4030014115	21.777776392
642	69.1560083706	66.0135868622	22.4587298745
643	70.0817028299	71.6558066088	22.6521866151
644	92.838525748	65.8156123014	21.6788120959
645	80.3786128449	79.8694088446	21.1890017137
646	60.7378506642	80.6137011355	22.8061499153
647	86.7936127946	37.4945726531	21.7336368407
648	69.1985993999	46.1839965861	22.3912185835
649	52.7178100138	59.5677615768	23.7964973329
650	57.124595662	74.9412092105	22.8429933921
651	22.3747642208	42.5186941753	23.8031725716
652	82.2765383639	41.9114040749	23.2609480306
653	85.2635835734	55.832919893	24.0471152802
654	61.1035669918	84.5110365483	22.7104112881
655	55.9969322072	86.8501239331	25.3070264836
656	67.6510759166	37.8616936	24.0562025307
657	45.7556585765	39.6701688017	25.0924827223
658	17.1003338372	69.987500818	22.095660106
659	78.0796056416	75.304581664	24.6634144295
660	64.6129850197	76.4051906883	23.7518324094
661	86.2782739089	79.4656621556	22.6572557185
662	89.946266142	44.7818965722	22.1857261105
663	91.8121329582	52.4612710358	22.2026282485
664	38.1914768711	87.3637877303	23.8758857311
665	41.8327949674	93.7892064882	22.8306714953
666	78.6882737693	35.0734761491	24.0953069372
667	33.4608521677	49.4070810684	24.9440098193
668	71.3362453804	50.7799212166	24.1981183669
669	63.2275358722	71.8016141648	23.0748648105
670	23.9909276531	81.7709150595	22.6392831906
671	48.1825684177	95.2429224567	23.467442617
672	20.9565927708	49.0053057058	23.835801615
673	81.1027036196	53.6094689164	24.0313898169
674	29.5607418332	25.8941250854	23.9182732229
675	76.8731971873	26.1282475204	22.6763711259
676	65.4472191844	33.8887783561	23.6424794412
677	38.3900237387	46.7524528162	25.1442420018
678	18.0699290945	57.1193010626	23.8577195572
679	82.9236000225	62.1997934412	24.2249469418
680	64.2584751686	61.0293647632	25.2917661494
681	54.3091593641	95.8235739834	23.7454217388
682	41.609733618	41.6476851839	25.9962321251
683	73.8534489587	45.2352390805	24.4796801321
684	50.9097758901	70.3185929985	25.8099625627
685	20.3046300439	76.2460921282	24.0965241221
686	63.6711973488	26.7893686231	25.6108331099
687	34.9369983684	28.3420522229	24.4198654056
688	67.6643911191	29.2765224329	25.4792284866
689	35.5638119332	42.8147257171	26.7298284201
690	28.6419782526	78.0808535195	24.6756594349
691	34.458707683	90.378213068	24.1315493916
692	66.6067964162	93.714101389	24.5050389015
693	71.7580547508	24.3395974157	23.7731281525
694	35.5229153937	36.5104296035	26.2775991054
695	33.2698816295	58.8651927163	25.7767179436
696	77.3067795749	49.3254284735	26.1754387953
697	14.1785699169	55.2899885196	24.7570054912
698	23.581047392	72.2218903004	25.4091569542
699	45.6329219091	90.1258588061	24.8343899273
700	35.3516367772	73.3477930473	25.8428206362
701	35.2583613462	78.0952300982	24.1609571138
702	60.1264804803	95.2208867128	25.0118693077
703	81.3568757356	31.5895822723	24.5281353725
704	51.5879258129	42.8180607736	26.9757011534
705	72.5879161971	33.6823430516	26.6044016231
706	43.7446829459	49.7254457883	27.6410082664
707	88.9857093804	71.606093992	25.2091523654
708	60.1872748609	20.6642692976	25.10243679
709	40.6245699811	26.6137993316	25.9982290479
710	45.7519559687	29.8305192026	26.5499011572
711	30.0230145518	42.3015663667	26.6959907181
712	82.9735792287	47.064313997	26.3884180075
713	65.1672663454	50.0235309282	27.672846421
714	76.5175604066	59.8626975335	26.9354770509
715	36.3099616529	67.8651227308	26.2564509186
716	44.3178977894	85.3330226231	25.9098084341
717	25.9636546728	30.1529945669	26.4590789989
718	74.0647587894	39.9294362817	26.4201277896
719	78.0328210861	63.9003688083	25.8015266379
720	76.1839092084	69.453196669	26.2050800609
721	51.9759804584	73.2562681217	29.127018548
722	72.4799469025	79.2297902077	26.3399634274
723	54.6043068441	82.3909402077	26.4820874887
724	66.060775345	87.6557533462	26.1831265417
725	60.9286884619	90.0316930323	26.8950212743
726	58.1025023749	25.5298326401	26.1714394511
727	25.9522128097	36.6417925752	26.4057936885
728	29.0311069865	57.6221038208	27.063246417
729	28.8116445577	85.491550245	26.0511884019
730	43.0443356651	21.0669770764	27.2374102863
731	47.9833996831	47.0261252141	28.7669157941
732	38.9183826368	83.5146648111	27.000315332
733	49.5988387487	20.476699652	26.1826210216
734	42.5002003472	34.6575502373	27.5147393535
735	88.3932556395	48.7697136441	26.7220775465
736	57.4652375388	69.7944458871	28.6214909912
737	47.7717955971	81.9620494796	27.4307628603
738	25.2666374392	46.0150339446	27.2639339987
739	15.7678070958	49.6934553391	27.0138695095
740	20.4585305386	52.526966424	27.5522997892
741	90.4670620969	56.9636383272	25.8886102143
742	79.3568295452	86.1646658606	25.9055894797
743	52.5263185705	91.2875778466	26.971425667
744	50.9274828679	38.4253359113	28.1996194207
745	58.7345417336	64.877672691	28.604148014
746	71.5654132554	65.7995146595	28.6972664845
747	23.1835086967	67.392795361	27.2885638074
748	41.6398456743	69.0016900703	28.7092961373
749	66.6292376525	79.6980780801	28.3780971939
750	73.555569133	90.1777078791	26.4014348481
751	21.638363833	36.1048217563	27.3002252852
752	39.1280088602	55.8842869275	29.399387485
753	63.5811408875	68.8959262713	27.4449801964
754	38.8702280321	30.6622866218	29.3825656286
755	22.1910123385	58.5487174466	28.3226373927
756	27.3507994665	72.704550106	29.1552683425
757	73.2633175479	73.0536254915	28.54663925
758	41.0304275036	79.4427510638	27.2380498729
759	33.6294878595	83.1376686158	27.977606325
760	67.5947370488	23.800278298	27.3920541181
761	51.0632558074	33.0590588818	28.8660298043
762	64.2993279143	34.4063371475	28.841837892
763	85.6142020089	39.9948322367	27.4845250015
764	57.3270364977	40.2990503294	27.3593317247
765	26.0698616877	52.0688133515	27.5626651533
766	62.4540705724	53.1207507577	28.7905725478
767	55.0323373806	20.7135530766	27.6578193427
768	70.4376477875	56.4428476085	29.2355271253
769	51.8268407614	63.73198582	30.2955966596
770	70.0352961091	85.6704594724	28.9691742696
771	62.7599709469	29.9816242183	30.1846245796
772	16.4807084943	64.7134830814	28.5148391438
773	32.4456689698	68.8863869598	30.1528499089
774	33.5184029215	74.3260173899	29.0988876732
775	50.8579489785	86.8147515342	28.9508415016
776	35.4987822129	24.5742998712	28.9150830841
777	63.9147913768	42.0595463459	28.6361099322
778	48.6388053267	52.8589960443	30.9854418944
779	45.1872242575	64.4596257349	29.4757267127
780	30.4806492993	64.6032225726	28.6316434853
781	50.478286947	77.0413867758	29.8847378664
782	31.6566003126	48.0354043044	30.9031842495
783	57.0851352996	47.0247076259	29.9301946575
784	55.8870432841	54.2234233256	29.2232321717
785	80.5426890355	56.6811068813	28.8833557749
786	51.1837766645	59.3975954765	34.6247228461
787	75.6295660937	82.2044472793	28.7293348118
788	33.7883387648	32.5005942116	29.660818073
789	77.9974688373	38.9747461647	29.4618655075
790	84.8546764109	62.2299858006	28.5216124365
791	80.942241497	69.2046696189	29.6446560104
792	45.4203367224	71.5692554823	30.3897950284
793	80.1020122278	75.8951340264	28.6362862016
794	59.421178335	77.5777250949	29.1741281287
795	58.6525372486	34.0229641629	29.1432856803
796	30.9525428739	55.0681634988	31.2506850848
797	75.8238278221	54.6864758831	30.6343387409
798	58.8265209225	59.6638892697	30.5932272365
799	22.5906824013	64.5177018722	30.4495102709
800	67.8814077193	71.5848318329	29.1178189437
801	49.5608875643	25.9672483213	29.6141360692
802	74.2383221564	28.6363917673	29.7971086433
803	18.3163595487	43.9236022473	29.1939697129
804	37.9997273826	64.0779597096	30.9094109048
805	88.0828205163	68.052332567	29.1066697453
806	22.806041032	78.3686838444	29.2559190974
807	83.2035967025	79.3398955378	28.956198345
808	59.2330900152	38.4311269815	30.0023113126
809	28.9211204433	78.3624457655	29.8239722687
810	30.9436485629	34.8440709767	30.8958062864
811	65.3547837752	62.0115105535	30.0802066805
812	27.8658375646	83.8153096923	30.6471942077
813	71.3227730019	43.7162585698	31.3680142612
814	64.7588981887	45.746617149	30.6532236467
815	88.9876267072	59.8163523964	30.160653191
816	43.315274548	60.8776182434	31.6124873687
817	41.1561036318	92.6260272078	29.1781002497
818	48.301385329	94.4503373843	29.528872726
819	69.0095865513	48.2033216778	31.7912133774
820	36.3170649242	79.3401568416	31.3702594329
821	44.7546598467	26.8743433309	31.5486337684
822	27.1198113491	39.809309792	30.746524423
823	15.8122442894	56.2429084155	30.0645376519
824	56.6153766368	75.7005433748	32.2631658519
825	42.366599872	77.8418878291	31.766550913
826	67.690042387	38.0374738067	30.6601384469
827	23.2735968143	45.2916760428	30.929732097
828	19.7424268131	71.3404086735	30.617269485
829	60.5125775846	83.8897479814	30.137888522
830	44.039476537	88.6311430008	32.0618993127
831	82.0630454891	35.7392819751	30.3217907045
832	41.0750452771	39.4714165922	32.3534774388
833	38.8260966039	71.3359289035	33.3984295575
834	26.214247742	61.2237140506	31.7560739913
835	78.767523191	32.4645947309	31.1781852787
836	82.5700961593	52.963860853	31.9990054827
837	75.9350840625	49.1099456856	32.9919390431
838	57.3576608417	89.1289908434	32.3048842534
839	69.6586490729	33.5068123289	33.2439466594
840	73.862510206	35.7759029024	32.0138220628
841	26.7523368775	68.8027023612	32.1086505083
842	42.9743631224	83.4504238035	32.2451044114
843	38.150933917	85.4564024588	31.9893074917
844	35.4003139394	89.2254917162	31.8304029617
845	86.9332003726	47.1150741735	31.8935163619
846	41.8378009359	48.4990081465	33.6223811813
847	24.6366372322	55.4395781439	33.7328107543
848	35.8972459051	56.230352855	33.5985114988
849	75.7117661696	61.2366285351	32.2355347283
850	54.0242778569	82.1381895804	32.2330209489
851	53.5021206213	27.7074943163	32.7955093698
852	58.2768231093	30.5458294409	33.9603216727
853	25.7973210571	50.1556630075	33.2327702709
854	70.7906280398	75.7139657502	32.4174378214
855	75.7534518045	78.2090405779	32.7550576211
856	48.5826551003	22.0664002457	32.3668517789
857	54.455162471	22.4334105736	33.3635085893
858	44.9048907883	36.0680329308	33.8272626993
859	77.5615692366	43.7321730911	34.1100059439
860	38.8424211974	45.0655743411	34.0132407125
861	24.6372885986	35.8183675141	33.5410046349
862	81.6968215828	64.0903463661	33.1398535934
863	63.2677190008	74.0487951495	33.4956511243
864	30.6683667135	75.5171832326	33.0524026881
865	60.6215892273	23.875001188	33.3218377685
866	26.8752857948	65.4647885592	33.9931910806
867	56.7406368279	68.6155389139	34.1556990215
868	62.3558894436	93.5119377888	32.1595434093
869	55.569439282	94.1842913149	32.2535891163
870	31.0260288198	29.6997958955	33.6515139092
871	37.0953120112	35.6597137385	34.5770482403
872	20.5988290513	41.8193199238	33.084958513
873	70.3711867096	51.4662133843	32.6450477607
874	34.729215765	63.4030621867	35.1233589035
875	76.3294652965	66.7623925305	34.9603557898
876	71.1876079319	81.7465129907	34.1979651351
877	65.5005009901	85.7696047385	34.7418783305
878	68.5766726576	91.1713754783	32.6321077538
879	50.4427316352	36.061801053	34.3518452931
880	34.8099435258	39.2377499087	34.9020679343
881	67.2273714298	61.4641156905	34.7769671638
882	65.4163065203	80.1218216652	33.713370073
883	75.4081616971	86.9207806818	33.3358545326
884	42.5459949842	22.8804977213	32.6375651717
885	83.6014423369	41.6492391655	34.3392568388
886	59.9686153754	45.3927000088	35.5379366961
887	46.4956865038	44.8905923976	36.1139972201
888	87.4757261104	55.2961776891	33.884220303
889	64.1965900846	67.7474575386	35.350418357
890	49.0205357682	84.7302900709	34.4192485531
891	31.2405834315	42.133153134	34.9203867123
892	37.4631622813	50.355824983	34.6642706887
893	54.9862909746	55.3163621094	36.2690486041
894	44.0570375291	54.6718326219	35.0136078877
895	68.7685296273	55.7046116902	34.2321875736
896	58.3349916856	52.7086511664	36.0915803762
897	18.7901051234	59.6249140247	34.650267896
898	39.0876894661	25.8407804605	35.0247890545
899	53.3660604566	42.8809798449	35.5158865638
900	18.9894490971	49.6025552229	34.6564035651
901	61.5082389654	60.0527545527	35.2679789748
902	18.6541530665	65.1839477499	33.8420579999
903	39.3065277184	32.3474110249	35.1008682802
904	71.1117738466	65.0824117712	35.5272964495
905	50.0489033537	67.6406200164	36.8712225299
906	71.0326005739	71.4107863193	36.2907081423
907	42.7821200558	73.7339243939	36.757059874
908	23.871153911	76.0618308588	33.8135494052
909	49.1067130455	78.0041742767	36.1565651886
910	51.1739546227	89.1535540655	34.3350381551
911	64.8465667526	26.0974109824	35.5749426979
912	80.0000678197	47.5417471019	35.6615547706
913	64.1520694295	53.1772453813	36.7420134419
914	77.7802807407	72.4239884926	35.0325959706
915	49.1272218414	30.1406532663	35.1243852545
916	40.7901009807	53.8165283195	37.8595535709
917	81.5569821339	60.5506964109	35.8043091243
918	85.2746815593	69.2696729396	34.8468296008
919	82.3840190567	76.4871895921	34.9928821118
920	61.4728513976	37.9195366371	36.0006100651
921	29.7124538428	72.5545485575	35.907000288
922	59.7890780911	80.0504323897	36.0732909274
923	35.0624759788	80.8437359339	36.1778318916
924	19.3842245616	55.5191164042	36.3624457199
925	57.3566600274	63.7332903513	38.2081852141
926	77.651777462	82.9762049999	35.7271372556
927	53.3996959055	48.4297861295	38.3362614749
928	28.2091940657	51.8563232496	37.0336886249
929	71.5535913993	58.4821017311	37.4634450384
930	40.6244671024	60.2413195971	38.1568015331
931	63.6319385041	31.9728215902	35.3116359439
932	72.8315296881	39.4260898783	36.7022124279
933	28.4344617452	45.997020766	35.7713032348
934	75.2835308265	53.873595939	36.5592544262
935	86.6591194671	63.6191039532	36.2589298887
936	28.7694523815	81.9640410931	36.0872680875
937	65.6318512293	41.9210360154	37.4921099532
938	30.8022188679	66.775021092	37.7187564531
939	69.0309362889	28.3064506358	36.2258788001
940	44.2658824563	32.25158011	37.4058562346
941	47.7088093672	40.7884816705	37.5965397924
942	27.6543842113	60.4204941428	36.8411308772
943	43.4788096632	67.0708705845	38.1069021478
944	34.1422291083	71.3102150714	37.8208879277
945	42.3956410761	91.5099114515	36.9483847772
946	48.9527673073	92.931013847	36.5535519457
947	35.5866113123	29.3604896166	36.5533409367
948	56.1206784456	38.2085391002	37.6964090761
949	33.5051011706	44.3145274693	37.862410177
950	85.4347345033	49.3335310905	36.9979445763
951	47.1073073298	64.1109079678	38.8871944685
952	57.4207696382	88.1341402499	36.7792829608
953	35.7260194724	75.4061754132	38.063398165
954	78.0100177051	34.8808127257	37.2819847774
955	67.4393702813	36.462582649	38.2044766086
956	65.8639480665	45.749292546	37.5951111239
957	65.7703150495	76.1294422076	37.8575986433
958	41.4227029745	83.9453920009	37.5653893358
959	31.5451612814	57.1421220823	39.0706883036
960	47.6320104916	71.1498431165	38.1795312175
961	46.136793855	81.9866201068	38.9198356713
962	24.5124118413	73.9029480957	37.2616866144
963	35.3227057327	87.1503130142	37.8121985545
964	55.0023707218	32.415970618	38.321302784
965	28.6786256264	36.0185837183	38.0932516123
966	80.1772376448	54.7432399434	37.8708341684
967	50.1067903473	56.4026036843	39.8190578335
968	45.6064123163	59.2794367674	40.2787172082
969	56.503962046	78.8375941647	38.2991833033
970	54.6531995788	85.2366350534	38.8340992822
971	62.4754066004	91.480928022	37.6439211184
972	56.0189840884	92.9763210546	37.9058205411
973	49.7830207854	32.7795405181	39.7257849085
974	25.1867240496	41.1748248163	38.2512840054
975	46.7825756161	50.7870975988	38.9708426751
976	74.3970539256	76.8193867089	38.6727439931
977	62.6965640531	85.0445361227	38.6666033949
978	40.4166329101	37.4790747367	39.1241198583
979	39.7599363069	42.9472509471	39.9174270529
980	71.43764362	49.0166237357	39.0805273379
981	77.1947460175	60.3464007889	39.2492443204
982	22.7764651847	63.7744168637	38.7486630079
983	48.4013658496	86.5812792313	38.9764727535
984	42.0047538806	27.0514262857	38.8146676552
985	22.4345924107	46.3180935205	38.0600889694
986	32.977963216	50.5267511362	38.4989717365
987	51.5134340791	51.8418062256	40.0995861283
988	82.2173679291	42.4061987959	38.9143660444
989	23.553174935	68.9680645227	38.426060476
990	52.8678536407	74.162390515	39.6019099908
991	40.8947110572	78.8508542346	39.5152388697
992	33.2595166363	33.4734616394	39.3517458829
993	64.910217477	63.6730976275	40.7723580123
994	69.9080806457	79.0023394022	40.009634014
995	47.3782800885	25.8147125642	39.2675571162
996	53.1752403256	25.6949306795	39.774544456
997	71.9761263661	32.191428815	40.0087111982
998	61.2937938939	34.6894271256	40.2298300143
999	66.111091164	57.5409065628	40.8628897414
1000	32.2107307615	63.3282654079	40.5514586004
1001	57.8672686877	72.1186974763	40.3862264899
1002	68.635548772	87.8599209092	40.1010378921
1003	43.8421329359	39.7382905584	41.5223905324
1004	35.6172556589	52.2995849034	41.0081581858
1005	78.4751942311	66.7469283215	40.0912883426
1006	37.2791938806	68.2328837513	41.5671561733
1007	72.4647954912	43.125382926	39.9932715082
1008	85.3201807313	57.2223087562	39.9167905851
1009	83.1374653371	69.2809804216	39.8732087692
1010	54.7988400297	69.8271744453	39.5291706726
1011	63.9410728966	69.2799272989	40.9070030247
1012	61.7445392226	75.055079465	40.7068030507
1013	68.2605591423	50.4670728393	40.4697896214
1014	72.4888274918	63.9751326735	40.6198826485
1015	29.673976132	78.9422622707	39.7189771866
1016	52.0039236849	81.4393268697	41.6706638626
1017	57.8977038354	83.4121365133	41.3672062355
1018	59.9318397246	27.6729923349	40.492152935
1019	59.2099601978	44.4084204911	41.1028856086
1020	22.4769785826	51.6581527878	39.9790136564
1021	36.0378005255	56.2341508853	41.6590196726
1022	71.9325754613	56.8408228994	41.148035872
1023	75.4053524583	82.9604253497	39.719799777
1024	37.187149754	46.6380330906	41.2394645634
1025	61.0112122907	48.4233846916	41.3470096064
1026	53.6599138243	64.1478089758	42.6389626016
1027	79.8779885433	75.7999436032	41.388603391
1028	63.8820305177	81.2966583835	41.2463903121
1029	77.4356625606	50.3816934138	40.9775433787
1030	23.3332263162	59.5781242678	40.8047693547
1031	39.814050883	31.1482536206	41.7440600895
1032	83.8615703698	49.8692192617	40.874801736
1033	76.736064631	37.865229224	41.4180381723
1034	52.6295354778	42.7979604542	42.3515195094
1035	26.7828303198	43.9144281344	41.3093009092
1036	74.7636629268	47.2720685715	42.1565988886
1037	24.0153555534	55.9235629806	41.4339852039
1038	59.5705720617	58.454691362	42.278195456
1039	28.4557196415	73.3739856767	41.9599094705
1040	66.0936626283	30.452778912	41.4349273362
1041	31.070333221	39.3061164073	41.8246730925
1042	48.5461632411	39.7158771942	42.0942603153
1043	43.3011807381	47.4387952597	42.8824718973
1044	64.4821651424	53.5965339467	42.9642624063
1045	38.4893505924	61.5807410233	43.4525458184
1046	73.3819756341	71.5637112458	42.8019370202
1047	44.7885606644	76.5115532662	42.0742059619
1048	50.5040240347	91.0143356374	41.2275306589
1049	56.6569924327	54.3755305737	42.6505489512
1050	41.3238893177	70.2887712756	43.3665654081
1051	67.2873742774	73.391543914	42.4803661886
1052	55.0295286725	36.1929184868	42.8144847678
1053	40.4078397563	75.8510977435	42.6895795319
1054	36.2672388448	83.7431790912	42.4145679501
1055	44.8930807421	88.6010957172	42.3100321357
1056	59.516547597	90.0659311268	42.378316099
1057	65.8707149374	38.6283701348	42.5913432496
1058	40.6597764905	52.5865342954	43.3231035515
1059	75.8422378477	56.0086236885	43.5937855354
1060	41.6657279435	87.2006251737	42.8074093764
1061	27.5424081109	48.4630672358	43.2395575496
1062	47.5648843709	72.6737349578	44.2207849662
1063	49.7120314678	78.0589684845	44.0358065527
1064	70.2781766856	42.5082829496	42.9288708894
1065	80.5587435267	44.8807727991	43.4906396309
1066	36.2787997949	36.1909184757	43.3409253292
1067	83.1560073499	64.1043285575	43.2389030386
1068	43.0703334831	64.0796519425	44.6344022272
1069	27.5424237681	65.586171062	43.8329433927
1070	64.6067342282	78.6813732426	44.4602341773
1071	70.4886671818	85.0902003391	42.8657970445
1072	59.9690067989	40.7547194692	44.2057889651
1073	32.4459995496	42.7392968596	43.999494311
1074	28.0687647931	59.230254941	44.4812637567
1075	29.3718194224	53.0757631926	44.7738754785
1076	69.4563658809	68.0862728292	45.26067721
1077	32.6482633677	75.1800938956	44.5350087902
1078	57.3449732437	78.567229164	44.7925558553
1079	82.0496197717	53.3409774438	45.0556955206
1080	36.6875330064	79.1323007757	45.0623288084
1081	46.6887509457	31.0561013191	44.7582614335
1082	68.4235240813	47.5330637395	45.3029823763
1083	74.77405171	79.9739064097	44.7193887464
1084	58.8345387006	30.8293907228	44.6482090771
1085	66.2772255314	33.855762049	45.2439021846
1086	41.2664484014	34.3807491941	44.9399471447
1087	62.8659944141	43.6869439188	45.497885216
1088	47.6022973029	66.8919780903	45.2277545387
1089	72.3816262386	37.7599224377	45.3184040408
1090	49.9420669493	48.7152486668	45.5923764998
1091	47.2286407959	54.6475256268	45.8067059957
1092	68.7020701312	61.5659666047	46.3863248482
1093	52.4696597048	31.3759866345	45.6448428965
1094	56.0556688416	47.5769390158	46.1779614287
1095	31.4967752082	70.0094553073	45.2033201426
1096	61.4468384358	74.3904112683	45.9005916123
1097	58.4483187065	87.7877255902	45.5430397936
1098	50.5457258395	89.026342913	44.2627107366
1099	55.5487954317	40.5472492356	45.3660113402
1100	33.6500048276	48.0023517664	45.850625274
1101	71.877662684	54.2356541803	45.7977579036
1102	81.305156434	61.9130087981	45.5629189687
1103	73.8845457381	63.9290013266	45.1780528753
1104	51.4482244762	68.8439598171	45.7995048669
1105	53.9029806657	74.6047918269	46.2618925424
1106	52.6194139343	39.2974451827	45.2150184453
1107	64.4784905071	50.4751483072	46.8218206079
1108	42.3799863911	81.8349534952	46.3757836918
1109	66.5276608775	84.9017860102	45.8258752589
1110	78.5879449545	71.3224129161	45.7101374484
1111	49.8028762322	36.2006955504	47.1888930664
1112	49.4287509464	61.45115639	46.6839000716
1113	62.645454281	65.8207042994	46.8509183627
1114	45.0844580865	36.0870248759	46.4002874898
1115	54.0524365135	57.8611089316	47.4206563345
1116	56.7714821033	68.1163835226	46.9445193459
1117	65.7670944236	68.8051413862	46.9186748053
1118	68.1670448297	74.2250249665	45.9052290361
1119	52.6018127448	86.9006693174	46.2240345135
1120	75.6383820075	42.2647701839	46.412675385
1121	66.4203093172	57.6521499287	46.862325402
1122	33.4039238601	57.9167261185	46.9411602729
1123	32.7524315134	66.9035376287	46.3239404655
1124	60.7726683387	70.8988292856	47.4401096199
1125	39.3793028033	39.7384804633	46.3868902823
1126	35.9701198953	52.8770188277	47.7469001861
1127	60.0424116466	62.2724036803	47.3164618248
1128	33.0556128091	62.2618168335	46.9110067691
1129	38.293230534	43.65277173	47.0589370137
1130	37.1112543532	73.5103387045	47.285481652
1131	47.4566646197	84.251868025	46.8255263808
1132	78.3439707651	47.8148417126	47.2851496117
1133	39.4504169738	47.7985492767	48.2265096698
1134	60.1001606156	54.5788472468	47.4230019828
1135	63.3417627754	37.0440387284	48.2479325762
1136	69.9085040382	80.2146030389	47.9613349565
1137	43.7593450008	42.8831521903	48.8075081479
1138	79.0609927816	58.1580560795	48.2435661932
1139	72.9726701043	76.4778592477	48.2845812317
1140	61.2877521849	84.0549228968	48.1806992722
1141	38.0339131538	66.9954213714	48.6315937589
1142	46.3483756813	79.9550776464	48.8463991786
1143	54.1475981369	84.6123036679	48.3253946284
1144	57.3448540244	33.9961701471	47.8528015614
1145	69.531112403	40.2202688239	48.6032560797
1146	55.8740851037	36.9769968125	49.1565504962
1147	39.154417348	55.758349958	49.5555671042
1148	37.4607860034	61.0810217804	49.0411696156
1149	77.2084585861	67.4269842484	48.6289569237
1150	52.9410859142	40.8994832608	50.2737588541
1151	72.7673529095	45.2148866406	49.5555897884
1152	43.3258638744	49.8808338672	49.8397157452
1153	77.4228304375	62.34937656	49.2771192334
1154	43.0925300763	76.7042416912	49.216656164
1155	48.0488489271	39.844946651	49.0538907962
1156	75.9300503349	52.2854116273	49.7044195096
1157	39.9061048454	71.5939705499	49.1993410979
1158	50.9692663779	80.6929650394	49.8581359638
1159	44.1524926688	68.4655094404	50.5613211308
1160	44.2440980298	73.4767723566	50.2024694803
1161	54.3113749042	79.9924950228	50.6993020156
1162	42.8910527012	61.5666670991	50.6564988938
1163	73.4749633179	71.1041398811	50.1007067963
1164	61.1191552553	39.8957921158	50.610216365
1165	63.7893087912	79.5668433473	50.6962220756
1166	58.9232966609	81.3056655927	50.5499238151
1167	57.2010235683	42.4902138683	51.7510268322
1168	48.5012640508	44.7119279242	50.4305896829
1169	68.3343147138	75.1074134193	51.4632235845
1170	66.3974846236	44.975419169	51.4447882675
1171	72.9508271054	54.9489352823	52.1018307485
1172	43.9562379475	56.0241884973	51.3614527944
1173	74.5831124815	59.5238702644	51.6356213666
1174	50.1997715082	71.2559012315	52.0539453407
1175	50.3564705783	75.5418301608	51.5051401217
1176	72.5607302148	64.5392025863	51.8800020344
1177	58.7513398857	47.093825237	52.5718550561
1178	70.6304194094	49.4899336759	51.6222525965
1179	57.5574938207	75.9894036175	52.2570319628
1180	48.7769325371	57.2400919066	52.6625737763
1181	52.7266941074	47.0043041676	52.5521559086
1182	48.5610802893	66.3247040006	52.4322626715
1183	62.4158892818	44.3468861012	52.3113474397
1184	49.0742376045	61.5816943692	53.0583706636
1185	68.460317195	66.9701747506	53.1319664846
1186	55.1443612931	52.0254510413	53.3955255624
1187	48.7852651287	52.9603125321	52.5009976992
1188	59.3928007346	53.1088696229	53.9167993701
1189	63.735875843	55.9096453253	53.5443038932
1190	54.1602164105	63.2313356727	53.5158269194
1191	64.0367372243	72.4726856251	53.1181755605
1192	62.7901142646	49.4506433913	53.3509525886
1193	68.0541076634	51.8543766884	52.9434184483
1194	69.6504967497	57.6905473662	52.9361127055
1195	57.5200527782	71.2790788633	53.6108507027
1196	49.5306904014	50.1120405373	52.2766065506
1197	57.4479117555	58.4943055611	53.6115469742
1198	55.2688728059	67.0641487731	53.8296693536
1199	66.7135939426	60.5437900339	53.8598080797
1200	60.6888397399	61.9054244745	54.1863336512
1201	53.5152697153	57.8242577903	53.9246245311
1202	62.3965670278	66.0890516964	54.1609357727
