1	513	2	3	4	5	7	522	524	514	526	527	17	19	532	716	23	536	516	687	29	542	543	32	545	548	683	554	555	45	560	564	54	55	568	569	570	573	574	608	579	580	581	582	583	730	587	589	525	592	81	595	605	719	607	96	97	610	699	613	616	617	618	619	620	515	625	626	627	118	120	633	634	720	639	640	129	643	645	134	135	648	649	650	651	140	141	142	143	144	145	659	660	149	150	663	664	153	666	668	669	671	653	161	675	676	677	678	679	168	681	682	171	684	685	686	541	176	689	690	691	692	693	182	695	696	697	186	187	700	701	702	703	704	705	706	707	708	630	710	199	712	201	714	203	204	205	718	717	208	632	722	723	724	725	726	727	728	729	218	672	220	221	223	225	226	228	231	236	239	245	249	656	252	721	262	272	275	276	280	284	285	288	715	731	292	646	294	296	694	709	309	624	315	316	317	318	323	566	329	331	335	339	654	343	344	347	349	353	354	355	358	359	362	363	364	365	711	367	373	378	380	382	661	698	662	390	391	392	398	403	404	593	409	411	417	418	688	713	427	428	431	433	435	436	441	443	444	449	450	455	457	462	465	470	471	591	476	477	478	479	482	485	486	487	488	490	492	501	503	504	506	509	510
2	1	6	8	205	182	218
3	272	1	11	5	182
4	1	7	200	9	12	205	239	318
5	288	1	3	199	11	13	272	240
6	2	8	10	182	218	158
7	1	171	4	12	239
8	2	6	9	205	206	18	147	218	158
9	4	8	12	205	206	239	200	18
10	267	292	6	11	172	158	182	190
11	240	3	5	10	267	13	272	16	182	190
12	194	4	7	200	9	171	15	18	239
13	288	240	226	331	5	199	11	14	16	241	20
14	226	13	241	20	23	26
15	194	171	12	239	18	276	22	24	25
16	240	11	20	13	190
17	1	226	228	29	23
18	289	194	8	9	12	206	15	200	147	308	213	24	27
19	32	1	201	30	153
20	240	34	268	13	14	16	241	21	26	190	31
21	33	195	227	268	172	302	147	20	222	28	190	31
22	171	15	25	153	154	30
23	1	226	228	241	362	332	14	207	17	339	183	26
24	289	194	293	15	18	148	213	25	27	189
25	194	36	293	276	359	392	234	171	418	15	148	309	22	24	153	154
26	34	38	233	23	14	241	20	183
27	18	147	213	24	28	189
28	35	195	227	147	21	27	189	213
29	1	228	45	17	223	159
30	37	201	19	22	153	154
31	33	34	40	268	222	177	20	21	190
32	1	39	201	236	19	187
33	35	177	195	21	155	222	31
34	326	38	40	233	202	268	241	20	26	31
35	33	195	41	227	155	28	189
36	25	42	148	154	234
37	323	39	201	42	236	173	269	154	30
38	34	233	202	43	48	183	26	255
39	32	37	201	236	173	55	187
40	34	326	177	202	268	303	49	370	222	31
41	35	327	46	47	304	195	56	185	155	188	189
42	164	36	37	210	234	173	269	305	50	52	277	148	154
43	48	202	51	38
44	282	45	48	53	186	223	61	159
45	1	44	29	208	53	54	186	61	223
46	177	41	184	56	58	155	188	191
47	290	327	41	178	56	185	59	188
48	38	263	202	43	44	274	242	51	53	310	183	57	282	255	159
49	243	40	202	370	303	177	242	51	375	184	60	350
50	67	164	42	210	270	178	148	185	63
51	263	202	43	48	49	242	243	57	60
52	64	66	164	42	173	273	55	196
53	197	70	263	44	45	48	274	214	57	282	61	62	159
54	208	1	186	45	150
55	224	1	66	196	294	71	296	39	173	52	149	187
56	65	69	41	46	47	174	278	58	188	191
57	243	263	48	51	53	62
58	65	283	74	46	177	179	56	184	60	191
59	69	72	174	47	178	188	63
60	68	179	243	49	51	184	58
61	355	197	295	73	44	45	335	208	274	53	186	282
62	68	70	263	75	243	53	214	57
63	67	72	178	270	50	59
64	320	66	67	164	229	77	273	371	52	246
65	260	69	297	74	174	82	83	278	56	58	283	191
66	64	224	196	230	71	77	79	273	52	246	55
67	64	320	164	229	72	178	78	271	50	85	270	63
68	75	60	179	62	243
69	65	72	297	78	82	174	56	59	286
70	197	75	76	237	80	53	214	62
71	224	66	294	203	79	149	55
72	67	69	174	271	178	78	279	59	286	63
73	208	197	225	295	335	80	373	150	61	165
74	65	260	179	83	86	58	283
75	321	68	70	243	76	237	179	372	414	214	151	88	351	62	319
76	70	75	237	80	214	88
77	64	66	229	230	79	336	341	246	215	91
78	67	69	72	298	271	82	85	89	219	92	286
79	224	66	230	71	203	77	215	90
80	165	70	73	76	237	180	247	88	361	197
81	96	1	150	225
82	256	65	69	211	297	298	78	209	83	286	345	92	94
83	256	65	322	260	297	74	82	86	93	94
84	232	151	179	86	311	87
85	67	229	299	78	271	238	219	89	91	95
86	322	260	101	232	74	311	264	83	84	87	179	93
87	216	232	84	86	151
88	321	100	75	76	237	80	306	180	151	216	247
89	95	78	238	181	219	92	85
90	97	104	203	79	275	215	217	91
91	229	104	299	77	336	85	215	312	217	90	95
92	298	78	209	82	181	89	219	94
93	256	322	101	102	264	105	83	86	94
94	256	102	209	82	83	92	93	211
95	104	265	330	299	108	110	238	85	217	312	89	250	91
96	225	99	1	81	118	249	221
97	1	104	203	275	217	90	220
98	192	162	180	247	248	156
99	96	192	162	165	249	221
100	389	103	337	175	216	306	180	88	244	156
101	232	105	106	107	264	86	93
102	256	421	105	109	111	211	93	94
103	100	232	106	175	114	216	313
104	97	110	113	217	90	91	220	250	95
105	256	257	101	102	264	107	111	116	93	421
106	101	103	232	107	300	400	264	114	117	313
107	101	264	105	106	116	117
108	352	265	235	110	112	209	181	238	122	251	124	95
109	258	166	211	111	115	102	421
110	104	265	235	108	113	152	122	250	95
111	257	258	102	166	105	109	116	405	125	421
112	124	115	108	211	209
113	104	252	110	152	120	250	220
114	103	106	300	175	117	119	313	314	123	126
115	112	211	124	109	166
116	257	198	264	105	107	300	111	117	125
117	198	264	314	106	107	300	114	116	342	266	123	170	126
118	96	1	221	145	121
119	128	167	175	114	244	314	123	156	346	126	287
120	129	1	252	113	245	152	220
121	162	169	145	118	284	221	127
122	193	235	108	110	152	251	124
123	114	117	126	119
124	193	130	163	166	259	108	112	209	115	122	251	211
125	257	258	163	132	198	166	170	111	116	261
126	128	160	133	170	114	117	119	314	123	266	287
127	167	169	135	365	145	146	307	280	121	284
128	160	167	146	119	126	287
129	120	1	245	134
130	193	131	161	137	285	259	281	315	124	157
131	161	130	134	193	245	152	285
132	163	261	259	170	139	301	157	253	212	125
133	160	138	139	253	338	254	266	348	170	126
134	1	131	161	129	245	285
135	1	231	136	140	145	146	280	127
136	160	231	138	135	204	146	317
137	168	161	130	315	157
138	160	133	262	136	139	204	143	317	254
139	176	132	133	262	138	143	144	212	349	253	254
140	1	231	135
141	168	1	161
142	1	231	204	143
143	1	262	138	139	204	142	144
144	176	1	139	262	143
145	1	135	118	280	121	284	221	127
146	128	160	390	135	136	167	396	307	280	287	231	127
147	227	325	8	172	206	18	302	308	21	27	28	158	213
148	36	293	393	42	210	305	50	340	438	185	24	25	189	234
149	224	1	294	71	296	203	55	187
150	1	165	225	73	208	81	54
151	311	388	321	232	75	216	179	84	87	88	442	351	319
152	193	131	357	379	235	110	113	245	120	122	347	252	250
153	1	201	171	19	309	22	25	154	30
154	323	36	37	201	42	269	309	22	153	25	234	30
155	33	35	328	41	333	46	303	304	177	195	188	222	191
156	98	100	167	324	169	162	175	337	180	119	248	244	346
157	130	259	132	168	137	176	291	212	406	281	315
158	353	292	325	6	8	10	267	172	206	147	182	218	316	403
159	354	228	44	207	48	53	310	183	282	29	223
160	128	133	390	231	136	138	396	338	317	146	254	266	126	287
161	1	130	131	134	168	137	141	315	285
162	192	98	99	324	169	344	284	249	248	121	156	221
163	385	259	132	261	166	402	251	124	125
164	64	320	67	305	210	42	173	270	273	50	371	52	277	376
165	192	225	99	197	295	73	343	80	373	150	247	249
166	385	258	163	261	211	109	111	402	115	251	124	125
167	128	324	169	146	307	244	119	280	346	287	156	127
168	1	161	137	141	176	315	157
169	162	324	167	284	365	307	344	121	156	127
170	132	133	198	266	301	253	254	117	342	356	348	125	126	261
171	1	7	12	15	276	309	22	153	25	239
172	227	325	10	267	302	190	147	21	158
173	164	37	39	42	363	236	269	273	52	277	55	196	187
174	65	290	69	72	297	178	278	279	56	59	188	286
175	100	103	114	244	119	216	313	314	156
176	1	262	168	139	349	144	212	315	157
177	328	33	40	191	46	303	49	184	58	155	222	31
178	397	270	271	279	290	550	425	174	47	50	437	438	439	185	59	188	63	320	67	72	334	210	360	376
179	311	68	74	75	351	243	84	86	151	184	260	58	283	60	319
180	98	100	337	361	237	80	248	306	247	88	156
181	298	108	238	209	377	89	219	92
182	1	2	3	292	6	353	10	11	272	391	267	218	158
183	228	38	233	207	48	241	310	23	26	255	159
184	243	177	328	46	303	49	370	179	399	319	375	58	283	60	350	191
185	290	327	210	41	178	334	47	50	148	438	393	189
186	1	355	44	45	208	54	282	61	223
187	32	1	196	39	296	363	236	173	149	55
188	290	155	327	41	394	333	46	47	304	178	174	278	56	59	413	191
189	289	35	308	293	227	41	327	304	472	195	148	213	393	24	185	27	28	381
190	240	267	423	268	10	11	172	302	16	369	366	20	21	222	31
191	328	65	283	184	333	46	399	177	278	56	58	155	188
192	98	99	165	343	162	344	247	248	249
193	130	131	357	380	235	259	245	152	281	122	251	124	285
194	289	418	293	358	359	200	12	15	18	276	24	25	239
195	33	35	41	304	227	21	155	28	189	222
196	224	66	296	363	173	273	52	55	187
197	373	165	70	295	73	237	80	274	53	214	247	408	61	361
198	257	356	261	170	395	300	116	117	342	125
199	288	1	226	5	331	13
200	289	194	4	358	9	12	205	206	239	18	308	404	318
201	32	1	323	37	39	236	19	309	153	154	30
202	34	326	38	40	233	43	370	48	49	242	51	407	383	255
203	224	1	294	230	97	329	71	364	79	275	149	215	90
204	1	262	231	136	138	142	143	317	254
205	1	2	4	8	9	206	200	218	316	318
206	417	325	8	9	403	205	200	18	147	308	318	404	218	316	158
207	228	233	23	332	241	339	310	183	255	159
208	1	355	54	225	73	45	335	373	150	186	61
209	352	432	124	298	108	238	112	82	211	181	377	345	251	92	94
210	386	164	340	393	42	178	270	305	50	148	334	438	185
211	256	352	258	166	102	421	432	109	402	112	209	82	115	345	251	124	94	416
212	259	132	139	301	253	176	443	291	349	315	476	157
213	289	227	293	393	302	381	18	147	308	24	27	28	189
214	321	420	197	70	263	75	76	237	274	243	372	53	408	62	351
215	230	329	203	364	77	79	336	275	341	312	217	90	91
216	311	100	389	422	103	232	388	87	321	175	401	306	244	151	88	313
217	384	97	104	431	378	275	215	312	90	91	220	250	95
218	1	2	292	6	8	205	206	182	316	158
219	229	298	299	78	271	238	85	377	89	92	181
220	1	97	104	113	275	120	217	250	252	378
221	96	1	162	99	145	118	249	344	121	284
222	33	195	326	369	40	268	419	302	303	304	177	227	21	155	190	31
223	1	354	282	228	44	45	355	186	29	159
224	66	196	294	230	71	296	329	203	79	273	149	246	55	409
225	96	1	165	73	208	81	373	150	343	249
226	1	331	228	199	362	241	13	14	17	339	23
227	35	195	172	302	381	304	369	147	21	28	189	222	213
228	367	1	226	23	354	207	17	339	310	183	223	29	159
229	64	320	67	246	299	77	271	336	85	219	397	429	91	341
230	224	66	294	329	203	364	77	79	336	435	341	246	215	409
231	160	1	390	135	136	204	140	142	146	280	317
232	311	322	388	101	103	264	106	151	400	84	86	87	216	313	474
233	34	326	38	424	332	202	268	207	368	241	183	26	383	255
234	392	323	36	293	340	42	269	305	148	309	470	25	154	411	382
235	193	379	357	265	108	110	374	152	122	251	250
236	32	1	323	37	39	201	363	173	269	277	187	411
237	321	197	70	295	361	75	76	80	408	306	180	214	88	372	453
238	352	219	265	330	299	108	432	209	85	377	89	95	426	181
239	1	194	4	358	7	200	9	171	12	15	276	318
240	288	272	267	5	391	11	268	13	366	16	241	20	433	410	190
241	288	368	34	331	226	362	183	268	13	14	207	240	433	20	23	332	26	233	410
242	387	407	243	202	263	48	49	370	51	375	440	383	350	255
243	387	68	179	263	75	452	414	440	49	242	51	372	350	214	184	57	351	60	62	319
244	100	389	422	167	324	458	175	401	337	119	216	313	314	156	346	287
245	1	131	357	134	129	380	193	152	120	347	252	285
246	64	224	66	229	230	77	429	320	273	371	341	409
247	192	98	165	536	295	361	457	337	80	248	180	373	343	88	415	444	197
248	192	98	324	457	343	162	337	180	247	344	156	415
249	96	1	162	99	165	225	192	343	344	221
250	384	379	104	252	330	235	312	110	113	427	265	152	217	378	347	220	426	95
251	352	193	163	357	166	385	259	265	235	108	209	402	211	374	122	124
252	1	113	427	152	245	120	250	347	220	378
253	132	133	262	476	170	139	301	486	212	348	349	254
254	160	133	262	486	138	139	204	253	338	317	349	348	170	485
255	387	38	263	424	233	202	332	207	48	242	310	183	282	447	412	383
256	322	421	102	264	105	434	456	82	83	286	297	345	93	94	211
257	258	261	198	264	105	395	300	111	400	116	405	125	446	421
258	416	257	261	166	395	109	111	402	211	405	125	421
259	193	130	163	132	261	385	459	301	402	291	212	406	281	251	124	157	357
260	65	322	451	179	297	74	399	434	83	86	311	442	283	508	319
261	257	258	163	132	166	198	170	395	301	402	259	356	125	459
262	1	138	139	204	143	144	317	349	176	253	254
263	387	243	274	463	48	242	51	372	53	214	440	57	282	412	62	255
264	256	257	322	101	232	105	106	107	300	421	400	116	117	86	93	446	405
265	352	379	330	235	108	238	110	374	250	251	426	95
266	160	133	460	170	300	338	467	117	342	314	348	126	287
267	391	272	292	325	455	353	10	11	172	302	240	366	190	182	423	158
268	240	34	419	326	369	40	233	469	423	366	222	241	20	21	368	505	410	383	190	31
269	323	37	234	236	173	305	277	154	411	42	382
270	320	386	67	164	178	360	50	334	271	305	210	439	376	63
271	320	448	67	229	72	270	298	299	397	78	360	178	85	279	377	219	286
272	288	1	3	5	391	11	240	182	267
273	64	224	66	164	294	296	363	173	371	52	277	246	409	376	196	436	441
274	420	197	263	295	463	48	372	53	214	408	282	412	61
275	1	97	203	364	431	215	312	217	90	220	378
276	1	194	358	359	171	239	309	25	15
277	164	305	42	363	236	173	462	269	273	436	376	411
278	65	290	451	297	333	174	464	437	279	56	494	283	188	413	286	191
279	290	454	72	425	174	271	360	178	437	278	494	286
280	1	390	135	284	167	365	145	146	307	231	127
281	193	130	259	357	398	285	443	291	406	315	380	157
282	354	355	420	263	488	295	44	255	48	274	53	310	471	186	223	412	61	159
283	65	451	260	328	297	74	333	399	179	278	184	58	319	191
284	344	1	162	169	365	145	280	121	221	127
285	193	130	131	134	1	161	398	245	281	315	380
286	256	456	69	454	72	297	298	78	271	360	82	174	278	279	345	494
287	128	160	481	167	460	266	396	338	401	146	307	244	119	314	346	126
288	1	391	5	199	331	13	272	240	241	433
289	194	293	358	200	393	418	477	482	18	308	213	24	404	504	189
290	327	174	47	178	334	278	279	185	188	413	437
291	259	301	443	212	406	281	315	157
292	1	325	353	10	267	449	403	182	218	316	158
293	289	194	504	340	393	234	418	477	392	148	213	24	25	527	189
294	224	1	230	71	296	329	203	273	149	55	409	441
295	355	420	197	73	490	428	237	335	274	373	247	408	282	361	61	165
296	224	1	196	294	363	273	436	149	55	441	187
297	256	65	322	451	260	69	456	434	174	464	82	83	494	278	283	286
298	448	454	360	78	271	209	82	181	377	345	219	92	286
299	448	473	219	229	330	397	238	271	336	85	430	312	377	91	445	429	95
300	257	422	198	264	106	395	400	114	116	117	342	313	314	475	266
301	259	132	261	476	170	459	461	291	212	406	356	443	348	253
302	227	325	423	267	172	190	369	147	308	21	468	381	222	213
303	328	419	326	177	40	369	304	49	370	184	155	222
304	419	195	529	327	328	41	394	333	493	303	369	227	495	381	472	155	188	189	222
305	386	515	164	42	269	270	210	148	277	470	376	340	506	411	234	462
306	321	100	389	337	361	491	237	216	180	88	453
307	324	390	167	169	396	365	465	146	503	280	346	127	287
308	302	289	482	548	325	417	200	393	206	381	504	18	147	404	213	472	526	189
309	1	323	359	392	201	234	171	276	25	153	154	382
310	367	354	228	424	471	332	450	207	48	339	447	183	282	159	412	255
311	322	260	232	179	84	86	151	216	388	442	474	319
312	384	330	299	364	430	431	336	275	479	215	217	250	91	378	445	95
313	388	422	103	232	106	300	175	400	114	244	216	314	474
314	481	422	460	266	300	175	401	114	244	117	342	119	313	126	287
315	1	130	291	161	168	137	398	285	176	212	349	281	443	476	157
316	1	292	205	206	403	318	218	158
317	160	1	390	262	231	136	138	204	338	349	254	485
318	1	4	358	417	200	205	206	239	403	404	316
319	311	375	260	179	75	399	243	414	151	184	442	283	350	351
320	64	67	164	229	550	360	489	397	270	271	178	371	246	376	429
321	483	388	389	453	75	237	216	306	372	214	151	88	452	351
322	256	474	260	421	232	297	400	264	434	83	86	311	442	93	446
323	1	37	201	234	236	269	309	154	411	382
324	344	162	167	169	458	365	337	465	307	244	501	457	248	346	156	415
325	353	292	423	455	417	487	267	172	206	403	147	308	302	468	526	449	381	158
326	34	419	40	233	202	268	303	370	407	505	222	383
327	290	534	41	394	334	47	304	472	437	438	393	413	185	188	189
328	283	495	333	303	304	177	370	419	399	375	184	155	507	191
329	224	1	230	294	203	364	435	215	409
330	384	512	265	426	299	238	432	430	473	312	377	250	95
331	288	1	226	199	362	13	241	433
332	450	424	233	362	492	207	368	241	339	310	23	255
333	464	155	328	394	507	399	304	451	278	495	283	188	413	191
334	290	386	327	393	210	270	178	437	438	439	185
335	1	355	295	73	428	208	373	61
336	229	230	509	299	364	77	429	435	341	215	312	570	91	445	479
337	100	389	324	361	458	491	500	401	306	180	247	248	244	156	415
338	160	133	390	460	266	485	396	486	467	348	317	254	287
339	1	226	228	362	332	354	207	450	310	23	367
340	386	293	392	393	234	470	527	305	210	148	438	506	477
341	545	435	229	230	77	429	336	371	246	215	409	509	478
342	356	422	198	460	170	395	300	467	117	314	475	348	266
343	192	1	165	225	457	344	373	247	248	249	444
344	192	1	162	324	169	457	365	465	343	248	249	284	221
345	256	416	421	454	456	298	498	432	209	82	211	448	537	377	286	517
346	481	324	167	458	503	396	401	465	307	244	566	119	156	287
347	1	357	513	380	427	245	152	250	379	252
348	356	133	486	170	349	301	253	338	467	342	461	476	266	254	485
349	1	485	262	476	139	486	317	176	212	315	348	253	254
350	496	387	407	440	49	242	243	375	184	414	319
351	321	483	388	179	75	497	243	372	214	151	452	442	414	319
352	480	385	265	426	108	238	432	209	402	211	374	251
353	1	292	325	455	391	267	449	182	158
354	1	355	228	488	367	339	310	471	282	159	412	223
355	1	354	420	295	488	428	61	208	516	186	335	282	223
356	459	261	198	170	395	301	461	466	467	342	475	348
357	193	259	406	385	379	519	235	398	499	513	245	374	152	281	347	251	380	510
358	1	194	289	200	359	418	239	276	404	318
359	1	194	358	392	418	276	309	25
360	320	448	454	425	298	397	270	271	178	279	286
361	197	536	295	552	453	491	237	80	337	306	180	373	247	408	569	444	490	415
362	1	226	433	492	331	332	450	368	241	339	23
363	1	411	196	296	236	173	462	273	436	277	187
364	1	230	329	203	435	431	336	275	215	312	479
365	1	324	390	465	169	344	307	503	280	284	127
366	514	423	455	391	267	268	525	240	433	469	410	190
367	1	354	228	450	339	310	471
368	433	424	233	362	332	241	268	410	492	383
369	227	423	268	493	302	303	304	529	419	190	381	222	469
370	328	419	326	40	202	407	303	496	49	242	375	184	495	511
371	64	320	164	545	489	522	429	273	436	341	246	441	376	409	478
372	321	420	453	263	75	237	463	440	274	243	214	408	452	539	414	351
373	1	343	197	225	73	490	295	428	335	208	247	444	361	165
374	352	385	251	357	519	265	426	235	499	480	379
375	507	328	370	399	496	49	242	511	414	407	184	495	350	319
376	320	568	386	515	164	550	305	489	522	270	591	273	178	371	436	277	439	462
377	448	512	571	298	299	238	271	432	209	498	181	473	345	219	330
378	384	1	252	427	524	431	275	312	217	250	220
379	384	513	427	357	265	426	235	524	531	579	499	374	152	250	347
380	1	357	193	398	513	245	281	347	285	510
381	227	548	325	423	619	493	302	304	369	308	213	472	468	526	189
382	1	323	392	234	269	309	470	411
383	387	521	326	424	233	202	268	584	368	520	242	533	407	440	505	410	447	255
384	330	427	524	430	431	531	312	217	250	379	378	426
385	352	480	259	357	166	519	459	402	163	374	538	251	406
386	515	334	305	210	340	270	438	439	376	506	542
387	263	520	521	463	242	243	447	440	255	412	350	383
388	321	483	484	389	422	232	151	497	311	216	313	442	474	351
389	321	500	483	100	453	422	401	491	556	484	337	306	244	216	388
390	160	1	485	231	396	338	365	465	146	307	503	280	317
391	288	1	514	455	353	267	525	272	240	433	366	182
392	1	418	293	359	234	340	309	470	25	477	382
393	289	555	548	293	308	340	534	327	334	527	504	210	148	213	438	472	185	189
394	327	333	495	304	529	596	534	472	188	413
395	257	258	356	261	198	502	459	300	466	400	402	405	342	475	446
396	160	481	485	390	460	338	146	307	503	346	287
397	320	448	229	454	360	425	299	429	271	178	489	550	473	530
398	1	443	357	532	406	281	315	380	285	510
399	451	260	328	508	535	191	333	496	375	184	442	283	507	414	319
400	257	322	523	422	232	553	106	395	300	264	502	313	474	475	446
401	481	484	389	422	458	337	244	216	500	314	540	346	287
402	352	385	258	259	261	166	480	395	518	559	432	163	405	502	538	251	416	459	211
403	1	292	325	417	487	206	449	158	316	318
404	1	418	358	289	200	482	206	417	308	504	318
405	416	257	258	421	518	264	395	557	111	402	502	537	572	446
406	385	259	357	519	618	459	301	398	461	291	532	567	281	443	157	510
407	419	326	584	521	202	242	496	370	575	533	375	440	505	511	350	383
408	420	197	295	552	361	490	428	237	592	274	372	214	569	516	453
409	224	1	230	294	329	435	273	371	341	246	441	478
410	368	433	424	492	268	525	366	240	241	469	505	533	574	383
411	1	323	234	363	236	269	462	305	515	277	470	506	382
412	354	387	420	549	263	488	620	463	560	520	274	310	471	543	282	447	634	255
413	290	534	327	394	333	590	495	464	596	437	278	188
414	544	539	452	535	75	399	496	497	243	372	375	440	442	351	350	319
415	491	324	536	457	458	247	337	500	501	361	248
416	258	421	518	498	432	402	211	405	537	345	517
417	1	482	325	487	206	403	308	526	404	318
418	1	194	293	358	289	392	359	404	504	25	477
419	576	528	326	529	328	268	303	304	369	370	469	407	505	495	222	511
420	355	516	453	295	488	620	428	463	592	552	274	372	214	408	282	412	549
421	256	257	258	517	102	264	105	322	109	111	456	434	211	405	345	546	557	446	416
422	481	388	389	460	523	300	484	400	401	244	565	342	216	313	314	475	540	474
423	514	487	325	455	581	267	268	493	366	541	369	468	302	526	381	190	469
424	450	630	584	233	554	332	368	533	627	447	310	410	255	492	574	383
425	550	454	360	397	494	561	178	437	279	530
426	352	384	578	588	265	330	512	238	499	432	531	480	430	374	250	379
427	384	1	347	513	524	579	250	379	252	378
428	1	355	420	295	490	335	373	408	516
429	320	545	610	229	489	299	397	509	336	593	530	371	341	246	473	570	445	478	613
430	384	512	330	299	524	431	573	531	473	312	445	426	479
431	384	1	524	364	430	275	312	217	378	573	479
432	352	416	578	537	518	330	588	498	238	559	209	402	211	480	512	377	345	426	601
433	288	1	391	362	331	492	525	366	240	241	368	410
434	256	322	451	260	421	456	297	546	563	442	508	474	446
435	1	230	329	364	336	341	409	509	478	479
436	1	296	522	363	462	273	371	277	376	441
437	290	438	550	327	425	534	551	334	464	561	178	494	278	279	600	590	413
438	386	589	550	327	340	393	650	555	210	334	527	178	148	437	534	439	185	506	542
439	386	515	550	589	334	624	568	178	270	438	376	542
440	544	387	452	549	263	521	463	496	242	243	372	414	407	612	539	350	383
441	1	294	545	296	522	273	371	436	409	478
442	544	322	483	260	535	586	151	452	399	497	434	563	311	388	474	319	508	414	351
443	1	291	532	301	398	461	212	406	281	315	476
444	1	457	490	247	373	343	536	361
445	512	299	429	430	573	336	564	312	473	570	509	479
446	257	322	421	264	553	395	598	546	557	400	434	563	405	502	474	572
447	450	387	630	424	584	554	560	520	310	471	255	412	383
448	512	577	473	571	454	360	298	299	397	271	498	377	345	530
449	1	292	325	455	487	353	403
450	1	424	492	362	332	367	560	339	310	471	554	447
451	546	507	260	551	456	297	333	399	464	434	278	283	508
452	544	321	483	453	586	556	497	562	243	372	440	442	539	636	414	351
453	611	321	483	420	389	552	361	491	556	237	463	306	562	372	408	452	539
454	448	577	517	561	360	425	298	397	494	456	498	622	279	600	345	530	286
455	1	514	487	325	391	267	366	353	449	423	541
456	256	546	451	421	454	551	297	614	557	494	464	434	600	345	286	517
457	1	324	536	465	458	247	344	501	343	248	444	415
458	481	324	337	457	587	401	465	244	501	566	500	346	540	415
459	385	259	356	261	519	502	395	301	461	466	402	547	406	567	538	603	604
460	481	485	422	583	266	396	338	467	565	342	503	314	475	582	287
461	547	356	476	618	459	301	466	467	532	406	567	580	443	348
462	1	515	522	363	305	436	277	376	411
463	387	420	453	263	520	521	552	274	372	440	539	412	549
464	451	551	456	297	333	494	495	596	437	278	507	590	413
465	1	324	390	457	458	365	307	501	566	503	344	346
466	459	356	395	461	547	467	502	475	604
467	547	356	485	486	583	476	266	460	461	466	338	565	342	580	475	348	582	645
468	325	423	487	493	302	526	381	581
469	608	514	419	581	423	649	268	493	366	525	528	369	595	529	505	410	541	605
470	1	392	234	527	305	340	506	411	477	382
471	1	354	488	450	367	560	310	282	543	412	447
472	640	619	548	327	393	394	555	493	189	304	529	308	534	633	596	495	381	639
473	448	512	610	330	299	397	430	429	530	564	632	377	570	571	668	445
474	322	483	388	422	232	553	586	523	484	558	400	497	434	563	598	311	313	442	446
475	652	523	356	502	422	460	395	300	400	547	466	467	565	342	553	602	603	604
476	1	443	580	486	301	349	467	212	532	461	315	348	253
477	1	418	293	289	392	527	340	470	504
478	1	545	522	371	429	435	341	441	409	509
479	1	364	430	431	336	573	435	564	312	509	445
480	352	385	519	426	588	559	432	402	499	374	538	623
481	582	422	460	458	396	653	401	565	566	503	314	540	346	287
482	1	548	417	289	526	404	504	308
483	321	611	452	389	453	491	556	484	558	497	562	586	388	442	474	351
484	523	483	388	389	422	491	556	558	401	594	500	597	474	540
485	1	486	390	583	460	396	349	338	467	503	582	348	317	254
486	1	580	485	583	476	349	338	467	348	253	254
487	449	325	455	1	423	526	417	403	468	541	581
488	1	354	355	420	620	592	471	516	282	412	543
489	320	545	613	550	522	397	429	593	530	371	376	591
490	1	516	295	361	428	536	373	408	569	444
491	483	484	453	552	389	361	556	594	616	337	306	611	500	654	662	536	569	415
492	1	450	424	362	332	525	368	433	410	554	574
493	608	529	423	619	526	304	369	468	469	472	381	581
494	517	454	551	456	297	279	590	464	561	437	278	425	600	286
495	576	464	419	328	394	333	304	529	370	596	375	472	507	413	511
496	544	609	612	535	521	599	375	399	584	370	628	350	407	440	631	507	414	511
497	544	483	452	586	562	388	442	474	414	351
498	416	448	578	537	517	454	577	615	622	432	512	377	345	571	606	601
499	480	513	579	357	519	617	426	588	531	374	379	607
500	587	484	389	401	616	458	491	337	594	643	501	536	540	415
501	1	324	457	458	587	465	500	566	536	415
502	604	603	459	518	553	395	466	400	402	405	538	475	572	638	446
503	1	485	390	481	460	396	365	465	307	566	346	582
504	1	418	548	293	289	393	555	482	527	404	308	477
505	419	326	663	268	525	528	626	595	469	407	410	575	533	574	383
506	1	386	515	470	527	305	340	438	411	542
507	576	496	451	609	551	328	535	333	399	464	596	375	631	495	508	511
508	546	451	260	551	586	631	399	635	434	563	535	442	507
509	1	545	429	336	435	564	341	570	445	478	479
510	1	357	513	618	519	398	532	406	380	607
511	576	528	419	609	584	599	375	495	496	370	407	507	575
512	448	578	573	330	651	430	445	432	498	531	564	473	632	377	571	426
513	1	347	357	519	617	427	579	499	379	380	510	607
514	1	391	423	455	525	366	595	469	541
515	1	386	568	522	462	305	439	376	506	411	542
516	1	355	420	488	490	428	592	408	569
517	416	577	614	421	454	615	456	557	494	498	622	537	600	345
518	416	557	559	432	402	405	502	537	538	572	638
519	480	385	357	406	513	618	459	588	623	499	532	374	567	538	669	510	607
520	387	549	584	521	620	463	560	630	585	543	634	383	412	447
521	387	612	549	520	585	599	621	463	496	584	407	440	539	383
522	1	515	545	489	462	591	568	371	436	593	376	441	478
523	642	484	422	553	558	400	565	474	475	540	602	597
524	384	1	579	427	430	431	625	531	378	379	573
525	1	514	391	492	366	433	595	469	505	410	574
526	1	482	619	548	325	423	487	493	417	308	468	381	581
527	1	293	438	393	555	589	340	470	504	506	477	542
528	576	608	419	649	529	595	469	664	505	511	605	575
529	576	528	419	649	394	619	493	495	304	369	664	596	469	633	472	608	639
530	448	577	610	550	454	425	397	429	656	561	677	489	473	571	668	613
531	384	512	578	571	588	426	651	524	430	625	579	499	659	617	379	573
532	1	580	519	618	461	398	406	567	443	476	510
533	424	584	626	627	407	505	410	575	574	383
534	640	646	550	327	393	394	555	590	661	561	596	437	438	472	660	413	650
535	544	609	641	586	399	496	628	631	442	507	508	414
536	1	587	491	616	457	490	247	643	500	501	361	569	444	415
537	416	517	518	615	557	622	559	432	498	405	601	345	655	638
538	480	385	518	519	623	459	559	402	502	567	603	638
539	544	611	452	453	647	552	521	621	463	628	562	372	440	612	636	414	549
540	481	587	484	422	458	523	653	685	401	594	643	500	565	566	597
541	1	514	423	455	487	595	469	605	581
542	1	386	515	555	589	527	438	439	568	506
543	1	488	620	560	520	471	634	412
544	641	452	657	586	496	497	628	535	440	612	442	539	636	414
545	1	610	489	522	429	593	371	341	441	570	509	478
546	673	451	421	614	551	456	557	434	563	665	635	508	446
547	580	645	583	648	459	461	466	467	565	567	602	475	604
548	1	482	619	393	555	526	504	308	472	633	381
549	420	520	521	620	621	463	592	552	585	440	676	634	539	412
550	320	656	489	534	646	568	425	650	677	397	589	624	561	178	437	438	439	376	591	530	613
551	546	451	614	456	590	494	464	635	596	437	631	600	507	508
552	611	420	453	647	361	491	620	621	654	463	592	408	569	683	539	549
553	642	603	598	523	652	558	400	502	474	475	572	602	446
554	1	450	424	492	560	627	630	574	447
555	640	1	548	534	393	650	589	527	504	438	472	633	542
556	483	484	389	647	586	491	594	558	629	562	611	597	452	636	637	453
557	546	517	518	456	614	622	655	563	670	405	665	537	572	638	446	421
558	642	483	484	553	586	523	556	658	597	598	474	637	629
559	480	578	644	518	588	623	432	402	601	537	538	655	638
560	1	450	520	554	630	471	634	543	412	447
561	577	550	454	646	425	494	678	677	530	437	534	695	600	590	661
562	483	452	453	647	586	556	497	611	539	636
563	673	546	667	572	586	557	434	670	598	674	665	474	635	508	442	446
564	512	1	445	573	632	473	570	509	479
565	481	642	547	582	422	583	523	460	653	711	685	467	597	602	475	540	645
566	1	643	582	481	458	587	653	465	501	503	346	540
567	547	580	519	648	618	459	461	623	532	406	538	603	604	671
568	1	515	550	522	589	591	624	439	376	542
569	1	516	552	361	490	491	616	592	536	654	662	408
570	1	610	545	429	445	336	564	632	473	509
571	448	512	578	675	577	651	530	498	531	473	632	377	668	606
572	642	598	518	553	652	557	563	405	502	670	603	638	446
573	512	1	651	524	430	431	625	531	564	632	445	479
574	627	1	424	554	492	525	626	595	533	505	410
575	576	672	584	649	599	663	528	626	595	533	407	505	511
576	672	609	706	419	689	639	649	631	688	495	528	529	596	599	664	575	507	511
577	448	517	454	615	696	530	622	678	656	561	498	693	600	571	668	687	606	677
578	512	675	644	426	651	588	559	432	498	531	659	694	601	571	606
579	1	513	617	427	524	531	625	499	379
580	1	547	645	486	583	648	618	461	467	532	567	476
581	608	1	619	487	423	493	526	605	468	469	541
582	1	485	481	583	460	653	467	565	566	503	645
583	1	547	580	485	486	460	467	565	582	645
584	627	612	585	424	521	682	599	663	686	496	520	626	383	533	630	407	575	666	447	511
585	612	549	520	521	621	686	584	630	676	634	666
586	544	641	674	483	452	657	636	667	631	556	558	497	562	563	629	598	535	442	635	508	474
587	1	643	458	500	501	566	536	540
588	480	578	644	519	617	426	679	559	432	531	499	659	694	623	669	607
589	1	646	550	650	555	527	624	438	439	568	542
590	709	614	551	697	494	464	561	692	596	437	534	695	600	660	635	413	661
591	1	613	550	593	489	522	624	568	376	656
592	1	420	549	488	620	654	552	569	408	516
593	1	610	613	545	489	522	429	591
594	611	484	616	684	491	556	690	643	500	597	662	540	637
595	1	514	649	525	605	528	626	469	663	505	541	574	575
596	576	640	635	697	551	681	394	590	495	464	529	692	660	534	631	472	689	507	413	639
597	642	643	484	684	523	556	685	558	594	565	540	637
598	642	553	586	674	558	658	563	629	670	474	572	446
599	576	609	612	584	521	682	672	496	628	663	511	700	575
600	577	517	454	551	456	614	494	678	561	437	695	590	622	693
601	704	578	644	615	559	432	498	694	537	655	606
602	642	547	645	711	712	553	523	652	653	719	691	565	475	604
603	604	708	712	553	459	652	623	691	702	502	567	538	475	572	638	671
604	603	547	645	648	459	652	466	691	502	567	602	475	671
605	608	1	581	649	528	595	469	541
606	577	578	675	615	687	498	694	696	601	698	571	668
607	1	519	617	618	679	588	623	499	513	669	510	671
608	1	581	649	619	493	528	529	469	664	605	639
609	576	672	706	688	599	496	628	535	631	507	700	511
610	1	613	545	429	593	530	632	473	570	668
611	483	453	647	552	684	491	556	594	654	701	680	562	629	662	690	539	637
612	544	699	584	521	682	599	621	686	496	628	585	440	539
613	1	610	550	489	429	591	656	593	530	668
614	673	546	517	710	551	456	557	590	709	622	695	600	665	635	693
615	704	577	517	622	655	498	694	601	696	537	698	606
616	1	643	491	684	594	500	662	536	569
617	1	579	513	679	588	499	625	531	659	607
618	1	580	519	648	461	623	532	406	567	671	510	607
619	608	1	548	581	493	526	529	472	633	381	639
620	1	420	549	552	488	683	621	654	592	520	676	634	412	543
621	699	612	549	647	552	521	683	620	686	628	585	676	539	636	703
622	577	614	517	454	615	716	557	655	710	696	498	693	665	600	537	698
623	480	705	644	519	618	588	559	702	567	708	538	603	671	669	638	607
624	1	646	550	589	591	656	439	568	677
625	1	579	617	651	524	531	659	573
626	627	1	584	595	533	663	505	666	574	575
627	1	424	554	584	626	533	630	666	574
628	544	609	706	699	612	641	700	682	535	621	496	657	713	599	631	539	636	714
629	674	611	647	680	586	556	558	657	658	598	636	637
630	1	424	584	554	686	560	520	627	585	634	666	447
631	576	609	706	635	709	551	688	697	586	715	496	689	596	535	641	628	507	508	714
632	512	1	610	675	651	564	473	570	571	668	573
633	640	1	619	548	555	529	472	639
634	1	676	549	520	585	620	686	560	630	412	543
635	641	546	709	614	551	697	586	715	590	722	563	596	631	673	667	508
636	544	699	452	647	680	713	586	556	621	717	657	562	723	628	629	539	703
637	642	611	711	680	684	556	658	558	685	594	707	597	701	629
638	705	655	644	726	518	623	652	557	718	559	720	708	502	537	538	603	572	670
639	608	1	689	681	664	619	529	596	633	472	576	640
640	1	681	650	555	660	596	534	472	633	639
641	544	667	715	721	713	586	535	657	628	631	635	714
642	711	712	553	523	652	685	558	719	658	565	598	602	572	637	670	597
643	1	616	587	684	653	685	594	500	597	566	536	540
644	704	705	578	679	588	623	694	601	559	655	669	638
645	1	547	580	582	583	648	691	653	467	565	602	604
646	1	677	550	650	589	678	624	561	661	534
647	611	552	683	556	621	654	680	562	629	690	539	636	701	703
648	1	547	580	645	618	691	567	604	671
649	576	1	528	529	595	469	663	664	608	672	605	575
650	640	1	438	550	555	589	646	660	661	534
651	512	1	578	675	625	531	659	632	571	573
652	604	642	475	708	712	553	719	720	691	670	726	602	603	572	638
653	1	643	645	582	481	711	685	691	565	566	602	540
654	1	611	683	647	552	491	620	592	690	662	569
655	704	705	644	718	615	665	716	557	622	559	670	601	537	698	638
656	1	613	550	577	591	624	530	687	668	677
657	544	641	674	680	713	586	717	721	723	628	629	727	667	636	714
658	642	707	711	680	674	558	719	724	629	598	728	731	637	670	725
659	1	578	675	679	617	651	588	625	531	694
660	640	1	681	650	590	596	661	534	692
661	1	678	646	650	590	561	660	534	695	692
662	1	611	616	491	684	690	654	594	569
663	672	1	584	649	682	626	595	599	505	666	575
664	608	1	689	688	649	528	529	576	672	639
665	673	546	710	614	716	557	622	655	722	563	718	726	674	729	730	667	670
666	1	584	585	682	686	626	627	630	663
667	729	641	674	673	586	715	657	722	563	727	665	721	635	730
668	1	610	675	613	577	687	656	530	632	473	698	571	606
669	1	644	519	679	588	623	705	671	702	607
670	642	731	726	652	557	718	655	720	658	563	598	674	728	665	730	719	572	638
671	1	648	618	623	691	567	603	604	669	702	607
672	576	1	609	649	682	663	688	599	664	700	575
673	546	667	709	614	710	722	563	729	665	635
674	731	680	586	657	658	563	724	629	598	727	665	730	667	670
675	1	578	651	659	694	632	698	571	668	606
676	1	549	585	683	620	621	686	634	699
677	1	646	550	577	678	624	561	530	693	656	687
678	1	677	646	577	561	661	695	600	693
679	1	644	705	617	588	659	694	669	607
680	674	611	731	647	701	657	658	707	724	629	723	727	725	636	637	703
681	640	1	689	692	660	697	596	639
682	672	1	612	584	599	686	628	663	666	699	700
683	1	676	647	552	620	621	654	690	699	703
684	1	611	711	616	707	685	701	594	643	597	662	690	637
685	1	642	643	711	684	653	565	540	637	597
686	1	612	584	585	682	621	630	676	634	699	666
687	1	677	577	656	693	696	698	668	606
688	576	1	706	609	689	631	664	672	700
689	576	1	706	681	688	596	631	664	697	639
690	1	611	647	683	684	654	594	662	701	703
691	1	645	711	648	652	653	712	602	603	604	702	671
692	1	697	681	590	660	661	695	596
693	1	677	614	577	622	678	710	696	695	600	687
694	704	1	578	675	644	615	679	588	705	659	601	698	606
695	1	678	614	590	710	561	709	692	661	600	697	693
696	1	710	615	716	622	687	693	577	698	606
697	1	706	709	681	695	590	689	596	631	692	635
698	704	1	675	615	716	622	655	694	696	687	668	606
699	1	676	700	682	683	621	686	717	628	713	612	636	703
700	672	1	706	609	713	682	688	628	599	699	714
701	1	611	647	680	684	690	707	724	637	703
702	1	708	705	712	623	691	603	669	671
703	1	647	680	683	621	717	690	723	724	699	636	701
704	1	705	644	615	716	718	655	694	601	698
705	704	1	644	679	718	655	720	702	694	708	623	669	638
706	576	1	709	609	714	715	688	689	628	631	697	700
707	1	711	680	684	701	658	724	725	637
708	1	705	712	652	623	720	638	603	702
709	1	706	715	710	614	673	695	590	722	631	697	635
710	1	709	614	673	716	622	722	693	695	696	665
711	1	642	707	712	684	653	685	658	691	565	602	719	637	725
712	1	642	708	711	652	719	720	691	602	603	702
713	1	641	700	714	717	657	628	721	699	636
714	641	706	1	713	715	657	628	631	721	700
715	641	706	667	709	1	714	721	722	631	635
716	704	1	710	622	655	722	718	726	729	696	665	698
717	1	721	713	657	723	699	636	703
718	704	1	705	716	655	720	638	726	665	670
719	1	642	711	712	652	720	658	725	728	602	670
720	1	708	705	712	652	718	719	638	726	728	670
721	1	641	713	714	715	717	657	722	723	727	667
722	1	667	709	710	673	729	715	716	721	727	665	730	635
723	1	721	680	717	657	724	727	636	703
724	1	674	707	680	658	723	725	727	731	701	703
725	1	707	711	680	719	658	724	728	731
726	1	652	716	718	720	638	729	728	665	730	670
727	1	674	731	657	680	721	722	723	724	730	667
728	1	719	720	658	725	726	730	731	670
729	1	673	716	722	726	665	730	667
730	1	674	731	729	722	726	727	728	665	667	670
731	1	674	680	658	724	725	727	728	730	670
