1	56.3364489785	55.9947548317	16.7889974463
2	49.4057318814	17.6852927857	0.790116635973
3	64.3779770195	19.0106982344	1.7494348602
4	68.8855576296	19.9678744032	1.94681282988
5	38.9898621534	21.4181742143	1.18372719357
6	76.3027159001	23.5399669833	0.546519193234
7	48.9303227701	23.3789888837	1.7879481312
8	60.9616179308	23.5164062966	2.25766754879
9	33.2717410934	24.0140727214	0.637562061291
10	53.67544661	23.2096555137	2.13632931654
11	68.0653490923	24.2875795907	1.52564643651
12	57.9880606225	25.5590746162	0.650538885012
13	40.9240683114	25.4702755461	1.02329793365
14	50.1577089459	25.844775104	0.767659890467
15	72.2033287595	25.972631066	0.742986341824
16	79.7641147146	26.7694756255	1.62338480558
17	65.0678218203	27.9887480898	0.479351556029
18	34.9946321744	27.9396056051	0.723957072541
19	54.6725692994	28.6824583927	1.52636694666
20	24.8278356597	31.4493876584	0.657469342252
21	51.2973518058	31.0633697393	2.50767909468
22	59.4008011822	31.5526257894	1.25973185391
23	70.4246359303	31.9002434127	1.13417511277
24	80.9228815452	32.6163320103	0.591248235531
25	30.9847090123	33.8016952815	1.75083248026
26	52.7700220827	34.0389086532	0.798843817362
27	87.1261882325	35.3052359262	1.45322941539
28	75.9880616552	36.4105000916	1.49543064818
29	57.065406589	36.7347846349	1.36260923845
30	63.3025193026	36.3246928897	1.6891117652
31	36.61320489	36.2514599866	1.18462666248
32	21.0682594527	38.2292935845	0.714164915078
33	26.1338703664	37.6755933144	0.837559912854
34	44.2827673574	39.1293295473	1.52590396178
35	69.2135808631	37.7593258496	1.23123793769
36	82.5685916163	37.7516888552	2.2243903375
37	50.8822057954	38.8174215555	1.96009323606
38	74.4703508591	38.4653753771	0.737254901961
39	33.4242608825	38.5377914975	0.477246477246
40	60.4757907995	39.9482219624	0.435280641466
41	64.2346424571	41.6550804546	1.687383352
42	91.2493394149	42.428640593	0.662487390114
43	39.1159272704	42.4958035346	1.47953592529
44	79.5144539475	42.4759653471	1.5794078982
45	85.5369095261	42.4959042882	2.00070155626
46	73.18481954	43.7338279379	1.83634717851
47	68.981952608	42.9107960805	3.15641872276
48	23.8048924509	43.1363444335	0.940526339629
49	31.0496188783	44.4444093161	1.06776597314
50	44.5337434285	45.2312487232	1.09923664122
51	57.5842870354	45.8358124654	1.49850279731
52	68.0658863237	47.9110844372	1.63468563089
53	18.5798561122	46.8268208481	1.56402079589
54	22.3890189306	47.8429873362	1.18089304258
55	75.0367976869	47.9098094344	1.06740663661
56	64.1151979847	49.5220412634	0.691530121464
57	86.1919402441	49.6806896429	0.823582287881
58	80.5569025713	49.6823912794	1.26799387443
59	30.437111887	51.2379117657	2.6420975761
60	92.7711738875	50.4948361219	0.624343832021
61	40.5205710463	52.3725681459	1.68759159746
62	75.3527885449	51.0921145912	0.771811779482
63	20.6447090874	52.4072721341	0.936777149614
64	25.3796012878	52.8769058862	1.65502860202
65	59.286980932	53.4503192137	1.08428128232
66	70.3254527148	54.0037932245	0.905317256375
67	34.4424695513	52.2256023323	1.28344355494
68	88.6705428559	53.3270018572	1.12773421864
69	16.9085794546	54.2336135707	1.54535688546
70	65.7159686395	56.6813122772	0.620454218772
71	81.611246231	56.1055654769	1.36447470658
72	53.2373847771	58.8044197807	2.35794959908
73	43.1639566185	59.371316504	2.7285470911
74	77.0846433322	57.1436193114	0.514338150952
75	34.1175449578	59.5164212011	1.01350778363
76	60.380914652	60.8042068989	2.51479706132
77	16.2013805779	59.9289345713	1.37861436532
78	70.4085442149	60.2247890707	1.12281703545
79	30.4168746077	60.701651956	0.772046372281
80	27.8022706686	61.1867815059	1.81072152096
81	46.7375779662	65.0308423998	2.5466435853
82	78.9489465739	63.2156467281	2.14095176257
83	75.44148322	62.9738352307	0.813896270052
84	20.0975728834	62.5996970331	0.686453576865
85	39.217489774	64.5359163613	2.03101435088
86	53.4792790379	66.7613348205	0.760156077913
87	31.2677948165	65.1051833	2.39670151207
88	65.5529677816	64.4662951945	1.96884202991
89	71.902120875	65.1830373777	1.06699894016
90	22.7422129771	66.8577464329	1.64140538837
91	92.1026455865	66.9018377133	0.511403028644
92	59.950155702	68.0554410092	1.55626553071
93	28.0005593354	68.5279087275	0.523495071299
94	34.1783385387	68.6092893552	1.52089059923
95	74.897060933	68.4224841761	2.01928240176
96	69.5543400076	68.9849058592	2.13379872019
97	85.5100271706	69.0397464293	0.991371818746
98	39.2599779123	69.9663033379	1.48629734977
99	64.9093437476	70.4268367947	0.726659566915
100	24.1123682145	71.71489293	2.0732858274
101	43.625616923	72.1595101208	2.4568392442
102	62.3075682555	72.4369939357	3.1247706422
103	56.9526548158	73.3661024047	2.06115457381
104	31.6853973186	73.0125294282	0.98463356974
105	83.357611846	73.2379365394	0.767025089606
106	71.9699092685	74.0039716593	3.41078816648
107	75.6073156793	74.181543931	1.57536461258
108	52.8844379426	74.4186509779	0.510192362906
109	67.1421293328	74.543162529	2.51106954465
110	88.6109521428	74.4867161202	0.474301556835
111	26.7437957343	76.0342679491	1.721183271
112	33.3900507479	77.0845960128	0.576914098973
113	61.6494892675	78.113942522	1.87081178795
114	78.7334890549	78.0740049696	1.02086765513
115	41.0050972151	78.2409515421	2.35504337905
116	45.6986451624	78.9100304084	1.48803611738
117	71.0144981923	79.6117261834	1.20963868003
118	22.9524612808	79.3588733032	0.706977222479
119	49.8344963963	81.0745625976	1.09308091053
120	84.2155173652	80.193282444	0.481907194551
121	31.4378843204	80.9280825964	1.63696763402
122	56.4216885925	81.5485885596	1.50188623637
123	45.6296713112	82.8386346177	1.34346858415
124	65.9000938438	83.2022199678	0.766031195841
125	37.9002737487	84.862737443	1.6895415239
126	72.284983253	84.3704992661	0.692050144047
127	31.3603153103	86.1503355989	1.56902227762
128	66.5784262277	86.0549305881	1.83722662333
129	59.925069945	87.8568664933	1.20601542089
130	38.8543575385	89.7655714817	1.55989591768
131	69.7781775912	89.1259534083	1.56820808545
132	63.4395070265	91.2263545751	1.63946387501
133	58.8882682486	91.8350851532	2.3766106091
134	40.7486090246	28.9421582257	2.39621955652
135	48.1139188192	35.7499461614	3.55736792738
136	50.0544175968	70.2670559732	2.88474741749
137	30.0809507867	39.0295715616	3.20987835502
138	28.5060630195	56.1179506183	1.95453052106
139	92.5826187175	56.59377669	1.39233013639
140	80.729513992	81.7439356716	1.91255500021
141	52.9983896184	87.8819023797	1.93339057759
142	46.6355501731	28.6103472384	1.88614751992
143	36.1332992554	31.5758018379	2.59345548679
144	26.8997936624	41.840287734	2.40820057807
145	51.1327249251	43.2020107421	3.16513446044
146	21.2253735142	58.093820971	1.39633580374
147	89.2342951943	70.0502590835	1.78459119497
148	29.068694898	29.1006883628	2.11654472419
149	25.858065041	45.5256659674	2.57754341422
150	77.6263270872	69.607851052	3.17179069693
151	59.8828032174	84.03979622	2.40207347307
152	46.2259119832	90.9066958271	2.82065185498
153	45.8231105355	33.1111546808	3.25432146752
154	86.3203130724	56.6345731479	3.22590945732
155	46.8948028337	58.5201269047	5.26823575005
156	54.2013009636	65.3326277698	3.24279883306
157	54.4224146895	77.5042869476	2.59070102243
158	44.7091704974	20.2572045688	1.94554922665
159	45.5720438241	25.9173300777	3.53391290953
160	43.828800685	53.1108684825	3.37433785341
161	81.9942397678	70.0444227647	3.79986498019
162	54.3466043732	18.5578755224	2.53877705859
163	35.7328917731	41.7716697372	3.5916601022
164	78.5030344778	47.2657631406	3.37323560148
165	23.6134278514	62.9939974559	2.95698398722
166	91.1259369309	62.5825450828	2.41290243322
167	86.0750594299	63.4226058231	2.17077940496
168	17.6931514553	65.4174596627	2.42730194744
169	75.6430362344	85.4040315202	2.98824173943
170	53.1921059543	91.952373277	2.02241468132
171	59.4422961379	19.0310758932	3.03178694158
172	76.6811930602	31.5490435384	2.41932798097
173	60.9789711057	44.6809235203	3.80487242988
174	90.7133489127	47.5851094235	2.75476702509
175	45.2116247933	47.359823183	3.21203051843
176	73.2936619553	55.7010883939	3.82406323946
177	37.7978107871	58.9183398525	3.16673333091
178	19.2745240603	71.1958520555	2.57304263896
179	37.7888056786	73.3574060703	3.66495692988
180	65.2412975688	32.2723827781	3.34313950464
181	71.1839214269	35.1038440052	2.89157518194
182	41.7164675437	36.9729479326	4.1176046176
183	72.9863436212	60.7307465952	3.39003522899
184	22.0088240469	76.7198860258	2.51492841317
185	64.8159709957	79.8822008664	3.52675643017
186	36.2712572631	80.5826820649	3.07731958763
187	52.4536944171	84.2902218724	2.88203289121
188	45.5882295549	86.2079547667	3.00827683098
189	79.6326774481	75.3960731917	3.5542236201
190	65.1554258615	54.3880682831	4.41773526815
191	57.2387056487	54.3846448312	5.03708612058
192	67.9817042061	59.0510219432	4.69461614261
193	27.7033929465	71.1841052993	3.84256728778
194	33.6857395374	75.9414620359	3.66105872928
195	46.935900233	76.6302989388	3.500501762
196	27.0234356679	82.216598616	2.84703055085
197	64.925026666	27.0106393464	4.34286625758
198	74.6368317126	29.2046055745	3.79402778818
199	25.5874691632	34.2199664282	2.93225024939
200	22.0805461601	40.0161619931	2.35759700313
201	85.3289594861	48.713576717	4.10728632479
202	32.9141787505	48.6351829821	3.83470901682
203	25.9253439646	49.4998696138	4.59511564733
204	61.9678929398	51.2360709304	6.38530633206
205	72.259819662	50.253847223	4.20600206968
206	31.8874898526	58.8922226197	4.43699847224
207	66.1428419336	68.7578654115	4.78043191843
208	69.5361533126	27.8643254483	4.06175794078
209	77.0886257327	53.388154157	3.70473779565
210	32.8390804063	69.8569455379	4.15830802484
211	85.083994928	75.9617460032	3.19600875776
212	32.9686938225	27.6204917706	3.96130312227
213	60.2042153986	29.3745871307	3.20882551665
214	33.4102235803	36.260038963	4.81311789878
215	89.3749657261	40.7717992981	2.84783064578
216	37.9337004624	47.273207794	4.78366260333
217	49.7901120504	72.8177230958	4.48970411376
218	74.1572476727	81.4761565752	3.50745909728
219	73.9756114699	23.9590461707	4.56939040208
220	83.6781061862	32.1557906905	3.5164430926
221	57.762406637	39.434174446	4.54236452546
222	79.1087319556	57.9465257441	4.42218400688
223	24.4786922992	58.0091727883	4.1852157186
224	40.9472788996	83.01185512	4.93571294321
225	36.7861376033	24.7191770878	3.25117674806
226	79.4122958623	34.7231097318	3.66040269934
227	35.7278827211	53.4498896285	5.95108229888
228	25.8358238994	66.5063517394	4.76091870509
229	57.0970660285	26.1573822974	4.92737605983
230	43.2828262329	42.4260625505	6.32012268126
231	29.4791330751	44.7087974748	5.47366306456
232	56.3266046919	47.881260166	6.60895966685
233	50.1166986381	51.0227981244	4.17457445383
234	23.7589926731	53.2981801514	4.31708857126
235	73.5869844279	65.9276358215	4.94627105052
236	41.9541999263	31.41874188	5.64394205341
237	55.5752072258	33.9593605101	5.47102558496
238	74.4220177036	40.9325892668	5.12984984985
239	71.2825752057	78.502806919	4.55941869021
240	53.5306042525	79.5141197446	5.47519305257
241	66.641629282	83.7584643802	5.1746940295
242	48.7317094319	20.9415100215	4.84219931606
243	42.0225417476	23.9272563879	5.5218203961
244	22.1145536036	43.1294821221	4.71636440321
245	51.92502932	58.9845995998	6.85986693066
246	35.3611633097	65.0611909021	6.40620678267
247	55.574498348	70.0782452884	6.28582949408
248	51.2973984027	27.0041917933	5.34297863825
249	62.5479197966	34.9412584973	5.77361853832
250	68.4411599327	37.7152379627	5.84035711032
251	60.3749381365	66.4520971148	6.84259622852
252	40.936598891	67.192497323	7.1166485074
253	29.4367959951	76.0439484077	4.22637496202
254	59.2964261184	86.3457132643	5.58574025867
255	25.9828697521	37.8173923502	5.75264447733
256	90.4901853438	54.7059306912	5.05964938577
257	19.8735976429	55.1282407166	5.68434721806
258	87.3824605655	69.8819082759	5.33289102417
259	35.1162332529	86.9974689573	4.7819831784
260	69.1648738301	88.0660667707	4.9824835072
261	79.8479606463	38.226308917	6.40191926402
262	63.9651531258	41.4012235502	6.56604571278
263	67.5969165751	47.1914652715	6.4452393679
264	19.9325069907	51.2581982768	5.32574683
265	84.1218337889	58.763575414	6.96105504303
266	19.1756394574	60.416015337	5.14074738671
267	40.9314342845	88.6213755565	5.10411888646
268	37.8768056406	35.1685431126	6.43246216251
269	78.9553844547	44.00945089	6.44178656035
270	80.8336822303	51.7878456862	6.79649873257
271	68.9695157701	64.6577877142	7.07081393429
272	43.1048004218	73.4704255832	6.81201765627
273	49.0374093811	81.2838428535	6.16869470793
274	44.493439909	81.985332886	7.08580218016
275	75.6170524713	47.5978940361	6.74466663762
276	84.0738895779	65.4832537195	6.49473643768
277	56.093266919	90.2577181344	6.37560428511
278	79.533582119	29.4497891336	6.55389718076
279	48.2113365507	30.3012088537	7.15460809647
280	74.7471114369	36.2191005012	6.27155837855
281	41.1390496322	49.6691093628	7.89993046864
282	29.9325515356	71.7282158695	6.81228743232
283	65.6682657084	75.4792775161	6.82387772246
284	80.0253249114	80.6145200674	5.96114253994
285	51.7965870555	86.2508595434	6.52245347059
286	62.5508329003	26.7540996248	7.18510176844
287	86.3604617669	39.3769672063	6.75897047857
288	82.1114397435	44.2076631424	7.46722305566
289	21.6119760174	47.1955436406	6.11074492049
290	39.2871345192	56.0243363922	8.27191062127
291	56.1349782576	63.6658000744	8.30680181242
292	79.3739375946	63.8038950393	5.92534472022
293	20.5691188142	67.4641774521	6.42663327072
294	59.6656540472	76.8338709448	7.3526642503
295	32.6511375963	78.0129636637	6.57526608564
296	65.6179922648	21.8014778105	5.89461184276
297	51.9517456553	44.5508295138	7.7616530241
298	89.2420653068	47.0750352202	6.39686211788
299	34.8392230542	59.1949192	7.79538882376
300	32.4678750029	84.1542197835	6.73072102933
301	70.7861752918	31.8522527407	7.73931193416
302	31.0179367931	32.3346543871	6.92032580395
303	42.6972606265	55.3624939854	9.1948741194
304	27.7897885757	61.3951424703	7.6829219996
305	50.8322249975	67.0568462725	9.48339662197
306	70.6002210851	71.3672269395	8.04526524781
307	77.2082047932	74.6648146616	7.41422746044
308	36.8810531344	78.5826973707	7.56517143996
309	56.2016913084	29.0169728299	7.72672356678
310	65.6082259739	59.1865076782	8.71903937916
311	74.2185872985	61.2500600134	7.80180671759
312	89.2329685267	62.9124543978	7.08426714168
313	29.6892255559	67.2219421802	8.37860082305
314	49.5890348874	74.1469815174	8.23968365829
315	27.418479013	79.8879874487	6.57104941144
316	51.5846106755	90.3849094367	6.96101137707
317	34.117793298	40.1614244875	8.55793835468
318	70.5656918479	42.7713542065	8.52206121581
319	31.7022957183	46.6171055102	8.96711919051
320	28.8432665202	55.2140998613	8.34716077656
321	23.8417988667	74.5506736785	6.99676054618
322	53.7451163842	22.5282211136	7.99960514886
323	57.5557068091	37.4151776412	8.89378568922
324	46.410899537	44.3513572849	9.45216024432
325	60.1778590148	59.1253428434	9.49903728655
326	45.1368118773	68.575990765	8.95572211265
327	53.6417416102	72.9309010736	9.02997721767
328	57.3613447281	82.9493239239	8.45630749446
329	58.502020162	21.7219064022	7.32294172159
330	36.9233619762	28.5404099101	7.64211690591
331	51.5352789891	40.2159701896	8.86256960409
332	39.4692843443	61.8670181058	8.84074840252
333	64.4974601864	63.3560997837	9.93256850156
334	45.1101160676	64.6203072131	10.4653672372
335	47.4833067506	37.1949966584	8.64930884302
336	60.9620518868	42.9808898939	10.1118024462
337	64.1889669374	47.8843055036	8.72054242258
338	68.8748561085	53.5833590242	9.72579540742
339	60.2970414567	71.4548783612	8.93085805158
340	72.0131375333	80.4340674327	8.02853580101
341	61.7298417426	89.2523400713	7.59730704356
342	75.7334494722	55.2151999658	8.58722818607
343	42.0324509647	60.1727499685	10.8923579227
344	34.8249404292	73.55552276	9.40709537376
345	66.3580077061	82.3758207432	8.7838168737
346	67.5777627785	30.2006335581	9.42313015557
347	51.1910018313	31.7714791015	9.18837574114
348	43.8392507453	33.0863404229	9.14890604121
349	75.2428341642	67.3992417933	8.6920259228
350	41.5255045167	79.3474486364	9.72170843944
351	61.2315881264	82.0402063237	9.65557039223
352	36.3833258839	44.3856225326	10.7184553119
353	31.0332805573	51.8088344698	10.1767901235
354	83.5367660227	52.1314883748	9.49072061192
355	34.5460016746	69.8907987333	9.47954432165
356	66.1924008618	71.0427673673	10.2801659379
357	72.536980732	84.9224875576	8.19505137886
358	61.6021372569	30.5142266368	9.39637758997
359	76.1275857163	34.8083057315	9.20314044452
360	64.2959827111	40.3962150631	9.88383487118
361	42.3607487558	27.7055446189	9.56653891461
362	56.3581610682	43.7314416051	10.8936136189
363	73.3079282876	49.514779398	10.1480060458
364	46.0073313726	54.0970984274	11.5212295288
365	22.3395951522	61.0277452334	9.38841672832
366	80.635041302	68.7741513225	9.31546187452
367	83.3173105176	74.8937394652	9.07657802971
368	37.7612429446	84.9638820942	9.58664195728
369	47.046518399	88.5562884641	9.10148392363
370	81.2301878366	33.5255882738	9.61014999799
371	77.9390464493	41.8323110799	10.2354782044
372	25.1312113443	45.6404608211	9.54931560827
373	22.9857832008	53.9487846793	9.48308880191
374	72.6073318834	76.376796766	10.1622665945
375	52.8438083964	82.4071618022	9.75988089641
376	48.3193469962	24.9393507605	9.43053236876
377	40.0648169118	37.1384957396	10.4634789951
378	44.0176208768	50.468851016	11.0432558489
379	81.5623403633	62.5199379472	10.3226075984
380	48.3455620941	82.8789021181	10.1873742188
381	71.1403112761	25.6151877155	9.47657109461
382	37.1331823296	31.7193733544	10.5245469802
383	29.4774577661	37.822789139	9.78975820001
384	55.3842885548	54.3178201974	11.1999693909
385	24.9327925723	71.2966658114	9.65395255419
386	57.3914916474	74.6477969256	11.5361348879
387	77.5853539211	80.5625035345	9.70747766108
388	27.5810069565	41.1715521832	9.7711914324
389	38.8532208631	41.331701933	11.2545380545
390	86.5704235503	45.8201823465	10.1493589537
391	55.8154823112	60.7301865346	12.0639860748
392	31.8055860786	61.4147436777	11.5442988966
393	31.9403542335	65.8763522554	11.1911185537
394	76.5278074022	72.2692753912	10.9643027502
395	45.9487654477	76.1840591702	10.3846205669
396	68.0388537112	78.4076005151	10.57854271
397	66.6270965102	86.7418958199	10.4580337914
398	64.8822044267	23.9878706671	9.62320400264
399	80.1722411277	57.7836064768	11.3376316355
400	40.0839986442	76.2610505012	11.4873426637
401	66.7388706122	34.4598914697	10.9681337093
402	88.2621879218	55.8724404717	10.0199358405
403	70.2711367952	59.5967487389	11.6574039371
404	23.8379957201	66.6000547827	10.3111662873
405	59.2156953596	24.8440313303	10.7956693627
406	62.040311287	34.7835620179	11.6683032322
407	33.3449972032	35.4114050456	11.2406151442
408	35.7856834781	50.1171288037	12.7050534648
409	51.8749757899	58.0069025498	14.0176226909
410	74.3293684758	62.1033078891	11.1776936624
411	48.7016553734	62.0919496406	12.6560819197
412	63.9256899036	78.6084676146	11.3772368279
413	32.5991089105	80.8864023037	10.4700662582
414	42.3417518175	86.8286560674	9.98086666361
415	72.8249115847	37.3299770319	11.0788809757
416	86.5130230943	50.2173896814	11.7853743143
417	64.118493729	66.7351449528	12.8929477983
418	56.1026666725	79.514587362	12.6986038191
419	53.2522360053	26.4477480567	11.6061246175
420	66.8652141893	47.3018278269	11.938282996
421	34.425972595	56.5232339961	12.5356697977
422	75.5889986706	30.7930665573	11.9376108869
423	67.2679257827	38.2759994001	12.6354190472
424	60.2984379925	48.0491594497	12.5348937505
425	48.7864539139	48.8782864208	14.342950301
426	85.8006454738	68.6066545332	11.3271044535
427	40.4849108216	72.7046716483	12.1722837849
428	29.023831069	76.0675691877	10.9127516779
429	52.6069273585	49.5916887243	13.7070039575
430	63.5711538779	53.9187413712	13.6964963409
431	69.4704014401	65.6385710167	11.9239074309
432	56.842864752	68.4634138661	13.264130367
433	61.4033254307	72.7357098065	12.0173970885
434	50.7460279731	79.7558987377	12.0775353535
435	55.9478286838	33.9662261998	12.1462328301
436	83.847276687	40.2103220795	11.5081787052
437	46.0512152213	57.699276924	13.931440041
438	36.7238262334	66.0136819413	13.5847835036
439	61.3371877611	86.3241661517	12.3185447334
440	74.5340065861	43.0297215567	12.694729475
441	40.2963292413	45.5266080025	13.6300329292
442	80.7385147052	51.1394947541	12.2048459068
443	86.7257284798	62.3610694455	11.9344362894
444	54.614415106	88.2216250891	11.2872854588
445	46.5315138086	35.4954542443	12.3554334192
446	77.5577371319	47.6218860695	12.7837876207
447	60.0767368108	54.995701111	14.5698708995
448	35.7498324143	69.424327709	12.9479822378
449	71.1948407722	83.4791295012	12.0435012477
450	51.3963322776	37.6933383221	13.6879061818
451	61.337756547	37.7928114308	14.1124838148
452	57.2713286596	49.9466959821	13.8760699072
453	76.9281011257	53.6601310946	13.6165006027
454	78.0037101502	64.4490969381	13.3624004916
455	44.9786932634	39.9658164044	14.0533401718
456	69.9359983479	42.4760597198	13.8830428617
457	59.4010425993	62.2827419698	14.1295584241
458	53.5876865195	65.3518911947	14.25296908
459	77.195363531	68.6569237346	13.3454693973
460	40.6442451862	70.0859205543	14.2537825541
461	25.244785729	52.6561447956	11.9665607444
462	29.9557965051	72.3847846604	13.5080446716
463	71.6913398435	74.083478158	13.8366496449
464	66.2288714137	27.4128014022	13.0527438433
465	47.2644758037	29.3628721794	13.257233101
466	71.6881745754	29.4058082677	13.3174582558
467	67.9200911048	53.4565358892	14.2830442189
468	45.8167524247	71.5731971131	14.6143348377
469	75.5988851385	79.2896812842	13.2658929192
470	44.7808815695	85.2742697981	12.9989346726
471	31.0148321713	42.3408821501	13.6406677467
472	73.7702019199	68.2942172409	14.4634666667
473	80.770926019	74.7543893241	13.1597190946
474	53.5823164928	76.6101899454	13.7649878902
475	45.6061735031	77.3119025081	14.1103071938
476	59.0860675605	27.2167186101	13.2742177483
477	28.027433168	49.4240017998	13.9329366844
478	37.2397868828	61.5159828173	14.9992751135
479	26.6280207922	65.726182393	13.109578448
480	40.3539993879	66.2645252553	15.3318825052
481	49.2371661704	74.7334090462	14.3185832394
482	66.9361533338	75.4367799858	14.6955660807
483	41.7803468121	32.3252546459	14.0155001211
484	79.5135771618	37.8938273164	14.1005476064
485	71.9963375316	39.374671965	13.5022603978
486	72.0926792756	54.9125196599	14.1709637815
487	85.7949731716	57.0945238511	13.5248815722
488	53.8011972072	86.250284976	13.4565267661
489	36.0913007159	37.468134475	14.609376885
490	55.0794968935	45.0098309008	14.7927098321
491	82.5331128456	45.5928416041	14.7559047427
492	39.3721894072	54.3490194464	15.6927707803
493	27.2933500367	59.7537960308	14.5876813451
494	61.7016045722	77.3417353429	14.796190867
495	37.8518023374	81.5496029436	14.016695823
496	57.4687506288	40.771384662	15.3673496476
497	55.8129631582	56.3479456963	15.8935608062
498	53.438296799	29.1215985245	13.9336522936
499	73.0870346368	48.3326290581	15.7389394894
500	75.2158041802	56.5098334285	15.0976114826
501	77.7422210764	59.9208271155	14.7759159159
502	33.7793200753	77.5255586589	13.9789349809
503	64.5884375618	42.1753958281	15.6306455729
504	50.6648105438	43.9603015363	16.7324950907
505	69.6923089453	70.3209740022	15.6564212199
506	43.9220707716	46.7263545688	16.3066898523
507	73.8575696502	61.0392358358	16.0328330357
508	58.5850497371	30.3146849494	15.1590065359
509	53.9567715585	42.2452374071	16.7689262372
510	68.922412158	45.2854598849	16.1500729232
511	45.32364036	68.317747831	16.3048796189
512	30.6328313982	68.7231909275	15.7581739387
513	81.2440943483	70.0904040855	15.43965275
514	65.2744986079	82.4648358875	15.7098885705
515	64.1384702963	30.325001076	15.21059069
516	31.1572623604	47.0551353089	15.4710278414
517	83.4148412476	53.4169577617	15.7327798833
518	37.8388351783	78.7421484666	16.1872284095
519	40.8608121444	35.8960394231	15.9610157368
520	75.8671060273	37.4233489665	16.0542149673
521	29.2209053451	55.6977943422	16.0092480645
522	43.0645456444	63.8870981374	17.0506993663
523	70.2910537639	79.8676603587	16.3118228423
524	62.6992937815	46.0610725215	17.3000376887
525	51.9908677771	71.5468928311	16.7483381716
526	44.4378056072	52.2978191363	17.8553370685
527	65.7701373059	60.4192162132	17.8624401475
528	67.53566744	63.0001879588	17.4662558016
529	69.1349825424	66.505374787	17.126046259
530	34.8170538677	73.7508892296	16.8092082632
531	70.8336085863	33.8406564138	16.013735091
532	67.4027819794	50.4470565433	17.8847319101
533	43.3420292848	59.8150501321	18.1814095098
534	82.698020357	60.8066316769	16.2552413926
535	53.1343647764	84.0003866427	16.0726321674
536	49.3617952967	64.683912978	18.1914719147
537	64.018506645	71.3507356373	17.0792136193
538	42.7014979908	80.9341521876	16.4857167831
539	47.1801704501	82.3315955707	16.574002509
540	60.0542897468	83.24930673	16.3842137013
541	51.7179121114	33.4462061827	17.448463469
542	81.9442342634	64.7147714361	16.8626942781
543	58.4767025298	73.1840638825	17.4837659636
544	39.6674160132	40.1855154989	17.8661569096
545	32.0199851689	51.1868876215	17.6822020136
546	70.7440846815	60.2195323591	17.875030329
547	31.7967142929	65.8239681909	17.2182581786
548	75.9335526884	74.7780913396	17.0853507536
549	77.1950916539	43.1184404901	17.6013512856
550	35.1489022823	44.6984599	17.5270465968
551	57.0099207177	32.105578409	17.0779054917
552	44.9912338164	35.6818791065	17.8582176257
553	63.5679238368	34.4191407076	17.6594405781
554	70.7284145589	55.0886626081	17.8609716244
555	65.1929926894	56.2500519661	19.4868752613
556	81.188728314	54.8020774105	17.5048921739
557	53.2782189373	68.8892661972	19.272153796
558	79.5526955267	48.762489051	17.8156603558
559	61.6516147119	65.7624686824	19.0920977934
560	72.3221704138	39.0658500721	18.4291838741
561	57.9581266577	47.9341719641	19.0919995122
562	60.9391623647	51.908256287	19.8267888599
563	49.1583750969	53.6187147636	19.653420257
564	61.5577022744	58.9730237881	19.8426292549
565	33.5527344691	61.5976625914	19.1498899114
566	39.8091550874	75.6612468293	18.4543198958
567	57.9059800234	36.4880211895	19.3445700875
568	66.2817375106	37.9400947537	19.1022374145
569	55.7991229882	53.1450446141	20.0615868327
570	34.2137242609	56.7825378509	19.5454545455
571	50.2635487944	37.2305501757	19.8259673934
572	36.3314626572	70.6607915707	18.8554737703
573	54.1135134384	80.2436247855	19.1238563077
574	51.3392087362	58.6186068463	20.3339029621
575	57.3279645532	61.11927071	19.9802103665
576	55.5409095657	65.1652187571	19.8090640527
577	77.8220105951	68.5680403498	18.8446275946
578	44.4891225161	76.0785158523	19.8539228931
579	78.3150601403	58.3425425588	19.6296808674
580	72.1162258475	73.9956759632	19.519998941
581	43.0753986968	42.1220341076	20.3275667167
582	48.4272024664	77.7177830733	20.0830553652
583	60.5735306543	80.3977634347	19.4307608101
584	70.3574875495	41.8982072943	20.2543515394
585	38.4529092849	46.3123031237	19.9696048632
586	76.1731534097	51.2908250883	20.1120680156
587	74.7057526102	45.4028380157	20.1125010395
588	75.91290971	65.9350462758	20.2982060225
589	41.0694718291	71.1780606226	20.4146321332
590	36.0631274216	51.9970822303	20.3027027027
591	37.6043431531	65.5025841657	20.8749664202
592	48.7591098508	43.876632223	21.5948674123
593	62.5763700535	40.6075864255	21.0509721298
594	65.4515637262	76.6765121584	20.7650278426
595	55.750239187	39.7457643877	21.2728797408
596	70.7967215379	47.5788379848	21.8875091779
597	70.1998600153	71.0940523813	21.3652707215
598	46.217484112	71.9246910441	21.7760963558
599	43.9511521034	46.9976562727	22.5626603911
600	54.0727270483	76.6324747758	21.5684459416
601	38.9994142689	50.3084771729	21.4009863092
602	39.0776253002	58.6004179948	22.3376944607
603	71.2575965322	65.4249010227	21.8393279504
604	60.0228876288	75.6807854169	22.0449427959
605	49.7249105844	40.573660151	21.5141059782
606	59.8989073946	42.2936779979	22.0424740725
607	66.7509343027	44.2777075395	21.9219854189
608	73.5223854695	62.1158413796	21.8958775655
609	41.0211567041	54.7463718678	22.9596856425
610	73.4037868539	56.857295517	21.9459264653
611	41.6795256441	64.8195785156	22.5638415091
612	70.2413380461	53.969562459	22.9529570866
613	56.1978083366	44.4530995611	23.029467931
614	67.5929275048	69.3694974268	22.8633772013
615	50.8163737427	72.6728375242	23.0497688292
616	63.2868622043	47.6761949658	23.6431545805
617	45.2828171404	67.7883429461	22.9785216789
618	67.4659125083	50.3577365526	23.7661611272
619	43.9728217139	51.3753536885	23.538196898
620	46.9259857007	63.6630947207	24.2508998959
621	62.9037731303	71.3603560086	23.4886487666
622	44.9676716856	58.1296110695	24.2085679124
623	56.1933620756	71.9314593308	23.6893963692
624	53.357141858	46.9306703402	23.9057379712
625	69.1532314086	60.7773968714	23.6506011
626	49.4987413342	67.3493261492	24.0828928029
627	50.1260354017	49.4546207136	24.7119832101
628	65.463504767	65.7482261523	24.0619135201
629	66.2654761539	59.3680695261	24.6896764399
630	62.4749827593	62.7770161556	25.1287400816
631	59.2467478484	67.6811061385	24.932618383
632	63.7671313155	54.2517563151	25.1286283109
633	60.357231545	57.4188441785	25.6538299193
634	58.0231792109	50.3306029858	25.3008012406
635	49.3191317339	53.4078655259	25.4942607897
636	54.1317790155	67.6506938649	25.113281535
637	55.101095834	54.1592007116	26.057586861
638	48.8773803	58.7209815263	25.6655716279
639	52.77837572	62.5864565607	25.6844281083
640	53.9022948588	58.213554037	25.8918955236
641	57.6881267405	62.1183399141	25.9576876743
