1	373924.147835
2	6.74295371356
3	148.806290031
4	215.892299685
5	113.364068983
6	96.0600989732
7	16.4893191249
8	64.7107624942
9	32.419179208
10	92.899646141
11	134.41739608
12	5.05476151744
13	10.9830643457
14	87.9135901199
15	5.93811789913
16	9.95248190036
17	42.3814761793
18	33.3417958733
19	94.2443108553
20	33.0277136043
21	70.256277557
22	13.8883253343
23	97.1299417022
24	58.6646788151
25	45.3063673097
26	141.22905529
27	166.542123161
28	99.7309354927
29	79.0603961612
30	262.612037205
31	25.1756568781
32	10.5413861548
33	268.736641452
34	24.9008348927
35	120.56833103
36	200.786905558
37	120.077577484
38	181.353065161
39	58.3309664042
40	81.0234103427
41	93.53762575
42	93.7535573099
43	46.0130524151
44	16.3126478485
45	100.948004285
46	163.401300471
47	14.3594487379
48	120.666481739
49	33.3908712279
50	32.6841861225
51	31.9087955208
52	41.4588595139
53	81.0823007682
54	20.4153474879
55	187.232292634
56	21.897423195
57	255.024987394
58	55.1803286429
59	89.3073301888
60	40.7227291959
61	68.7153114245
62	51.9119100306
63	134.132759024
64	438.095689963
65	116.269329972
66	37.3561598745
67	52.5498896396
68	110.723814909
69	69.088284119
70	42.1851747611
71	31.781199599
72	112.235335829
73	24.2923004965
74	275.283293747
75	313.395214082
76	128.812990592
77	124.337318258
78	100.830223434
79	77.9414780777
80	312.060364438
81	190.86386887
82	40.3399414305
83	19.875518588
84	273.889553678
85	28.3557398522
86	57.3396442425
87	8.34281027151
88	41.4686745849
89	148.992776378
90	121.942440957
91	374.209393425
92	20.4447927007
93	121.059084575
94	143.515966812
95	9.34394750409
96	110.812150547
97	67.4786124901
98	17.8732441228
99	45.3652577352
100	162.674985224
101	68.9116128427
102	102.066922369
103	62.6103373199
104	57.074637328
105	230.968248599
106	10.6199067221
107	116.78952873
108	61.1871520383
109	104.540320237
110	12.6319962582
111	184.680374198
112	50.0176013454
113	142.828911848
114	101.271901625
115	34.6864605877
116	36.3942829256
117	177.1227696
118	21.6127861387
119	121.736324468
120	152.025633289
121	107.190389383
122	70.2857227697
123	65.7511600104
124	32.1541722935
125	140.335883838
126	52.0591360942
127	171.920782019
128	107.965779984
129	68.4208592973
130	5.34921364467
131	208.49173622
132	88.7380560761
133	50.2629781181
134	39.1425027797
135	78.7168686794
136	30.1224526156
137	432.44220912
138	209.512503595
139	157.33558665
140	131.845847503
141	143.722083301
142	124.57287996
143	344.342132653
144	136.714122673
145	239.026421814
146	142.563904934
147	243.933957268
148	126.045140596
149	193.975246348
150	139.413267172
151	172.391905422
152	158.061901897
153	182.894031293
154	142.495199437
155	77.6470259505
156	190.471266034
157	145.901029042
158	113.226657991
159	228.681337078
160	172.627467124
161	309.626226853
162	148.335166627
163	214.056881425
164	544.854216226
165	198.087761058
166	187.605265329
167	288.945872451
168	259.196392529
169	188.419916214
170	76.3710667325
171	218.728855177
172	187.516929691
173	253.680322679
174	137.145985793
175	264.349304756
176	328.991361754
177	215.813779118
178	202.023604492
179	191.344807345
180	154.881818923
181	301.322676865
182	220.858725564
183	228.377069879
184	471.103773426
185	344.597324497
186	232.617180511
187	207.205961932
188	226.885179101
189	183.168853279
190	278.198369807
191	386.959170534
192	546.73870984
193	239.104942381
194	182.354202393
195	164.098170505
196	253.36624041
197	233.402386184
198	323.32806584
199	217.089738336
200	144.948967164
201	202.003974351
202	261.159406711
203	272.495813609
204	146.63715936
205	195.997150955
206	277.845027254
207	364.227466312
208	217.227149328
209	250.11745194
210	132.395491473
211	177.191475096
212	157.237435941
213	214.508374687
214	127.939449281
215	182.903846364
216	117.741590608
217	206.509091897
218	359.928465255
219	132.189374984
220	222.154314924
221	227.385747718
222	318.930914073
223	251.354150874
224	281.829946042
225	334.713548093
226	218.885896312
227	208.570256788
228	223.979918113
229	386.468416989
230	204.251625588
231	276.883150305
232	265.311181705
233	228.81874807
234	188.361025789
235	187.163587138
236	263.887996423
237	239.929408338
238	235.905229266
239	211.131990295
240	100.879298789
241	167.965308443
242	252.895117007
243	218.640519539
244	192.709102201
245	326.67500502
246	182.579949024
247	234.452598771
248	218.287176986
249	182.550503812
250	277.167787361
251	195.889185175
252	324.329203073
253	187.18321728
254	286.747296567
255	513.701181165
256	167.317513763
257	232.48958459
258	195.84010982
259	209.836400935
260	137.204876218
261	151.083386482
262	209.532133737
263	145.636022128
264	129.666901761
265	171.83244638
266	220.407232302
267	223.469534426
268	215.165984438
269	305.386116221
270	191.217211423
271	138.058787387
272	335.97969224
273	285.5891182
274	257.154857781
275	140.443849618
276	152.928619812
277	212.947778413
278	341.888364926
279	335.184671497
280	161.860334338
281	292.253551346
282	243.119306383
283	229.427282466
284	250.215602649
285	191.766855394
286	252.875486865
287	162.969437351
288	290.261091952
289	226.531836549
290	192.601136421
291	224.146774318
292	185.975963558
293	265.80193525
294	233.480906751
295	337.294911742
296	273.15342336
297	140.512555114
298	316.73233819
299	179.841544241
300	166.041554545
301	102.685271836
302	225.923302152
303	147.363474608
304	165.894328481
305	318.754242797
306	160.976977956
307	226.904809243
308	124.082126415
309	271.897094284
310	125.740873398
311	223.155452157
312	242.167244505
313	394.124172297
314	262.258694653
315	317.507728792
316	266.891408121
317	225.962562436
318	176.897022969
319	187.978238023
320	246.309204428
321	260.226974975
322	333.015540826
323	177.407406656
324	236.690434938
325	125.878284391
326	261.129961498
327	282.359959871
328	218.277361915
329	206.548352181
330	120.048132272
331	246.466245562
332	139.344561676
333	224.284185311
334	373.159180838
335	222.468397193
336	237.151743271
337	207.088181081
338	274.331231869
339	252.679185447
340	202.31805662
341	123.885824996
342	166.434157381
343	225.432548607
344	149.01240652
345	165.050232383
346	193.857465497
347	258.646748559
348	304.110157003
349	196.546794926
350	326.694635161
351	304.591095477
352	199.854473822
353	203.466419916
354	265.242476209
355	217.315484966
356	215.107094012
357	190.618492098
358	113.530925189
359	212.731846853
360	220.848910493
361	274.998656691
362	248.890568076
363	229.181905694
364	146.990501913
365	218.768115461
366	169.87924727
367	265.468222839
368	312.757234473
369	249.675773749
370	154.587366796
371	142.858357061
372	181.686777572
373	196.419199004
374	141.975000679
375	190.775533232
376	195.624178261
377	129.254668783
378	314.288385534
379	259.814741997
380	188.174539442
381	307.810438735
382	214.047066354
383	223.371383716
384	219.759437622
385	289.201064294
386	136.645417176
387	184.857045475
388	194.799712304
389	110.242876435
390	155.215531334
391	235.404660649
392	178.977818001
393	239.988298763
394	203.672536405
395	225.491439033
396	136.409855475
397	160.643265546
398	278.649863068
399	262.631667347
400	143.250959897
401	143.398185961
402	218.699409964
403	202.936406087
404	169.98721305
405	193.680794221
406	226.050898074
407	341.446686736
408	206.342235692
409	203.868837823
410	194.838972588
411	174.296029178
412	573.22958622
413	201.611371514
414	142.132041814
415	189.028450611
416	123.238030317
417	217.845498795
418	233.804804091
419	209.276941893
420	211.789600045
421	21.9072382659
422	157.22762087
423	250.627835627
424	266.459545001
425	161.026053311
426	145.272864504
427	104.658101088
428	209.610654304
429	130.08894981
430	194.544520461
431	167.837712521
432	148.403872124
433	51.440786627
434	142.976137912
435	293.725811983
436	172.58820684
437	291.085557908
438	192.954478974
439	117.407878197
440	252.708630659
441	165.079677596
442	192.856328265
443	114.08056916
444	223.351753575
445	134.162204237
446	257.802652461
447	231.017323954
448	362.617794683
449	124.082126415
450	250.824137045
451	256.860405653
452	195.211945282
453	264.113743054
454	196.752911415
455	181.863448848
456	236.847476073
457	260.688283307
458	210.749202529
459	210.503825757
460	211.141805366
461	158.493765017
462	170.880384502
463	193.769129859
464	278.649863068
465	229.338946828
466	235.571516855
467	161.870149409
468	167.209547983
469	209.659729658
470	200.669124707
471	232.430694164
472	185.200572957
473	171.822631309
474	268.815162019
475	262.739633127
476	189.970697418
477	148.207570706
478	132.061779063
479	129.303744137
480	158.317093741
481	316.555666914
482	241.607785463
483	166.502862878
484	161.870149409
485	191.550923834
486	212.084052173
487	208.70766778
488	246.5545812
489	187.232292634
490	258.627118417
491	147.638296593
492	166.139705254
493	149.925208114
494	144.811556172
495	138.529910791
496	327.715402536
497	268.167367339
498	354.893333879
499	164.971711816
500	240.694983868
501	164.952081674
502	172.686357549
503	218.748485319
504	295.561230242
505	196.497719571
506	157.620223706
507	138.529910791
508	221.46725996
509	167.032876707
510	171.410398331
511	189.322902738
512	153.458633641
513	171.587069608
514	168.701438761
515	275.037916974
516	120.185543264
517	319.402037477
518	139.49178774
519	266.371209363
520	217.580491881
521	266.753997128
522	180.165441581
523	148.816105102
524	140.993493589
525	208.138393668
526	211.750339762
527	300.390245129
528	164.922636461
529	121.98170124
530	244.238224466
531	180.891756828
532	193.34708181
533	141.454801921
534	142.730761139
535	183.757757533
536	173.186926166
537	126.437743432
538	228.220028745
539	105.816279455
540	77.2936833978
541	173.864166058
542	311.167192985
543	211.475517776
544	147.118097835
545	324.466614065
546	270.787991271
547	261.306632775
548	122.973023402
549	203.378084278
550	43.0390859301
551	203.024741725
552	236.268386889
553	242.069093796
554	165.766732559
555	177.927605414
556	219.160718297
557	189.028450611
558	241.411484045
559	155.725915021
560	185.436134658
561	164.265026711
562	165.707842134
563	196.016781097
564	111.832917922
565	275.401074598
566	130.815265057
567	180.980092466
568	119.282556741
569	240.547757805
570	182.42290789
571	238.614188836
572	182.324757181
573	217.472526101
574	176.651646196
575	154.09661325
576	237.210633696
577	286.688406142
578	157.001874239
579	291.438900461
580	233.284605333
581	302.176588034
582	211.200695791
583	75.04603216
584	140.944418234
585	136.57671168
586	183.188483421
587	156.03999729
588	158.052086826
589	237.210633696
590	188.027313378
591	144.379693052
592	257.262823561
593	197.960165137
594	180.626749914
595	189.185491745
596	191.099430572
597	154.410695519
598	255.623706719
599	115.366343449
600	247.398677298
601	213.301120965
602	208.658592426
603	330.601033383
604	272.515443751
605	158.101162181
606	192.59132135
607	165.904143552
608	129.382264705
609	179.203564632
610	286.1289471
611	135.771875866
612	244.532676593
613	140.169027632
614	307.398205757
615	218.768115461
616	138.186383309
617	199.687617616
618	260.923845009
619	159.730463951
620	195.61436319
621	144.958782235
622	228.897268637
623	224.981055345
624	129.755237399
625	291.065927767
626	274.262526373
627	295.492524746
628	185.67169636
629	171.214096913
630	208.550626646
631	125.181414356
632	251.825274278
633	167.327328834
634	188.841964263
635	171.763740884
636	162.832026358
637	96.6882635113
638	157.482812713
639	195.103979502
640	280.72084303
641	130.766189703
642	234.805941324
643	179.635427752
644	236.101530684
645	298.427230947
646	188.576957349
647	157.286511295
648	131.521950163
649	146.921796417
650	234.374078204
651	127.291654601
652	223.381198787
653	265.301366634
654	99.2499970182
655	221.948198435
656	241.951312945
657	107.033348248
658	265.752859896
659	197.793308931
660	162.468868734
661	238.417887418
662	231.233255514
663	237.308784405
664	188.753628625
665	223.616760489
666	207.500414059
667	223.538239922
668	184.199435724
669	58.1739252697
670	252.531959383
671	270.110751379
672	171.037425637
673	227.73909027
674	219.337389573
675	319.765195101
676	154.371435236
677	164.608554192
678	178.938557718
679	172.931734322
680	158.375984166
681	170.625192659
682	211.279216358
683	144.271727272
684	148.982961307
685	124.523804605
686	156.049812361
687	285.648008626
688	162.243122104
689	218.012355001
690	175.365871907
691	185.907258062
692	304.993513385
693	311.824802736
694	260.698098378
695	223.165267227
696	219.013492233
697	250.294123216
698	197.646082868
699	236.768955505
700	202.583063534
701	171.567439466
702	286.914152773
703	132.483827112
704	191.315362132
705	146.539008651
706	87.0400488091
707	141.611843056
708	274.625683996
709	236.258571818
710	121.883550531
711	136.508006184
712	221.879492939
713	180.597304701
714	119.822385641
715	277.15797229
716	300.704327398
717	179.085783781
718	160.358628489
719	175.002714284
720	210.827723096
721	141.395911496
722	176.062741942
723	135.644279944
724	265.929531172
725	207.981352533
726	206.705393315
727	243.070231028
728	130.344141654
729	190.255334474
730	264.584866458
731	178.663735732
732	216.716765641
733	198.342952902
734	184.317216575
735	142.770021423
736	273.388985062
737	128.14556577
738	161.104573878
739	230.899543103
740	186.398011607
741	155.421647823
742	250.745616478
743	119.586823939
744	206.352050763
745	164.215951356
746	207.304112641
747	187.271552918
748	206.460016543
749	162.409978309
750	163.06758806
751	118.62494699
752	276.814444809
753	185.298723666
754	190.265149545
755	183.28663413
756	148.570728329
757	155.078120341
758	207.853756611
759	169.074411455
760	146.970871771
761	139.354376747
762	174.482515525
763	246.956999108
764	219.543506062
765	161.134019091
766	237.632681745
767	189.911806992
768	167.798452237
769	184.59203856
770	220.475937799
771	130.795634915
772	202.514358038
773	114.208165082
774	141.592212914
775	204.418481794
776	175.110680064
777	244.297114892
778	220.05388975
779	209.561578949
780	263.446318232
781	145.851953688
782	6.14423438819
783	264.93820901
784	205.45887931
785	182.511243528
786	206.921324875
787	195.221760353
788	274.242896231
789	195.172684999
790	151.201167332
791	112.333486538
792	99.6524149254
793	198.578514604
794	89.3956658269
795	274.34104694
796	278.787274061
797	197.302555386
798	138.696766996
799	259.834372138
800	184.405552213
801	226.708507825
802	207.51022913
803	193.013369399
804	216.373238159
805	171.449658615
806	140.757931887
807	162.321642671
808	208.796003419
809	198.568699533
810	87.4326516454
811	260.079748911
812	189.901991921
813	134.692218066
814	174.148803115
815	215.705813338
816	171.125761275
817	262.386290574
818	232.450324306
819	171.577254537
820	225.167541693
821	254.220151579
822	281.937911822
823	223.19471244
824	159.06303913
825	212.142942598
826	248.046471978
827	184.906120829
828	259.333803522
829	195.261020637
830	124.533619676
831	58.0463293479
832	224.176219531
833	164.196321214
834	166.070999758
835	258.106919659
836	193.631718866
837	268.658120884
838	124.288242904
839	90.8090360376
840	260.364385967
841	230.389159415
842	189.597724723
843	113.049986714
844	100.476880882
845	243.649320212
846	186.172264976
