2
3
4
5
6
519
8
11
524
15
528
17
530
532
536
540
30
31
546
550
775
556
690
46
50
565
566
692
571
572
574
66
68
581
71
314
587
588
589
591
80
297
596
597
787
90
527
92
611
100
613
614
615
616
583
621
622
624
113
115
116
630
631
121
637
638
639
129
642
132
133
136
649
139
652
653
142
655
146
149
151
152
667
157
158
160
675
676
677
678
680
169
683
684
686
687
689
178
691
180
542
694
695
184
628
186
700
701
702
703
704
705
706
228
199
712
715
716
802
719
210
723
216
217
730
731
733
222
223
738
227
740
741
743
744
745
234
235
748
749
750
751
752
753
754
755
756
757
758
759
248
761
762
763
764
765
254
767
768
769
770
771
772
261
774
263
776
777
778
779
780
269
782
271
784
273
786
275
788
789
790
791
792
793
794
795
796
285
798
799
800
289
290
803
804
805
806
807
808
809
810
299
812
562
302
815
816
305
306
819
308
734
822
823
824
820
826
735
828
829
830
821
651
325
328
337
342
825
345
349
783
354
827
813
358
359
360
284
711
368
370
373
375
376
831
382
661
385
814
797
389
729
663
397
728
403
773
412
413
364
419
781
421
427
669
433
414
440
801
446
447
449
455
785
811
464
760
468
471
420
475
817
480
481
493
494
497
498
500
766
502
503
506
818
509
510
