1	513	2	3	4	5	6	9	522	12	525	528	529	515	532	21	23	24	538	687	517	544	545	686	547	518	689	40	41	555	556	557	605	560	561	562	563	564	566	521	569	58	571	61	718	577	579	583	584	73	75	588	590	591	596	597	598	602	603	92	93	606	702	608	604	610	611	612	614	615	104	617	618	587	620	621	110	616	531	116	629	118	632	634	124	637	638	533	640	641	642	131	132	133	134	135	648	649	651	652	653	654	143	656	657	658	659	660	661	150	663	664	665	666	667	156	669	670	671	672	161	163	676	677	678	679	680	681	170	683	684	685	174	175	688	177	690	691	692	693	694	183	696	697	698	543	188	701	190	703	704	193	194	707	708	709	198	711	712	713	714	715	716	717	206	719	720	699	722	723	212	213	726	727	706	729	730	731	655	221	224	226	227	721	233	238	239	241	243	724	246	248	673	639	253	725	259	263	271	728	277	644	645	293	636	732	299	733	304	307	308	309	700	311	316	320	321	324	325	335	710	339	344	347	570	353	358	359	361	364	365	573	369	370	372	373	609	383	387	662	390	392	393	394	695	398	405	406	410	412	417	705	421	668	427	431	437	443	445	446	448	451	454	455	456	457	458	459	646	675	468	469	471	481	487	488	491	494	497	498	501	502	503	506	682
2	1	195	206	175
3	8	1	194	206
4	1	188	5	221
5	1	4	221	135
6	1	194	11	12	213
7	195	359	10	175	16	17	251	188	285
8	320	194	3	13	206	207	16	195
9	1	135	14	239	19	150
10	7	15	17	189	251	188	221
11	194	164	13	6	213
12	1	227	164	6	203	308	21	213
13	320	321	194	164	8	169	11	207	18	213	313	379	252
14	135	9	15	19	214	239	221
15	289	135	392	10	14	221	17	214	394	251	189	158
16	195	260	285	7	8	297	139	207	17	18	371	20	252	189
17	7	10	139	15	16	285	182	251	189	158
18	256	260	169	13	207	16	20	25	27	252	255
19	214	324	37	295	9	215	14	239	243	286	22	23	29	150
20	32	260	139	16	18	25
21	1	35	203	12	227	24	26	254
22	286	19	158	214	29	222	31
23	1	243	233	19	150	215
24	1	35	227	21	183	253
25	32	256	260	138	144	18	20	255
26	290	35	136	169	203	21	27	254
27	36	136	169	209	18	26	255
28	354	228	261	38	39	297	208	30	182	388	158	31
29	34	37	295	19	286	22	216	222
30	33	38	139	140	208	182	28
31	34	355	228	39	296	42	204	222	22	216	28	158
32	256	33	260	340	297	139	140	144	20	329	25	396	208
33	32	208	139	140	30
34	216	42	29	222	31
35	227	229	136	43	44	372	21	183	24	26	253	254
36	257	138	45	48	209	27	317	255
37	295	46	240	49	19	215	216	29	350	223
38	228	261	39	140	208	50	28	30
39	228	261	38	42	204	50	55	28	31
40	1	170	46	233
41	1	183	44	177
42	34	39	296	234	204	53	55	216	31
43	278	35	229	136	44	145	180	54	62
44	224	35	229	41	43	372	177	180	278	183	299	58	287
45	257	36	145	136	48	209	52
46	37	40	233	170	398	49	215	184	57	248	223
47	272	67	165	329	138	140	210	144	50	51	279	217	60
48	257	36	138	45	51	52	279	317
49	64	196	37	234	46	240	184	56	216	223
50	68	261	38	39	204	140	270	47	55	217	249	60
51	272	66	67	165	138	279	47	48	52	151
52	257	66	165	279	45	269	48	145	51	151	59
53	197	296	42	204	55	56	249	234	63
54	65	230	273	43	145	180	278	59	62
55	68	70	39	42	204	270	50	53	249	63
56	64	258	196	197	234	49	53	69
57	170	46	248	146	184	61
58	224	1	198	44	177	180	152	287
59	65	273	235	77	269	145	52	54	151
60	217	50	67	68	47
61	1	259	71	170	75	146	248	57
62	65	230	43	76	180	54	152	153
63	197	70	53	55	249	69	159
64	160	258	196	69	72	274	49	146	147	56	292	154	184
65	230	235	76	205	77	273	54	59	62
66	67	165	247	78	79	210	51	52	151
67	66	68	165	199	426	420	332	210	79	272	178	51	333	484	217	47	60	414
68	67	70	199	264	178	270	50	179	55	217	60
69	64	258	291	197	74	56	154	63	159
70	323	68	197	200	270	264	179	341	55	249	159	63
71	259	146	75	147	61
72	64	160	146	147	154
73	1	198	161	137	80	275	152	153	190
74	154	291	84	69	159
75	1	259	71	147	309	156	61
76	65	230	225	236	77	205	80	153	155	62
77	65	155	235	76	205	78	82	276	151	250	59
78	66	166	265	235	77	79	82	151	185	250	247
79	66	67	342	166	265	331	210	78	178	83	86	247	280	282	191
80	137	76	172	236	89	73	153	186	155
81	96	160	326	92	192	304	147	309	88	156
82	77	78	276	185	90	155	250
83	385	267	142	79	178	179	85	86	280	409	218	348	94	191
84	288	291	200	74	171	141	176	310	87	88	154	318	159
85	83	171	98	179	244	218	91	94
86	99	166	142	79	83	219	191	157	95
87	288	97	200	171	141	84	91
88	96	160	292	326	192	176	81	84	154
89	80	186	155	172	187
90	155	101	266	82	276	185	187	157
91	288	97	98	171	141	244	85	87
92	96	1	241	104	192	304	81	309	156
93	1	172	174	161
94	98	267	108	142	83	244	85	218
95	99	219	101	86	157
96	192	241	104	106	176	81	88	92
97	288	98	103	141	302	244	181	87	281	91	220
98	97	108	112	244	85	91	220	94
99	101	201	109	142	111	86	219	95
100	107	172	173	174
101	162	99	201	266	111	219	343	90	187	157	95
102	176	106	231	141	103
103	97	102	231	141	113	148	181	281	220
104	96	1	106	110	241	92
105	162	262	107	173	338	116	149	312	187	245
106	96	192	294	102	231	104	241	110	271	176	113	117	118	315	349
107	100	293	262	105	173	174	143	116
108	98	461	328	202	267	268	109	142	237	112	114	244	218	220	362	94
109	99	201	108	142	111	305	114	268	119	219
110	1	104	106	271	241	118
111	162	99	101	201	109	115	119	123
112	98	202	108	237	114	148	120	220
113	294	167	106	103	377	303	148	117	281	121	231	181
114	268	202	108	109	142	112	119	120	125
115	384	162	283	201	363	111	306	149	122	123	245
116	1	163	262	105	107	238	143	149	245
117	294	167	106	271	113	307	118	121	124
118	1	294	106	110	271	307	117	124
119	352	232	201	202	306	268	109	111	368	305	114	123	284	125
120	128	168	202	237	112	114	211	148	125
121	113	226	124	117	167
122	123	283	115	149	126
123	129	232	201	306	111	242	115	119	122	283	126
124	1	226	167	307	117	118	121
125	128	129	130	232	202	114	211	119	120	284
126	129	163	263	339	242	131	212	149	283	122	123
127	168	132	167
128	193	130	132	168	211	120	316	125
129	353	130	133	232	242	212	277	123	125	126
130	128	129	133	134	193	232	364	211	277	246	358	284	125
131	1	163	212	126	263
132	128	1	226	193	168	167	316	127
133	1	130	134	129	212	277	246
134	1	130	133	246	193
135	1	5	9	394	365	14	15	214	239	221
136	290	35	229	209	169	298	43	45	145	26	27	254
137	161	325	73	172	80	275	236	153	190
138	256	144	36	329	47	48	209	51	340	279	25	317	255
139	32	33	260	297	208	16	17	20	182	189	30
140	32	33	261	38	329	208	272	47	144	50	217	30
141	288	97	102	103	231	302	176	84	181	87	91	318
142	99	337	328	268	267	108	109	305	114	83	86	219	348	94	191
143	1	293	262	107	238	116	174
144	32	256	260	329	138	140	47	340	25
145	257	278	229	273	136	298	43	300	45	269	209	52	54	59
146	64	259	71	72	427	301	248	274	147	437	407	184	57	347	61	351
147	64	160	259	326	71	72	75	274	301	81	146	309	156
148	167	168	103	237	334	303	112	113	120	281	220
149	162	163	105	238	115	116	245	344	122	283	126
150	1	324	243	9	239	19	23
151	279	66	165	235	77	78	269	51	52	247	59
152	224	198	73	335	275	180	153	58	62	287
153	225	322	230	73	76	80	275	180	236	137	152	62	287
154	64	160	258	291	292	69	72	74	176	376	84	310	88	318
155	225	360	236	76	77	205	80	82	367	276	89	90	187	186
156	1	75	81	147	309	92
157	219	101	166	266	86	343	185	90	191	314	95
158	214	289	354	228	22	15	17	182	28	189	222	31
159	258	291	197	70	200	74	323	84	341	310	63	69
160	64	292	326	72	301	81	274	147	88	154
161	1	325	137	311	172	174	275	236	73	93	190
162	363	101	262	105	266	343	111	401	338	115	149	201	187	245
163	1	131	263	238	116	149	344	283	126	245
164	321	203	169	458	11	12	13	451	308	213	313	379	411
165	279	66	67	420	425	247	47	272	210	51	52	151	331
166	327	314	265	78	79	337	399	86	185	282	219	157	191
167	226	387	132	294	373	168	316	334	303	113	307	148	117	121	124	127
168	128	132	167	237	334	211	148	373	120	319	316	127
169	290	164	136	203	13	209	18	345	313	26	27	252	255
170	1	40	233	46	248	184	57	61
171	288	200	179	84	85	87	244	218	91
172	161	100	137	236	173	174	80	311	89	186	93	361
173	100	293	262	105	107	172	174	361	312	186	187
174	1	100	293	161	361	107	172	173	143	311	93
175	1	2	195	7	359	206	370	251	188
176	96	192	292	102	231	106	141	376	84	88	154	315	442	318
177	224	1	41	299	44	183	58	287
178	67	68	179	199	332	333	79	336	210	83	280	218
179	68	70	199	200	171	336	264	178	83	85	280	218
180	322	278	230	43	44	273	54	152	153	58	380	62	287
181	97	450	231	103	141	302	113	377	281	318
182	354	297	139	208	17	30	28	189	158
183	1	35	41	299	44	177	372	24	253
184	64	196	351	170	274	46	49	146	398	248	57	347	223
185	166	327	265	266	78	157	82	276	250	314	90
186	155	360	236	172	173	367	80	311	312	89	410	187	361
187	162	419	101	105	266	173	367	338	276	312	89	90	155	186
188	1	4	7	10	175	370	251	221
189	289	354	374	297	10	139	15	16	17	182	251	285	158
190	1	325	198	161	137	275	73
191	166	267	142	79	337	83	86	280	282	219	348	157
192	96	304	292	326	241	106	176	81	88	315	92	376
193	128	1	130	132	358	134	211	246	316
194	320	1	3	6	321	8	11	13	206	207	213
195	320	2	7	8	359	206	175	16	498	371	405	378	207	285
196	64	258	351	234	240	49	274	56	184	330	223
197	258	291	452	69	70	357	234	485	418	366	323	415	53	56	249	63	341	159
198	224	1	325	390	73	335	275	152	58	190
199	67	68	264	332	333	270	336	178	179	217
200	288	416	323	70	264	171	336	179	84	310	87	244	218	381	159
201	384	162	99	101	363	343	109	402	111	305	306	115	219	119	123	382
202	268	108	237	112	114	211	404	119	120	403	284	125	319
203	290	227	164	169	458	12	515	308	21	393	313	26	411	254
204	483	228	261	39	296	42	434	366	50	53	55	217	346	249	413	31
205	65	322	230	225	235	76	77	466	435	276	408	436	250	155
206	320	1	2	3	359	8	194	175	195	405
207	320	321	194	195	8	13	16	18	371	405	471	379	252
208	32	33	388	261	38	297	139	140	182	329	396	28	30
209	257	290	36	389	136	169	138	300	45	317	145	345	27	298	255
210	66	67	420	165	331	333	79	272	178	342	247	280	505	47
211	128	193	130	358	481	168	316	202	364	237	404	457	120	284	125	319
212	1	131	133	129	263	353	242	339	277	126
213	1	194	164	6	321	11	12	13	308
214	289	135	394	395	365	14	15	286	19	222	22	239	221	158
215	324	37	243	233	295	46	19	23	412	350	223
216	34	355	356	37	295	296	42	240	49	286	433	234	29	222	31
217	67	68	261	199	204	426	140	434	270	47	272	50	366	332	249	346	60	414
218	416	385	267	179	200	171	108	461	336	465	178	83	244	85	280	409	595	94
219	99	101	166	337	328	201	109	142	305	86	343	314	191	157	382	95
220	97	98	470	486	103	362	108	237	302	303	112	148	334	438	281	462	244
221	1	4	5	135	392	10	14	15	370	214	251	188	394
222	289	34	355	228	22	395	354	286	214	216	29	158	31
223	440	196	37	233	330	46	240	49	398	215	184	412	350	351
224	1	198	299	44	335	177	406	152	58	287
225	322	230	360	76	436	236	205	466	275	276	408	153	250	155
226	1	387	132	294	167	316	307	373	121	124
227	1	35	393	203	12	308	21	24	253	254
228	354	355	388	261	38	39	296	204	432	222	28	413	158	31
229	35	136	300	298	43	44	397	145	372	446	278	254
230	65	322	225	235	76	205	269	273	435	180	54	375	153	62
231	450	294	102	103	106	141	302	176	113	181	377	442	315	349	318
232	352	129	130	353	457	364	306	431	242	277	119	123	284	125
233	1	40	170	23	46	243	398	215	248	412	223
234	258	196	197	433	296	356	42	240	49	53	56	249	216	330	357
235	65	375	230	391	265	247	499	205	78	77	273	435	269	151	250	59
236	161	325	225	275	137	76	80	360	172	311	153	186	155	421
237	486	168	268	202	108	334	463	112	403	211	148	438	120	220	362	319
238	1	163	293	262	143	369	116	245	344	149
239	1	324	214	135	9	365	14	19	150	286
240	196	37	295	234	49	433	216	356	330	350	223
241	96	1	443	104	106	192	110	271	304	315	92
242	129	283	353	232	306	339	212	123	126
243	1	324	233	23	19	150	215	412
244	288	97	98	200	362	171	108	461	302	527	400	416	85	470	218	91	220	94
245	162	163	262	487	105	363	238	369	338	115	116	149	344	283	445
246	1	130	133	134	193	364	277	358
247	279	66	331	165	391	265	235	269	78	79	210	342	151	429
248	1	259	233	170	46	146	398	184	57	347	61
249	197	70	357	296	234	204	270	50	366	53	55	217	341	63
250	225	391	327	265	235	499	77	78	205	466	82	435	276	436	185	399	510
251	289	502	7	392	476	10	359	370	15	17	221	285	374	378	175	188	189
252	256	260	424	169	13	207	16	18	371	313	379	255
253	1	35	393	459	227	372	446	183	24	254
254	290	35	229	136	393	298	203	397	227	372	21	278	459	26	253	446
255	256	482	411	36	424	169	138	439	535	541	209	18	313	25	27	252	317	345
256	32	260	424	138	396	144	18	340	439	25	252	317	255
257	386	36	389	145	300	45	269	48	209	52	279	317
258	64	197	291	196	69	357	234	485	452	418	274	56	292	154	415	330	159
259	1	427	71	75	301	146	147	309	248	347	61	437
260	32	144	424	297	139	396	256	16	18	371	20	25	379	252	285
261	272	228	38	39	296	204	388	140	208	50	329	217	346	28	413
262	417	162	293	454	487	105	107	173	238	143	369	338	116	245	312
263	1	131	339	163	212	344	283	126
264	323	68	70	199	200	332	270	336	179	341	381	479
265	391	166	327	235	78	79	342	247	185	250	399	282
266	162	419	101	327	314	500	367	496	401	338	276	343	185	90	187	157
267	385	328	108	461	142	337	83	409	218	348	94	191
268	352	467	328	202	108	109	142	237	368	305	114	403	404	119	463	284	362
269	279	257	386	375	391	230	273	235	300	429	145	52	151	441	59	247
270	68	70	199	264	426	332	434	366	50	341	55	217	249	478	479
271	1	443	294	106	110	241	307	117	118	315	349	383
272	425	67	420	165	329	140	47	210	51	279	217	346	414	261
273	65	322	278	230	235	300	269	145	435	180	54	375	59	380	477
274	64	160	258	196	453	330	301	146	147	407	184	292	415	351
275	448	161	322	325	198	225	360	73	236	421	335	408	494	137	152	153	428	390	190	287
276	225	419	155	327	360	266	77	205	466	82	367	496	185	90	187	250
277	1	130	133	129	232	364	353	212	246	431
278	299	229	406	273	300	298	43	44	397	145	180	446	54	503	372	380	254	287
279	257	386	331	165	425	329	138	247	269	272	47	48	51	52	151	340	447	317	429	441
280	449	342	179	332	178	430	79	336	465	210	83	333	409	218	348	282	191
281	97	103	302	303	113	148	181	438	462	377	220
282	166	327	265	423	430	79	337	342	280	314	399	348	191
283	384	163	263	456	339	363	306	242	115	149	344	122	123	445	126	245
284	352	130	232	364	202	457	268	211	404	119	125
285	195	260	7	424	297	359	16	17	371	374	472	378	251	189
286	355	324	22	518	295	395	460	365	239	464	433	19	533	214	216	29	222
287	224	448	322	406	428	299	44	335	177	275	180	278	152	153	58	380
288	416	97	422	200	171	141	302	400	84	310	87	244	91	381	318
289	354	374	392	394	395	15	564	158	214	251	476	189	222
290	393	459	136	169	298	203	397	489	209	515	345	313	26	411	458	254
291	258	323	292	197	422	74	418	495	415	84	310	154	159	69
292	64	160	258	291	422	326	192	301	418	176	376	274	480	310	407	88	154	495	415
293	1	262	417	361	107	173	238	143	369	174	312
294	383	226	387	455	167	106	231	271	113	307	468	117	118	377	303	349	373
295	324	37	518	491	460	240	433	19	350	215	216	412	29	286
296	355	228	261	357	356	42	204	366	413	432	452	483	53	216	249	234	31
297	32	208	354	260	374	519	424	139	396	285	16	182	473	472	388	378	28	189
298	290	229	209	136	300	397	145	278	345	380	254	389
299	224	1	406	44	177	372	278	183	287
300	257	386	229	273	209	269	397	145	278	375	477	380	298	389
301	160	259	292	326	274	146	147	309	407	437
302	288	97	450	231	141	462	527	400	244	181	470	377	281	507	220	318	511
303	387	294	167	468	334	113	531	148	373	438	377	462	281	220
304	192	1	443	517	326	81	241	309	315	92	475
305	384	514	402	328	201	268	109	142	368	337	306	467	119	219	444	382
306	352	353	283	456	488	232	201	339	384	431	368	305	242	115	119	123
307	1	226	387	294	167	455	271	117	118	124	383
308	1	227	164	321	393	458	203	12	451	213
309	1	259	517	326	92	75	301	304	81	147	437	156
310	288	418	291	292	422	200	323	84	376	154	381	318	159
311	1	325	161	360	236	172	174	361	186	410	421
312	417	419	293	262	513	454	105	173	367	497	338	361	186	187
313	290	411	164	424	169	203	13	482	345	379	252	255
314	496	523	166	327	266	423	399	401	337	500	343	185	282	219	157	382
315	192	304	475	517	326	231	106	557	271	176	241	376	442	443	349
316	128	1	226	132	358	193	168	469	167	334	211	373	319
317	256	257	386	36	389	138	439	48	209	340	279	536	345	447	541	255
318	288	400	450	526	422	231	141	302	176	84	181	310	376	154	442	511
319	481	358	168	202	403	237	334	211	404	469	316
320	1	194	195	321	8	13	206	207	451	405	471	379
321	320	1	194	451	164	13	207	308	213	379
322	225	435	230	436	428	205	273	275	180	408	153	380	477	287
323	418	291	197	70	200	264	341	310	479	381	159
324	1	518	243	295	365	239	19	150	215	412	286
325	1	390	198	161	137	236	275	311	190	421
326	192	160	475	292	517	376	480	301	304	81	147	309	407	88	315	437
327	166	423	265	266	500	399	496	466	276	565	185	250	314	282	510
328	385	514	539	337	108	362	267	268	461	142	305	530	467	219	348
329	32	208	388	261	425	396	138	140	272	47	144	340	279	504	420	346	492	414
330	258	196	357	234	240	433	274	453	415	440	351	490	350	223
331	505	420	165	425	247	333	79	210	342	279	429
332	449	67	484	199	264	426	333	270	434	336	465	178	280	217	479
333	449	67	420	199	331	332	210	178	342	505	280	484
334	167	168	316	469	237	303	528	531	403	148	373	438	468	220	319
335	224	1	390	198	428	275	448	406	152	287
336	416	199	200	595	332	622	264	178	179	593	280	601	218	465	381	479
337	539	514	523	166	423	328	574	267	578	142	305	430	282	219	348	314	382	191
338	513	162	419	454	262	487	105	266	363	401	245	312	569	187	445
339	1	263	456	306	353	242	212	344	283	126
340	32	256	425	329	138	439	396	144	536	279	504	585	317	447
341	418	323	452	197	70	264	485	270	366	249	479	478	159
342	449	505	391	265	331	333	430	79	210	247	280	429	282	399
343	474	162	523	101	201	266	363	401	402	500	314	219	157	382
344	1	163	263	456	238	369	339	149	283	445	245
345	290	389	169	298	535	397	541	209	489	313	411	317	255
346	388	261	329	426	204	272	434	217	492	413	414
347	1	259	427	398	248	146	184	351
348	385	578	328	267	142	337	83	430	280	409	282	539	191
349	450	443	294	231	106	455	557	271	583	501	377	442	315	383
350	37	295	330	491	460	398	240	433	215	440	412	223
351	196	453	330	427	274	398	525	440	146	437	407	184	347	522	223
352	232	457	268	431	368	488	306	404	119	532	284
353	1	488	129	232	306	431	456	242	339	212	277
354	512	289	355	228	374	519	297	599	395	476	432	580	158	182	473	388	28	189	222
355	512	464	354	483	228	296	395	558	432	433	222	216	356	286	31
356	355	452	357	296	234	240	433	483	216
357	490	258	356	197	296	524	234	452	366	433	249	330	415
358	481	1	130	193	457	364	211	469	246	316	319
359	1	195	7	498	206	175	370	405	378	251	285
360	225	421	506	236	494	367	466	275	276	311	408	186	155	410
361	1	293	417	172	173	174	367	497	311	312	186	410
362	486	328	268	108	237	461	530	467	244	470	463	220	540
363	384	544	162	487	456	201	538	402	401	338	115	245	343	569	474	283	445
364	1	130	358	481	232	457	431	211	277	246	284
365	1	324	518	135	394	395	239	533	214	286
366	483	452	197	296	204	270	434	341	249	217	478	357
367	506	187	360	361	266	497	466	419	276	312	186	155	410
368	352	384	612	561	488	268	305	306	467	404	119	532	538	444
369	1	293	262	417	454	487	238	245	344	445
370	1	359	392	175	498	502	378	251	188	221
371	546	195	260	424	604	555	207	16	498	405	471	472	378	379	252	285
372	1	35	229	406	503	299	44	446	278	183	253	254
373	1	226	387	294	167	168	334	303	528	531	468	469	316
374	289	354	297	285	472	473	378	251	476	189
375	386	230	391	235	300	269	499	273	435	441	477
376	192	480	475	292	422	326	495	176	310	154	315	442	318
377	450	294	231	455	302	303	560	113	531	468	181	462	281	543	349	501
378	195	502	359	297	498	370	371	374	472	251	476	285
379	320	321	482	451	164	260	545	424	458	555	13	207	371	471	313	411	252	546
380	322	521	389	406	428	298	300	397	493	273	180	278	503	508	477	287
381	288	400	418	323	422	552	200	554	593	336	264	416	310	509	479
382	514	305	201	523	337	402	343	314	219	444	474
383	1	294	455	271	307	501	443	349
384	544	488	456	201	363	402	368	305	306	115	538	283	444
385	578	328	267	461	530	83	409	218	539	348
386	257	548	389	279	300	269	477	375	441	508	317	447
387	1	226	294	167	455	303	307	468	373
388	432	354	228	261	519	520	329	567	396	208	492	297	473	346	28	413	414
389	257	386	548	489	298	541	300	397	477	209	508	345	493	380	317	447
390	448	1	421	198	494	335	275	325
391	441	375	265	235	269	399	499	589	342	247	568	429	250	559	510
392	1	289	394	15	370	564	502	251	476	221
393	1	290	227	458	203	515	308	459	253	254
394	1	395	289	392	135	365	15	564	533	214	570	221
395	512	289	354	355	394	365	464	564	222	214	570	476	286	533
396	32	256	473	260	585	424	329	439	492	208	520	340	297	504	388	572
397	290	547	229	489	298	459	300	446	278	503	345	380	508	254	389
398	1	440	577	233	427	491	46	525	248	351	566	184	347	412	350	223
399	282	423	166	327	265	391	429	430	589	565	342	250	314	510
400	288	416	422	552	554	302	527	244	526	442	507	381	318	511
401	523	513	162	419	609	487	266	363	618	338	579	500	343	569	314	474
402	384	544	514	201	363	305	343	474	603	444	538	382
403	481	486	202	268	237	334	463	528	562	563	404	469	438	319
404	352	481	611	612	457	202	268	467	463	368	563	211	532	284	403	319
405	320	1	195	359	206	207	498	371	471
406	224	1	448	521	299	428	335	372	278	503	380	287
407	480	292	453	326	522	274	301	146	437	516	415	351
408	225	322	360	428	205	494	529	466	275	436	506	573
409	385	578	267	461	430	465	594	83	280	218	595	348
410	1	421	360	361	367	497	311	186	506
411	545	290	451	164	535	489	458	203	482	584	515	345	313	379	255
412	1	324	518	295	233	491	398	243	215	350	223
413	483	228	261	519	296	553	426	204	432	434	567	388	346	414
414	67	388	613	329	426	420	492	484	567	272	628	537	217	346	413
415	480	258	291	292	197	550	330	485	524	418	516	274	453	407	549	452	490	357
416	288	400	200	554	461	527	336	593	595	244	218	381
417	1	293	262	497	454	361	369	513	312
418	480	258	323	292	197	422	551	509	485	495	291	341	310	550	479	381	415
419	608	513	579	497	266	466	590	367	496	401	338	276	312	500	506	187
420	67	484	165	329	331	492	333	272	210	537	425	504	505	414
421	1	325	390	360	236	494	275	311	410	506
422	288	418	291	292	551	552	495	400	310	376	442	509	381	318
423	327	523	430	399	337	500	565	282	314	574
424	256	546	473	260	581	585	520	297	535	396	482	371	575	439	472	313	379	252	285	572	255
425	592	505	420	165	329	331	429	272	568	340	537	279	504	441	447
426	67	484	613	650	332	270	625	434	628	567	217	346	635	413	414
427	1	259	522	525	398	146	437	347	351
428	448	322	521	587	588	435	494	335	529	275	436	406	408	493	380	477	287
429	505	537	391	425	331	269	430	399	592	342	279	568	441	589	247
430	399	661	280	409	282	671	678	423	429	691	565	574	693	449	578	707	715	589	337	594	342	348	465	622	626	505
431	352	1	353	232	457	364	488	306	532	277
432	512	627	354	355	388	519	296	558	580	483	228	413
433	576	464	355	356	357	490	295	524	234	460	558	240	440	483	350	534	216	452	330	286
434	483	484	650	204	426	567	332	366	542	625	628	270	553	631	217	346	635	413	478	479
435	620	322	587	230	588	235	428	205	273	499	436	606	375	250	477	510
436	225	322	602	588	428	205	529	466	435	606	408	250	573	510
437	480	1	259	517	326	522	427	556	301	146	309	407	351
438	598	486	237	334	303	528	531	562	403	462	470	281	220
439	256	482	424	585	396	541	340	535	536	317	255
440	577	453	617	330	491	460	525	398	433	534	566	223	490	350	351
441	386	548	582	391	425	279	269	429	592	499	375	568	559	477	447
442	400	450	475	422	231	552	583	557	526	495	176	597	376	315	349	318	637
443	1	517	557	271	304	241	501	315	349	383
444	384	514	612	561	368	305	402	467	629	538	603	382
445	544	1	487	456	363	369	338	245	344	283
446	1	547	229	459	397	372	278	503	253	254
447	386	548	389	582	425	586	541	592	536	340	279	504	441	317
448	1	390	521	428	494	335	529	275	406	287
449	484	332	333	430	465	626	342	280	505
450	610	526	231	639	583	302	591	560	543	181	511	462	377	442	507	349	318	501
451	320	1	411	164	321	458	555	308	545	471	379
452	258	483	356	357	296	485	524	366	433	341	542	415	478	197
453	577	522	516	330	525	274	407	440	351	490	415
454	1	262	417	487	369	338	513	312
455	1	387	294	560	307	468	501	377	543	349	383
456	384	1	353	488	363	306	339	544	344	538	283	445
457	352	1	358	481	232	364	431	563	211	404	532	284
458	1	290	411	164	545	584	393	203	515	451	308	379
459	1	290	515	393	397	547	446	489	571	253	254
460	642	566	518	295	617	491	464	433	286	534	440	350
461	416	385	578	328	362	267	108	527	530	595	244	470	409	218	540
462	641	450	470	486	639	598	653	302	303	531	438	377	281	591	507	220	543
463	611	486	615	362	268	237	467	563	562	403	404
464	512	642	355	518	395	460	558	433	533	534	632	286
465	449	484	332	626	430	336	594	595	622	280	409	218	479
466	225	419	602	327	360	205	590	367	496	573	276	408	436	250	636	506	510
467	514	611	612	486	328	362	268	658	463	368	305	530	404	629	444
468	1	387	294	455	334	303	531	373	377	543
469	1	358	481	334	528	562	403	373	316	319
470	653	641	486	540	362	461	302	527	659	244	462	438	507	220
471	320	1	546	451	555	207	498	371	405	379	604
472	604	546	502	424	297	605	498	371	374	599	473	378	476	285	575
473	354	388	581	519	424	297	396	520	374	599	472	476	575
474	544	514	523	649	618	363	401	402	343	569	603	382
475	480	517	326	557	495	304	597	376	442	315
476	512	289	354	580	502	392	395	605	657	564	374	599	472	473	378	251	570	575
477	386	389	300	273	645	548	680	428	559	435	441	322	582	587	588	380	620	493	499	375	634	508
478	483	452	485	524	434	366	270	341	542	479
479	418	323	484	485	593	264	332	270	509	336	465	434	628	341	625	601	542	622	381	478
480	418	292	517	326	551	522	550	556	614	597	495	656	646	437	407	376	516	475	621	415
481	1	358	457	364	563	562	211	404	469	403	319
482	545	546	411	424	535	654	584	439	313	379	572	255
483	576	355	356	519	296	524	633	619	204	366	432	433	434	627	542	553	452	558	413	478
484	449	67	420	613	426	332	333	622	465	434	628	626	537	505	414	479
485	258	607	452	197	550	549	524	418	624	593	341	600	601	542	479	509	478	415
486	562	653	611	470	467	540	362	615	598	237	462	463	530	403	659	438	665	220
487	544	1	454	262	401	363	369	338	513	245	569	445
488	352	1	353	456	431	368	561	306	532	538	384
489	640	571	290	515	389	584	459	397	616	547	535	345	411	508	541
490	576	577	516	453	617	330	524	549	433	534	440	644	415	357
491	1	518	295	460	398	566	440	412	350
492	420	613	647	520	329	567	396	623	537	504	388	346	414
493	521	389	380	587	428	596	503	508	477
494	448	1	421	390	360	428	529	275	408	506	573
495	480	418	291	292	646	422	551	552	597	376	442	475	637
496	608	419	327	266	652	590	466	276	565	500	314	636	638	510
497	1	419	417	361	590	367	579	513	312	410	506
498	1	195	359	370	371	405	502	471	472	378	604	605
499	645	391	235	620	559	435	606	375	441	250	655	477	510
500	523	608	419	327	266	423	496	401	579	609	565	343	314	618	638	661
501	1	450	455	583	557	560	377	443	349	383
502	1	392	498	370	564	472	378	251	476	605
503	1	547	278	508	587	397	493	372	406	521	596	380	446
504	420	585	520	329	586	396	623	592	340	425	536	537	492	447
505	449	420	425	331	333	430	429	592	210	626	342	537	484	589
506	1	419	421	360	494	367	497	466	590	408	410	573
507	641	450	639	462	527	400	302	470	591	511
508	386	547	548	389	616	489	541	397	493	596	503	587	660	634	571	380	477
509	418	485	550	422	552	551	593	607	381	479
510	655	678	391	327	499	589	399	496	466	435	436	565	250	559	636	602	606
511	641	450	583	648	554	526	527	400	302	507	318	639
512	464	354	355	580	395	558	432	564	533	663	632	570	476
513	1	419	454	417	487	401	338	497	312	569	579
514	603	337	328	649	523	530	305	402	467	629	658	474	539	444	382
515	1	290	459	571	584	393	458	203	489	411
516	480	577	549	453	550	522	651	525	621	407	490	415
517	480	1	443	326	556	557	597	304	309	315	475	437
518	1	642	324	295	491	460	365	464	533	566	632	412	286
519	354	483	388	581	520	297	599	567	432	580	627	643	553	473	635	413
520	388	581	585	519	424	492	396	623	630	567	504	473	572	613
521	448	1	588	587	428	493	529	406	503	380
522	480	1	516	453	614	427	556	525	621	437	407	351
523	514	337	574	649	618	423	401	500	565	343	314	539	474	382	661
524	576	624	483	452	357	553	490	485	549	619	433	542	600	633	478	415
525	1	516	453	577	522	427	621	398	440	351
526	450	583	552	681	554	400	648	442	667	637	318	511
527	416	641	659	648	672	554	461	302	685	400	595	244	470	507	540	701	511
528	1	598	334	531	562	403	469	438	373
529	448	1	588	521	428	494	436	408	573
530	385	514	611	486	328	362	461	658	467	578	665	539	540	682
531	1	598	334	303	528	468	373	438	462	377	591	543
532	352	1	612	488	457	431	368	561	563	404
533	512	1	518	394	395	365	464	632	570	286
534	576	642	644	617	490	460	558	464	433	566	440	669
535	640	482	585	424	489	668	654	687	584	439	536	345	411	572	541	255
536	585	586	439	541	340	535	504	687	668	317	447
537	484	613	647	425	492	429	623	592	626	628	505	504	420	414
538	384	1	561	456	363	368	488	402	544	603	444
539	385	514	662	328	649	523	578	337	530	658	348	574	671
540	685	578	486	362	461	527	530	595	659	470	665	682
541	640	668	548	389	679	616	489	586	535	660	439	536	345	255	508	317	447
542	483	452	485	633	553	524	624	625	434	631	600	601	478	479
543	1	450	455	610	462	591	560	531	468	377
544	384	1	538	487	456	618	363	402	569	474	603	445
545	1	482	411	584	458	555	546	654	451	379
546	545	482	581	673	424	604	555	654	664	371	471	472	379	572	575
547	1	489	459	397	596	503	571	508	446
548	386	389	582	679	586	541	677	660	441	634	508	477	447
549	576	577	651	516	485	550	490	619	524	675	600	644	683	669	415
550	480	418	675	516	485	551	651	549	621	656	600	683	607	509	415
551	480	418	676	422	550	552	646	495	656	593	637	509	607
552	667	676	422	551	681	554	684	526	381	400	593	442	495	509	637
553	483	519	631	524	434	627	567	633	635	413	542
554	416	672	701	552	681	648	684	526	527	400	593	595	694	381	511
555	1	546	451	545	654	371	471	379	604
556	480	1	517	614	522	437	597
557	1	315	517	583	637	501	442	443	349	475	597
558	512	464	642	355	580	627	705	632	619	432	433	483	534	663	576	688
559	645	582	391	680	589	655	499	670	568	441	477	510
560	1	450	455	583	610	501	377	543
561	1	612	488	368	532	629	538	603	444
562	481	598	486	1	615	463	528	563	403	469	438
563	481	611	612	1	457	615	463	562	403	404	532
564	512	1	580	666	289	392	394	395	657	502	570	476	605
565	523	678	423	327	652	589	430	399	496	693	500	574	636	638	510	661
566	1	642	518	577	617	491	460	398	534	440
567	643	388	581	650	519	520	553	426	492	434	630	635	413	414	613
568	582	391	680	425	429	559	592	690	692	670	441	589	702
569	544	1	579	487	618	363	401	338	513	609	474
570	512	1	580	394	395	564	533	632	666	476
571	640	1	515	584	489	459	616	547	596	508
572	673	482	581	689	424	585	396	546	654	687	520	630	535
573	1	588	494	529	466	436	590	408	506	602	606
574	578	423	649	523	430	337	594	565	539	671	661
575	673	546	581	424	604	664	686	657	599	472	473	476	605
576	642	483	644	549	490	619	524	558	688	433	534	669
577	1	516	453	617	490	651	525	398	621	566	440	644	549
578	385	662	697	540	682	461	430	337	530	595	594	658	695	409	539	348	574	671
579	608	1	419	513	590	401	497	500	609	569
580	512	705	354	643	698	519	663	674	558	432	657	627	564	599	632	708	570	476	666
581	704	673	546	643	519	424	599	686	520	630	567	473	572	689	575
582	548	677	679	680	586	559	592	690	568	441	634	477	447
583	1	450	667	648	610	557	526	637	560	501	442	639	349	511
584	640	1	482	515	571	545	489	458	654	535	411
585	536	689	424	713	586	535	396	623	520	722	340	630	439	504	696	687	572	712	719
586	548	582	679	712	585	696	623	592	536	690	713	504	687	668	541	447
587	588	1	645	620	521	428	493	435	596	503	634	508	477
588	1	620	521	587	428	573	529	435	436	477	606
589	699	678	391	715	429	430	399	592	626	692	565	670	568	505	559	655	510	693
590	608	1	419	602	496	497	466	579	506	636	573
591	1	450	641	639	610	462	531	598	507	543
592	537	582	647	425	586	711	429	589	568	626	692	690	441	504	505	623	702	447
593	416	624	706	676	485	710	551	552	681	554	684	509	336	726	595	694	601	607	700	381	479
594	578	707	697	691	430	693	465	595	622	662	695	409	574	671
595	416	685	578	707	701	593	697	554	461	622	527	336	465	594	694	601	409	218	540	682	703
596	1	547	616	587	493	660	503	634	571	508
597	480	1	517	614	556	557	646	495	442	475	637
598	1	486	615	653	462	591	528	562	531	438	641
599	704	354	643	580	581	519	674	686	657	708	472	473	666	476	575
600	706	683	485	550	716	619	524	549	624	709	633	542	607
601	624	706	485	710	625	714	716	622	726	336	593	595	725	694	631	542	479
602	1	590	655	466	436	606	636	573	510
603	544	1	514	649	618	561	402	629	538	444	474
604	1	546	673	555	654	664	498	371	471	472	605	575
605	1	604	664	657	498	564	502	472	476	575
606	1	645	620	588	499	435	436	602	655	573	510
607	656	706	675	676	485	550	551	683	624	593	600	700	509
608	1	579	609	652	590	496	419	500	636	638
609	608	1	579	618	401	500	569	638
610	1	450	583	591	560	639	543
611	1	612	486	615	658	463	563	530	467	404	665
612	1	611	368	561	658	467	404	629	563	532	444
613	643	484	647	520	713	426	727	492	623	722	729	628	630	567	728	537	732	650	414
614	480	1	646	522	556	621	656	597
615	1	611	486	653	463	562	563	659	598	665
616	640	1	668	489	596	660	571	508	541
617	1	642	644	534	577	490	460	566	440	669
618	544	1	609	649	523	401	500	661	569	474	603	638
619	576	483	549	683	524	558	688	627	600	633	669	709
620	1	645	587	588	499	435	477	606
621	480	1	675	516	614	550	577	522	651	525	656
622	707	484	625	714	626	430	336	465	594	595	628	718	694	601	703	479
623	613	647	520	585	586	711	492	722	592	690	630	713	504	537
624	706	485	710	633	716	524	593	723	724	631	600	601	542	607
625	710	714	426	622	733	434	628	725	631	728	601	635	732	650	542	479
626	718	449	707	484	715	647	711	589	430	717	592	465	692	628	622	537	505
627	688	674	483	580	519	553	619	558	432	705	643	721	633	698	635	720
628	733	484	613	647	714	426	626	622	717	625	434	718	729	728	537	725	650	414	479
629	1	514	612	649	561	658	467	603	444
630	704	643	613	520	585	623	689	722	567	719	572	581
631	710	553	650	624	625	434	724	725	633	601	635	732	542
632	512	1	642	580	518	558	464	533	663	570	666
633	688	483	716	709	553	619	524	624	721	627	724	723	631	600	730	635	542
634	1	548	645	582	680	587	596	660	508	477	677
635	643	519	730	553	426	631	720	625	434	627	724	723	567	633	721	731	732	650
636	608	1	678	652	590	655	496	466	565	602	510
637	1	676	646	551	552	583	684	557	526	495	597	442	667
638	608	1	609	618	652	496	500	565	661
639	1	450	583	648	610	462	591	641	507	511
640	1	584	489	654	687	616	535	571	668	541
641	672	1	598	639	653	462	527	648	659	470	591	507	511
642	576	1	566	518	705	617	460	558	464	534	663	632	688	669
643	704	674	731	580	613	519	650	567	719	720	722	627	630	599	708	635	581
644	576	1	683	549	577	617	490	651	534	669
645	1	680	587	620	559	499	670	634	655	477	606
646	480	1	676	614	551	495	656	597	637
647	613	711	713	729	492	717	623	592	626	628	727	537
648	672	1	667	583	681	554	526	527	641	639	511
649	1	514	603	618	523	658	629	662	474	539	671	574	661
650	643	613	731	426	631	722	625	434	628	567	728	730	635	732
651	1	675	516	549	550	577	683	621	644
652	608	1	678	496	565	636	638	661
653	1	470	486	615	462	659	598	641
654	640	1	482	545	584	604	555	546	687	689	535	673	572
655	1	645	678	589	559	499	606	670	602	699	636	510
656	480	1	675	676	550	614	551	621	646	607
657	704	1	580	686	564	599	664	708	666	476	605	575
658	1	514	611	612	649	682	578	530	467	629	662	697	665	539
659	672	1	486	615	653	527	470	641	665	540	685
660	1	548	677	679	616	668	596	634	508	541
661	1	678	649	618	523	652	430	693	500	565	638	574	671
662	1	578	649	658	594	695	697	539	671
663	512	1	642	580	705	558	632	666	698
664	1	546	673	686	657	604	605	575
665	1	611	486	615	682	658	685	530	659	540
666	1	580	663	657	564	599	632	708	570	698
667	1	583	552	681	684	526	648	637
668	640	1	679	616	586	687	696	660	535	536	541
669	576	1	642	683	644	549	617	619	688	534	709
670	1	699	645	678	680	589	655	690	692	568	559	702
671	1	578	649	430	594	691	661	662	695	539	574	693
672	641	1	648	681	554	685	527	659	701
673	1	546	581	572	654	689	686	664	604	575
674	643	708	720	627	599	580	698
675	1	706	683	676	549	550	651	621	656	700	607
676	1	675	646	551	552	684	656	593	700	637	607
677	1	548	582	679	680	690	660	634
678	1	652	589	430	655	693	565	670	699	636	510	661
679	1	548	677	582	586	690	660	696	668	541
680	1	645	582	559	690	568	634	477	670	677
681	672	1	593	552	554	684	526	648	694	667	701
682	1	578	658	685	530	595	697	665	540	703
683	1	706	651	644	549	550	619	716	709	675	600	669	607
684	1	676	726	710	552	681	554	593	694	667	700	637
685	672	1	682	527	595	659	665	540	701	703
686	704	1	581	673	657	599	664	689	575
687	640	1	668	712	585	586	696	654	689	535	536	572
688	576	1	642	709	705	619	558	721	627	633	669
689	704	1	581	673	712	585	654	687	686	630	719	572
690	1	677	582	679	680	713	586	711	623	592	696	702	568	670
691	1	707	715	430	594	693	695	697	671
692	1	711	715	589	717	592	626	702	568	699	670
693	1	699	678	715	589	430	594	691	661	707	671	565
694	1	714	681	554	684	622	593	595	726	601	701	703
695	1	578	594	691	662	697	671
696	1	679	712	585	586	687	690	713	668
697	1	578	707	682	658	594	595	691	662	695	703
698	1	674	580	705	720	721	627	663	708	666
699	1	678	715	589	655	692	693	670	702
700	1	706	675	676	710	684	593	607
701	672	1	681	554	685	527	595	694	703
702	1	711	592	690	692	568	699	670
703	1	707	714	682	685	622	595	718	694	697	701
704	1	643	708	581	689	686	719	720	657	630	599
705	1	642	580	558	688	721	627	663	698
706	1	675	710	683	716	624	593	600	601	700	607
707	718	1	691	715	594	622	717	626	595	430	697	703	693
708	704	1	674	643	580	720	657	599	666	698
709	1	619	683	716	688	721	723	600	633	669
710	1	706	593	716	684	624	625	724	725	726	631	601	700
711	1	717	647	713	690	623	592	626	692	727	729	702
712	1	585	586	687	689	722	713	696	719
713	1	613	647	712	585	586	711	722	623	690	727	696
714	1	726	622	625	725	628	718	694	601	733	703
715	1	707	589	430	717	626	691	692	693	699
716	1	706	709	710	683	624	723	724	601	600	633
717	1	707	715	647	711	718	626	692	729	628	733
718	1	707	714	717	622	626	628	729	733	703
719	704	1	643	712	585	720	689	722	630	731
720	704	1	674	643	708	731	719	721	627	698	635	730
721	1	709	705	688	627	723	633	698	635	720	730
722	1	643	613	731	712	585	650	727	623	630	713	728	719	732
723	1	709	716	624	721	724	633	730	635
724	1	710	716	624	723	725	631	633	730	635	732
725	1	724	710	714	625	628	726	631	728	601	732	733
726	1	710	714	684	593	725	694	601
727	1	613	711	713	647	722	728	729
728	1	613	650	625	722	628	725	727	729	732	733
729	1	613	711	647	717	718	628	727	728	733
730	1	731	650	720	721	723	724	633	635	732
731	1	643	650	719	720	722	730	635	732
732	1	731	613	650	625	722	724	725	631	728	730	635
733	1	714	717	718	625	628	725	728	729
