1	42.4276985288	41.6421104075	17.3658123492
2	47.7754629076	4.69778555091	0.388696189938
3	35.9813223754	6.65601831613	0.885024105478
4	53.2872563495	7.34685893061	1.47663852454
5	29.2921731034	9.33845070916	1.16728190438
6	62.1164613032	10.4773438186	1.61588231211
7	44.8360163106	11.3564911008	1.23927519018
8	33.3785060309	12.1020961017	0.622435801699
9	53.0238778375	12.6928840954	1.16048963905
10	38.7548691343	12.2679471673	1.32099803299
11	20.1851575079	13.2308837326	0.478188925394
12	57.398803821	12.877602215	1.30904132679
13	62.6655493602	15.7962596881	1.54780014296
14	28.9508767542	16.29697347	1.30624231245
15	47.6708301791	15.8840393683	0.621665923436
16	17.8510986202	17.4062740899	1.58416726374
17	64.677882922	17.9655731556	0.54194252952
18	53.0386763938	18.0500690637	0.983335500936
19	71.8921177988	19.3565929941	1.02691250953
20	33.0447469769	19.2858724322	0.775658459221
21	42.817273992	19.5253483494	1.62957351777
22	50.2255242807	20.6813542933	1.83289516755
23	24.6156923428	20.3396492138	1.70534030348
24	19.814266116	21.1322505459	1.05018677968
25	67.5692769076	20.6674796317	1.01261105038
26	35.6312633685	21.3788652532	0.701676361633
27	12.4666346801	23.0190751646	0.894683828913
28	29.1611550088	23.1568752334	1.58115819676
29	16.429213069	24.5866475375	0.491380045017
30	44.800201102	25.3004315519	1.10003504961
31	55.2797674374	24.5006770363	1.61662991013
32	24.3186737647	26.602506972	0.737547621935
33	70.998050113	24.739910859	0.419428868748
34	62.0295363445	27.0489100596	1.69655323593
35	29.8604679332	27.7450810918	2.27768501096
36	77.4600307981	28.1511802027	0.511703653517
37	8.73077137725	27.9319770079	0.540214940975
38	21.6004285193	28.9601466715	0.66977702722
39	56.6821445131	29.1253443307	0.641295231613
40	15.3601306919	29.5805063763	1.3684516657
41	48.083457729	30.931182046	1.1177975519
42	43.4612068344	33.7951012308	2.66837655145
43	8.01098775038	32.5644916629	1.26387179024
44	25.4109083969	33.1283384596	0.621739130435
45	55.1223227792	33.2712904097	2.21850455822
46	66.8596712193	33.6662818433	0.763804606445
47	19.3816273056	34.750262121	0.781885762481
48	79.1307946556	35.4052952329	0.49700735332
49	12.2484943156	35.1333758814	1.39531734819
50	73.157287055	35.4032403219	1.45541583157
51	48.8972030445	37.6010711914	3.12952447783
52	6.3812088518	36.6620660819	0.927263719893
53	36.2644823814	37.1950755181	2.28145323223
54	59.6025036305	36.7972127762	1.26123738981
55	21.784657942	38.8010013019	1.92616388458
56	10.3108504722	38.8905187021	0.462721500089
57	54.6266163944	39.4690016663	0.948871811068
58	64.4712079636	39.6911174381	0.78794506968
59	44.0477560402	40.5557554937	1.80202914448
60	13.8359102555	40.0265314171	1.83152085349
61	6.08850639828	40.8246109295	1.08464501926
62	77.8820501944	41.5363284775	1.67978254506
63	50.8091132851	41.6385047471	2.2534529921
64	60.2725233961	42.2742422507	1.29920731328
65	73.8118849857	42.2555473855	1.28139939294
66	32.9433356889	46.1817747267	1.77769697728
67	38.9552388016	45.1510357854	2.54943329272
68	10.6471773301	43.0659771529	0.842727149661
69	17.7448259422	44.8099332103	0.98768137443
70	66.7042646301	44.5303083723	1.52097876224
71	55.609331848	45.2948522276	1.69119936712
72	5.15696888711	46.3375807521	0.67258011323
73	47.6223416622	46.8729426443	0.719047393269
74	59.8063393309	47.2099854691	0.663204765278
75	73.9494935862	49.3301545765	0.524098334986
76	21.3353262193	50.9810218732	2.0239566073
77	40.8055608916	51.6351263286	0.710510191369
78	11.2276769697	50.9752672916	1.06838110967
79	47.4057803309	52.6843065687	1.64354867672
80	26.9641117171	53.2491221059	2.75047767474
81	60.841394883	52.6067885975	1.36535356043
82	6.70043422916	53.2305600936	1.19162467136
83	11.5035186438	53.9861116698	0.859895741993
84	53.1582918522	55.1976887254	1.39969112912
85	19.2779744277	55.2019846875	0.564132212497
86	36.5182969124	55.508271174	0.635539878905
87	64.4544730011	56.1996160166	0.893169768812
88	42.2437300055	56.3811802961	2.21740438173
89	61.5782499281	56.3635887585	0.472222823382
90	69.3989573937	56.9757258854	1.4283576333
91	12.4623688614	57.5830913286	0.565098473275
92	15.7425451967	57.8981640829	1.8796543428
93	24.5624563408	59.0089929869	1.09204225401
94	59.2683962214	61.1723538997	1.29740785862
95	45.8035925499	62.1657550324	1.85862774368
96	67.004586977	62.6041338609	1.10576903297
97	15.1546997946	62.3338258466	0.977417347968
98	32.6724052461	63.7172519338	1.08946051863
99	71.8898948056	62.7170330479	0.985978860504
100	18.8196060396	63.7150733935	1.57148315717
101	57.675067775	65.3537177753	1.07486081654
102	40.5781836688	65.5632939471	1.77247909954
103	13.6617634349	66.0803429699	1.50114599019
104	51.3410765643	66.1853634804	1.16209257586
105	61.4650690695	67.8785932677	0.832937079891
106	35.5367491137	67.6179637867	1.82292622519
107	30.8499948806	68.6718394397	2.60444195131
108	27.0079075233	69.586210786	1.4440071984
109	18.694522368	70.4542985469	1.50423867068
110	39.8047409088	70.0783744065	0.581697675386
111	53.2622206062	70.9361511919	1.31983380024
112	62.5926294948	71.752955827	0.829144984195
113	32.3835927196	72.3505927066	0.648188375116
114	38.6615771061	72.7153978064	1.98888778887
115	45.9391009457	72.9268280558	1.43444319995
116	21.8312994679	73.7681263312	0.636837825509
117	56.190920761	74.6792761554	1.06922612768
118	27.3138174709	75.0604785144	1.00059305302
119	49.6804165878	76.310272508	1.40856849666
120	35.211528542	15.5570429362	2.29118068062
121	14.8041371313	48.8341881234	2.31432714821
122	56.0654037788	51.1268705353	2.87591261193
123	51.4887080475	27.216757117	2.212241615
124	27.5972570544	35.1925642651	3.14742311657
125	68.2443067699	38.0383465094	2.76753685102
126	74.7060115537	56.6538259506	1.61984897392
127	29.4563506342	59.6913644592	1.96676489412
128	9.98649099254	60.6107130077	1.5279201652
129	52.7637545306	61.8929471591	2.23555828788
130	38.5678717838	24.7974288599	2.65847621849
131	66.625509439	30.2757263838	2.10365339087
132	13.1721733539	45.942054018	2.48065813604
133	22.7987255575	65.1718132523	2.22069604624
134	42.6131063079	76.9818182275	1.91669325687
135	62.4630229629	22.1249158385	1.98423507462
136	67.8807214093	24.2473638029	2.61277322543
137	63.2527361969	33.6473363287	2.50514172887
138	66.2607928478	50.2134713088	1.7940717338
139	67.132615207	67.3711130741	1.84986736431
140	67.3432887159	15.4968702501	2.26489114302
141	69.8451527341	30.5359855336	3.46118106657
142	33.0970394638	30.8158092333	3.15224109163
143	23.8720566674	32.5093438694	2.3915491234
144	20.9244666085	44.8575210665	2.67598328379
145	15.5454711288	53.0867183471	2.75562320157
146	57.797945442	57.2364489551	2.24963181149
147	38.0578589366	76.988287246	2.18442886637
148	50.1503681548	12.2254905053	2.43098970238
149	76.978601806	33.642806737	2.07517739306
150	29.2760945181	40.79549717	4.02563609814
151	71.6525711072	45.1873623267	2.91307071774
152	19.8918328453	59.6350104796	2.71798082484
153	23.8716520448	13.6195637204	1.91499949964
154	43.6059128869	14.3422667726	2.92531318278
155	57.3449894051	22.1492662601	2.19779159115
156	21.2774091506	24.5699448705	3.16149655627
157	74.0838062352	25.9596106803	2.44791859096
158	19.1601321692	27.0242204989	3.02548947174
159	10.9143875259	29.1806550307	2.04390362151
160	38.7571927998	30.0159785407	2.69084391728
161	25.323928681	42.2283617922	3.0142965452
162	25.5070377445	47.841826276	3.77776751075
163	71.4761113291	51.8929517222	2.87602920692
164	17.9911522189	31.8418781195	3.54883576547
165	35.8873908394	60.0481490259	2.92229425248
166	46.3346546851	7.22388722908	2.15756073287
167	52.6666068029	45.4100382816	4.40197394326
168	42.8576776986	49.9087654902	4.15053058238
169	37.5956727471	52.5879927159	3.75293878019
170	31.4580877132	54.9326616393	4.06995947097
171	64.2644906359	61.4660017524	2.9738916605
172	43.8574469319	69.8076542109	3.76258148337
173	38.4346782776	16.9965025079	3.8876666895
174	58.5989013204	17.5650773046	3.35923972035
175	58.1078583796	28.695648958	3.93816818789
176	61.5439734062	47.6348026468	3.33514782789
177	47.695472706	58.5139410439	5.08893622119
178	40.3086537863	59.6674657765	4.11923020319
179	46.779707201	64.6660658367	3.71951041286
180	41.1792139206	7.84426044166	2.74014046304
181	44.7463778622	22.9056281262	4.31794383358
182	76.5785045858	49.4511949714	2.65763603138
183	31.3288648697	50.6792873723	5.63112395171
184	34.2779272371	22.5094952119	3.72922519802
185	17.1036531998	37.182386844	4.58180231227
186	28.2437851133	46.0059873872	6.31260862829
187	58.9280321268	67.2104692312	3.43511835097
188	53.1591270062	69.1008444598	3.97359696904
189	15.778038985	41.4786810154	4.33656227882
190	47.0117981977	45.2141185058	5.37594421731
191	51.4264202281	49.7108031812	5.41189528183
192	27.6820978677	65.7211804826	4.21614597596
193	30.7635133412	18.2503445027	4.00189216227
194	48.1593770396	28.7027147599	5.67026031306
195	51.3777794688	33.8765243962	4.38438660488
196	8.97820388684	39.2739340916	3.45644324819
197	56.6675150824	40.8263232686	5.50006904376
198	8.29671216699	46.5956659757	3.20749213968
199	20.4861022625	55.9280370497	3.98652049171
200	39.2386680593	69.116979033	4.7965185191
201	47.9174422798	68.8486019769	4.83405746107
202	33.3386554757	75.0598129754	3.55473950303
203	29.3964194428	12.791695308	3.97873062464
204	55.1173756487	15.7155380235	4.69966090482
205	50.9445337393	15.9777810373	4.36064664046
206	15.9981654002	22.8546876623	3.8437257745
207	13.946943508	26.3020862775	3.80513688538
208	63.1229309992	41.5081896497	4.20269313012
209	10.7756168644	57.0137749665	3.59587584624
210	59.3368147629	71.6530426718	3.36954668244
211	35.5470868064	10.0917440784	3.89041430339
212	47.6311619151	15.9674032888	4.66089967277
213	55.0570787848	37.9421534958	5.13479692568
214	46.7423694245	52.8417725511	5.05454183395
215	62.3912245897	53.9913302306	4.36573341798
216	22.7016785185	29.6634915349	5.62377731034
217	28.497122714	73.2004485142	4.44706841955
218	63.9231903657	20.5769493327	4.64733286337
219	26.690805227	22.2643807402	5.30638320662
220	51.6563039934	26.0100864421	5.40936709459
221	25.324975889	26.5535645358	6.0600897439
222	11.6253367791	31.9082343834	4.64303961963
223	60.6346082331	35.5900613317	5.86879989936
224	30.5054110176	35.9542706428	6.50748195205
225	9.66843547819	52.268401847	4.30681320335
226	70.3222486361	61.5808311516	4.53059786425
227	34.6974499244	69.619290481	5.10911962277
228	58.8096327642	11.2396080425	4.7316164135
229	43.364099428	29.225750539	6.38723360822
230	71.1369013008	38.5634548733	5.16284960218
231	17.7474438311	51.7101524779	5.86793018786
232	67.8148199233	55.4219394368	5.00346037357
233	53.0866992543	57.6211635879	5.98822656902
234	26.0673796272	62.6764525756	6.39613245119
235	32.055668306	62.7331356762	5.53188384208
236	46.4588896604	75.6627482558	4.46337988526
237	52.451070416	9.49920907716	4.69529478458
238	23.8609797211	16.7694727267	4.81681717198
239	69.0069483	19.6043439694	5.05641740319
240	65.589294852	27.7961726683	5.80190727743
241	32.5347273023	39.8097497998	7.0688457514
242	58.3534914675	45.4107613763	6.08354848917
243	57.5464061525	58.8189268514	5.46604587014
244	21.95600596	59.9345582258	5.75671082582
245	18.506452987	67.0265624255	4.73776386754
246	23.8238007982	71.2428714706	3.97483213118
247	42.9186517518	18.2626388004	6.33459756391
248	17.6347380999	47.0263803461	6.33944522822
249	14.8916912004	62.1403196582	5.16426755206
250	59.5317246711	63.1087494921	5.72723831295
251	54.9241498966	65.1545178318	6.13964802525
252	64.4591564546	67.3285864245	5.06964085485
253	42.2347235284	41.2525805595	9.15870651241
254	68.9226518502	49.1205781089	6.17325153481
255	19.9028912992	20.3995048812	5.49826853034
256	38.1448345767	27.3509136677	6.90900558471
257	74.180272084	32.1355425136	5.74569458009
258	20.5131367019	42.081346526	7.55586092538
259	46.5886512837	10.243537885	5.70360963009
260	33.2788150267	28.3981500231	6.82631248901
261	22.0395181373	35.5345108176	7.68869029982
262	75.7448165199	42.3852710752	5.62276356317
263	42.2967489124	46.7918075466	7.82800227237
264	36.6819074552	54.8030865442	7.12943979024
265	26.4529592826	58.9897209439	7.18937309303
266	43.9207160357	61.2189142475	7.08854292705
267	53.1999325155	73.5156275611	5.52582784205
268	41.0571675518	74.8862319547	6.05814331219
269	40.4943332684	11.6665410183	6.35516458388
270	54.3580280711	20.047070662	6.39744781358
271	49.3484336773	20.2204958558	6.99948428457
272	60.4385128634	23.0401175166	6.63279532872
273	35.3492037961	34.3372928223	9.74605612836
274	35.1525061588	48.1721568496	8.28472344034
275	50.6781464497	65.3701852426	6.90428761802
276	37.028515805	66.4398312718	7.38630030604
277	11.2381799365	38.0145138425	6.19101718283
278	67.6258547353	44.1632568498	7.10450785406
279	63.5825434989	58.9601642893	6.65388892913
280	34.0869651767	13.5823133293	7.01897266682
281	39.3482265868	35.2066867325	9.34193499045
282	37.3104373822	41.5992301243	8.71394817794
283	32.4470880511	43.5202226652	9.26848729764
284	61.5483861254	48.5109811613	7.01858952492
285	42.1039134956	55.7492643482	8.31210364295
286	42.5523511421	66.3173507014	8.13913892145
287	33.3562256119	20.7094836027	7.64063365271
288	47.3319128209	33.8461502375	8.15819947293
289	74.082015248	36.6009516421	7.3635099009
290	39.1198888935	45.6769718147	10.335196355
291	65.0710688717	50.4279288717	7.03854793678
292	56.5239450139	51.9677463165	7.65293685033
293	22.6376425067	51.9139826883	8.50272546365
294	72.9680446534	55.2444208882	6.96631626362
295	38.2976295662	22.949190269	8.88529785655
296	54.6947669269	23.9328162156	8.26244294839
297	16.4725879886	27.4784401202	7.37190341348
298	26.7424373322	30.8651987155	8.72692677976
299	54.2677299794	33.1342399888	7.7016058203
300	21.5807706734	55.4539544781	7.70832303725
301	47.8299532982	73.0823043507	7.41918383759
302	63.3059464633	16.619392956	7.37319526158
303	71.505991765	26.376274506	7.06007650721
304	62.1006859708	28.9997924748	8.27065798882
305	65.126766825	33.6992253918	8.37721190068
306	68.3143130609	37.4157934629	7.93673938406
307	12.4678907411	51.2765087625	7.33247950745
308	50.9609895026	53.2482001117	8.73077909544
309	30.967986427	71.7841093455	7.73434797648
310	51.0309724344	42.4319980749	9.1896195982
311	11.9885250026	44.5472817827	7.5740003174
312	74.0256723727	48.9216603119	7.62953317517
313	26.6313935143	56.2128348316	9.31089159792
314	31.9468284347	57.9320724934	9.85121186789
315	15.7976378427	58.308255938	7.83288408462
316	57.9157610975	70.272302664	7.39190987854
317	31.5577156041	25.3431494514	9.31050518076
318	14.0874067193	34.6474572988	8.23446935402
319	44.175501104	35.8604161637	9.69160786567
320	19.6533466708	63.6243550883	8.30795052437
321	40.04592159	72.9698584267	8.35011950082
322	43.5044069418	20.9660658473	9.12396316554
323	64.3829331917	39.8708421512	9.25348309786
324	46.0674391651	48.6502532387	10.0017138994
325	35.5198005162	61.2624792046	9.66420052771
326	31.7516294843	63.9080032865	9.28135134017
327	23.8197036469	67.8045601904	8.4056817781
328	53.6313866878	12.8917419623	8.113574225
329	28.6973054766	17.3184451568	8.62762144972
330	57.4377873784	28.3519988654	9.44685395876
331	50.2735653873	37.86041817	9.86451220922
332	56.0687331868	46.4603851247	9.14229292634
333	23.2863563517	47.3465722369	10.1043022327
334	40.0361658426	51.5835967967	9.77157946835
335	44.8070026706	53.9671646586	9.80966606601
336	64.4221844858	55.224859935	8.97411604832
337	39.9471667712	63.1929256464	9.45362236718
338	40.5545545191	14.3948373299	8.85026969609
339	59.2356301989	15.070955861	8.59265999659
340	48.6080602694	23.3584256241	9.54498708778
341	62.4976039967	66.0255569488	8.62365905725
342	46.5506003617	12.5984792056	8.26111572406
343	22.5912855614	22.5672095219	9.08138935116
344	59.5730671294	25.1528499969	9.03486171839
345	46.8735498047	40.9628005594	10.4464368284
346	67.1416176196	23.8858363531	9.52626225464
347	59.3016560841	41.1083110674	9.9024319838
348	60.8849434736	54.8939409668	10.1789953515
349	58.643021444	60.8682098963	9.52296972653
350	67.791796689	61.4591844084	8.65711501291
351	41.8396503682	30.5749793198	10.2299858217
352	55.0485813044	39.5046335902	10.0212209446
353	25.5777514845	39.9901944015	10.9766648883
354	73.137729605	43.5356916275	9.04935866998
355	26.3615689477	52.2803312151	10.5477165963
356	53.6970271154	62.1419974397	10.4542222924
357	48.2369529799	64.0688970705	10.4342012527
358	44.4249013182	26.2201670072	10.8840078489
359	17.4139434185	32.2130753166	10.0818026872
360	15.1541908237	41.114230505	10.5583125032
361	16.3964729957	54.5647560276	10.30048071
362	34.7180426962	15.8227618799	9.51023126404
363	27.4949465891	21.0268096498	10.7017016705
364	60.7055135851	32.8821415455	10.9607517634
365	65.4750224488	51.3477848607	10.2829103466
366	51.5445273952	15.8908149312	10.3117464663
367	51.810566806	27.904045698	11.2620596782
368	30.3740389607	32.1870406056	11.6661692694
369	31.3736700348	54.5486984385	11.6796227414
370	23.6753869466	65.0930116052	10.8387586966
371	45.8231890474	15.7041615131	10.2309116712
372	70.0620036318	31.7795665333	10.2209315982
373	65.0516063068	46.3765438161	10.3269737038
374	57.8229529871	67.2472611614	10.5796641508
375	56.2147087328	31.2283621768	11.9377120838
376	62.4800326569	42.7953832727	10.7209130361
377	61.0735045649	47.5428754293	11.7610249813
378	56.573625548	56.9771469001	11.3271583881
379	68.2748304877	56.789053213	11.0166980371
380	38.2969899589	58.0310885846	12.4427765507
381	14.7916754525	46.1451470753	10.8125941632
382	28.6667311228	67.4019204628	11.257519071
383	39.4543528867	70.7539279893	11.1873181036
384	58.9071871184	19.116719734	10.8427089926
385	40.7153720432	27.8092917655	12.3650678058
386	51.8947760007	69.2198097422	11.0654027185
387	63.3999364679	23.3614140436	11.4601857198
388	60.211598626	36.2666859918	11.9673816906
389	30.6684073503	37.9529505524	13.2345134682
390	70.8015734028	39.7291614941	11.2579303009
391	17.601222872	51.5947617334	11.9152463444
392	20.507279421	59.8578863839	11.4912775867
393	33.3250714536	68.9708601091	11.6001729445
394	46.4859174719	70.0375862623	11.6714315754
395	49.6808878746	31.9180536785	13.1063792958
396	69.9464541502	47.3156787866	11.8693920766
397	29.1491766533	49.8312793243	12.5371524178
398	38.6415508475	18.7012299823	12.4618796582
399	32.2687704473	19.0748888759	11.9315301655
400	21.568252273	28.6799000512	12.0025422968
401	55.9923271728	53.1285330943	13.0136946568
402	49.3413481955	58.5525833926	12.7329771732
403	44.7871002392	61.6554181811	12.506610204
404	18.0789405732	36.4734793481	12.3875731788
405	29.4743334803	45.5771833849	13.6523646086
406	25.9815499531	25.4706619693	12.7418454599
407	52.5136726823	46.756470821	13.7331932969
408	54.4122971525	49.5122046841	13.4966102215
409	35.5548337705	50.7925488725	13.8728622411
410	69.0395271928	51.3092940382	12.5389574471
411	52.3752145854	57.3473487958	13.4555674076
412	44.0775710437	17.5211880449	12.1350951498
413	21.01402586	32.434501126	13.033159545
414	54.4157423006	36.4905801639	13.7455363255
415	57.8169834811	46.6150077842	13.771508823
416	62.8390465476	61.592809443	12.6040102243
417	50.8081454362	19.9260724444	12.8956203046
418	64.6702485767	29.1697860392	13.0804992939
419	45.0071067718	57.630958521	14.0041084488
420	25.5740737409	61.9313834466	13.2870014032
421	56.9799240225	20.6900814412	12.5132459771
422	66.975171556	34.9896022353	13.3336289548
423	30.9622981605	22.6041662764	13.6124525623
424	44.6039918372	33.6365843922	14.7435878032
425	68.5237279362	41.1523011139	13.0591391896
426	57.8330960927	41.2724305559	13.7176602225
427	48.7744840515	53.1896394504	14.6276342715
428	55.9533322066	65.9132922334	13.2665325862
429	59.7558469435	24.8539639042	13.7699606485
430	20.1441260381	42.2748494302	14.3873044003
431	19.3846350679	47.2646205865	13.9220464137
432	39.630783918	55.1503360892	14.8408720223
433	22.1085997998	56.6598737578	13.6484862107
434	24.6571008387	31.709225602	14.8029346236
435	42.2313321472	38.9693214733	15.7864443001
436	35.4184537464	39.3700954332	15.0736843091
437	52.0564051398	42.3032335921	15.2978751072
438	47.3209042401	50.2823599317	15.5812716661
439	38.1051062868	67.1755617481	14.1419741331
440	36.8879218109	22.571827258	14.8998874002
441	53.5173421236	23.6369855843	14.5160160595
442	48.122224635	45.0050862838	15.6047841617
443	64.8242178721	55.2644725501	14.3430496039
444	44.8229782886	21.942787569	14.577992538
445	47.6859885154	37.8642918152	15.5448904031
446	37.6385850015	44.4246297358	15.8426255257
447	43.727085902	47.1756500945	15.7747558119
448	41.9336781302	51.3666768117	15.5226893347
449	30.3840794237	62.430767248	14.8794311585
450	22.1407625129	37.4552094259	15.1198888273
451	42.4460418481	66.7420559144	14.8694845813
452	65.5018430163	44.7467165598	15.0994028372
453	58.8878294068	60.7501939071	15.0564847879
454	46.9518179453	67.170754528	14.8312087515
455	29.5206161433	27.4616254075	15.4117502937
456	63.419598069	37.4676297783	15.5981732329
457	23.1712454751	52.7266580296	15.561317988
458	26.9329493141	57.2617711831	15.481241783
459	34.4910996501	64.1615821869	15.2740754119
460	51.8534255093	64.7025330849	15.6264778348
461	57.6518772221	27.7984531141	15.6064033683
462	61.9730902583	31.4569962434	15.4755372589
463	23.8221144156	49.1681860416	16.3057179302
464	49.6484398363	26.2211016432	16.4693161737
465	35.9174187569	29.4200762977	15.6110682079
466	42.4705432735	25.2762532986	16.6432587621
467	25.128175516	35.7624489753	16.435961439
468	62.9534989029	52.4671335828	15.9288118428
469	30.181670121	32.4620272534	17.795728196
470	32.1788942431	58.1448296968	17.0700090421
471	40.2317726764	63.198090902	17.0654384115
472	25.0589722366	44.258317431	17.5118597648
473	56.9912757235	57.7240259424	16.9916138663
474	36.2793146351	25.9712145823	16.8571517973
475	46.7396188171	27.847436262	17.505991818
476	58.0357493859	33.5503119825	17.4705353699
477	40.6445384568	29.0812638729	18.1517994384
478	53.8409931088	30.1231350256	17.5225902101
479	60.5769529839	43.1198390559	17.6812102837
480	27.6232164889	50.712938071	17.7207045926
481	52.2403071804	61.5859972931	17.2265800505
482	27.1576808606	40.307129911	18.1334002709
483	60.6383888927	48.5010994657	17.6467885092
484	58.2177518554	51.8863800616	17.6195833534
485	46.3895306535	62.3396435976	17.7291168225
486	31.2488220779	53.824720824	18.3451764805
487	30.2453243304	36.9748071687	18.8573288141
488	57.3058038403	40.0605392763	18.7712206442
489	36.8613850547	58.9814650311	18.5187285082
490	54.3748235202	55.8869638373	18.7134726081
491	49.2519120324	32.0338358343	19.1619868298
492	31.0765264381	43.9733610017	19.5643429462
493	42.4444583423	58.3672649838	19.2608362268
494	44.3363166343	30.7431719429	18.9542935946
495	51.0121030171	34.8304816477	19.4983485997
496	54.495712133	36.3127539262	19.4805020096
497	35.581802107	53.4751974021	19.5634636684
498	49.4164193502	57.8828808562	19.2331834274
499	39.904442735	32.5938799089	19.2479494082
500	36.518372279	35.0915240719	20.0625504384
501	56.0971938275	47.0909661053	19.4742221314
502	33.0264221485	49.5542041104	19.7243010477
503	52.1173963611	52.0460738158	19.8797355212
504	52.9901834965	45.4883458412	20.3368208691
505	50.5339397465	40.2173428098	20.8466715431
506	45.6517212485	53.949175341	20.6515188
507	44.6800070413	36.1694130112	20.9164622222
508	35.5744474847	39.1724086905	21.0112931647
509	48.9119298233	48.981237621	20.9461206209
510	40.3580605319	53.8167432835	20.7715473809
511	35.0830490378	44.4966425077	21.0828945474
512	38.9763288289	48.5562551991	21.2169371912
513	40.1510590621	44.0837964301	21.5252177705
514	46.7801659749	43.3875765867	21.3938621103
515	41.4033972994	39.9571665867	21.6275874915
516	43.9776360079	48.170856084	21.7240183708
