512
768
2
3
4
6
7
520
521
522
523
514
16
529
530
531
686
534
535
516
687
542
32
546
549
550
551
249
41
555
44
557
558
559
560
606
566
567
568
58
571
60
377
577
578
579
580
72
585
587
588
781
592
596
597
697
89
605
94
95
608
610
614
102
617
619
621
624
625
629
630
631
634
635
636
126
127
640
642
646
647
648
650
140
653
654
656
660
662
151
152
668
669
671
672
673
674
675
676
677
678
679
680
169
682
171
173
174
175
775
178
692
693
694
183
184
185
683
700
701
702
704
194
707
708
710
712
201
714
203
716
717
206
719
720
721
210
723
212
725
215
729
218
220
221
734
223
736
737
738
739
740
789
743
744
233
746
747
748
237
751
752
753
754
755
756
638
246
690
760
724
250
639
764
253
254
255
256
257
770
771
772
773
774
263
776
777
778
727
780
269
782
783
784
785
786
787
788
277
790
791
792
281
794
795
796
285
286
288
290
295
732
300
301
311
735
793
326
328
333
337
338
346
347
348
352
353
357
359
779
572
362
363
364
369
370
375
745
380
381
382
390
391
663
396
695
749
401
402
408
722
410
411
412
413
414
416
426
433
434
435
436
437
439
202
442
443
444
445
446
757
449
451
758
456
759
462
463
245
466
470
761
472
473
474
471
762
459
769
763
485
715
698
491
492
765
204
766
503
501
505
507
767
509
511
