1	512	768	2	3	4	6	7	520	521	522	523	514	16	529	530	531	686	534	535	516	687	542	32	546	549	550	551	41	555	44	557	558	559	560	606	566	567	568	58	571	60	577	578	579	580	72	585	587	588	781	592	638	596	597	697	89	783	605	94	95	608	610	614	102	617	716	619	621	624	625	629	630	631	634	635	636	126	127	640	642	646	647	648	650	140	653	654	656	792	660	662	151	152	668	669	671	672	673	674	675	676	677	678	679	680	169	682	171	173	174	175	775	178	692	693	694	183	184	185	683	700	701	702	704	194	707	708	710	714	712	201	202	203	204	717	206	719	720	721	210	723	212	725	215	729	218	220	221	734	223	736	737	738	739	740	789	743	744	233	746	747	748	237	751	752	753	754	755	724	245	246	690	760	249	250	639	764	253	254	255	256	257	770	771	772	773	774	263	776	777	778	727	780	269	782	759	784	785	786	787	788	277	790	791	745	281	794	795	796	285	286	288	290	295	732	300	301	311	735	793	326	328	761	333	337	338	346	347	348	352	353	357	359	779	572	362	363	364	369	370	375	377	380	381	382	390	391	663	396	695	749	401	402	408	722	410	411	412	413	414	416	426	433	434	435	436	437	439	756	442	443	444	445	446	757	449	451	758	456	459	462	463	466	470	471	472	473	474	762	766	769	763	485	715	698	491	492	765	501	503	505	507	767	509	511
2	1	5	326	9	178	347	221
3	184	1	11	277	233
4	1	6	233
5	8	9	2	178	326
6	1	4	257	233	12	14	348
7	1	203	221	269
8	228	5	326	9	10	363	178	278	184	234
9	2	5	326	8	234	258	15	347	221
10	363	8	11	277	278	184	222
11	3	229	391	233	10	13	20	277	222
12	233	14	348	13	6
13	229	327	456	233	11	12	14	21	23	348
14	257	6	230	327	457	12	13	21	348	445
15	258	9	364	269	17	243	347	412	221	446
16	328	1	203	223
17	36	328	203	364	269	15	243	26	380
18	291	22	365	20	278	317	222
19	257	379	292	230	353	204	205	437	187
20	291	229	11	365	18	309	23	378	28	222
21	193	457	259	230	327	329	13	14	23	187	29	447
22	291	365	18	371	278	186	27	317
23	33	229	193	329	327	13	20	21	378	309
24	258	34	366	243	308	318	280	186	27	30	319
25	204	205	270	206	185	31
26	35	36	328	301	17	380	223
27	464	291	40	366	208	280	50	371	22	24	186	28	317
28	33	291	40	330	45	20	309	27
29	354	259	356	37	39	235	49	21	423	187
30	34	331	293	42	279	280	50	243	308	55	24	319
31	194	195	43	206	244	270	25
32	1	44	223
33	193	260	329	330	45	48	465	400	309	23	28
34	280	50	308	24	30	319
35	26	36	301	46	223
36	449	35	293	243	42	301	46	47	401	17	51	433	279	26	380	357
37	354	292	38	423	332	235	236	52	187	29
38	292	37	392	43	236	205	270	52	372
39	193	259	356	207	48	49	355	29
40	291	330	45	208	50	27	28
41	1	194	195	338	245	57	381
42	331	36	293	294	279	47	243	55	61	30
43	475	38	236	270	244	54	372	59	31
44	32	1	301	46	281	58	223
45	33	260	40	28	330	208	53	188
46	35	36	357	295	44	237	301	51	281	58
47	36	294	42	51	279	61
48	64	33	355	260	65	193	425	39	207	272	400	53
49	356	261	358	39	235	207	29
50	34	40	208	179	55	280	27	189	30
51	36	69	294	295	46	47	401	209	279	281	61	190	357
52	283	37	38	332	235	236	271	59	62
53	64	272	260	425	45	48	339	188
54	475	68	296	43	236	493	403	244	56	372	282	59	349	350	63
55	320	66	294	42	331	61	50	373	280	189	30
56	224	195	68	244	54	282	349
57	224	67	41	338	195	245
58	1	72	44	237	46	281
59	262	296	73	43	236	52	54	283	63
60	1	210	245
61	320	66	294	42	47	209	51	55
62	65	261	71	235	271	52	283
63	296	73	59	68	54
64	65	70	339	272	48	83	53	188
65	64	176	272	261	71	78	207	48	83	321	62
66	320	225	74	61	79	209	373	55	189
67	224	231	359	338	210	84	245	246	57
68	224	322	310	438	296	73	77	80	177	403	340	54	56	282	350	63
69	263	72	295	76	237	333	51	190
70	64	179	264	284	339	75	272	83	86	188	351
71	65	261	262	321	393	271	176	87	283	62
72	1	69	263	237	89	58
73	322	68	262	296	265	80	59	63
74	320	66	297	79	209	190
75	225	418	70	460	494	81	179	86	284	189	351
76	69	263	333	82	190	311	94
77	224	68	231	239	177	84	310
78	65	261	321	272	176	83	404	88	92
79	320	225	66	297	74	238	91	383
80	322	68	73	177	211	340	87	196	265
81	96	225	98	100	385	75	460	238	86	284
82	297	426	311	76	333	190	85	247	285	94
83	64	65	99	70	272	264	394	78	240	384	419	404	90	92	351
84	67	101	231	359	77	239	210	382	246	286
85	97	82	91	297	247
86	96	70	103	264	75	81	90	284
87	176	196	262	71	265	80	312	341	393	248	93
88	321	105	78	176	405	312	92	93
89	72	1	94	263
90	99	264	83	86	103
91	97	98	297	107	238	79	85	313	383
92	321	419	104	105	78	240	312	83	404	405	88
93	105	108	176	248	87	88	312
94	1	102	263	76	82	311	89	285
95	1	212	286	246
96	100	113	264	103	367	112	81	86	284	287
97	386	297	107	111	273	85	247	313	91
98	385	387	100	107	238	81	114	406	313	538	91	284	287
99	384	388	453	103	104	367	240	264	306	83	117	376	452	90	479
100	96	98	112	81	114	406	284	287
101	197	239	212	375	84	250	286
102	1	249	285	94	247
103	96	99	118	264	367	113	306	117	86	376	90	251
104	99	388	105	266	240	306	117	120	314	92
105	480	496	315	504	104	266	108	429	527	240	248	405	618	544	88	601	314	123	92	93	312
106	323	197	211	110	239	304	274	115	374	125
107	97	98	387	360	386	111	368	273	114	213	313	91	191
108	315	105	109	116	248	123	93
109	196	487	428	108	110	274	211	116	342	248	121	315
110	274	106	211	109	342
111	288	97	107	273	213	414	247	249	126
112	96	100	406	305	113	114	214	124	287
113	96	214	103	367	112	305	180	118	376	251	124	287
114	368	98	387	100	406	107	112	214	395	191
115	323	197	106	274	119	125
116	121	123	108	109	315
117	99	133	198	103	104	306	307	118	120	314	251
118	113	251	180	117	103
119	323	197	241	115	122	125
120	129	133	104	266	306	307	117	314
121	130	315	132	298	109	482	116	342	440	123
122	323	197	232	119	396	253	241	215	408	250	125
123	480	129	130	105	266	108	496	116	121	315	298
124	226	305	488	112	113	180	214
125	323	132	136	275	106	241	274	115	342	119	122
126	288	1	134	140	111	213
127	1	250	215
128	131	134	137	213	343	191
129	130	133	454	199	266	455	527	496	307	120	123	252	298	421
130	129	132	199	298	143	146	121	123
131	128	137	138	397	302	145	334	214	343	191
132	130	324	136	298	482	143	275	342	121	125
133	129	267	421	198	455	139	144	307	513	117	120	252
134	128	288	137	140	213	343	216	410	126
135	226	139	180	198	142
136	132	232	241	242	275	125
137	128	131	134	397	145	343	216	155
138	226	131	420	150	141	302	145	148	334	214
139	192	133	198	135	267	142
140	288	1	134	216	370	152	410	126
141	138	148	226
142	192	226	198	135	361	139	180	148	154
143	130	132	199	275	298	146	147	324	157
144	268	267	252	133	149
145	289	131	137	138	397	302	334	150	216	155	415
146	441	130	324	199	143	431	345	344	153	303	157	159
147	324	200	143	242	275	157
148	226	420	361	138	141	142	398	468	302	150	430	217	154
149	199	268	144	181	344	153	252
150	160	289	138	299	302	145	148	217	155	158
151	1	253	254
152	216	1	218	140	370
153	199	146	181	344	159	149
154	192	161	325	361	142	335	148	398	217	316
155	160	289	137	145	150	216	377	218
156	192	164	165	267	268	276	316
157	162	324	166	200	143	303	146	147	345	219	159
158	160	217	163	150	299
159	422	431	303	146	181	344	153	219	157
160	352	289	163	299	150	377	218	155	220	158
161	163	325	168	335	227	217	154	316
162	166	200	169	300	303	201	345	346	157	442
163	160	161	227	390	170	171	399	352	470	299	217	220	158
164	432	548	165	167	316	267	268	336	498	276	181	182	156
165	164	325	168	316	276	182	156
166	162	169	300	303	183	219	157
167	256	411	164	202	336	337	181	182	472	219	362
168	161	290	227	165	325	172	174	434	276	182	443	255
169	1	162	166	201	300	183	346
170	163	255	171	390	227
171	352	1	163	390	170	220	255
172	168	290	173	174	182
173	1	290	202	172	174	337	435	182
174	1	290	168	172	173	255
175	256	1	202	183
176	65	321	262	71	393	78	312	87	88	283	93
177	304	68	374	231	77	239	80	211	340	310
178	1	2	5	326	8	363	184
179	417	418	70	476	75	494	208	50	280	188	189	351
180	481	226	547	198	135	361	305	142	113	468	118	251	124
181	164	389	422	167	268	336	149	344	153	219	252	159
182	432	290	164	165	167	168	202	172	173	463	336	337	435	276
183	256	1	166	169	362	300	175	219
184	1	3	8	10	363	178	277
185	1	204	205	270	206	25	507	542	437
186	258	228	22	366	371	278	24	27	317	318
187	354	259	292	37	230	19	21	379	29	447
188	64	339	260	70	417	424	330	45	208	465	179	53	476	351
189	225	66	417	75	418	208	450	50	179	532	373	55	280	477
190	320	451	69	295	297	74	76	333	402	209	82	51	426
191	128	131	360	107	334	368	114	213	214	343	526	395
192	139	198	316	490	267	142	398	361	154	156	469
193	33	259	39	329	48	400	355	21	23	309
194	1	195	41	206	244	381	31
195	224	194	41	381	338	244	56	57	282	349	31
196	265	428	109	80	211	341	87	248
197	512	323	101	106	375	239	115	212	374	119	408	122	250
198	192	513	267	133	539	135	361	490	139	142	306	307	180	117	468	251
199	129	130	324	421	454	298	143	146	149	344	153	252
200	416	162	324	585	201	491	461	557	242	147	441	345	346	157	254	442
201	1	162	200	169	346	254
202	256	1	167	173	175	337	182	411
203	1	7	328	364	269	16	17
204	1	257	205	353	19	437	25	185
205	292	38	392	204	270	19	437	185	25	379
206	1	194	270	244	25	185	507	381	31
207	272	355	356	261	358	65	425	458	39	48	49	400
208	417	291	40	330	45	464	50	179	280	27	188	189
209	320	66	451	294	295	74	401	402	51	61	190
210	1	67	359	84	245	246	60	382
211	304	196	487	265	106	427	428	109	110	80	177	274	340	341
212	1	197	375	250	95	286	101
213	128	288	134	360	535	107	111	273	414	343	410	126	191
214	226	131	420	305	488	138	395	334	112	113	114	406	287	124	191
215	1	396	250	122	253	127
216	289	521	134	137	140	397	145	370	343	152	377	218	155	410
217	161	163	484	299	302	335	227	148	398	150	430	154	399	158
218	160	1	216	370	152	377	155	220
219	256	422	166	167	362	471	300	303	336	181	183	472	157	159
220	160	1	163	171	352	377	218
221	1	2	7	9	269	15	347	412
222	363	229	391	10	11	365	18	20	277	278	436
223	32	1	35	328	44	301	16	26	380
224	67	68	231	359	77	466	338	195	310	459	56	57	282	350
225	320	66	582	75	460	418	238	79	81	373	477	189	383
226	481	420	135	488	361	138	468	141	142	305	148	214	489	180	124
227	161	163	325	390	168	170	335	217	399	443	255
228	258	326	8	234	363	492	436	278	473	186	444	317	318
229	391	327	456	233	11	13	365	529	20	23	378	222
230	257	379	353	457	14	19	21	568	187	445	447
231	224	67	359	77	239	177	466	84	310	382
232	369	136	396	462	241	242	409	122	253
233	1	3	4	229	6	391	456	11	12	13	277	348
234	258	228	326	8	9	347	444
235	356	261	358	423	332	271	49	52	508	29	62	37
236	283	292	37	38	296	43	332	52	54	372	59
237	1	69	263	72	295	333	46	281	58
238	225	98	385	460	79	81	313	538	91	383
239	197	231	106	503	77	304	177	84	382	310	375	374	286	101
240	384	99	388	453	104	105	419	429	83	405	314	92	479
241	323	136	396	274	232	242	275	342	119	409	122	125
242	416	324	241	136	275	491	369	461	462	253	200	147	566	585	409	232	254
243	258	36	293	433	42	364	15	17	308	446	24	380	30
244	194	195	43	206	381	270	54	56	475	507	349	31
245	1	67	359	41	338	210	57	60
246	1	67	210	84	382	286	95
247	97	386	102	297	426	111	273	82	85	534	439	413	249	285	511
248	544	196	428	105	108	109	525	504	341	87	312	537	315	93
249	288	1	102	439	111	273	247	413	285	414
250	1	197	375	396	212	215	408	122	127	101
251	481	547	198	103	490	305	113	306	180	117	118	376	468	539
252	129	133	455	199	389	421	267	268	144	181	344	149
253	1	232	151	396	369	242	215	122	254
254	416	1	200	201	369	242	151	346	253
255	1	290	227	390	168	170	171	174	434	443
256	1	411	167	202	175	183	219	362
257	1	230	6	353	204	14	19	348	445
258	228	444	9	234	15	243	308	446	24	473	186	347	412	318
259	193	354	355	356	39	329	21	457	187	29	447
260	33	424	425	330	45	48	465	400	339	53	188
261	65	321	486	358	71	425	235	78	207	272	49	404	598	271	62	517
262	393	322	283	71	296	73	524	495	176	403	341	87	59	265	533
263	1	69	72	76	237	333	311	89	94
264	96	384	99	452	70	103	552	394	494	367	594	83	86	599	576	90	284	351
265	322	196	262	73	427	495	80	211	340	341	87
266	129	455	104	105	429	527	496	307	528	120	314	123
267	192	513	483	164	133	198	455	252	490	139	268	144	469	316	156	389
268	336	483	164	389	156	267	144	498	149	316	548	252	181
269	1	7	203	364	15	17	412	221
270	507	38	392	372	43	205	206	244	437	185	25	475	542	31
271	321	261	358	71	486	235	332	52	502	570	283	508	62
272	64	65	419	261	70	425	339	517	78	207	48	384	83	404	53	394	510	351
273	97	386	439	360	107	111	213	247	249	413	414
274	323	211	487	106	427	109	110	304	241	115	342	407	409	125
275	482	132	136	461	143	241	242	147	342	409	324	125
276	560	290	164	165	168	316	572	499	432	434	435	182	156	325
277	1	3	391	233	10	11	184	363	222
278	228	8	10	363	365	18	436	22	186	317	222
279	449	36	293	294	433	42	331	47	401	51	308	501	474	30	319
280	417	34	331	450	366	208	50	179	464	373	55	24	371	27	189	30	319
281	1	357	295	44	237	46	301	51	58
282	224	195	68	459	381	338	54	56	516	349	350
283	321	486	262	71	296	332	236	271	176	52	502	393	524	59	570	62
284	96	385	98	100	518	70	264	75	460	494	367	81	594	86	576	351	287
285	1	102	426	311	82	247	249	413	94
286	1	101	239	212	246	375	84	382	95
287	96	385	98	100	406	518	305	553	367	112	113	214	284
288	1	134	140	111	213	414	249	410	126
289	160	352	484	470	567	521	299	397	302	145	150	505	216	377	155	415
290	1	168	172	173	174	434	435	276	182	255
291	448	464	40	330	365	208	18	371	20	309	22	506	27	28
292	354	379	37	38	423	392	332	236	205	515	19	372	502	187	543
293	449	36	42	433	243	308	446	279	474	30	501
294	320	449	331	485	523	401	42	279	451	47	209	402	51	373	55	61
295	1	69	401	237	46	333	209	402	51	281	190	357
296	322	283	68	262	73	236	403	372	533	54	332	59	524	63
297	320	97	386	74	79	82	467	511	85	534	247	313	91	426	190	383
298	480	129	130	315	132	454	199	324	482	143	496	440	344	121	123
299	160	289	163	484	470	302	399	352	150	217	158	415
300	1	162	166	169	362	303	183	346	219	442
301	1	35	36	357	44	46	281	26	380	223
302	289	131	420	138	299	484	334	145	148	430	150	217	415
303	162	422	166	362	300	431	146	471	345	442	219	157	159
304	545	323	106	427	239	177	274	211	340	374	407
305	481	226	406	488	553	367	112	113	180	214	376	564	251	124	287
306	539	513	99	388	198	103	104	584	376	307	117	547	120	452	314	251	602
307	129	133	198	455	266	528	306	513	117	120	314
308	34	293	501	258	243	446	318	279	24	473	474	30	319
309	193	457	291	33	329	330	365	589	400	465	20	23	500	378	28	506
310	224	459	68	438	231	551	359	77	239	177	466	340	382	374	503	478	350
311	1	263	426	76	333	82	285	94
312	393	321	105	525	176	248	562	544	341	87	88	607	92	93	405
313	97	98	387	519	297	107	386	238	563	467	538	91	383
314	513	388	453	104	105	266	429	527	240	584	306	307	117	528	120
315	480	504	487	428	105	298	108	109	440	116	342	248	121	123
316	192	161	483	164	165	267	268	398	432	499	276	469	548	154	156	325
317	514	228	22	363	492	365	366	18	371	436	278	186	27	318
318	474	258	228	492	366	308	24	473	186	444	317	319
319	34	550	331	450	366	280	531	308	318	279	24	474	30	501
320	225	66	451	582	294	297	74	523	606	79	209	467	511	373	55	477	509	426	61	190	383
321	65	261	486	71	393	78	271	176	312	562	404	405	88	283	92	517
322	68	262	296	73	427	495	80	403	340	341	438	265	591	574	478	533
323	512	545	197	583	520	106	407	396	304	241	274	115	374	119	408	409	122	571	125
324	482	132	199	200	275	298	556	242	143	146	147	441	344	345	461	157
325	161	227	165	168	398	335	560	497	434	499	276	154	443	316
326	1	2	228	5	8	9	234	363	178	347	444
327	457	229	456	329	587	13	14	21	23	378	348	445
328	1	203	364	16	17	26	380	223
329	33	259	193	457	327	589	400	355	309	23	378	21
330	33	476	291	260	417	40	28	45	208	465	464	309	506	188	573
331	449	450	523	485	294	42	55	550	373	279	280	501	30	319
332	292	37	423	296	524	235	236	271	52	502	372	283	508
333	1	451	69	263	426	295	76	237	402	82	311	190
334	131	420	138	395	397	302	145	526	214	343	536	415	191
335	161	227	325	390	398	399	497	217	154	443	559
336	411	164	389	422	167	268	463	432	337	498	181	182	472	219	549
337	1	167	202	173	463	336	435	182	411
338	224	1	67	359	41	459	195	245	57	282	381
339	64	260	70	424	425	394	476	590	272	552	53	188	510	351
340	304	322	68	374	438	265	427	80	177	211	310	478
341	393	322	196	262	265	427	428	525	495	312	211	87	248	537
342	409	482	132	487	583	109	110	461	241	274	275	565	407	440	121	315	125
343	128	577	131	134	360	137	535	397	334	526	370	213	521	216	410	191
344	482	324	389	422	199	454	421	298	556	431	146	149	441	153	159	252	541	540	181
345	162	324	200	491	557	303	146	441	346	431	157	442
346	416	1	162	200	201	491	300	169	345	442	254
347	1	2	326	9	234	258	15	444	412	221
348	1	6	257	456	233	327	12	13	14	445
349	195	516	493	244	54	56	282	475	381	350	507
350	224	68	54	438	551	459	493	403	597	310	516	282	349
351	179	70	264	284	339	75	476	494	272	552	83	188	394
352	160	1	163	390	289	171	470	377	299	220
353	1	230	257	204	530	19	437	568	379	445
354	259	356	37	423	379	543	292	187	29	447
355	193	259	356	39	329	458	207	48	561	400	457	447
356	354	259	423	358	39	458	235	207	49	355	628	561	593	508	29	447
357	1	36	295	301	46	401	449	51	433	281	380
358	356	261	486	425	458	235	271	49	598	207	508
359	224	1	67	231	459	338	466	210	84	245	310	382
360	386	439	519	535	107	546	526	368	273	213	343	638	414	191
361	192	226	198	490	468	142	595	180	398	430	148	154	603	469
362	256	1	411	167	471	300	303	183	472	442	219
363	1	228	326	391	8	10	492	178	436	277	278	184	444	317	222
364	1	328	412	203	269	15	17	243	380	446
365	448	506	291	22	391	522	500	596	529	18	371	20	309	278	436	378	317	222	229
366	474	450	580	550	492	514	605	464	280	371	531	24	186	27	317	318	319
367	96	384	99	452	518	103	264	553	305	616	113	594	376	576	284	287
368	386	387	519	360	107	526	114	406	600	395	638	191
369	416	1	232	396	462	242	253	254
370	1	521	140	397	216	343	152	377	218	410
371	448	514	291	580	522	365	366	464	531	436	22	280	186	27	317
372	611	515	292	502	38	296	332	43	236	493	270	392	403	54	569	475	524
373	320	225	66	523	550	294	331	450	477	55	280	509	189	555
374	512	545	642	323	197	614	503	106	427	239	304	177	340	310	375	608	571	478
375	512	1	101	239	212	382	374	503	408	250	286	197
376	481	99	452	305	616	553	103	367	113	306	547	564	602	251
377	160	1	289	521	352	370	470	216	505	218	155	220
378	457	229	327	456	329	587	365	529	20	309	23	500
379	353	354	292	230	392	619	588	205	568	530	19	437	543	187	447
380	1	36	357	433	328	364	301	17	243	26	446	223
381	1	194	195	516	41	459	206	338	244	282	507	349
382	1	503	310	231	359	466	239	210	84	246	375	286
383	320	225	386	582	385	297	460	238	79	563	467	313	538	91
384	272	99	452	453	264	394	419	367	240	594	83	599	575	510	479
385	98	518	553	460	238	81	406	538	287	284	383
386	97	546	387	617	439	519	360	297	107	563	368	273	467	629	534	247	313	383
387	98	395	519	107	386	368	114	563	406	600	313	538
388	609	99	452	453	104	240	584	306	314	539	602	479
389	483	548	421	422	455	604	267	268	336	498	181	344	252	541
390	352	1	163	170	171	558	335	497	227	470	559	399	443	255
391	1	363	229	456	233	522	11	365	529	436	277	222
392	475	292	38	588	205	270	515	372	437	379	542	543
393	321	486	262	71	651	524	525	495	176	562	341	87	312	570	283	533
394	384	83	264	272	552	339	599	575	510	351
395	387	420	406	488	334	368	600	114	526	214	536	191
396	1	323	520	369	232	462	253	241	215	408	409	122	250
397	289	131	521	536	577	137	334	592	145	370	526	343	216	415
398	192	603	325	361	430	335	497	595	499	148	469	217	154	399	316
399	163	484	390	299	398	335	624	497	227	430	470	217	558	559
400	33	457	355	260	581	193	424	329	458	589	207	48	465	561	309	425	655	554
401	1	36	357	294	295	209	402	51	433	279	449
402	1	451	485	294	295	333	401	209	449	190
403	322	68	438	262	296	524	493	372	533	54	569	574	350
404	321	419	261	78	613	272	83	405	92	510	517
405	544	321	419	517	486	105	429	613	240	312	562	404	88	92	607
406	368	98	387	100	385	488	553	395	112	305	114	564	214	600	644	538	287
407	545	323	487	583	427	304	274	565	342	409	571
408	512	1	323	197	520	396	375	122	250
409	653	610	323	566	520	583	232	585	396	274	462	461	241	242	275	565	342	407	571
410	288	1	134	577	521	535	140	370	213	343	216	414
411	256	1	549	167	202	463	336	337	472	362
412	1	258	364	269	15	347	444	221	446
413	1	426	439	273	534	247	249	285	511
414	288	1	546	360	535	111	273	213	439	249	410
415	289	420	567	521	299	397	334	592	145	302	505	536	484	631	671
416	1	200	491	462	369	242	346	254
417	464	418	612	476	330	450	573	208	179	532	280	188	189
418	225	612	582	417	75	460	494	477	179	532	641	476	189
419	384	272	643	453	517	429	613	240	626	83	404	405	607	575	92	510	479
420	226	484	488	489	138	395	334	148	302	214	430	536	468	671	586	415
421	604	129	133	454	199	540	455	645	344	252	541	389
422	578	579	389	431	549	303	336	472	498	181	635	471	344	219	540	541	159
423	354	515	292	37	620	235	332	593	628	502	356	543	508	29	447
424	260	425	554	476	590	400	465	339	188
425	272	260	261	358	424	458	581	207	48	400	339	53	598	632	590	554	510	517
426	320	1	451	297	311	333	413	82	247	509	285	190	511
427	545	322	487	265	583	428	495	304	274	211	340	341	374	407	615	591	478
428	196	487	427	109	495	504	211	341	248	537	315
429	544	419	453	105	266	527	240	405	601	314	637	618	607
430	420	361	586	468	484	398	399	497	595	148	302	217
431	578	422	471	557	303	146	630	441	344	345	442	540	159
432	164	572	499	463	336	498	435	276	182	548	316	639
433	1	36	357	449	401	243	501	279	474	380	446	293
434	1	290	325	168	560	435	276	443	255
435	1	290	173	463	432	337	434	276	182	560	572
436	1	514	228	391	522	363	492	365	371	278	317	222
437	1	353	392	588	204	205	270	530	19	185	379	542
438	640	322	68	551	493	403	340	478	310	503	574	350	597
439	1	386	360	546	273	534	247	249	413	414
440	480	482	487	298	627	565	342	504	121	315
441	324	200	585	556	461	431	146	630	344	345	634	540	557
442	1	162	200	362	491	300	557	303	578	471	345	346	431
443	1	227	325	390	168	335	560	497	434	559	255
444	1	258	228	326	234	363	492	446	473	347	412	318
445	1	230	327	456	457	587	257	14	353	568	348	447
446	1	258	293	412	364	15	433	243	308	473	474	444	380
447	672	354	259	356	230	423	379	457	587	619	561	530	355	628	21	568	187	445	543
448	514	291	580	522	365	464	371	596	506
449	1	36	293	294	433	331	401	402	501	279	485	474	357
450	417	555	550	331	366	477	464	532	373	280	189	605	319
451	320	1	485	294	426	523	333	209	402	509	190
452	384	576	99	388	264	594	367	616	306	659	599	376	665	602	670	479
453	384	609	99	388	584	618	429	527	240	626	419	643	314	607	637	479
454	129	482	421	455	298	199	556	527	496	344	540	645
455	604	129	483	133	454	513	421	266	267	527	528	645	307	661	252	389
456	1	587	229	327	233	391	13	529	378	348	445
457	259	230	327	329	587	589	14	400	561	355	500	21	568	378	447	445	654	309
458	355	356	581	358	593	425	207	400	561	628	598	508
459	224	1	516	359	551	466	338	310	282	381	350
460	225	418	582	518	385	691	75	238	81	563	494	641	538	284	622	383
461	482	324	566	200	585	556	610	653	242	275	565	342	441	409	634
462	416	1	520	232	491	396	369	242	566	409
463	1	549	435	336	337	498	432	182	411	572
464	448	417	450	291	580	647	330	366	605	208	371	532	675	663	280	596	506	27	573
465	33	260	424	476	330	589	590	573	400	657	309	649	506	188	554
466	224	1	459	359	551	231	310	503	382
467	320	386	582	679	297	563	534	617	313	511	606	383
468	481	226	539	420	198	361	490	603	430	623	595	547	180	489	148	666	251	586
469	192	483	548	361	490	267	398	499	661	603	316
470	352	1	163	484	390	289	567	299	558	399	505	377
471	1	578	579	422	362	431	303	472	442	219
472	1	411	549	422	167	362	336	579	471	219
473	1	258	228	492	308	446	474	444	318
474	1	293	449	501	492	366	433	531	308	446	279	473	318	319
475	515	392	43	493	270	621	648	611	372	54	569	244	507	349	542
476	417	418	612	179	552	424	330	494	465	339	590	657	188	573	351
477	320	225	418	582	650	555	450	509	656	532	373	189	606
478	640	545	322	310	614	438	427	642	495	340	374	503	591	668	574
479	384	609	99	452	453	665	240	419	643	599	388	602	670	575
480	688	482	315	105	298	652	496	504	627	440	601	123
481	226	547	689	488	489	623	564	305	180	633	376	468	666	251
482	480	627	132	324	454	298	556	461	496	440	275	565	342	344	121
483	513	548	389	455	604	490	267	268	469	316	661
484	289	420	680	586	299	302	399	624	497	676	430	470	567	631	217	558	671	415
485	523	1	451	294	449	331	402	501
486	321	261	358	393	613	271	562	405	598	570	283	508	517
487	627	545	583	664	427	428	109	495	504	274	211	565	342	407	440	537	315	615
488	481	226	420	214	600	489	395	526	305	644	564	406	695	536	633	124
489	481	226	420	488	586	623	468	536	633
490	192	513	603	483	198	361	267	661	468	469	666	251	539
491	416	1	200	585	557	462	242	566	345	346	442
492	1	514	228	363	366	531	436	473	474	444	317	318
493	507	516	438	678	621	403	372	574	54	569	475	349	350	597
494	576	641	418	612	518	705	264	476	75	460	552	594	179	691	599	284	351
495	322	651	262	487	265	427	428	525	591	341	393	615	537	574	478	533
496	480	129	482	618	454	105	266	652	556	527	688	627	601	123	298	645
497	624	443	484	325	390	680	586	430	399	560	595	499	398	559	335	636
498	432	579	164	389	422	604	268	463	336	625	662	548	572	541	549
499	560	548	325	636	646	572	682	398	432	497	595	276	469	603	316	639
500	673	457	587	365	654	589	529	596	309	378	506
501	1	523	293	550	449	331	433	531	308	279	485	474	319
502	620	515	292	423	524	332	271	593	611	372	569	570	283	508
503	512	1	310	614	438	551	239	466	478	374	375	640	382
504	480	544	652	487	105	664	428	681	688	440	627	601	248	537	315
505	1	289	521	470	567	377	415
506	448	673	291	647	330	365	589	464	465	500	309	596	573
507	1	516	493	270	381	244	206	185	475	349	542	621
508	356	486	358	423	458	235	332	271	593	502	570	598
509	320	1	451	555	426	523	373	477	606	511
510	384	419	517	552	425	394	590	272	658	339	404	599	632	575
511	320	1	617	297	426	509	467	534	247	413	606
512	608	1	323	197	614	520	503	374	375	408	571
513	483	133	198	455	584	490	267	528	306	307	661	314	539	666
514	448	1	580	522	492	366	531	371	436	596	317
515	611	292	423	392	620	588	648	372	502	569	475	542	543
516	1	551	459	493	381	597	282	507	349	350	621
517	321	419	261	486	425	658	613	272	626	404	405	598	632	510	575
518	576	385	644	616	553	460	494	367	691	622	538	284	287
519	386	387	360	546	526	368	563	629	697	600	313	538	638
520	512	1	610	323	396	462	566	408	409	571
521	1	505	289	567	397	592	370	577	343	216	377	410	415
522	448	1	514	391	365	529	371	436	596
523	320	1	451	485	294	331	373	550	555	509	501
524	611	667	262	296	393	332	685	593	562	403	372	533	502	569	570	283
525	544	706	393	651	495	312	562	341	248	537	607
526	577	695	600	519	360	535	395	397	334	368	488	660	343	536	592	669	638	191
527	129	453	454	455	584	105	266	429	496	528	314	699	618	645
528	513	645	455	584	266	527	307	661	314	699
529	1	229	391	456	522	587	365	500	596	378
530	1	353	619	588	437	568	379	447
531	1	514	580	550	492	366	371	501	474	319
532	417	450	675	612	582	555	418	686	477	464	573	656	189	605
533	322	262	296	393	651	524	495	562	403	569	667	574
534	1	386	617	297	247	546	467	629	439	413	511
535	1	546	577	360	526	669	213	343	410	638	414
536	695	420	488	489	586	395	397	334	592	660	526	631	633	671	415
537	544	706	651	487	664	615	428	525	495	504	341	248
538	385	98	387	644	518	519	553	460	238	563	622	406	600	313	383
539	513	547	388	709	198	584	490	306	468	661	602	251	666
540	578	421	454	422	715	556	431	677	692	630	344	441	635	541	645
541	579	389	422	604	715	645	677	498	662	344	635	540	421
542	1	507	392	588	621	270	648	515	437	185	475	543
543	672	354	515	292	423	392	620	619	588	674	648	628	379	542	447
544	706	105	664	429	681	525	504	405	601	248	537	607	637	312
545	608	642	323	694	487	583	427	591	304	374	407	615	571	687	478
546	1	386	519	360	535	629	534	439	638	414
547	481	539	616	713	564	689	306	468	376	180	602	251	666
548	604	483	164	389	572	682	268	693	432	625	498	499	469	661	603	316	707	735	639
549	1	579	422	463	336	625	498	472	411	572
550	1	450	523	580	555	331	366	531	373	501	605	319
551	640	1	516	438	459	466	597	310	503	350
552	718	705	612	264	394	494	657	339	590	599	476	510	351
553	385	644	518	616	367	305	564	406	376	538	287
554	581	424	425	684	589	590	655	400	465	649
555	1	450	550	650	523	477	656	532	373	606	509	605
556	482	324	645	454	652	461	557	496	627	692	565	630	344	441	634	540	701	734
557	1	578	200	585	491	556	431	630	345	441	442	634
558	1	484	390	559	624	470	567	399
559	1	390	558	399	560	497	335	624	443	636
560	1	325	646	636	499	497	434	435	276	559	443	572
561	672	355	356	581	457	458	587	716	589	654	655	400	723	628	447
562	321	706	667	613	486	711	393	651	524	525	696	405	312	570	607	533
563	386	387	582	519	617	679	460	622	467	629	697	600	313	538	383
564	481	547	644	689	488	553	616	305	406	713	376	633	769
565	701	482	487	583	556	461	653	627	342	407	440	409	634	700	698
566	1	610	520	585	491	461	462	242	409
567	1	484	289	521	558	592	470	631	505	624	415
568	1	619	230	353	457	587	530	379	445	447
569	611	704	515	667	678	648	683	524	493	621	403	372	533	502	724	475	574
570	667	598	486	711	393	524	685	271	593	562	502	283	508	613
571	512	1	610	323	545	520	583	653	374	407	409	608
572	1	548	549	646	499	463	432	625	498	435	276	560	639
573	417	675	612	647	649	330	589	717	464	465	532	663	657	673	506	476	605	702
574	640	704	322	667	708	678	651	493	495	403	533	438	569	591	668	478	597
575	384	419	517	394	658	626	643	670	599	510	479
576	452	518	264	494	367	616	594	659	691	284
577	1	521	535	397	526	592	660	343	410	669
578	1	579	422	557	431	630	471	442	635	540
579	1	578	549	422	625	498	662	471	472	635	541	677
580	448	1	514	550	647	366	464	531	371	596	663	605
581	425	458	684	590	655	400	561	628	598	632	554	703
582	320	225	418	612	641	712	650	679	460	622	656	563	467	532	686	729	477	606	383
583	608	545	323	694	487	427	653	664	627	565	342	407	615	409	698	571
584	513	733	699	388	453	609	709	618	527	528	306	661	314	539	602	637
585	1	610	200	491	461	557	242	566	409	441	634
586	676	420	680	489	714	695	430	623	497	595	468	633	536	484	671
587	672	1	327	456	457	619	654	529	500	561	568	596	378	445	447
588	1	674	515	392	619	648	530	437	379	542	543
589	673	561	649	329	554	654	655	400	465	722	500	309	457	506	573	702
590	581	552	424	425	554	684	649	465	658	339	718	599	632	657	476	510	703
591	545	322	651	708	615	427	642	495	478	687	668	574
592	1	577	521	631	397	526	660	567	536	671	415
593	611	356	598	423	620	458	524	685	628	502	570	508
594	384	576	452	705	264	494	367	616	659	691	599	731	284
595	740	646	721	680	361	586	430	623	720	497	690	499	468	398	666	603	636
596	448	1	514	580	647	522	587	365	654	464	529	500	673	506
597	640	1	516	678	551	493	621	574	438	350
598	261	358	581	425	458	711	685	486	613	593	628	632	570	703	508	517
599	384	705	731	452	718	264	394	658	494	552	594	659	590	670	575	510	479
600	387	644	519	488	395	526	719	368	563	739	622	406	695	697	538	669	638
601	480	544	105	618	429	496	728	681	504	688	637
602	609	547	452	709	742	584	713	616	306	665	376	388	666	539	479
603	548	646	721	744	361	490	690	398	693	595	499	468	469	740	666	682	661
604	752	483	548	389	455	745	715	645	625	498	707	661	662	735	541	421
605	1	450	675	580	550	555	366	464	532	663	656	573
606	320	1	582	679	617	650	555	509	467	477	511
607	544	706	419	453	681	626	525	429	696	562	405	726	312	637	613
608	512	1	642	694	614	583	653	545	374	571
609	643	388	453	584	733	709	665	602	637	479
610	1	520	585	461	653	566	409	634	571
611	515	667	724	648	620	683	524	685	593	372	502	569	475
612	417	418	675	582	641	552	746	717	494	657	532	686	729	705	476	573	725
613	419	517	486	711	626	726	696	562	404	405	598	632	570	730	607
614	512	1	642	374	503	608	640	668	478
615	545	651	487	583	427	495	708	694	727	664	537	591	732	687
616	576	547	452	518	553	713	367	760	594	659	564	691	665	376	644	602
617	1	386	679	563	467	629	534	697	606	511
618	688	453	584	105	429	527	496	728	601	699	637	645
619	672	1	674	587	588	530	628	447	568	379	543
620	736	674	515	710	423	648	683	685	593	611	628	502	724	543
621	1	507	516	678	648	683	493	597	569	475	542
622	641	738	644	518	582	679	712	460	563	691	600	697	538
623	481	676	680	489	586	720	689	595	468	740	633	666	714
624	1	484	680	631	558	559	497	567	676	399	636
625	1	579	548	549	604	498	707	662	572	639
626	741	419	613	453	517	750	658	643	726	632	730	607	637	575
627	480	482	747	487	652	664	583	556	751	496	504	565	440	698	700	701
628	748	655	543	672	674	423	684	685	561	447	581	710	458	716	593	723	598	736	763	356	619	620	703
629	1	386	519	617	546	563	534	697	638
630	1	578	556	557	431	692	441	634	635	540	701
631	1	484	592	676	567	536	624	671	415
632	517	711	425	684	658	590	613	626	718	598	730	703	510	581
633	481	739	644	488	489	586	623	689	754	564	695	536	714
634	653	1	610	585	556	557	461	565	630	441	700	701
635	1	578	579	677	422	692	630	540	541
636	1	646	680	499	560	497	690	595	624	559
637	544	609	643	453	584	681	618	429	750	626	726	665	728	601	699	733	607
638	1	546	519	360	526	719	368	629	535	600	697	669
639	1	707	548	646	682	432	625	499	693	572
640	704	1	708	678	614	551	478	438	503	668	574	597
641	705	418	612	582	679	712	460	738	622	691	756	494	729	686
642	608	1	694	614	545	591	374	687	668	478
643	609	419	453	658	750	626	741	665	479	637	670	575
644	769	738	739	697	518	689	488	553	713	743	760	622	719	616	691	564	406	695	600	633	538
645	652	527	528	661	540	541	752	421	556	688	692	699	454	455	715	728	604	734	745	618	496	761	762	764
646	1	636	682	499	560	690	595	603	572	639
647	1	580	673	464	596	663	506	573	702
648	1	674	515	620	683	588	621	611	569	475	542	543
649	673	657	554	684	589	590	655	465	722	755	718	758	573	702
650	1	582	679	712	555	686	656	477	606
651	704	737	706	667	708	615	393	759	525	495	696	562	533	727	664	537	591	765	574
652	480	688	645	681	747	556	751	496	664	627	504	701	734
653	608	1	610	583	461	565	694	409	634	571	700	698
654	672	1	673	457	587	716	589	655	561	722	723	500	596
655	581	649	554	684	589	654	400	561	722	723	628	758
656	1	675	582	650	555	686	605	532	477
657	768	705	612	552	649	746	717	590	465	755	718	476	573	702	725
658	718	643	517	590	626	741	670	599	632	730	731	510	575
659	576	452	742	616	713	594	691	599	665	731	670
660	1	577	526	592	695	536	669	671
661	513	603	483	548	645	455	584	745	490	744	770	528	699	709	469	764	666	539	604	735	693
662	1	579	677	715	625	498	707	604	541
663	1	675	580	647	605	464	573	702
664	544	706	651	487	583	776	681	615	652	751	627	694	727	504	537	698	732
665	741	609	643	452	709	742	616	713	750	733	659	602	637	670	479
666	481	603	547	740	709	774	513	744	713	490	770	623	721	689	595	468	661	602	539	766	757
667	704	737	611	711	651	524	685	749	562	724	533	759	696	569	570	765	574	767
668	640	1	642	708	614	591	478	687	574
669	1	577	695	526	719	660	535	600	638
670	643	452	741	731	742	658	659	599	665	479	575
671	1	420	586	695	592	676	660	631	536	484	714	415
672	1	674	587	710	619	716	654	561	628	447	543
673	1	647	649	589	654	722	596	500	506	573	702
674	672	1	683	710	648	620	619	588	628	543
675	1	612	717	686	605	464	532	663	656	573	702
676	1	484	680	586	623	624	631	720	714	671
677	1	579	715	692	662	635	540	541
678	640	1	683	621	493	597	569	704	574
679	1	738	582	641	712	617	650	622	563	467	697	606
680	1	484	721	586	720	623	624	497	690	595	676	636
681	544	706	776	777	652	786	751	688	664	728	726	504	601	732	637	607
682	1	548	646	721	690	499	693	603	639
683	704	1	674	611	710	678	648	620	621	724	569
684	581	649	554	748	590	655	723	628	718	758	755	632	773	703
685	736	611	763	748	711	753	620	524	749	593	771	628	598	724	570	667	767	703
686	641	675	612	582	1	712	650	717	656	532	725	729
687	1	642	708	615	732	591	545	694	727	668
688	480	645	681	618	747	652	751	496	728	761	504	601	762	777	734
689	481	547	644	769	713	714	623	754	739	564	740	633	666	757
690	1	646	680	682	721	595	603	636
691	576	641	738	779	644	742	518	705	616	713	775	460	494	712	594	659	756	622	760	729	731
692	1	645	715	556	630	635	540	701	734	677
693	1	707	548	744	682	721	661	603	735	639
694	608	1	642	583	615	653	687	545	664	698	732
695	1	739	644	488	714	586	526	719	536	754	660	600	633	669	671
696	706	613	711	651	780	783	784	562	726	667	767	765	607
697	1	738	644	519	617	679	743	622	719	563	629	600	638
698	1	583	732	747	653	751	627	565	694	664	700
699	733	645	584	618	770	527	528	778	661	790	728	762	764	637	709
700	1	747	653	701	627	565	634	698
701	1	652	747	556	627	692	565	630	634	700	734
702	1	675	647	649	589	717	657	722	755	725	663	673	573
703	771	772	581	711	748	684	685	590	785	628	718	598	632	730	773
704	640	1	683	708	678	737	651	749	724	569	667	574
705	768	641	782	612	775	552	746	494	657	594	691	756	718	599	729	731
706	544	776	681	651	525	783	784	696	562	726	727	664	537	786	732	765	607
707	1	548	745	715	752	625	693	662	735	604	639
708	640	1	615	737	651	704	591	727	687	668	574
709	609	770	699	774	742	584	713	778	733	661	791	665	602	539	666	766
710	672	1	674	716	683	620	628	724	736
711	784	771	613	780	685	781	726	696	562	598	632	570	667	767	730	703
712	1	738	582	679	650	622	691	756	686	641	729
713	769	547	644	709	742	616	779	689	774	659	564	691	791	760	665	602	666	757
714	1	676	586	623	720	689	754	740	695	633	671
715	1	707	645	540	752	692	662	604	541	734	677
716	672	1	710	748	654	561	723	628	736
717	1	675	612	686	657	725	729	573	702
718	768	705	772	741	785	552	649	684	590	657	658	755	773	782	599	632	787	730	731	703
719	1	739	644	743	695	600	697	669	638
720	1	676	680	714	623	721	595	740
721	1	740	680	682	720	744	690	595	693	666	603
722	1	673	649	589	654	655	723	758	755	702
723	1	748	716	684	654	655	561	722	628	758
724	704	1	611	710	683	620	685	749	753	569	667	736
725	1	612	746	717	686	657	755	729	702
726	706	613	711	776	681	794	786	750	784	728	626	741	696	730	796	637	607
727	1	706	708	615	651	687	759	664	737	732	765
728	645	790	681	618	750	733	688	786	794	726	777	601	762	699	637
729	1	612	582	641	712	746	717	686	691	756	725	705
730	771	792	613	711	658	718	781	784	785	626	741	726	632	787	796	703
731	705	741	742	775	779	658	718	594	691	659	782	599	787	788	670	789
732	1	706	615	776	681	687	694	727	664	698	751	765
733	609	795	709	742	584	778	750	790	791	728	665	699	637
734	1	747	645	556	715	652	688	752	692	761	762	701
735	1	707	548	744	745	661	604	693
736	1	748	710	620	716	685	753	628	724	763
737	704	1	708	651	749	759	727	667
738	1	644	679	712	743	622	775	760	691	756	641	697
739	1	644	743	760	719	689	754	695	600	633	769
740	1	721	744	714	623	720	689	754	595	757	666	603	766
741	643	742	658	718	626	787	788	750	726	793	792	665	730	731	796	670
742	795	709	774	713	779	793	750	659	788	691	791	665	602	731	733	670	741
743	1	738	739	644	719	760	697
744	1	770	740	766	745	721	661	666	603	735	693
745	1	770	707	645	744	764	752	661	604	735
746	768	1	612	705	657	755	756	725	729
747	1	777	652	751	688	627	761	698	700	701	734
748	736	1	771	773	684	716	685	723	628	758	763	703
749	704	1	737	685	753	724	759	667	767
750	643	741	742	795	733	626	726	793	728	665	794	790	796	637
751	1	776	681	747	652	688	627	777	664	698	732
752	1	707	645	745	715	764	762	604	734
753	736	1	685	749	724	763	767
754	1	739	740	769	714	689	757	695	633
755	768	1	772	773	649	746	684	718	657	722	725	758	702
756	768	1	738	705	712	746	775	782	691	641	729
757	1	740	774	769	713	689	754	666	766
758	1	748	649	684	655	722	723	755	773
759	737	1	651	749	727	667	765	767
760	1	738	739	644	743	616	713	775	779	691	769
761	1	645	777	747	688	762	734
762	1	645	777	778	688	790	728	761	699	764	752	734
763	736	1	771	748	685	753	628	767
764	1	770	645	745	778	752	661	762	699
765	783	1	706	776	651	780	759	727	696	667	732	767
766	1	770	740	709	774	744	757	666
767	1	763	781	711	780	685	749	753	771	759	696	667	765
768	1	772	705	746	718	657	755	756	782
769	1	739	644	774	713	779	689	754	564	757	760
770	1	709	774	744	745	778	661	791	666	699	764	766
771	1	773	711	748	685	781	785	730	763	767	703
772	768	1	773	718	785	755	782	787	703
773	1	771	772	748	684	718	785	755	758	703
774	1	770	709	742	769	713	779	757	791	666	766
775	1	738	705	779	782	691	756	789	760	731
776	1	706	681	751	784	786	726	777	664	783	732	765
777	1	776	681	747	751	688	786	790	728	761	762
778	1	770	795	709	790	791	762	699	764	733
779	1	774	742	769	713	775	691	788	789	791	760	731
780	1	711	781	783	784	696	765	767
781	1	771	711	780	784	785	730	767
782	768	1	772	705	775	718	787	756	789	731
783	1	706	776	780	784	696	765
784	1	706	711	776	780	781	783	785	786	726	696	730	796
785	1	771	772	773	781	718	784	787	792	730	796	703
786	1	706	790	776	681	784	726	777	728	794	796
787	1	772	741	718	785	788	782	792	730	731	789
788	1	741	742	779	787	789	791	792	793	731
789	1	775	779	782	787	788	731
790	1	795	777	778	750	786	794	728	762	699	733
791	1	770	709	742	713	778	779	774	788	793	795	733
792	1	741	785	787	788	793	730	796
793	1	741	742	750	788	791	792	794	795	796
794	1	726	750	786	790	728	793	795	796
795	1	742	778	750	790	791	793	794	733
796	1	741	750	784	785	786	726	792	793	730	794
