2
3
4
5
6
7
520
9
514
15
528
529
530
19
532
535
536
537
541
31
34
547
548
550
552
553
775
873
46
561
854
862
764
521
569
58
571
769
575
864
779
68
581
583
584
74
587
359
593
297
84
787
601
90
603
608
609
611
615
617
106
619
111
852
113
626
531
628
629
630
631
120
618
819
640
704
131
645
646
136
651
653
654
657
147
660
661
153
346
159
673
674
675
602
678
625
681
172
685
686
687
688
689
690
691
180
697
187
189
190
191
192
193
194
195
196
709
710
801
712
713
203
716
717
632
888
208
721
211
724
729
331
732
733
734
805
737
739
228
229
742
209
746
748
750
752
244
757
246
759
249
762
763
252
810
254
767
768
257
770
773
263
776
777
267
780
781
783
784
785
786
275
788
790
791
792
793
878
283
797
799
289
802
803
292
293
806
807
220
298
811
812
815
816
817
306
307
820
222
310
823
312
827
828
829
830
309
832
322
835
324
822
838
839
840
841
842
843
844
845
846
847
848
824
850
851
340
853
342
855
856
740
858
859
860
861
350
741
352
865
866
867
868
869
870
871
360
361
874
875
876
877
366
879
880
881
882
883
884
885
886
887
376
831
381
382
383
391
393
834
398
400
402
404
406
665
408
414
415
416
326
423
426
427
428
429
304
432
435
436
437
863
440
444
446
447
449
451
455
456
460
463
466
467
468
470
473
474
475
478
481
857
715
849
489
679
743
493
872
497
368
504
596
351
