512
2
3
4
5
6
7
8
9
10
12
514
14
530
515
532
21
516
541
543
32
545
39
42
519
556
557
562
563
55
692
570
59
60
522
63
578
579
581
70
585
586
587
76
79
593
594
85
600
601
90
603
95
608
609
613
616
617
106
619
686
625
626
115
629
631
632
122
635
636
618
126
639
640
641
642
643
644
648
138
651
653
654
655
656
146
659
660
661
662
664
665
668
670
671
672
673
674
675
602
166
167
680
681
683
684
685
174
688
177
178
179
180
181
694
695
697
700
701
190
703
704
705
706
715
708
709
710
711
712
713
714
203
204
717
718
719
720
721
722
211
724
725
214
215
728
729
730
207
732
733
734
735
224
737
738
739
740
741
742
743
744
745
746
551
236
237
238
637
752
753
754
723
245
246
690
252
172
258
259
261
264
267
268
269
270
273
279
280
281
282
283
289
290
291
521
293
295
300
301
303
304
306
307
311
317
319
320
736
329
567
727
335
336
693
338
339
349
650
353
188
360
572
365
366
337
372
373
375
575
378
379
380
235
456
389
748
394
396
397
398
749
402
627
750
751
413
414
415
411
747
424
426
427
679
755
437
526
439
442
443
444
447
331
452
731
455
205
588
458
247
464
470
471
472
676
475
459
716
482
487
488
489
490
491
492
495
496
497
501
503
507
726
597
