1	307380.425454
2	113.79753649
3	10.6741727391
4	72.7049867474
5	65.1787903754
6	35.303167918
7	122.843445591
8	131.816987419
9	96.6947376831
10	19.623592143
11	24.6169339667
12	181.593609899
13	17.9109000199
14	72.6446806867
15	99.9512649595
16	24.7254848759
17	83.5359552443
18	55.0594333945
19	81.7870794847
20	65.1908515875
21	18.3812872931
22	36.6902073135
23	34.9654539782
24	78.8200212996
25	18.5863278994
26	40.7910194392
27	52.1044364215
28	5.97030000663
29	93.6070673767
30	65.323524921
31	13.6653533485
32	85.5863613071
33	25.2923618463
34	123.337955288
35	88.7825825228
36	45.7119939901
37	23.0730988135
38	16.3429424424
39	149.378112287
40	67.7237061358
41	97.3822267748
42	14.6181891071
43	34.4709442807
44	82.6434255463
45	54.3116382421
46	15.3056781988
47	81.1237128173
48	56.5550236992
49	60.1130812789
50	30.28570367
51	122.107711651
52	80.4241625135
53	41.8403448949
54	137.063614698
55	44.4576279281
56	53.7447612718
57	81.5217328178
58	55.5056982434
59	57.6646552155
60	53.5276594534
61	67.566910378
62	18.8396133542
63	22.6268339645
64	22.8077521465
65	217.801368727
66	166.408543821
67	114.219678915
68	33.783455189
69	131.467212267
70	48.2207261141
71	12.8090072869
72	34.8207194326
73	314.821759137
74	122.891690439
75	35.0860660996
76	23.0007315407
77	77.7827570561
78	268.458459692
79	12.1215181953
80	133.445251057
81	24.2912812391
82	111.300865578
83	66.3849115889
84	47.2558291434
85	68.9418885614
86	55.2282903643
87	325.278830058
88	135.953983181
89	36.1715751917
90	54.2875158178
91	77.5535940255
92	244.794361484
93	113.037680125
94	33.0356600367
95	35.1343109481
96	47.1231558099
97	128.644888628
98	26.4502382112
99	198.708469918
100	326.19548218
101	1011.05522961
102	306.825175492
103	183.475158992
104	22.6147727524
105	39.5487145894
106	50.9586212687
107	71.0646618971
108	51.1998455114
109	53.5638430898
110	59.051694611
111	81.3166922115
112	77.4329819041
113	54.215148545
114	399.407039837
115	53.6844552111
116	23.0730988135
117	142.768568037
118	84.2596279723
119	120.539754073
120	98.9863679887
121	49.6921939946
122	95.6212898031
123	94.5840255596
124	73.1753740206
125	82.1368546366
126	65.9386467399
127	72.9944558386
128	232.648720864
129	100.240734051
130	262.801751201
131	116.547492857
132	22.8077521465
133	54.0101079387
134	51.4893146026
135	80.4241625135
136	23.9053224508
137	64.4068727988
138	23.7967715416
139	96.6103091982
140	81.2805085751
141	45.0606885349
142	21.2759782054
143	184.789831114
144	15.6313309264
145	26.2934424534
146	47.6538491438
147	182.968588082
148	136.665594697
149	104.377729813
150	83.8013019112
151	67.8563794693
152	43.0826497448
153	7.3211557657
154	28.2835424556
155	57.4475533971
156	26.5949727568
157	94.620209196
158	80.737754029
159	83.5600776685
160	23.7847103294
161	133.397006209
162	30.3942545792
163	87.9382976734
164	79.0974291787
165	76.5886970547
166	80.918672211
167	64.2741994653
168	19.6115309309
169	62.187609766
170	51.7184776332
171	96.3449625312
172	32.1793139751
173	26.1487079078
174	20.1181018405
175	56.6394521841
176	29.7550103361
177	85.574300095
178	98.479797079
179	8.44284849422
180	11.7717430434
181	10.8068460726
182	133.336700148
183	109.50374497
184	100.51814193
185	220.370406911
186	821.911300912
187	200.626202647
188	171.739599585
189	153.647781383
190	97.3581043505
191	148.750929256
192	121.251365589
193	158.303409267
194	156.337431689
195	137.341022577
196	158.086307448
197	176.129880802
198	336.158043404
199	169.761560795
200	199.323591736
201	162.790180181
202	149.185132893
203	115.872064977
204	120.057305588
205	187.527726269
206	136.412309242
207	116.764594675
208	140.645794702
209	97.7199407145
210	135.26649409
211	81.1719576659
212	89.7474794936
213	122.855506803
214	130.755600751
215	107.115624967
216	153.80457714
217	170.75058019
218	159.593958965
219	263.404811808
220	86.0567485804
221	115.558473462
222	168.26597049
223	151.404395926
224	195.849962642
225	176.624390499
226	166.529155942
227	81.6785285755
228	81.7508958483
229	165.431585638
230	129.030847416
231	231.177252984
232	102.544425568
233	152.417537745
234	97.7923079874
235	107.380971634
236	129.103214689
237	107.682501938
238	100.397529808
239	186.719625056
240	176.85355353
241	77.1917576615
242	117.35559407
243	119.635163163
244	235.67608511
245	257.736042104
246	130.731478327
247	102.375568599
248	111.337049215
249	194.860943247
250	127.800603778
251	167.42168564
252	161.668487452
253	264.731545142
254	141.924283188
255	96.3449625312
256	221.009651154
257	92.0632322234
258	188.408194755
259	148.799174105
260	121.130753468
261	105.77683042
262	174.284515345
263	189.638438392
264	113.23065952
265	118.26018498
266	106.826155876
267	119.611040739
268	154.335270474
269	123.892771047
270	131.2018656
271	142.563527431
272	238.413980265
273	95.4403716211
274	113.303026792
275	210.75762084
276	186.900543238
277	176.17812565
278	48.4619503568
279	54.926760061
280	146.784951678
281	120.057305588
282	103.629934661
283	100.325162536
284	98.8657558673
285	146.386931678
286	143.40781228
287	210.287233567
288	138.37828682
289	150.548049864
290	124.339035896
291	148.087562589
292	167.735277156
293	109.479622546
294	125.328055291
295	160.317631693
296	152.260741987
297	198.708469918
298	119.116531041
299	156.265064416
300	159.027081995
301	159.811060783
302	119.309510435
303	60.7643867341
304	126.558298928
305	208.984622656
306	111.735069215
307	163.996301394
308	159.919611693
309	116.668104978
310	144.843096524
311	117.850103767
312	112.374313458
313	134.711678331
314	160.221141996
315	74.4900461433
316	217.041512362
317	144.662178342
318	89.1444188868
319	206.789482048
320	106.681421331
321	263.899321505
322	261.113181502
323	146.784951678
324	133.782964997
325	155.022759566
326	202.254466285
327	188.263460209
328	201.977058406
329	117.440022555
330	113.532189823
331	205.149157197
332	276.599777883
333	128.512215294
334	162.886669878
335	141.116181975
336	117.765675282
337	147.556869255
338	138.064695305
339	113.254781944
340	233.384454805
341	136.943002576
342	152.598455927
343	153.032659564
344	155.034820778
345	213.206046903
346	114.292046187
347	128.307174688
348	109.67260194
349	177.661654743
350	110.456580729
351	138.161185002
352	105.837136481
353	96.3208401069
354	117.705369222
355	148.099623801
356	182.269037778
357	138.836612881
358	91.5566613138
359	121.733814075
360	122.891690439
361	90.6400091915
362	113.544251035
363	201.952935982
364	146.929686224
365	60.0165915818
366	120.63624377
367	222.095160247
368	189.734928089
369	213.748801449
370	230.827477832
371	228.427296617
372	107.718685574
373	104.413913449
374	80.9548558475
375	126.124095292
376	248.364480276
377	199.830162646
378	111.107886184
379	160.619161997
380	120.913651649
381	173.934740193
382	175.876595347
383	121.070447407
384	142.008711673
385	188.661480209
386	133.782964997
387	147.002053497
388	172.547700798
389	103.256037084
390	95.162963742
391	106.416074664
392	140.235713489
393	107.754869211
394	146.218074708
395	194.788575974
396	119.309510435
397	111.095824972
398	110.625437699
399	73.6819449303
400	122.38511953
401	198.467245675
402	177.685777167
403	131.37072257
404	171.088294129
405	145.964789253
406	164.623484425
407	80.2191219072
408	150.065601379
409	179.615571109
410	179.446714139
411	167.132216549
412	285.742176681
413	153.97343411
414	162.874608666
415	143.854077129
416	140.199529853
417	182.920343233
418	98.6365928368
419	259.388428167
420	172.366782616
421	80.5085909985
422	136.134901363
423	190.253560211
424	119.285388011
425	94.2583728319
426	60.9453049161
427	85.9602588833
428	81.6182225149
429	108.26144012
430	152.055701381
431	169.411785643
432	87.2628697938
433	161.921772907
434	122.855506803
435	139.126081973
436	215.72684024
437	185.296402024
438	123.892771047
439	77.4571043284
440	205.125034773
441	159.437163207
442	171.631048675
443	132.854251663
444	107.344787998
445	111.542089821
446	196.597757794
447	171.474252918
448	130.46613166
449	149.836438348
450	113.809597702
451	193.763372942
452	179.868856563
453	249.027846943
454	112.133089215
455	192.545190517
456	166.263809275
457	184.645096569
458	67.3136249232
459	156.023840173
460	130.092234084
461	104.98079042
462	158.785857752
463	107.091502543
464	138.993408639
465	124.652627411
466	172.921598374
467	131.587824389
468	68.0493588634
469	286.767379712
470	79.3145309971
471	151.018437137
472	160.474427451
473	159.147694116
474	150.934008652
475	128.439848021
476	167.542297762
477	183.595771113
478	188.227276573
479	148.533827438
480	133.939760755
481	104.715443753
482	179.543203836
483	191.170212333
484	161.42726321
485	161.005120785
486	119.743714072
487	18.8637357785
488	143.624914099
489	133.879454694
490	133.638230451
491	120.262346194
492	228.149888738
493	192.67786385
494	250.644049369
495	165.528075335
496	141.514201975
497	136.255513485
498	147.110604406
499	114.665943764
500	201.868507497
501	137.027431061
502	86.6356867628
503	113.869903763
504	142.852996522
505	111.903926185
506	194.462923246
507	105.825075269
508	189.976152332
509	73.1633128085
510	110.492764365
511	81.8835691818
512	142.647955916
513	90.9897843434
514	152.803496533
515	116.933451645
516	101.495100113
517	136.774145606
518	186.080380813
519	178.071735955
520	82.7881600919
521	178.710980198
522	154.274964414
523	187.202073541
524	169.50827534
525	182.027813535
526	200.397039616
527	101.567467385
528	159.702509874
529	214.472474178
530	195.005677792
531	125.677830443
532	146.905563799
533	202.218282649
534	104.100321934
535	179.808550503
536	135.507718332
537	125.798442564
538	144.927525009
539	207.356359018
540	147.460379558
541	112.519048004
542	111.554151033
543	127.185481959
544	132.649211056
545	156.482166234
546	133.095475905
547	140.501060156
548	102.146405568
549	182.727363839
550	166.505033518
551	139.258755306
552	120.877468013
553	99.372326777
554	163.779199576
555	218.127021454
556	131.14155954
557	132.818068026
558	139.970366822
559	80.6171419077
560	209.17760205
561	115.003657703
562	126.594482565
563	134.554882574
564	159.690448662
565	133.421128633
566	64.0570976469
567	182.184609293
568	182.7876699
569	200.059325677
570	169.785683219
571	111.119947396
572	144.167668645
573	143.890260766
574	113.218598308
575	180.568406867
576	108.177011635
577	148.835357741
578	130.261091054
579	126.015544382
580	142.177568643
581	181.94338505
582	144.915463797
583	211.49335478
584	176.91385959
585	84.6214643364
586	131.93759954
587	150.125907439
588	191.339069303
589	214.255372359
590	111.228498305
591	175.394146861
592	190.410355969
593	142.081078946
594	75.9615140237
595	93.727679498
596	132.178823783
597	89.6148061601
598	170.931498372
599	188.745908694
600	102.484119508
601	125.726075291
602	139.753265004
603	176.51583959
604	93.727679498
605	161.42726321
606	103.859097691
607	198.55167416
608	142.925363795
609	163.272628666
610	181.352385656
611	141.502140763
612	129.030847416
613	99.8788976866
614	144.529505009
615	176.129880802
616	150.427437743
617	196.8027984
618	107.260359513
619	140.730223187
620	223.735485097
621	173.536720193
622	185.055177781
623	110.902845578
624	234.916228746
625	197.683266886
626	93.8000467708
627	110.890784366
628	156.349492901
629	197.828001432
630	166.6859517
631	120.045244376
632	140.947325005
633	173.717638375
634	137.606369244
635	135.290616514
636	107.272420725
637	97.9491037451
638	203.255546892
639	133.469373482
640	186.381911116
641	124.905912866
642	183.402791719
643	93.281414649
644	173.307557162
645	116.728411039
646	168.953459582
647	111.759191639
648	194.390555973
649	120.226162558
650	91.7737631322
651	106.416074664
652	116.052983159
653	172.113497161
654	133.577924391
655	125.303932866
656	146.121585011
657	215.196146906
658	99.2396534435
659	169.942478977
660	177.625471106
661	154.612678353
662	135.857493484
663	258.38734756
664	102.423813447
665	123.591240743
666	146.302503193
667	145.880360768
668	130.538498933
669	259.195448773
670	157.772715933
671	167.687032307
672	168.844908672
673	209.68417296
674	120.925712862
675	140.308080762
676	123.79628135
677	141.634814097
678	151.416457138
679	202.375078406
680	146.62815592
681	96.3087788948
682	249.317316034
683	166.263809275
684	139.415551064
685	113.001496489
686	136.557043788
687	243.829464513
688	197.948613553
689	223.349526309
690	206.06580932
691	160.305570481
692	190.205315363
693	89.2891534325
694	126.763339535
695	132.44417045
696	188.396133542
697	115.739391644
698	179.651754745
699	240.741794207
700	138.305919547
701	125.340116503
702	190.820437182
703	200.939794162
704	175.321779589
705	131.081253479
706	94.5237194989
707	200.397039616
708	81.630283727
709	201.349875375
710	188.601174149
711	160.58297836
712	99.7582855653
713	99.10698011
714	99.9753873837
715	98.117960715
716	106.428135876
717	146.145707435
718	68.0252364392
719	168.193603217
720	160.35381533
721	225.170769341
722	165.540136547
723	164.406382607
724	91.9184976778
725	121.106631044
726	154.467943808
727	190.808375969
728	146.724645617
729	140.440754095
730	162.355976544
731	165.564258972
732	172.234109282
733	97.0083291986
734	171.980823827
735	82.0644873638
736	190.337988696
737	211.746640235
738	137.859654699
739	184.838075963
740	130.080172872
741	79.2542249365
742	93.5347001038
743	197.490287492
744	90.5193970702
745	193.823679003
746	192.61755779
747	91.7375794958
748	45.8326061115
749	127.607624384
750	143.974689251
751	95.0785352571
752	168.507194733
753	184.02997475
754	229.633417831
755	189.843478999
