1	512	2	3	4	5	6	7	8	9	10	12	514	14	530	515	532	21	516	541	543	32	545	717	700	39	42	519	556	557	562	563	55	692	570	59	60	522	63	578	579	581	70	585	586	587	76	79	593	594	85	600	601	90	603	95	608	609	613	616	617	106	619	686	625	626	115	629	631	632	122	635	636	618	126	639	640	641	642	643	644	648	567	138	651	653	654	655	656	684	146	659	660	661	662	664	665	668	670	671	672	673	674	526	602	166	167	680	551	683	172	685	174	688	177	178	179	180	181	694	695	722	697	188	701	190	703	704	705	706	715	708	709	710	711	712	713	714	203	204	205	718	207	720	721	693	211	690	725	214	215	728	729	730	719	732	733	734	735	224	737	738	739	681	741	742	743	744	745	746	235	236	237	238	637	752	753	754	723	245	246	247	724	252	258	259	261	264	267	268	269	270	273	279	280	281	282	283	289	290	291	521	293	295	300	301	303	304	306	307	311	317	319	320	736	751	329	331	727	335	336	337	338	339	740	349	650	353	360	572	365	366	372	373	375	575	378	379	380	747	389	748	394	396	397	398	749	402	627	750	411	413	414	415	424	426	427	679	755	437	726	439	442	443	444	447	452	731	455	456	588	458	459	464	675	470	471	472	676	475	716	482	487	488	489	490	491	492	495	496	497	501	503	507	597
2	1	3	4	205	245
3	1	2	205
4	1	2	5	245
5	8	1	4	245	270
6	8	1	269	246	7
7	1	6	9	13	15	246	349
8	1	5	6	269	270	16	17	311
9	1	290	7	10	13	18	19	349
10	1	290	247	20	9
11	205	245	23	281	282	26
12	32	1	224	188	21
13	7	9	15	19	349	30
14	1	258	338	20	247	29
15	7	427	13	17	19	350	213	246	312	25	349	30
16	8	311	269	270	17	24	23	184
17	36	8	269	15	16	241	246	24	25	351	312	397	31
18	290	9	271	19	20	27	28
19	34	9	290	13	15	18	350	439	271	28	349	30
20	290	10	338	18	14	271	242	247	27	29	414
21	32	1	12
22	224	33	259	281	26	283	188
23	35	339	11	270	16	291	184	26	282
24	272	36	241	45	398	269	16	17	339	311	184
25	15	17	213	312	31	351
26	320	33	35	11	43	291	22	23	281	282	283
27	34	260	40	41	242	271	18	20	324	28
28	34	260	271	18	19	27
29	302	258	37	338	206	242	51	20	14
30	352	225	34	38	13	15	19	213	440	350
31	36	44	17	213	248	25	351
32	224	1	12	21	39
33	320	259	43	273	291	22	26	283
34	352	225	260	454	391	41	428	271	49	19	350	313	27	28	30
35	320	291	43	45	366	47	339	23	184	26	285
36	241	44	272	17	53	24	351	248	31
37	324	325	40	302	242	51	52	29
38	225	44	48	213	284	30
39	32	1	207	224	55
40	260	37	41	242	50	52	324	314	27	325
41	34	260	40	324	49	50	54	313	314	27
42	1	236	214
43	320	33	35	291	47	273	259	56	26
44	272	213	36	38	48	53	248	292	284	189	31
45	272	35	209	366	47	208	184	227	53	24	285	447
46	226	58	236	214	206
47	320	353	35	43	45	366	303	208	273	56	285
48	225	197	38	44	274	249	284	189
49	225	34	326	41	54	313	249
50	40	41	52	54	57	314
51	226	37	466	206	29	210	52	302	381	216	367	61	325
52	37	40	210	367	50	51	57	314	61	325
53	227	36	44	45	272	182	292	189
54	326	41	429	49	50	57	217	313	314	382
55	1	63	60	207	39
56	353	67	293	43	237	47	208	273	215	303
57	66	325	50	210	52	54	217	314	477	382
58	226	360	75	236	46	304	216	218	59
59	304	1	58	236	70
60	1	55	237	207	215	190	63
61	384	228	229	367	210	51	52	216
62	227	294	72	74	209	182
63	76	1	60	190	55
64	73	74	189	182	197
65	321	69	326	73	78	368	401	249	217	197
66	192	416	68	69	77	401	210	340	217	57	250	251	382
67	208	293	71	295	353	80	305	402	375	56	315	191
68	66	228	199	77	210	84	250
69	192	65	66	321	78	401	86	87	217
70	1	261	75	79	304	59
71	67	293	295	237	80	190
72	294	327	74	209	82	83	62	191
73	64	65	450	197	198	392	393	74	78	368	467	182	185	374	189
74	64	294	327	72	73	83	182	393	185	62
75	261	70	238	304	275	88	58	218
76	1	85	190	63
77	192	66	68	230	199	86	89	250	251
78	65	101	198	321	73	368	370	87	186	69
79	1	238	70	261
80	98	67	71	295	239	305	402	355	315	91	411	286
81	229	231	275	84	88	218	94
82	328	97	327	72	423	239	305	83	191
83	97	103	72	74	327	328	82	185
84	96	68	229	199	231	369	81	228
85	1	90	76	190	295
86	192	100	69	230	77	340	87	89
87	192	321	100	69	230	524	78	401	340	558	86	217	509	101
88	385	261	231	394	75	238	112	81	275	372	472	443	252	94	95
89	100	230	102	199	77	86	251	92
90	1	295	106	306	85	91
91	98	295	329	106	107	402	80	306	90	411	286
92	417	262	251	100	230	102	199	105	108	386	473	89	187	485
93	99	198	103	296	362	111	371	185
94	96	385	113	231	112	81	243	88
95	88	1	115	252	238
96	322	262	199	105	231	113	84	94
97	423	103	104	297	263	110	239	328	82	83	185
98	104	107	109	239	80	91	286
99	198	371	111	114	253	377	186	219	93
100	230	386	451	537	101	102	340	316	620	590	528	536	658	244	622	86	87	376	89	92	485
101	645	525	537	552	553	114	558	186	316	573	321	583	78	592	340	341	87	590	100	102	370	244	119	376	596	509	510
102	193	386	419	100	101	395	108	528	244	592	376	89	187	92	510
103	253	97	387	263	296	110	111	328	83	117	185	93
104	97	98	297	109	110	239	116	286	287
105	96	322	262	113	118	187	92
106	1	329	107	317	306	90	91	122
107	288	98	91	456	329	106	109	306	122	123	317	286
108	120	193	187	92	102
109	288	98	104	297	107	232	116	121	123	286	287
110	97	263	104	297	103	116	117	342	287
111	128	99	103	296	93	371	377	219	253
112	385	243	307	330	113	115	372	183	88	252	94
113	96	322	231	105	298	112	243	118	94
114	130	99	101	554	494	561	131	276	341	119	568	377	186	219	316	506	453
115	1	112	307	252	126	95
116	104	109	110	117	342	121	287	127
117	363	103	263	110	253	387	116	342	124	221	127
118	322	133	105	298	113	243	308	343	187
119	131	101	114	244	276	316	125	255
120	129	419	193	200	395	108	187	220	125
121	132	134	232	109	116	342	287	254	127
122	1	331	106	107	146	123	317
123	256	288	331	452	136	107	109	232	122	317
124	128	387	135	221	117	412	253	127
125	193	131	200	147	244	119	120	276	255
126	1	264	307	138	115	183
127	363	134	139	116	117	342	121	124	221	254
128	130	388	135	412	140	462	111	253	277	494	219	124	221
129	200	137	343	143	344	308	265	120	220
130	128	131	453	233	436	140	462	145	114	148	277	276	506	219	255
131	130	200	145	114	147	148	119	276	125	255
132	232	121	254	134	256
133	298	299	141	143	308	118	183
134	256	194	323	132	139	144	151	121	254	127
135	128	388	139	140	149	346	124	221	277
136	256	331	146	123	150
137	129	200	201	142	143	265	344	345
138	264	1	211	126
139	194	134	135	363	149	153	346	221	254	127
140	128	130	135	233	145	149	154	155	277
141	133	264	396	299	300	143	424	211	183	152
142	200	137	147	201	344	345
143	129	133	424	137	299	141	435	308	309	265	152	156	157
144	256	323	150	134	151
145	130	131	233	140	148	154
146	1	289	136	331	150	122
147	404	163	200	201	266	332	142	131	148	364	345	125	158	255
148	130	131	453	233	332	145	147	436	154	255	158	159
149	161	194	164	135	356	388	139	140	277	278	153	346	155
150	160	256	323	166	289	136	331	301	144	146	437	151	222
151	160	194	323	134	144	254	150	347	222
152	389	167	424	299	300	141	143	211	309	279	157
153	161	194	139	149
154	164	233	202	140	145	148	155	159
155	164	357	233	140	277	278	356	154	149
156	162	165	201	143	309	310	265	157
157	165	458	267	300	365	143	309	310	279	152	156	389
158	163	195	364	266	332	147	148	318	159
159	195	420	358	233	202	332	148	318	154	158
160	166	168	301	150	151	222
161	194	164	390	356	170	171	333	149	278	153	234	446	223
162	257	163	165	169	310	201	156
163	257	162	195	359	201	266	240	147	318	406	169	158
164	161	357	233	202	212	149	278	154	155	348	234
165	257	162	267	169	203	365	335	310	156	157
166	160	1	289	168	172	301	150
167	1	267	300	174	211	279	152
168	160	166	268	170	172	301	222	223
169	257	162	163	165	203	173	335	240	336	280
170	161	235	168	171	268	333	378	413	223
171	161	170	235	333	176	177	212	378	379	234
172	168	1	268	301	166
173	336	169	204	175	240	280
174	267	1	203	167
175	240	195	196	204	173	334	176	178	380	319
176	196	337	171	175	177	178	212	379
177	1	235	171	176	337	178	379
178	1	196	337	175	176	177	181	319
179	280	1	203	180
180	280	1	179	204
181	1	178	204	319
182	64	227	292	294	392	73	74	209	53	393	189	62
183	133	264	307	298	299	396	141	112	243	330	126
184	272	35	339	311	45	270	16	291	366	398	23	24	285	447
185	97	450	198	103	296	73	74	327	328	362	83	393	93
186	645	525	527	535	669	552	682	114	559	566	568	699	573	707	198	78	341	99	101	614	370	371	377	634
187	193	322	451	262	102	105	395	108	386	220	118	343	120	92
188	224	1	12	205	22	281	283
189	64	292	197	392	73	44	48	274	53	182	248	374	284	410
190	1	293	71	295	76	237	85	60	63
191	400	354	67	294	305	72	327	208	209	82	315	478
192	66	69	230	77	401	340	86	87	217	251
193	419	102	200	395	108	244	120	187	125
194	161	363	356	390	134	139	254	149	151	153	346	347	445	222	223
195	163	196	358	202	334	175	240	500	318	406	158	159
196	482	195	202	460	334	175	176	337	178	212	348	490	319
197	64	65	502	321	73	48	368	274	374	249	189
198	450	99	550	467	73	362	78	527	368	370	371	535	185	186	93
199	96	417	68	228	262	231	361	77	369	84	473	89	250	251	92	229
200	129	131	193	137	404	403	419	142	505	344	147	244	345	120	276	220	125	255
201	257	162	163	438	359	137	266	142	147	405	310	265	344	345	156
202	195	196	357	358	233	420	460	334	463	212	164	154	348	159
203	1	165	169	267	174	335	336	179	280
204	1	173	175	240	180	181	280	380	319
205	1	2	3	11	245	281	188
206	258	470	455	226	46	381	466	51	302	214	29	373
207	224	1	259	39	215	273	55	60
208	353	354	67	45	47	209	415	375	56	315	285	191
209	400	354	227	294	72	45	208	182	409	285	62	191
210	416	66	477	68	228	361	367	51	52	57	250	61	382	325
211	1	167	264	138	300	141	152
212	196	202	171	176	337	164	379	348	234
213	352	225	408	440	38	44	15	312	350	248	25	351	284	30	31
214	1	226	42	236	258	206	46	373
215	1	259	237	207	273	56	60
216	384	226	229	61	51	381	218	367	58	383
217	192	65	66	69	326	429	401	54	87	57	382
218	226	229	360	75	304	81	275	216	58	383	442	261
219	128	130	99	462	111	114	494	377	506	412	253
220	129	419	200	395	432	344	308	343	120	187
221	128	363	388	135	412	139	433	387	117	346	124	253	127
222	160	194	323	390	168	426	268	301	488	437	150	151	347	413	223
223	161	194	475	390	168	170	268	333	347	413	222
224	32	1	259	39	12	207	22	283	188
225	352	441	34	483	38	48	49	274	213	313	408	249	284	30
226	516	470	360	236	206	381	51	46	214	216	58	383	218	373
227	400	292	294	45	272	209	53	182	409	285	62
228	384	68	229	199	361	367	369	210	84	250	61
229	384	228	422	199	231	369	81	275	84	216	468	218	61	383
230	192	100	485	77	340	86	87	89	251	92
231	96	385	322	422	229	262	113	275	199	430	369	81	243	84	88	504	94
232	256	288	132	109	431	342	121	123	254	287
233	130	164	357	358	332	202	436	140	145	148	277	425	420	154	155	159
234	161	164	171	333	212	278	378	379	348	446
235	1	170	171	268	177	378	379
236	1	226	360	42	46	304	373	214	58	59
237	1	293	71	303	273	215	56	60	190
238	1	261	394	75	79	88	252	95
239	97	98	355	484	423	104	297	399	80	305	82	481	286
240	257	163	359	169	204	173	334	175	336	195	464	406	280	380	318
241	36	497	269	398	397	272	17	311	24	351
242	514	324	37	455	40	302	271	338	20	407	27	29	414
243	385	322	231	298	430	112	113	372	118	183	330	94
244	193	419	100	101	102	200	505	276	119	376	404	474	316	125	510
245	1	2	4	5	11	205	270	281	282
246	1	6	7	427	269	15	17	312	397	349
247	1	290	10	14	338	20	414
248	448	36	421	44	272	213	408	292	410	351	284	189	31
249	225	483	197	326	65	493	321	48	49	274	374	441	313
250	416	417	66	228	199	361	77	210	68	251	382	479
251	192	416	66	485	230	199	77	417	340	536	89	250	92
252	1	307	394	238	112	115	372	88	443	95
253	128	99	486	103	296	412	263	387	111	529	371	117	377	219	124	221
254	256	194	323	132	134	232	363	139	431	434	342	151	121	347	127
255	130	131	453	200	404	332	147	148	119	276	125
256	288	289	323	132	134	136	331	431	144	232	437	150	495	452	123	254
257	336	162	163	165	359	169	459	335	240	496	310	201
258	1	455	14	206	338	302	214	29	373
259	224	1	291	33	43	207	320	273	22	215	283
260	449	34	324	391	40	41	428	271	465	313	314	27	28
261	1	70	394	75	238	79	304	275	88	218	442
262	96	322	451	231	105	199	386	369	473	187	92
263	97	387	486	103	296	297	423	461	110	328	498	529	117	342	253	287
264	1	307	138	300	141	211	183	396	126
265	129	201	143	435	308	309	310	137	344	156	405
266	163	438	359	201	364	147	158	406	345	318
267	1	165	167	203	365	174	335	279	157
268	1	168	170	235	172	301	378	413	222	223
269	1	6	241	8	397	16	17	246	311	24
270	1	291	5	8	311	16	339	245	23	184	282
271	34	260	439	391	290	242	465	18	19	20	414	407	324	27	28	350	501
272	448	227	36	421	241	44	45	398	285	515	184	497	53	563	409	24	292	447	248	397	351
273	320	1	259	33	43	237	207	303	291	215	56	47
274	225	197	493	48	374	441	408	249	410	284	189
275	385	472	229	422	231	394	75	369	81	503	88	218	383	442	261
276	130	131	453	200	114	244	119	404	474	316	125	255
277	128	130	356	357	135	233	140	462	436	149	425	388	155
278	161	164	357	234	333	149	356	155	348	446
279	1	389	167	267	300	365	152	157
280	1	464	169	203	204	173	240	336	179	180	380
281	1	291	11	205	245	22	26	283	188	282
282	1	291	11	270	245	23	281	26
283	224	1	259	33	291	22	281	26	188
284	352	225	38	44	48	408	274	213	248	441	410	189
285	272	354	35	353	45	366	47	208	209	227	532	184	409	447	415
286	288	98	355	104	297	107	418	109	239	80	456	399	329	91	411	287
287	288	544	418	263	104	297	109	110	431	232	499	116	342	121	286	543
288	256	418	452	232	329	107	109	431	456	543	123	317	286	287
289	256	1	323	166	331	301	146	437	150
290	1	9	10	439	271	18	19	20	247	349	414
291	320	1	35	33	339	43	270	273	259	23	184	281	26	283	282
292	448	400	227	294	392	44	272	53	182	248	409	410	508	189
293	1	67	71	295	353	237	303	375	56	190
294	354	227	292	327	72	393	74	392	400	209	182	409	62	191
295	1	67	293	71	402	80	306	85	375	90	91	190
296	486	263	328	362	103	93	111	371	469	185	253
297	544	97	418	484	263	104	423	109	110	239	481	342	548	461	399	286	287
298	322	133	457	330	299	430	113	243	308	118	183	343
299	133	519	424	457	298	396	141	143	530	435	308	309	183	152	444	330
300	1	389	167	264	396	141	424	211	279	152	157
301	160	1	166	289	168	268	426	172	437	150	413	222
302	258	324	37	455	338	206	466	242	51	407	476	29	325
303	320	1	293	353	237	47	273	56
304	1	261	70	360	75	236	58	59	218	442
305	480	67	484	327	328	423	239	80	82	355	399	629	315	478	191
306	1	411	295	329	106	107	402	90	91
307	1	264	444	330	396	112	115	372	183	252	126
308	129	457	133	265	298	299	143	432	435	118	343	344	220
309	389	519	424	265	458	299	143	435	405	310	152	507	156	157
310	257	162	165	359	201	458	459	365	335	309	265	507	156	157	405
311	1	8	269	270	397	16	241	339	398	24	184
312	521	427	492	397	15	17	213	246	440	25	349	350	351
313	352	225	34	483	260	326	41	428	429	49	54	249	314
314	449	260	325	40	41	428	429	324	50	52	533	54	313	57	477	382
315	208	354	67	471	80	305	402	355	375	478	191
316	100	101	553	554	114	244	341	119	376	276	474	510	453
317	288	1	331	452	456	329	106	107	122	123
318	163	358	364	266	332	240	195	500	406	158	159
319	1	482	196	490	491	204	334	175	337	178	181	380
320	1	35	33	291	339	43	353	366	47	273	259	26	303
321	576	65	610	197	326	502	493	78	525	368	401	370	542	374	87	249	509	69	101
322	96	385	457	451	518	262	231	105	298	430	369	560	113	243	118	343	504	473	187
323	256	289	134	512	431	144	434	495	254	150	151	347	222	437
324	449	260	37	40	41	302	271	465	242	407	314	27	476	325
325	449	477	324	37	40	466	302	367	210	51	52	57	314	476	381
326	576	65	483	321	429	493	401	49	54	249	217	313	542
327	328	480	450	294	423	72	393	74	523	400	305	82	83	469	185	362	478	191
328	480	97	327	423	486	263	296	362	103	461	305	82	83	469	185
329	288	1	411	456	106	107	306	91	317	286
330	457	424	307	298	299	396	430	112	530	243	372	183	444
331	256	1	452	289	136	495	146	437	150	122	123	317
332	420	453	358	233	436	364	500	531	147	148	318	569	404	607	159	158	255
333	161	356	390	489	170	171	557	413	278	445	378	475	234	446	223
334	587	195	196	358	202	491	460	175	240	500	406	380	490	319
335	1	203	165	257	169	267	365	336	359	496	310	459
336	1	359	257	169	203	173	335	240	464	496	280
337	1	482	196	176	177	178	212	379	348	319
338	1	258	455	514	14	242	20	302	247	29	414
339	320	1	35	311	270	184	291	366	398	23	24	447
340	192	416	66	100	101	230	524	558	401	86	87	376	537	251	536	382	485
341	101	552	553	554	561	114	568	377	506	316	186
342	544	387	263	232	297	363	461	110	431	498	434	499	116	117	511	121	287	254	127
343	129	322	451	518	457	298	395	432	308	118	187	220
344	129	435	419	200	201	265	142	432	520	403	308	405	137	345	538	220
345	513	200	137	266	599	364	142	531	520	147	404	405	438	201	344	569	403
346	194	363	356	135	139	445	433	149	388	539	221
347	512	194	323	390	617	488	437	363	556	434	222	151	539	445	254	223
348	482	196	357	202	460	463	337	212	278	164	379	234	446
349	1	290	7	9	427	492	13	15	19	246	439	312	350
350	352	34	454	391	492	271	440	19	213	439	312	15	349	30
351	408	440	36	421	17	521	427	397	272	241	497	213	248	25	312	31
352	225	34	483	454	428	546	440	350	213	441	408	313	284	30
353	320	1	67	293	366	47	208	375	56	303	285	415
354	400	603	294	471	532	541	208	209	415	375	409	315	285	478	191
355	411	484	239	526	399	80	305	402	478	471	315	286	629
356	161	194	539	388	357	390	425	555	333	149	278	346	155	445	446	277
357	555	164	233	202	420	463	540	277	278	425	356	155	348	446
358	195	420	233	202	332	334	500	460	318	159
359	545	257	163	406	438	201	266	459	335	240	336	496	464	405	310
360	1	226	516	236	304	373	470	58	442	218	383
361	384	416	228	517	199	367	369	210	417	250	477	479
362	450	198	327	296	393	527	328	371	469	535	185	93
363	539	194	387	617	139	498	445	433	434	117	342	511	346	347	221	254	127
364	513	438	266	332	500	531	147	404	158	406	569	345	318
365	1	459	165	458	267	335	310	279	157	389
366	320	1	35	353	45	398	47	339	184	447	285	415
367	384	449	228	325	577	361	466	381	210	51	52	534	216	580	477	61	479
368	65	502	197	198	321	73	550	525	78	559	370	467	374	535
369	384	417	322	228	229	262	231	361	199	517	275	84	422	473	504	468	383
370	321	101	198	550	525	78	559	368	371	535	186
371	99	486	198	296	362	93	591	370	469	566	535	527	377	186	111	253
372	1	385	444	307	330	430	112	530	243	88	443	252
373	1	226	470	455	360	236	258	206	214	381
374	321	197	392	73	493	368	274	467	502	249	410	189
375	1	354	67	293	295	353	208	402	471	315	415
376	592	100	101	102	590	528	596	340	537	244	316	510
377	99	486	494	111	591	529	114	371	341	566	568	186	219	412	253
378	1	235	489	170	171	268	333	413	475	379	234	446
379	1	482	235	337	489	234	171	176	177	212	378	348	446
380	1	491	204	334	175	240	464	406	280	319
381	384	534	226	516	325	581	455	522	206	367	466	51	468	373	470	609	216	383
382	416	66	524	429	477	401	210	340	533	54	217	57	250	314
383	384	226	516	229	422	360	581	369	275	468	503	216	218	381	442
384	577	228	229	361	517	367	369	468	534	381	216	479	61	383
385	322	504	422	231	275	430	112	472	243	372	567	88	443	572	94
386	451	100	102	262	395	528	473	187	92	485
387	363	263	412	103	461	253	433	498	529	117	342	124	221
388	128	356	135	425	555	462	433	277	346	539	412	221	574	149
389	1	487	424	458	300	365	309	279	152	157
390	161	194	475	356	488	333	445	557	347	413	222	223
391	608	34	260	454	492	428	271	465	501	439	350
392	604	292	182	294	73	523	582	400	467	374	393	410	508	189
393	450	294	327	392	73	74	523	400	467	182	185	362
394	1	261	238	472	275	503	88	442	443	252
395	193	386	419	518	102	615	584	432	451	528	343	120	187	220
396	1	264	330	299	300	141	424	307	183	444
397	1	17	427	269	398	272	241	497	246	311	312	351
398	497	1	515	241	397	366	272	184	339	311	24	447
399	481	418	355	484	551	456	297	526	239	305	411	286
400	480	354	227	292	294	327	392	393	523	209	564	409	508	478	191
401	192	65	66	69	326	321	524	429	595	340	533	87	217	542	509	382
402	1	67	295	471	526	80	306	355	375	315	91	411
403	419	200	599	520	531	404	598	345	344	505	538
404	505	453	200	364	332	531	147	276	345	244	474	403	255
405	545	438	359	520	201	459	625	594	435	309	310	265	344	345	507
406	464	163	513	359	266	491	364	334	240	562	195	500	496	438	569	602	380	318
407	514	324	455	302	271	465	242	501	476	414
408	352	225	549	421	493	589	440	274	448	213	248	441	410	284	351
409	448	400	354	227	292	294	603	272	209	563	532	447	508	285	478	415
410	448	604	292	582	392	508	493	589	408	274	467	374	248	284	189
411	1	355	551	456	329	402	526	399	80	306	91	286
412	128	387	388	646	529	462	253	624	433	498	494	605	377	219	124	221	574
413	1	390	488	170	268	301	333	378	475	426	222	223
414	1	290	439	407	338	271	242	20	501	247	514
415	1	354	353	471	366	541	208	532	375	409	285	447
416	417	66	361	524	210	340	536	633	250	251	477	382	479
417	416	620	571	485	199	361	517	369	633	536	473	250	251	92	479
418	288	481	613	551	456	297	399	499	544	543	286	287
419	193	518	102	615	200	584	395	598	432	344	403	244	528	592	120	505	538	220	510
420	357	358	233	202	332	463	436	425	500	607	460	540	159
421	448	440	549	497	521	272	408	579	515	248	351
422	385	642	229	231	517	369	275	468	503	472	504	572	570	383
423	480	97	484	486	263	328	297	327	461	239	305	82	481	469	548	621	565
424	1	389	487	519	396	330	299	300	141	143	309	152	444	458
425	388	357	233	555	356	436	277	462	420	540	606
426	1	488	301	437	413	222
427	1	521	492	397	15	497	246	312	349	351
428	352	449	34	483	260	454	391	429	465	547	533	313	314
429	449	483	326	428	542	401	533	54	313	217	314	382
430	385	322	635	518	231	457	298	560	530	243	372	597	567	504	443	330
431	256	288	323	452	232	585	512	495	593	434	499	342	543	254	287
432	419	518	457	395	435	308	343	344	538	220
433	387	388	363	605	498	346	539	412	221	574	511
434	512	539	323	617	363	556	431	593	499	342	347	254	511
435	519	520	265	586	299	143	432	625	594	308	309	457	344	538	507	405
436	130	420	453	647	233	332	462	624	148	277	425	506	540	606	607
437	256	1	323	289	488	426	331	512	301	495	150	347	222
438	513	359	520	201	266	364	496	545	405	406	601	345	602
439	1	290	391	492	271	19	414	349	350	501
440	352	546	579	421	454	521	30	492	549	408	626	213	312	441	618	350	351
441	352	225	546	483	549	493	440	274	611	408	249	284
442	1	516	261	360	394	581	304	275	468	503	218	570	383
443	1	385	394	430	472	530	372	567	88	252
444	1	519	424	330	299	396	530	307	372
445	539	640	194	475	356	390	488	363	556	333	557	600	346	347	446
446	640	161	482	539	356	357	489	234	555	333	463	557	278	378	379	348	445	575
447	1	515	45	366	272	563	339	532	398	184	409	285	415
448	627	515	292	421	650	589	272	408	579	563	248	409	410	508	549
449	547	324	325	428	429	367	580	465	466	533	612	260	314	476	477
450	480	550	198	327	535	393	362	523	527	467	469	73	185
451	560	322	100	485	262	615	584	518	395	386	622	528	343	473	187
452	256	1	456	585	331	288	431	495	123	317	543
453	130	554	647	649	404	436	332	114	531	276	148	474	607	316	506	255
454	352	608	34	483	391	492	619	428	546	465	547	440	350
455	1	258	522	338	302	466	242	206	470	407	514	476	381	373
456	288	1	418	452	551	329	107	399	411	317	286	543
457	322	586	518	519	616	330	299	430	432	530	435	308	597	343	538	298
458	1	389	487	424	519	459	365	309	310	507	157
459	1	359	458	257	365	335	496	545	405	310	507
460	641	482	420	358	540	202	587	588	334	463	500	196	348	490
461	544	387	548	486	423	328	297	263	621	623	529	498	342
462	128	130	388	425	555	606	494	624	436	277	506	219	412	574
463	588	482	420	357	540	202	555	460	348	446	575
464	1	359	491	240	336	562	496	406	280	380
465	608	449	514	547	324	454	391	428	578	271	501	407	260	476
466	449	580	325	455	522	302	367	656	51	206	534	609	665	476	381
467	450	502	198	392	73	523	582	493	368	374	393	550	410
468	384	570	516	229	422	517	581	369	534	503	442	381	383
469	480	450	523	667	486	423	296	362	327	621	527	328	371	565	630	591
470	1	226	516	455	360	522	206	373	381
471	1	354	355	526	402	629	375	315	541	478	415
472	1	422	385	394	567	275	503	88	443	572
473	417	322	451	485	262	199	620	386	560	369	504	571	92	517
474	244	649	554	599	663	531	276	505	404	607	316	510	453
475	1	390	488	489	333	445	557	378	413	223
476	449	514	547	324	325	455	522	578	302	465	466	609	612	407	580	644
477	416	449	580	325	577	361	524	367	210	628	533	57	314	382	479
478	480	354	355	484	327	603	653	629	400	305	564	565	662	471	409	315	508	541	191
479	384	416	517	620	417	361	524	367	628	577	536	633	250	571	477
480	450	523	484	423	328	327	400	305	564	469	630	478	565
481	544	418	484	613	423	648	297	551	399	548	239	543
482	588	1	196	489	490	460	463	337	575	379	348	446	319
483	352	225	546	547	454	326	428	429	493	611	533	249	576	313	638	542	441
484	480	481	355	548	423	648	297	551	526	399	305	565	239	478	629
485	417	386	451	100	230	620	622	560	658	340	536	473	251	92
486	263	296	423	461	591	328	371	529	469	377	623	253	621
487	1	389	519	424	458	507
488	512	1	475	390	426	556	557	445	437	347	413	222
489	1	482	475	333	557	378	379	446	575
490	1	482	587	196	588	491	460	334	319
491	1	490	587	334	464	562	500	406	380	319
492	608	1	546	619	454	391	521	618	427	440	501	439	312	349	350
493	576	321	483	502	326	652	582	589	274	467	374	441	408	249	410	611	549
494	128	646	561	682	462	591	624	529	114	568	377	506	219	412
495	256	1	323	452	585	331	431	593	437	512
496	1	438	359	459	257	335	336	562	464	545	406	601	602
497	1	515	421	521	427	397	398	272	241	579	351
498	544	387	263	636	363	461	654	623	433	499	529	342	412	605	511
499	544	418	585	434	431	593	498	342	631	543	511	636	287
500	641	587	195	420	358	332	491	364	685	334	562	660	406	540	569	460	637	318	607
501	608	1	514	391	439	492	578	271	465	407	414
502	576	321	610	197	550	582	493	525	368	467	374
503	1	422	394	275	468	472	442	572	570	383
504	385	322	517	422	231	642	430	560	369	567	473	571	572	639
505	592	419	200	663	531	403	404	598	599	244	474	510
506	130	453	647	649	554	462	624	561	114	436	341	494	219	669
507	545	1	487	519	458	459	594	435	309	310	405
508	448	627	292	392	523	589	400	563	564	661	662	409	410	603	604	478
509	321	610	101	583	524	525	558	401	595	87	542
510	419	101	102	553	554	592	244	663	376	505	474	316
511	593	617	363	498	433	434	499	342	539	636	605
512	1	323	488	617	556	431	593	434	437	495	347
513	406	601	520	599	364	659	438	569	345	602
514	1	578	455	522	338	465	242	609	501	407	476	414
515	448	1	579	421	398	272	497	563	447
516	1	226	581	360	522	468	470	442	381	383
517	384	417	642	581	422	577	361	632	369	468	534	504	473	570	571	479
518	560	322	419	679	584	457	586	395	430	655	432	616	451	597	343	538	635	670
519	1	487	424	457	458	299	594	616	530	435	309	507	444	586
520	513	598	601	545	403	625	594	435	659	405	438	599	344	345	538
521	1	579	421	497	618	427	492	440	626	312	351
522	1	514	516	581	455	578	466	470	609	476	381
523	480	604	450	582	550	327	392	393	527	400	657	467	564	469	630	535	508
524	416	633	558	509	401	595	340	533	87	536	628	666	477	382	479
525	321	610	634	101	550	583	559	368	370	502	186	573	509
526	1	355	484	551	648	399	402	629	471	411
527	450	614	198	362	523	630	591	371	469	566	535	186	667
528	386	419	100	678	102	615	691	395	590	592	658	451	622	376
529	387	646	486	263	682	461	494	591	721	498	727	377	623	412	253	605
530	1	519	616	457	330	299	430	372	597	567	443	444
531	569	453	364	599	332	403	404	598	505	345	474	607
532	1	354	603	541	563	409	415	285	447
533	449	483	580	666	524	428	429	401	595	547	628	542	612	314	638	477	382
534	384	577	580	517	609	367	656	466	468	632	381	581
535	450	667	550	198	362	523	614	527	368	657	370	371	566	630	696	186	559
536	416	417	100	485	620	524	558	687	658	340	633	537	251	479
537	100	101	583	558	687	536	658	340	590	376
538	673	419	518	625	520	457	586	403	655	432	584	594	435	598	344
539	640	672	555	388	617	651	363	556	605	433	434	574	600	356	346	347	636	445	446	511
540	588	641	643	420	357	425	555	460	463	660	436	500	683	606	607
541	1	354	653	532	629	471	603	478	415
542	576	321	610	483	677	326	429	401	595	533	509	638	611
543	288	1	418	452	613	481	456	585	551	431	499	544	287
544	481	418	548	613	297	668	461	654	623	688	498	499	342	631	543	636	287
545	1	359	520	459	496	625	594	405	438	601	507
546	352	611	483	549	454	618	619	492	626	547	675	440	441
547	608	449	546	483	612	454	684	619	428	578	465	611	533	644	476	638	671
548	544	481	484	613	423	648	297	461	621	565	631	623	668
549	448	546	579	676	421	650	652	493	589	440	626	611	675	408	441	701
550	576	450	582	198	523	525	559	368	657	370	467	610	502	535	696	677
551	1	418	484	613	481	456	526	399	648	411	543
552	101	553	554	669	561	596	341	568	186	699	573	645
553	101	552	554	592	596	341	663	699	316	510
554	453	552	553	663	669	561	114	341	649	474	699	316	506	510
555	640	674	643	388	357	425	683	588	606	462	463	624	574	356	539	540	703	446	575
556	512	1	539	488	617	557	434	600	347	445
557	640	1	390	488	489	556	333	600	475	445	446	575
558	633	101	583	524	687	689	595	340	87	536	537	666	509
559	610	614	550	525	368	370	535	696	186	634
560	322	451	485	518	584	681	620	642	430	635	706	622	567	504	473	571	670	639
561	682	552	554	494	624	114	341	568	506	669
562	1	587	491	464	500	496	406	569	602	637
563	448	1	515	627	272	579	532	409	603	508	447
564	480	662	680	604	523	653	693	400	657	565	630	713	508	478	629
565	480	548	423	648	621	653	680	564	469	630	484	478	629
566	614	682	527	371	535	568	377	186	591
567	1	635	385	430	560	504	530	597	472	443	572	639
568	707	552	682	494	591	561	114	341	566	377	186	699	669
569	513	659	364	332	685	694	562	531	500	406	599	664	345	602	709	637	607
570	1	642	517	422	468	503	632	442	572	581
571	417	642	517	577	620	686	560	632	690	633	504	473	479
572	1	642	422	385	567	504	503	472	570	639
573	610	698	101	583	552	525	596	186	634	702	645
574	640	672	674	651	388	646	555	462	624	433	539	412	605	703
575	640	1	482	643	489	555	588	557	463	446
576	321	610	483	550	326	652	582	493	611	638	502	542	677
577	384	580	517	686	367	656	690	692	628	534	632	633	571	477	479
578	608	1	514	547	644	609	522	465	501	476
579	448	1	515	421	627	521	650	589	497	626	563	440	549
580	449	612	577	665	684	367	656	466	692	628	533	534	609	644	476	477
581	1	570	516	517	609	522	656	468	534	632	442	381	383
582	576	677	550	392	523	652	493	589	657	467	502	695	410	604
583	610	101	525	558	509	689	595	596	590	537	698	687	573	702
584	673	419	708	518	615	395	679	622	655	560	451	718	598	538	670
585	1	452	613	495	593	499	631	431	543
586	1	518	519	616	457	655	625	594	435	538
587	1	641	588	490	491	460	334	562	500	660	637
588	1	482	587	641	490	555	460	463	643	540	575
589	448	579	676	549	582	604	650	652	493	720	657	627	661	695	408	410	508	701
590	592	100	101	678	583	687	528	658	691	596	376	537	698
591	667	614	486	721	682	621	494	527	529	371	469	566	568	377	623
592	419	101	102	615	553	590	678	528	691	596	598	663	376	505	510
593	512	1	585	631	495	434	499	617	431	636	511
594	1	519	520	545	625	435	405	538	507	586
595	610	677	583	524	558	401	638	533	689	666	509	542
596	101	583	552	553	590	592	691	663	376	698	699	573	645
597	1	518	616	457	430	530	567	635
598	592	419	659	678	615	520	663	711	531	584	403	625	718	694	599	505	538	673
599	513	569	673	520	663	711	694	531	625	709	403	659	598	505	345	474	719	607
600	640	1	617	651	556	557	539	445
601	1	545	520	496	625	659	513	438	602
602	1	406	513	496	562	659	438	601	664	569	637
603	627	1	354	653	563	532	662	409	508	541	478
604	582	392	523	589	657	564	661	662	695	410	508	693
605	672	710	646	529	636	654	623	688	433	498	539	412	574	511
606	683	647	425	555	462	624	700	436	660	703	540	607
607	700	420	453	715	647	649	599	332	685	719	660	531	500	569	436	474	540	663	606	709
608	1	578	547	644	454	391	619	492	465	501	671
609	1	514	580	581	522	578	656	466	534	665	644	476	381
610	576	321	677	550	583	525	559	689	573	595	702	502	696	634	509	542
611	576	705	546	483	549	675	619	652	493	547	638	441	701	542	671
612	704	449	547	580	684	692	628	533	644	476	638	671
613	544	1	418	548	481	648	585	551	631	668	543
614	667	740	682	591	696	707	566	535	527	186	559	634
615	718	592	419	708	678	673	584	395	679	622	723	528	451	711	598
616	1	518	519	457	586	679	655	530	597	635
617	512	1	539	651	672	363	556	593	434	600	347	636	511
618	1	546	675	521	619	492	626	440
619	608	1	546	547	454	618	492	611	675	671
620	736	417	642	100	485	681	729	690	622	687	560	658	725	633	536	473	571	733	706	479
621	667	548	486	423	648	714	461	591	688	680	469	630	697	721	623	668	565
622	560	706	451	100	485	678	615	584	620	528	658	723	729	708	670
623	544	548	646	486	721	682	461	654	591	688	529	498	727	668	605	621
624	737	646	647	700	682	555	606	494	717	561	436	462	728	506	412	669	574	703
625	1	545	520	586	655	594	435	659	405	598	599	601	538	673
626	1	546	579	676	549	521	618	675	440	650
627	448	1	579	650	589	563	661	662	603	508
628	704	577	580	712	524	692	533	726	633	612	666	477	638	479
629	1	355	484	648	680	653	526	305	564	565	471	541	478
630	480	680	713	714	523	716	621	527	657	564	469	693	535	667	734	565
631	544	1	668	548	613	585	654	593	499	636
632	1	642	517	577	686	656	534	570	571	581
633	416	417	731	577	712	620	524	558	687	690	628	725	536	692	666	571	733	479
634	610	707	645	614	525	559	696	186	573	702
635	1	518	679	616	430	560	597	567	670	639
636	544	1	672	617	654	593	498	499	631	539	605	511
637	1	587	685	562	500	664	569	602	660
638	576	611	547	612	677	705	652	483	689	722	595	628	533	724	666	704	730	542	671
639	1	642	681	560	567	504	635	572	670
640	1	674	643	651	683	555	557	574	600	539	445	446	575
641	1	643	683	460	587	588	500	660	540
642	1	517	422	681	620	686	560	632	690	504	570	571	572	639
643	640	1	683	641	555	588	540	575
644	608	1	578	547	580	609	684	665	612	476	671
645	707	101	698	552	573	596	186	699	634	702
646	672	688	710	682	717	494	623	624	529	727	412	605	574	703
647	732	453	649	715	624	436	728	506	700	669	606	607
648	1	484	613	551	680	621	526	481	565	697	548	668	629
649	453	647	554	715	669	709	663	506	719	732	474	607
650	448	1	579	676	549	589	626	627	661
651	640	1	674	672	617	600	539	574
652	576	705	611	549	582	589	493	720	657	722	675	730	701	638	677
653	1	680	713	693	564	565	662	603	541	478	629
654	544	1	710	668	623	688	498	631	672	636	605
655	1	518	625	584	586	679	616	673	538
656	1	580	581	577	686	466	692	534	609	632	665
657	695	739	550	582	716	523	652	589	720	564	693	630	535	696	667	604	734	677
658	736	706	100	485	678	620	590	687	528	691	622	723	729	536	537
659	1	694	601	513	520	625	598	599	664	569	602	673
660	1	683	641	700	587	685	500	540	637	606	607
661	1	676	508	650	589	627	662	695	604
662	1	508	653	627	564	661	695	603	604	478	693
663	738	735	678	711	649	553	554	745	719	592	691	596	598	599	505	474	699	732	669	510	607
664	1	709	685	659	694	569	602	637
665	1	644	609	684	656	466	692	580
666	704	724	712	524	558	687	689	595	628	533	726	633	731	638
667	707	740	614	721	682	621	591	657	469	630	535	696	527	714	734
668	544	1	548	613	648	621	654	623	688	631	697
669	737	738	707	682	748	647	552	649	554	728	753	751	624	561	663	568	186	699	732	506
670	1	706	708	518	679	584	681	622	560	635	639
671	608	1	547	612	705	619	684	611	675	644	704	638
672	1	674	710	646	617	651	654	539	636	605	574	703
673	1	694	615	584	679	711	655	625	659	718	598	599	538
674	640	1	651	683	555	672	574	703
675	1	546	611	676	549	705	618	619	652	626	701	671
676	1	675	549	650	589	626	661	695	701
677	576	610	739	550	582	689	743	652	720	657	722	595	638	696	730	542	702
678	736	592	741	615	745	711	622	723	528	658	691	590	598	663	735
679	1	708	518	615	584	718	655	616	723	673	635	670
680	1	648	713	714	621	653	564	629	630	697	565
681	1	642	620	706	560	690	670	639
682	737	667	740	646	614	561	753	747	721	717	494	591	624	529	707	566	727	568	186	623	669
683	640	1	674	643	641	700	555	660	540	606	703
684	704	1	547	644	612	692	665	580	671
685	1	709	715	660	569	664	500	700	637	607
686	1	642	577	656	690	692	632	571
687	736	750	583	746	620	754	590	733	689	658	691	558	633	536	537	666	731	698	702
688	544	1	710	646	621	654	623	721	727	697	668	605
689	610	677	742	583	746	743	749	558	687	595	702	726	666	731	730	638
690	1	642	577	712	681	620	706	686	692	725	633	571
691	736	592	678	745	590	687	528	658	596	750	663	698	699
692	704	1	580	577	712	684	686	656	612	690	628	726	665	633
693	1	662	713	716	653	657	564	630	695	604
694	1	709	673	711	719	659	598	599	664	569
695	1	676	582	716	589	720	657	661	662	604	701	693
696	610	707	740	550	614	743	744	559	752	657	739	734	535	634	667	702	677
697	1	721	648	714	621	688	680	668
698	707	645	583	745	746	590	687	754	691	596	750	755	699	573	702
699	738	707	645	698	552	553	554	745	751	755	753	691	596	663	568	186	669
700	1	715	647	683	685	624	660	728	703	606	607
701	1	675	676	549	705	652	589	720	722	611	695
702	610	707	698	645	583	746	743	749	687	752	689	754	696	634	573	677
703	672	1	674	683	710	646	555	717	624	574	728	700	606
704	1	612	724	705	684	628	726	692	666	638	671
705	704	1	611	652	722	675	724	730	701	638	671
706	1	708	681	620	690	622	560	658	725	729	670
707	699	740	645	614	698	753	682	747	669	752	696	754	755	568	186	667	634	702
708	1	706	679	584	615	622	723	729	670
709	1	649	715	685	719	694	599	664	569	732	607
710	672	1	646	717	654	688	727	605	703
711	741	1	694	678	615	599	718	719	723	598	663	673	735
712	1	690	692	725	726	633	628	666	731
713	1	680	714	716	653	564	693	630	734
714	1	680	713	621	721	630	697	667	734
715	1	732	709	647	649	685	728	700	607
716	1	739	713	720	657	693	630	695	734
717	1	646	710	737	682	624	727	728	703
718	1	679	584	615	711	723	598	673
719	1	738	709	711	649	599	694	663	735	732	607
720	1	739	677	716	652	589	657	722	695	701
721	1	667	740	682	621	623	688	529	727	697	591	714	734
722	1	739	677	705	743	652	720	730	701	638
723	718	1	708	741	678	679	615	622	658	711	729	736
724	704	1	705	726	666	730	638
725	1	706	712	620	690	729	633	731	733
726	704	1	724	742	712	689	692	628	666	731	730
727	1	740	710	646	721	682	747	717	623	688	529	737
728	1	647	732	715	717	624	737	700	669	703
729	736	1	706	708	620	622	658	723	725	733
730	1	677	742	705	743	652	689	722	724	726	638
731	1	742	712	746	687	689	725	726	633	666	733
732	1	738	709	647	649	715	748	719	663	728	737	669	751
733	736	1	746	620	687	725	633	729	731
734	1	739	740	721	744	713	714	716	657	630	696	667
735	1	738	741	678	711	745	719	663
736	1	741	678	745	746	620	750	687	658	691	723	729	733
737	1	682	747	748	717	624	753	727	728	732	669
738	1	745	748	751	719	663	699	732	669	735
739	1	677	743	744	716	720	657	722	696	734
740	1	707	614	744	682	747	752	721	727	696	667	734
741	736	1	678	711	745	723	735
742	1	743	746	749	689	726	730	731
743	1	739	677	742	744	749	752	689	722	696	730	702
744	1	739	740	743	752	696	734
745	736	1	738	741	678	750	751	691	755	663	698	699	735
746	736	1	742	749	750	687	689	754	698	731	733	702
747	737	707	740	1	682	752	753	727
748	1	738	737	751	753	732	669
749	1	742	743	746	752	689	754	702
750	736	1	745	746	687	754	691	755	698
751	1	738	745	748	753	755	699	732	669
752	1	707	740	743	744	747	749	753	754	696	702
753	1	707	737	682	747	748	751	752	754	755	699	669
754	1	707	746	749	750	687	752	753	755	698	702
755	1	707	745	750	751	753	754	698	699
