1	376176.204492
2	87.3955431273
3	115.051902552
4	74.3091279613
5	143.600791675
6	2.74995636669
7	35.4599636757
8	84.8626885791
9	9.28713334364
10	111.855681336
11	82.0403649396
12	13.3035169845
13	53.5759043019
14	35.1584333724
15	52.7678030889
16	219.538183274
17	27.9217060916
18	87.5885225215
19	23.8691388144
20	52.9366600588
21	41.5991206522
22	48.7393582359
23	43.553037018
24	10.0108060717
25	40.2844485296
26	109.455500122
27	118.441103162
28	46.508033991
29	5.9944224309
30	85.0315455489
31	144.553627433
32	59.2205515809
33	6.87489091672
34	51.3928249055
35	67.0482782563
36	96.5258807132
37	45.1089333834
38	3.29271091275
39	134.012128028
40	126.112034079
41	92.6180479816
42	41.2131618639
43	49.4027249033
44	103.23191466
45	82.3418952429
46	76.9987782673
47	54.9870661217
48	107.92372618
49	120.419141952
50	84.4646685786
51	90.2902340396
52	65.0219946176
53	88.975561917
54	89.3253370689
55	34.3382709472
56	167.69909352
57	125.496912261
58	141.526263187
59	33.2768842794
60	148.37703168
61	113.954332248
62	186.164809298
63	28.946909123
64	3.07560909432
65	55.5418818798
66	207.971480837
67	88.083032219
68	64.2983218896
69	9.19064364657
70	68.0011140149
71	151.404395926
72	65.0461170419
73	240.922712389
74	142.129323794
75	96.9600843501
76	59.317041278
77	67.7840121965
78	187.612154754
79	12.9778642568
80	49.0770721757
81	213.893535995
82	65.0461170419
83	25.5938921496
84	168.905214733
85	48.0639303564
86	337.183246435
87	72.1381097771
88	288.347398502
89	149.667581378
90	198.527551736
91	94.4513522261
92	28.042318213
93	242.659526936
94	121.034263771
95	11.1204375881
96	896.485775541
97	61.4277534015
98	137.956144396
99	226.075360251
100	66.5537685587
101	51.2360291478
102	52.9969661194
103	96.682676471
104	157.784777145
105	242.345935421
106	43.4927309574
107	120.503570437
108	115.630840734
109	357.253103427
110	1141.49723884
111	12.7728236505
112	40.4533054995
113	860.555424592
114	181.907201414
115	13.4000066815
116	138.872796518
117	106.512564361
118	173.066332919
119	443.912912614
120	65.4561982545
121	118.718511041
122	70.7751928058
123	122.264507408
124	22.8077521465
125	16.9218806248
126	329.946519154
127	334.071453704
128	373.547801021
129	48.6790521753
130	53.2864352107
131	86.0929322168
132	40.9839988334
133	58.062675216
134	317.234001564
135	36.1715751917
136	76.4922073576
137	394.606677408
138	100.783488597
139	147.098543194
140	98.0817770786
141	28.9710315473
142	113.990515884
143	61.0900394618
144	181.955446263
145	56.6635746084
146	3.12385394286
147	164.008362606
148	45.5793206567
149	14.5578830465
150	21.0226927506
151	200.891549314
152	148.594133498
153	108.140827999
154	193.678944457
155	114.822739521
156	134.229229846
157	134.0844953
158	51.8270285424
159	48.1001139928
160	118.730572253
161	45.6275655052
162	74.1402709914
163	40.863386712
164	93.6794346495
165	20.9020806293
166	229.922886922
167	8.23780788793
168	166.372360185
169	72.4637625047
170	131.636069237
171	73.211557657
172	25.3164842705
173	33.7472715526
174	113.303026792
175	108.659460121
176	59.1120006717
177	58.8345927926
178	16.2946975938
179	175.020249285
180	22.5906503281
181	39.6693267107
182	120.768917104
183	98.9019395037
184	20.9744479021
185	47.7865224773
186	19.3703066882
187	81.3046309994
188	31.8416000354
189	19.9492448706
190	60.9694273404
191	97.5631449568
192	21.0829988113
193	32.7582521576
194	81.6664673634
195	74.4297400826
196	68.9539497735
197	180.122142018
198	81.0875291809
199	106.271340118
200	117.391777706
201	202.447445679
202	90.229927979
203	84.9229946397
204	127.993583172
205	114.279984975
206	239.608040266
207	213.07337357
208	329.958580366
209	104.112383146
210	107.670440726
211	170.786763826
212	169.062010491
213	202.773098407
214	110.601315274
215	185.911523843
216	98.3230013213
217	183.426914143
218	124.833545593
219	154.455882596
220	131.189804388
221	144.408892888
222	164.575239577
223	132.685394693
224	147.773971073
225	184.922504448
226	198.141592947
227	286.900053046
228	154.600617141
229	178.554184441
230	135.194126817
231	717.509448675
232	241.537834208
233	166.734196549
234	65.142606739
235	125.255688018
236	106.211034057
237	153.358312291
238	116.414819523
239	146.242197132
240	676.959653479
241	74.1282097793
242	505.256237531
243	76.6007582669
244	143.612852887
245	186.333666267
246	138.836612881
247	203.991280833
248	166.565339579
249	75.7444122053
250	173.765883223
251	207.30811417
252	310.660640951
253	231.21343662
254	144.227974706
255	99.6135510197
256	155.469024415
257	117.75361407
258	154.431760171
259	165.708993517
260	186.526645662
261	190.555090515
262	181.726283232
263	218.320000848
264	153.225638958
265	234.506147533
266	219.321081456
267	126.90807408
268	148.919786226
269	259.882937864
270	138.535082578
271	129.296194083
272	289.481152443
273	148.871541377
274	167.614665035
275	149.631397742
276	127.9212159
277	59.8718570362
278	209.51531599
279	152.875863806
280	110.685743759
281	158.001878963
282	132.697455905
283	98.1300219271
284	172.752741404
285	131.081253479
286	135.49565712
287	84.4646685786
288	200.722692344
289	191.146089909
290	105.390871632
291	531.344639378
292	169.580642613
293	102.640915265
294	196.030880824
295	96.2846564705
296	183.053016567
297	136.991247425
298	122.409241954
299	180.435733534
300	112.265762549
301	113.182414671
302	196.875165673
303	166.637706852
304	269.037397874
305	173.729699587
306	79.8934691796
307	116.897268009
308	121.046324983
309	187.913685057
310	168.290092914
311	224.784810553
312	148.051378952
313	113.930209823
314	161.366957149
315	172.837169889
316	127.764420142
317	134.554882574
318	166.842747458
319	83.7892406991
320	160.24526442
321	271.944149999
322	128.765500749
323	124.568198926
324	271.208416059
325	196.139431733
326	180.761386261
327	112.108966791
328	220.539263881
329	121.528773468
330	187.069400208
331	156.940492295
332	171.208906251
333	132.914557723
334	182.679118991
335	115.03984134
336	93.7759243465
337	226.569869949
338	214.798126905
339	90.4590910095
340	145.096381979
341	132.359741965
342	134.168923785
343	158.399898964
344	227.872480859
345	149.438418348
346	135.26649409
347	130.080172872
348	281.086548797
349	85.1883413067
350	182.679118991
351	85.6707897921
352	94.0653934378
353	131.14155954
354	153.97343411
355	276.406798489
356	227.968970556
357	188.637357785
358	140.935263793
359	126.956318929
360	130.671172266
361	168.555439581
362	224.024954188
363	146.712584405
364	136.412309242
365	165.624565032
366	114.955412855
367	183.776689295
368	217.499838423
369	99.6617958682
370	174.296576557
371	129.89925469
372	156.844002598
373	132.95074136
374	105.366749208
375	210.468151749
376	167.795583217
377	184.054097174
378	159.521591692
379	93.3537819218
380	144.324464403
381	160.727712906
382	160.148774723
383	98.9984292008
384	251.464211794
385	206.608563866
386	159.413040783
387	167.819705641
388	87.1301964604
389	74.8277600831
390	146.519605011
391	248.485092397
392	218.669776
393	183.004771718
394	130.610866206
395	108.321746181
396	122.131834075
397	154.021678959
398	181.231773535
399	243.636485119
400	287.696093047
401	296.850553057
402	149.607275318
403	260.920202108
404	427.811194414
405	201.83232386
406	130.586743781
407	151.416457138
408	198.563735372
409	122.650466197
410	90.953600707
411	98.5521643518
412	145.229055313
413	193.473903851
414	194.113148094
415	173.416108071
416	138.71600076
417	131.020947418
418	180.290998988
419	184.114403235
420	280.362876069
421	90.4349685852
422	163.103771696
423	77.3364922071
424	124.652627411
425	232.130088743
426	125.328055291
427	68.82127644
428	81.9438752425
429	126.112034079
430	142.201691067
431	740.944383853
432	195.548432338
433	134.410148028
434	113.906087399
435	147.761909861
436	124.423464381
437	138.583327427
438	180.218631715
439	139.849754701
440	201.747895375
441	177.0224105
442	170.268131704
443	220.466896608
444	98.2747564727
445	160.462366239
446	186.430155965
447	114.36441346
448	180.954365655
449	225.653217826
450	154.98657593
451	104.377729813
452	189.710805665
453	29.031337608
454	244.191300877
455	179.543203836
456	110.082683153
457	268.434337268
458	104.088260722
459	133.01104742
460	199.938713555
461	100.313101323
462	107.935787393
463	105.849197693
464	272.293925151
465	179.133122623
466	176.00926868
467	201.94087477
468	113.049741338
469	145.964789253
470	220.008570547
471	130.333458327
472	178.916020805
473	74.7915764467
474	126.244707413
475	143.34750622
476	186.888482026
477	140.935263793
478	255.263493617
479	196.959594158
480	246.97744088
481	107.899603756
482	127.957399536
483	145.627075313
484	219.381387516
485	139.294938943
486	195.89820749
487	109.624357091
488	210.214866294
489	252.212006947
490	205.438626289
491	255.444411799
492	414.302636824
493	203.991280833
494	169.315295946
495	159.50953048
496	105.137586177
497	146.531666223
498	161.415201997
499	144.505382585
500	198.937632948
501	161.789099574
502	140.681978338
503	124.809423169
504	155.625820173
505	145.084320767
506	216.920900241
507	221.769507519
508	116.583676493
509	130.224907417
510	73.3321697784
511	174.972004437
512	218.754204485
513	129.127337113
514	196.055003248
515	169.1705614
516	188.106664451
517	182.763547476
518	91.8220079807
519	300.842814273
520	166.903053519
521	129.067031052
522	176.527900802
523	104.269178904
524	137.582246819
525	194.921249307
526	171.426008069
527	154.612678353
528	61.6689776442
529	193.196495972
530	180.592529291
531	186.164809298
532	115.77557528
533	140.790529247
534	109.950009819
535	140.573427429
536	92.1597219205
537	154.914208657
538	65.6371164365
539	152.007456532
540	181.159406262
541	155.432840779
542	230.381212983
543	200.047264465
544	94.2824952562
545	146.326625617
546	183.402791719
547	103.557567388
548	80.5447746349
549	264.454137263
550	119.406000133
551	139.680897731
552	223.578689339
553	145.301422586
554	107.380971634
555	169.580642613
556	209.744479021
557	207.151318412
558	276.732451216
559	161.379018361
560	193.594515973
561	165.44364685
562	126.67891105
563	112.591415277
564	217.982286909
565	241.525772995
566	160.510611087
567	119.092408617
568	203.991280833
569	185.682360812
570	145.844177132
571	127.233726808
572	91.0983352527
573	127.667930445
574	266.540726963
575	333.552821582
576	115.920309826
577	153.816638353
578	222.348445701
579	155.263983809
580	149.269561378
581	91.1224576769
582	162.814302605
583	210.685253567
584	142.67207834
585	136.146962575
586	190.036458393
587	96.9962679865
588	266.830196054
589	173.235189889
590	160.01610139
591	148.135807437
592	159.376857147
593	156.868125023
594	91.1345188891
595	109.371071637
596	156.96461472
597	135.483595908
598	158.846163813
599	82.8122825162
600	179.820611715
601	68.5921134095
602	195.56049355
603	114.955412855
604	138.269735911
605	89.5303776752
606	134.325719543
607	92.5336194967
608	185.079300205
609	100.795549809
610	208.671031141
611	97.671695866
612	267.131726357
613	117.367655282
614	135.568024393
615	135.037331059
616	105.161708602
617	100.91616193
618	112.639660125
619	118.706449829
620	68.459440076
621	145.373789858
622	116.402758311
623	169.713315946
624	158.255164418
625	82.4625073643
626	80.7498152412
627	123.301771652
628	148.425276528
629	228.752949345
630	175.683615953
631	155.444901991
632	96.6706152588
633	167.554358974
634	166.492972306
635	111.095824972
636	91.6893346472
637	133.879454694
638	160.884508663
639	133.553801966
640	154.697106838
641	139.343183791
642	98.4436134426
643	246.712094213
644	155.903228052
645	108.99717406
646	122.61428256
647	114.497086794
648	133.372883784
649	50.1384588435
650	295.367023964
651	99.1672861707
652	154.600617141
653	102.701221326
654	180.037713533
655	176.708818984
656	195.198657186
657	109.141908606
658	212.892455388
659	138.800429245
660	67.4342370446
661	133.300516512
662	129.115275901
663	117.669185585
664	141.188549248
665	189.445458998
666	159.292428662
667	146.712584405
668	254.744861495
669	166.2879317
670	105.704463148
671	147.412134709
672	147.424195921
673	320.888548841
674	230.658620862
675	187.298563238
676	74.2246994763
677	129.778642568
678	96.9842067743
679	90.0490097969
680	184.777769902
681	101.193569809
682	159.147694116
683	172.234109282
684	173.440230496
685	182.570568081
686	233.951331775
687	401.143854385
688	136.508798939
689	169.73743837
690	169.930417764
691	309.587193071
692	228.982112375
693	144.927525009
694	148.690623195
695	145.470279555
696	193.220618396
697	126.642727413
698	248.436847549
699	167.69909352
700	177.661654743
701	101.290059506
702	98.3591849577
703	212.542680236
704	162.657506847
705	128.367480749
706	149.378112287
707	83.4394655472
708	124.339035896
709	177.92700141
710	107.18799224
711	479.903569624
712	99.818591626
713	172.366782616
714	119.285388011
715	174.610168073
716	171.799905645
717	176.732941408
718	131.298355297
719	99.1190413222
720	151.693865017
721	144.215913493
722	103.436955266
723	167.313134731
724	135.15794318
725	110.806355881
726	173.259312314
727	206.210543865
728	185.344646872
729	105.318504359
730	119.261265587
731	127.716175293
732	82.5348746371
733	164.611423213
734	204.075709317
735	160.812141391
736	117.862164979
737	78.31345039
738	93.1728637398
739	101.796630416
740	127.75235893
741	201.132773557
742	108.683582545
743	83.0173231225
744	177.215389894
745	150.077662591
746	166.673890488
747	116.17359528
748	73.9111079608
749	115.449922552
750	311.251640346
751	336.809348859
752	124.604382563
753	189.264540816
754	100.867917082
755	65.504443103
756	107.18799224
757	268.27754151
758	114.388535885
759	118.646143768
760	198.732592342
761	99.0828576858
762	116.897268009
763	312.40951671
764	250.837028763
765	161.48756927
766	95.7419019245
767	119.912571042
768	138.54714379
769	135.206188029
770	139.692958943
771	180.544284443
772	160.812141391
773	143.383689856
774	114.979535279
775	122.433364378
776	113.676924369
777	140.320141974
778	197.70738931
779	162.39216018
780	122.493670439
781	161.366957149
782	118.911490435
783	176.491717166
784	112.145150428
785	95.6454122274
786	87.721195855
787	104.30536254
788	160.172897148
789	164.442566243
790	102.89420072
791	154.154352292
792	125.195381957
793	150.1862135
794	149.860560772
795	137.714920153
796	131.925538328
797	111.047580123
798	96.0434322278
799	102.146405568
800	222.927383884
801	117.367655282
802	96.5379419254
803	118.211940131
804	55.4092085464
805	251.331538461
806	116.101228008
807	195.753472945
808	141.791609854
809	136.303758333
810	139.246694094
811	170.111335946
812	57.6887776398
813	172.294415343
814	188.709725058
815	107.35684921
816	144.010872887
817	142.587649855
818	136.750023182
819	90.8691722221
820	115.281065583
821	150.946069865
822	99.999509808
823	219.200469334
824	105.016974056
825	321.298630054
826	141.272977733
827	222.577608732
828	152.236619563
829	138.20942985
830	56.6032685477
831	97.6355122296
832	103.895281327
833	119.249204375
834	96.4052685919
835	191.20639597
836	109.045418909
837	134.808168028
838	166.444727458
839	108.538847999
840	133.397006209
841	139.487918337
842	76.878166146
843	112.024538306
844	193.727189306
845	222.939445096
846	117.1867371
847	112.808517095
848	97.9973485936
849	177.432491712
850	116.692227402
851	89.3494594931
852	169.086132915
853	226.955828737
854	143.829954705
855	110.215356486
856	226.256278433
857	137.956144396
858	160.41412139
859	197.128451128
860	174.079474739
861	54.8302703639
862	142.937425007
863	198.744653554
864	85.0797903975
865	119.719591648
866	106.536686785
867	210.866171749
868	111.915987397
869	137.425451062
870	117.777736494
871	125.894932261
872	111.517967397
873	183.149506264
874	176.85355353
875	142.008711673
876	183.644015961
877	104.365668601
878	158.279286842
879	106.416074664
880	383.257076789
881	144.770729252
882	107.380971634
883	126.690972262
884	150.632478349
885	82.8364049404
886	115.027780128
887	122.240384984
888	146.290441981
889	190.482723242
890	183.245995961
891	94.5116582867
892	160.124652299
893	103.06305769
894	92.4250685875
895	146.79701289
896	189.28866324
897	228.994173588
898	298.635612453
899	155.167494112
900	119.538673466
901	105.053157692
902	222.143405095
903	131.467212267
904	85.393381913
905	73.8628631123
906	160.35381533
907	104.365668601
908	74.5382909918
909	152.031578957
910	206.934216593
911	117.271165585
912	138.993408639
913	128.596643779
914	170.147519583
915	206.80154326
916	87.9986037341
917	108.647398908
918	84.4767297908
919	174.417188678
920	73.4407206876
921	99.0587352615
922	111.023457699
923	79.9175916039
924	84.6214643364
925	149.84849956
926	163.224383818
927	185.465258994
928	219.960325699
929	152.489905018
930	105.607973451
931	93.1969861641
932	145.32554501
933	166.782441397
934	150.632478349
935	138.028511668
936	302.495200336
937	176.660574136
938	139.114020761
939	206.23466629
940	189.638438392
941	76.5766358426
942	64.0329752226
943	179.036632926
944	190.422417181
945	137.678736516
946	233.963392987
947	86.6718703993
948	186.599012934
949	115.353432855
950	114.485025582
951	172.873353525
952	106.826155876
953	218.247633576
954	108.394113454
955	137.160104395
956	176.51583959
957	162.874608666
958	136.798268031
959	101.832814052
960	178.107919592
961	60.4266727944
962	163.344995939
963	153.261822594
964	164.358137758
965	193.027639002
966	119.020041344
967	105.306443147
968	82.5589970614
969	123.422383773
970	85.9723200954
971	68.7489091672
972	158.617000782
973	144.710423191
974	182.727363839
975	118.272246192
976	158.339592903
977	140.211591065
978	131.973783177
979	133.734720148
980	154.057862595
981	266.721645145
982	173.753822011
983	125.955238322
984	170.183703219
985	192.545190517
986	123.45856741
987	164.756157759
988	153.696026231
989	228.885622678
990	133.216088027
991	160.305570481
992	148.895663802
993	145.506463192
994	174.067413527
995	104.968729207
996	137.280716516
997	151.705926229
998	94.1498219227
999	109.479622546
1000	173.524658981
1001	105.837136481
1002	141.490079551
1003	133.746781361
1004	133.988005603
1005	97.671695866
1006	119.297449223
1007	164.358137758
1008	103.171608599
1009	95.8022079851
1010	182.088119596
1011	86.6839316114
1012	161.101610482
1013	163.767138364
1014	129.983683175
1015	135.145881968
1016	123.181159531
1017	136.569105
1018	181.14734505
1019	157.579736539
1020	197.345552946
1021	190.953110515
1022	138.185307426
1023	124.616443775
1024	176.407288681
1025	138.510960154
1026	117.138492251
1027	89.4821328266
1028	160.438243814
1029	274.477004547
1030	155.89116684
1031	111.08376376
1032	121.31167165
1033	194.59559658
1034	128.596643779
1035	160.944814724
1036	59.8236121876
1037	111.8194977
1038	72.4155176562
1039	151.910966835
1040	190.036458393
1041	199.6854281
1042	88.1553994918
1043	125.303932866
1044	90.4952746459
1045	210.299294779
1046	133.071353481
1047	217.946103272
1048	127.064869838
1049	144.384770463
1050	110.034438304
1051	86.9613394905
1052	220.165366305
1053	143.070098341
1054	84.139015851
1055	149.546969257
1056	194.028719609
1057	173.223128677
1058	183.270118385
1059	107.175931028
1060	117.946593464
1061	104.546586783
1062	157.989817751
1063	187.503603845
1064	145.349667434
1065	106.524625573
1066	116.016799523
1067	140.850835308
1068	140.283958338
1069	91.7496407079
1070	127.667930445
1071	143.890260766
1072	186.599012934
1073	113.085924974
1074	168.869031097
1075	184.078219598
1076	148.20817471
1077	131.057131055
1078	102.737404963
1079	164.020423818
1080	210.58876387
1081	143.142465613
1082	168.012685035
1083	106.235156482
1084	131.008886206
1085	131.732558934
1086	92.1235382841
1087	179.410530502
1088	153.97343411
1089	217.113879635
1090	103.497261327
1091	152.128068654
1092	148.159929861
1093	116.861084372
1094	111.915987397
1095	138.812490457
1096	77.9636752381
1097	203.930974772
1098	133.276394087
1099	131.406906206
1100	85.9481976712
1101	123.892771047
1102	92.9678231335
1103	184.235015356
1104	187.057338996
1105	145.361728646
1106	186.309543843
1107	199.79397901
1108	122.204201348
1109	129.513295901
1110	187.214134753
1111	88.2157055525
1112	142.768568037
1113	164.068668667
1114	165.528075335
1115	136.122840151
1116	117.838042555
1117	152.972353503
1118	196.440962036
1119	96.3329013191
1120	155.408718354
1121	219.803529941
1122	148.594133498
1123	68.4473788639
1124	141.345345005
1125	146.266319556
1126	129.067031052
1127	88.444868583
1128	117.005818918
1129	166.299992912
1130	105.402932844
1131	112.543170428
1132	127.318155293
1133	138.137062578
1134	146.519605011
1135	177.456614136
1136	184.02997475
1137	70.0032752292
1138	59.3411637022
1139	63.7796897678
1140	100.940284354
1141	135.736881363
1142	182.341405051
1143	197.610899613
1144	209.020806293
1145	104.631015268
1146	106.717604967
1147	225.84619722
1148	98.2747564727
1149	159.835183208
1150	199.986958404
1151	138.848674094
1152	194.59559658
1153	117.75361407
1154	140.561366217
1155	185.211973539
1156	141.586569248
1157	189.879662635
1158	118.163695283
1159	122.626343773
1160	187.925746269
1161	176.117819589
1162	110.504825577
1163	211.517477205
1164	136.195207424
1165	180.881998383
1166	106.211034057
1167	122.686649833
1168	239.439183296
1169	197.791817795
1170	127.294032869
1171	174.20008686
1172	135.580085605
1173	75.3222697806
1174	127.776481354
1175	109.624357091
1176	103.256037084
1177	95.4162491968
1178	146.290441981
1179	165.419524426
1180	202.375078406
1181	135.785126211
1182	110.263601335
1183	100.252795263
1184	123.542995895
1185	172.764802616
1186	159.690448662
1187	108.044338302
1188	127.716175293
1189	155.324289869
1190	97.7199407145
1191	135.459473484
1192	116.354513463
1193	175.961023832
1194	174.20008686
1195	142.575588643
1196	164.466688667
1197	187.165889905
1198	138.88485773
1199	211.300375386
1200	162.283609271
1201	211.855191144
1202	144.58981107
1203	107.899603756
1204	124.495831653
1205	147.412134709
1206	174.827269891
1207	98.8175110188
1208	262.862057262
1209	146.471360163
1210	145.011953494
1211	137.087737122
1212	205.631605683
1213	173.283434738
1214	126.654788625
1215	192.376333547
1216	222.420812974
1217	210.576702658
1218	153.298006231
1219	244.239545726
1220	129.175581962
1221	176.660574136
1222	110.770172244
1223	162.609261999
1224	118.730572253
1225	125.689891655
1226	211.601905689
1227	130.767661963
1228	134.325719543
1229	92.9678231335
1230	200.179937798
1231	133.023108633
1232	72.7411703838
1233	101.109141324
1234	234.614698442
1235	142.117262582
1236	133.047231057
1237	176.214309287
1238	191.60441597
1239	175.768044438
1240	123.844526198
1241	85.128035246
1242	100.361346172
1243	160.233203208
1244	96.3087788948
1245	198.334572341
1246	204.690831136
1247	205.631605683
1248	165.926095336
1249	194.945371732
1250	95.5127388939
1251	103.147486175
1252	168.519255945
1253	172.800986252
1254	166.975420791
1255	159.606020177
1256	125.135075897
1257	145.289361373
1258	108.080521938
1259	148.280541983
1260	151.862721987
1261	171.932578979
1262	163.875689273
1263	166.191442003
1264	197.598838401
1265	101.386549203
1266	190.723947484
1267	171.920517767
1268	149.353989863
1269	95.0664740449
1270	82.4986910007
1271	87.0457679754
1272	183.366608082
1273	68.6524194702
1274	141.574508036
1275	211.445109932
1276	92.9437007092
1277	188.806214755
1278	127.571440748
1279	92.6180479816
1280	186.249237783
1281	83.8495467598
1282	92.473313436
1283	48.5343176296
1284	123.169098319
1285	86.4909522172
1286	146.447237738
1287	92.8351498
1288	161.752915937
1289	222.360506914
1290	176.455533529
1291	184.379749902
