1	54.1578738646	53.9497839944	28.7174168356
2	33.3291192942	9.04888250132	0.622860504921
3	28.7519505661	11.9583838614	2.0932578477
4	19.4587603058	14.8104638943	1.53046035851
5	47.2311068104	14.6720396782	0.94269723662
6	54.5306912665	17.7240243824	1.20984263196
7	38.1388308053	17.7043006667	1.29741239497
8	40.7878339988	20.9615794299	1.7925918861
9	46.4284910131	19.7725138741	0.743122584145
10	29.0651306231	21.7844367667	1.65642657397
11	57.3109564561	21.0892972207	0.406993828974
12	49.0669989489	21.6191540826	0.724624291697
13	64.2593997716	22.7156982433	1.11780770317
14	85.8050927105	23.6853682919	0.97196386851
15	72.210345891	24.2361356688	1.56811463329
16	78.5669301472	24.7676323938	1.35995645671
17	16.8232802045	26.0789684447	1.30643040949
18	41.8823572607	26.7526324258	1.13427814669
19	9.27761876679	28.4536645648	1.52719092376
20	30.2055462702	28.06930487	0.785643345224
21	75.2431044741	28.0225999869	1.35590005853
22	56.5898077032	28.2075341044	2.08236644613
23	85.1513489247	28.436171742	1.30864281465
24	38.3654125387	29.1460204197	0.903649417188
25	69.6031791417	28.1859407412	0.818658169876
26	63.9656190738	28.6037178203	2.63405011167
27	63.7516003658	31.9931193073	0.772580669134
28	94.3625497101	31.3498830438	1.53416618134
29	45.9205024479	31.3880145075	1.82932508286
30	81.0337437179	30.7597729594	0.91559344797
31	59.2251662985	32.365964227	2.03061108848
32	25.7786384099	31.7968456681	0.79429905618
33	13.4250040151	31.7992569965	0.841733971982
34	22.6541481417	32.2306220215	0.635930047695
35	55.7189780925	32.7016780055	0.653772865854
36	34.2284278026	33.2404120891	1.51438041741
37	89.9883881772	33.0424020898	2.7379449904
38	38.2700594219	34.1746332871	1.08346094946
39	49.5912725093	34.361679601	0.764012275884
40	30.5182144641	36.4338903691	1.40954318238
41	24.5104040871	35.2778525719	0.351523659121
42	75.9850021744	36.2396023443	1.67546880297
43	68.0276903036	36.5702579643	3.21309641668
44	57.5158591064	36.7272938018	1.36720056137
45	63.5362900658	38.9736966637	1.70276534175
46	52.9111898042	37.0914793007	0.977540382264
47	5.69159685942	37.6732436351	1.16585483652
48	81.2606978455	37.2226927568	2.11509284973
49	12.4631534184	38.3102238844	0.83884203328
50	36.1581857615	37.4501029148	1.58734852711
51	76.1944796767	38.4888971305	0.590488044233
52	27.5987283646	38.8635745909	1.5801978782
53	22.8204030716	39.7268846459	0.748558544805
54	41.9696943772	38.7923854652	1.21681783615
55	67.5511484237	40.716527771	2.6831701963
56	72.3878820592	42.4033815878	2.20673148229
57	78.0864620871	41.8730010982	3.44660537538
58	96.3690930947	41.7207993231	1.17094333633
59	101.695237075	42.0026093199	0.567989896992
60	35.9773342139	41.8660228915	2.75066133818
61	87.5580711349	43.2425152247	0.915658946505
62	82.2541173546	42.4501588081	1.21331334576
63	53.4839346617	42.4463196361	2.71972435207
64	13.102747579	43.3775960122	1.35474098015
65	6.05487468844	44.6248561311	0.906060253418
66	17.3709807853	45.0955254275	0.576276498746
67	59.5128801703	45.9145227869	2.82588780746
68	22.5719487371	45.8674796624	1.65568007031
69	26.5796641571	44.9224711005	1.42132765889
70	67.7903883614	47.3890088982	1.96760184235
71	103.514324645	47.1443230548	0.590727262626
72	84.23899161	47.907964782	2.16608548039
73	38.1021219837	46.7957138994	0.603266950101
74	78.1083648806	47.6478729169	1.5964821882
75	52.0260090149	47.3349915472	3.97288822145
76	40.7078683896	48.4077397764	0.588282959242
77	90.9193644272	48.4411769518	1.39277376153
78	99.756166226	49.075671255	0.758456889001
79	45.3317758021	49.4527205214	2.61240886449
80	14.0189729962	48.664119568	1.22910728244
81	30.0169511328	50.6326569618	2.78743572449
82	21.8103528543	50.0994181294	0.527842101846
83	95.4193386381	52.2445757793	1.07180792432
84	73.8330237804	53.0302176266	1.27658459349
85	50.1165567048	53.8334104201	1.75164269645
86	89.7327971551	53.1970816958	2.44037080172
87	21.7752483202	52.6619978325	0.405077734988
88	26.1955434342	52.5394061994	1.6897383188
89	39.3249594801	53.8652544233	1.80407283306
90	13.842231672	53.3093630943	0.484004230286
91	45.3561101205	54.2592993421	0.457445280929
92	6.85548665823	54.7281742799	1.23714087984
93	66.8028342554	57.0663500617	4.08263424521
94	18.5805425515	55.5701229265	2.22376209354
95	84.4035244934	57.0786634715	0.768645143099
96	57.3599366654	58.1342171258	4.26969541635
97	79.7654247833	57.6834738036	3.79310546259
98	31.7064202676	57.8352681008	1.30636758124
99	92.6326172823	59.4536719268	0.827965549685
100	96.8445041878	60.053019724	1.60556131636
101	22.661489152	57.8316502785	0.992950508677
102	106.173982999	59.8288431715	0.551157596798
103	40.6967056423	58.8528375158	1.20053296446
104	88.7043649143	59.2925471536	1.95390847195
105	100.883153937	59.9928326401	2.05287466157
106	11.8188480554	60.1358514616	0.806055847279
107	76.8686995006	63.1882545435	5.96271230255
108	84.198553066	60.8213279286	0.542696753498
109	48.6684335635	61.7641170384	1.21618281755
110	61.278854182	64.1233615677	4.54478886241
111	18.9312887704	61.7460940564	1.17577937405
112	23.807809357	62.8435010454	1.98461891644
113	37.1735359453	65.1012239321	1.93784048353
114	86.8204589725	64.7475517294	1.59917566075
115	81.5777597427	66.9873808667	1.30344516209
116	66.7719034837	68.1925741899	2.21285811671
117	94.7692367455	65.8248426901	2.25133281221
118	100.482026838	65.7772276524	2.07558458599
119	33.5508002634	66.2959634178	2.72311788239
120	24.9207974667	67.0475135009	1.37422856434
121	40.5850155703	66.3862282503	0.535599901454
122	20.6484129003	66.8432547274	1.71898606681
123	13.4375391904	66.1980881012	0.442211500155
124	49.8901760296	68.0894418693	1.65842418793
125	39.6297609611	68.559698063	0.412350663534
126	44.9062559095	68.6777047001	2.34212082371
127	55.8608119045	71.3356014636	2.72266008531
128	85.7418484613	70.8075713915	1.07153123037
129	27.3064701416	69.6166646197	0.37480603191
130	90.6911416051	69.9788020701	0.495227995758
131	16.8070341702	70.1940202007	1.61403689558
132	33.2056743286	72.8744136545	0.864201133785
133	80.6080976416	73.1561613618	0.943185858842
134	104.047831285	72.6196258632	1.77837505638
135	38.1275394766	72.9255309295	2.12625897631
136	21.8846113754	73.6093243028	0.919790819946
137	98.1329034651	73.1447975923	0.903642053798
138	46.5401036173	75.179351023	1.50545701626
139	52.3905702234	74.8823238307	2.34307785782
140	100.573489018	75.9135213494	0.69377810153
141	75.2194989119	77.6305821873	1.45713454204
142	67.4052639631	78.5643327087	1.59819126701
143	29.2169736636	78.7197663542	1.03156942428
144	49.4911699275	79.9541974988	1.59022688066
145	37.3800561505	80.6505890442	0.795736972914
146	87.7970807867	80.9189765316	1.96335362464
147	83.1335017226	83.2487264308	1.11655337865
148	97.9683131726	82.8273213318	0.878819129506
149	92.5334204522	83.6865748567	0.705293128881
150	65.5939200002	83.9547715597	1.60264741504
151	51.9746094802	84.635538211	0.621965583613
152	75.8780089128	85.4786666472	2.54949541554
153	30.4316837454	84.8749694999	1.05944330471
154	100.252875196	85.8865151577	1.20252619393
155	36.5152782441	87.3263435537	1.75935309407
156	80.2421287031	86.9582261301	1.89097482261
157	59.3670843289	87.6106510949	2.15828102053
158	94.0704911436	87.191986813	1.2440025856
159	72.3570387718	87.6879993287	1.56006359865
160	27.0725860155	87.0856793255	0.975129633186
161	50.2918637042	88.0490481178	2.7027534144
162	87.8913199505	88.658902668	1.45021142969
163	43.3171357637	90.4857283945	1.26157075296
164	56.1835956839	90.7765211866	0.532322993133
165	31.7754433677	91.143470945	1.15408635943
166	62.5418699907	91.7188776423	1.2396657202
167	90.4505663143	91.5174356864	1.7294305203
168	96.5857112517	91.4752278799	0.804167764552
169	75.8409894786	92.4100613202	1.8936775832
170	79.3694321108	94.4576687078	0.649996485556
171	86.4836663101	94.1584688538	1.32686050446
172	47.418618324	94.6498413812	1.41808734872
173	53.2803628762	96.7367675409	1.6867872152
174	67.3783712089	97.340285589	1.33288580592
175	36.9007128	96.5971791937	0.541424918195
176	91.6091108556	96.0300634074	1.01543894227
177	73.5448255434	97.0679309215	0.734360353031
178	42.0082671886	98.5009152972	1.18848377356
179	81.0553579824	97.9914671133	0.897061859835
180	48.743754367	99.6030252207	1.81406159811
181	77.1568893948	99.7574294504	1.0188164767
182	62.932913666	100.669207042	2.51542249325
183	36.9079984935	100.484781215	1.2650198119
184	74.3771258137	101.004855645	0.800357588638
185	69.7077713071	101.237332345	1.47866343659
186	79.5967224531	103.100052531	1.15469945764
187	41.7895812484	102.99642493	1.18846717188
188	70.9248192816	105.582315673	1.5836871729
189	59.1525713199	106.342935222	1.4407352452
190	52.6876117149	106.512633382	0.514355143551
191	64.7427911966	107.489470749	0.472652256463
192	34.067338374	23.2058812882	1.41553028531
193	34.7495350373	46.9367208286	3.2177902758
194	60.4017238762	51.765423686	5.23805256629
195	34.2080230338	52.6830858554	3.068375646
196	74.5348619847	69.4180454353	3.71374881342
197	22.8630950086	21.884985164	1.83769576925
198	50.6100972005	29.80636937	2.6370611158
199	86.5391201307	36.0807301762	2.1175787146
200	59.3950248669	40.8282631571	2.56389337413
201	84.2723682899	53.972367209	2.47035459773
202	100.27959386	56.2569565967	2.96416510319
203	97.3375759939	79.7842516435	2.74775688832
204	54.4230191529	88.4976732964	2.72132848988
205	68.4822715471	91.2966551149	2.79599340836
206	69.8010777989	19.5822958763	1.53433347077
207	19.5362227185	30.6821660704	2.95426848624
208	46.3458299546	43.8747105333	2.52643860014
209	29.0821786993	66.4674276819	2.95341303621
210	105.203302152	67.2039925908	1.46373555841
211	43.289069115	85.5596098077	3.337840959
212	46.3891595381	103.817622732	1.76881344339
213	62.6624630106	18.8669481019	1.93801179889
214	60.7244827765	24.1348199727	2.83490906365
215	77.4707457973	32.790598726	2.48454215482
216	17.1082623225	35.2006491459	2.39133531024
217	104.114281468	54.8438713955	2.07229188452
218	69.3259811958	64.8835564999	7.38585391402
219	42.6394141799	75.9569427913	3.02654232425
220	83.2070508757	77.0136216034	1.9825884675
221	89.611191943	75.8685543103	2.06490503763
222	44.065931033	79.4699826534	3.07439000852
223	78.8830569732	21.2418157123	1.93908550747
224	45.2544199157	23.7325627735	2.14054728986
225	67.7153362303	24.3975135302	2.53752655498
226	98.175649104	37.1674271357	1.55664830842
227	47.9582267682	37.9131483129	3.50852515432
228	17.8251217045	50.743304643	2.27316494002
229	28.3079542963	59.0146103667	2.76386016911
230	42.062268586	62.7720499329	3.14431615322
231	102.982776649	78.8631919249	1.38332933949
232	77.4088507557	80.4032171391	2.47327744978
233	38.1683989499	93.8059085967	2.91815220756
234	32.9947174165	96.6782535911	2.65965444912
235	57.1413064092	100.382937495	2.39502883658
236	53.047727614	24.2820892942	2.45095422174
237	23.9289966844	26.1067711179	2.62262986368
238	30.9435303225	44.2245212738	2.68080423848
239	88.0837848015	71.793157278	3.03347728376
240	93.7992498015	77.0934668819	3.08965383477
241	19.5112140382	78.156095531	1.72644797421
242	52.5650390769	92.098986263	3.25177124635
243	40.3900987374	11.7755840235	2.96886075697
244	12.7123113522	23.2089271499	3.3316876086
245	89.287109506	27.5097535937	2.99836667118
246	68.4602132894	30.610641214	3.9734937822
247	72.6148492857	33.8736764306	3.23037812448
248	96.0842278664	45.5882045255	3.61887729406
249	102.641807926	49.8376206692	2.63879130561
250	62.4803669591	73.3747463247	3.78069241574
251	29.4546425821	72.0462801955	3.4216422078
252	55.929374501	78.6743687794	4.08293557204
253	66.0140642375	86.8825887552	3.03740760099
254	29.1380628512	18.3465655752	2.36238781264
255	93.3622120949	38.0797030337	3.53491639859
256	35.6331526749	75.646709134	3.69485754852
257	33.0606897887	81.9008661526	3.95363117931
258	71.1165628129	83.0089268392	4.18088901868
259	85.0009799722	99.249187462	2.34223742237
260	19.1176142717	42.947364487	3.0766408378
261	78.2069111699	51.4280979024	4.72880197374
262	15.5517229438	63.6929870191	2.46067618019
263	89.9821585697	64.9475899393	3.13386812575
264	70.1861620335	73.5322900499	3.85307962334
265	46.7872532301	81.3240921988	3.69228931097
266	26.3643307179	82.1606375641	3.26744900059
267	55.2267161951	83.6123881303	3.7800336234
268	23.9733922395	87.2822745607	2.78931097015
269	40.4355148797	38.242679738	4.41045934291
270	8.50353487318	51.0292419125	3.56721504215
271	92.3568113241	70.4278075735	3.91019406676
272	49.1811689845	83.5793492548	4.05164382724
273	58.5345861646	92.5859037046	3.88470235713
274	82.1115601736	94.596712113	3.10156064634
275	80.4279593632	27.5154207994	4.38805210354
276	42.9728151567	34.8099803539	3.75883472712
277	100.515835954	43.9105414495	3.03526407201
278	4.8078166561	46.971533623	2.58882116205
279	45.3536718121	55.5430261496	5.20071125384
280	84.2340220962	59.931439887	6.54561243795
281	23.2540151436	71.3522557953	3.2809966584
282	94.8378060636	84.3227466772	4.15624445026
283	85.8420113196	85.7447169129	4.05890010562
284	44.2101326611	16.0998323808	3.01558556947
285	48.5511041237	19.6682089229	3.45715605642
286	8.15402406415	34.4631702291	3.41834657089
287	53.7135818101	34.6622090501	4.23605178419
288	18.5253372387	39.3262387137	3.50386903459
289	73.2537757366	39.3262556642	5.23497633937
290	91.1043029001	42.3444440005	3.71739842792
291	87.4282114578	42.813736081	3.62446739804
292	20.138779343	48.1106619308	3.41086808767
293	73.7712240095	56.3013132501	5.76943104318
294	104.250294279	61.5860087306	3.29426031457
295	90.9476740904	82.6881785624	4.3332595074
296	82.3701329123	89.7939413816	4.56846154315
297	88.5650963885	95.8957377988	4.21198209951
298	24.8561213359	15.3056970049	2.9276652929
299	17.9399579237	19.5225151229	3.16090989966
300	33.9697364434	21.0137554207	3.69132488901
301	42.0210391966	44.6929085635	4.34487150217
302	12.058518088	55.4545020017	3.66633189579
303	95.3186947913	56.2870470856	4.78324584805
304	35.0266417822	59.3159233414	4.86304755638
305	92.0396787625	59.9406646072	3.74089847507
306	81.2853105485	65.6010834902	5.39284241139
307	43.1415864615	69.6786708324	5.36103576048
308	99.0127588611	73.479783148	4.14742390337
309	28.5123043644	92.4685856889	3.66975817405
310	73.1614245783	98.3887628609	4.1095190722
311	35.0071738862	12.7097887951	4.06574018209
312	23.9764025787	35.3852808054	4.2751655742
313	59.4983185398	37.2681485504	4.28013922848
314	86.9853951317	46.7423219255	5.33731860828
315	22.2795553505	53.1119905254	3.98016532342
316	95.6799678426	71.4634393879	3.93533682619
317	62.0328423271	81.0899609647	5.00479345358
318	44.2512717895	96.176832981	4.38015066112
319	52.1706319269	103.711224564	3.64583758903
320	57.8286556368	20.9511212179	4.7378479435
321	38.7340833753	26.3947856288	3.88987086889
322	46.7688474053	27.8500300542	4.59312205217
323	25.9908059667	32.3164247463	4.21244825238
324	40.382792137	49.8847044367	5.77077552213
325	98.2689788502	51.8068235531	5.56339671748
326	15.5542482969	58.4873560329	3.71395272924
327	80.08884146	81.8589884354	5.22554713673
328	38.3985494347	82.7495868682	5.39505253439
329	94.8765322349	91.1970411187	3.67113807727
330	61.4168689447	95.4709192384	4.28341426135
331	73.50641342	20.9940304353	3.78637869645
332	83.1064573544	24.136251677	4.34922771912
333	35.0284465951	29.1038502702	4.42353056048
334	24.5834251991	41.0654742839	4.57080646669
335	82.2886720951	43.5149928805	5.96812952183
336	21.5689582296	80.3921485986	4.52638139316
337	76.6262767494	88.9893940657	5.05077166313
338	69.6892473525	94.698298435	4.79853485512
339	29.0204065317	27.8290527322	4.40582715315
340	60.0213614768	29.9882472434	5.98080581504
341	84.6812065539	31.2777744937	5.12661929994
342	7.83512117002	41.5624178059	4.69023365623
343	69.977908718	49.9081866165	6.67839412162
344	39.9527349944	59.0856275977	5.8887195122
345	25.0144183659	76.4593745014	4.74051105069
346	31.0125109698	76.5430383444	5.95724562154
347	40.7751661761	79.0802746571	4.80151086572
348	100.118638094	83.6038635111	4.03499844758
349	45.1212534528	91.339851239	5.45839323808
350	73.7301743715	26.1044624335	5.72085636707
351	92.5680088468	49.3713007485	5.45729657529
352	52.8316833765	54.6968752226	6.41930563591
353	49.8252329337	61.5177316146	6.13330367221
354	44.7521873259	62.4615600566	6.97317968815
355	55.7531397473	64.2813265226	6.18057130106
356	82.3508315862	71.5860565707	6.71800846334
357	19.6485208925	72.5346461899	4.75399974328
358	33.8648244659	89.8873998505	5.07244322548
359	74.5082907391	102.812134591	4.51228866239
360	42.4926761771	30.688174275	5.79334676632
361	31.4506772522	32.599804141	5.32615812735
362	38.7793306684	33.086547604	5.47114685185
363	94.6484708692	33.4980005517	5.1532254682
364	63.5469752433	34.8373036791	6.42917091718
365	82.9332625648	36.5439718231	6.58359160592
366	24.5761059732	57.0659887238	5.51891701272
367	103.153583923	69.993250599	5.66968281982
368	76.700135822	74.77512499	7.19088844046
369	101.854888723	77.6360299893	4.89428672108
370	29.4309966896	86.3983628164	5.86571085377
371	59.7971786863	104.076992961	5.08175058194
372	73.6490079061	31.6238778785	7.06030071884
373	31.4939592166	36.1374900443	5.51398698723
374	35.5415742001	37.8491115186	6.50706410833
375	31.4278422017	41.2954586996	6.21312606849
376	96.8166756485	65.9687163527	6.17353474627
377	50.3063910654	69.4755074158	6.62296387833
378	76.6951540449	96.9902601196	5.40165765174
379	67.2952790609	98.8310160154	7.0550442538
380	78.8944879474	101.065986163	4.90771144208
381	19.9576552642	65.4426752758	5.69971562944
382	69.3847817201	77.9955767025	7.70716230149
383	38.2303091694	98.2967924599	5.50975857122
384	67.1391976114	104.259338074	4.53596877642
385	39.9028248758	17.8796876089	6.02135206083
386	52.5963749798	21.9897842544	5.44982735364
387	11.6548238768	32.1619262392	6.00921246561
388	28.4646623304	45.7574702021	5.89337204002
389	9.9066189184	47.7968894721	5.41748725739
390	33.3761548039	57.0015544924	6.56113267664
391	18.578524332	59.8482516772	5.87858530938
392	25.6819921543	69.0482791836	6.44087913533
393	58.1350776743	70.4142263641	7.68072536905
394	49.6785134232	74.8161013698	7.71054163843
395	91.027488656	79.7732710732	7.41404397119
396	64.2912302149	89.6466914978	6.67795380134
397	52.9388573987	94.3651027625	6.60682050533
398	65.2928453775	21.92289141	6.49226412909
399	50.4491773184	27.9338109164	7.03337125674
400	14.6572343058	29.1085644971	6.75387758525
401	26.6102892706	49.4086045576	6.14532032804
402	29.3359258879	62.1431110967	6.75729248821
403	38.0105291864	70.239690585	7.57777159521
404	86.0285104458	76.203046788	7.0374265478
405	91.3784856057	86.8898064125	6.41056981798
406	87.1647283133	90.7725305869	6.48665742075
407	50.5455607282	98.7736522794	5.92276211374
408	31.2934951233	17.7688408754	7.0656165947
409	38.6219600221	54.5888986616	7.46440212729
410	48.7369922353	87.2856998335	7.61883779591
411	77.1894174223	37.6875979425	8.74092283136
412	11.5269558095	38.7258432093	6.53919605012
413	98.0332088822	39.9691319854	6.14597723103
414	14.0150995277	44.8122002204	6.59922286454
415	14.7104496689	51.7920757597	6.66101505331
416	83.6039118955	80.5330906796	6.84238861099
417	71.7674320756	87.6526711024	8.31165543478
418	81.8124041275	94.3303256545	7.21317002195
419	58.4036350191	98.8980718153	7.28641426176
420	44.4610504828	100.83305345	6.56885384742
421	25.6404867524	20.6360921267	7.0044253439
422	66.782882677	26.3195176803	7.30546166885
423	64.2855100599	40.188056317	7.43068601872
424	54.0146459326	40.8489991858	7.53997243853
425	64.6526989806	46.1632544957	8.91731302647
426	77.0107851233	47.2902430019	8.39576674677
427	85.6030980133	66.402185405	7.6458843844
428	52.967794656	69.0010197731	12.746982691
429	80.251771718	77.3449697272	8.16877326385
430	76.0708929777	82.4294101726	8.34703021839
431	60.4468849901	86.7537122261	7.77187818003
432	42.6272906943	22.6767752498	6.46041973908
433	18.3298795184	25.7007072014	7.36002922856
434	78.5015984977	31.6566150092	6.84239158964
435	87.9612884239	54.1329572171	7.21827818705
436	34.0025135142	65.1826280373	7.87414412263
437	31.9354064345	67.9623138236	8.96977641233
438	41.4054252622	88.4333118572	7.39681806568
439	21.3477634284	23.97996794	7.19889766211
440	86.3977209352	40.9671794018	8.38897297399
441	83.4469853277	49.4309046989	8.55342317596
442	55.1127556655	50.0670810425	8.29564403315
443	95.5385220249	59.770555431	7.65561395671
444	99.3648094883	60.5993959826	7.74738774552
445	40.1402787038	62.0906527873	9.38522119982
446	102.691845635	64.6729773747	7.66456795128
447	88.2620160537	67.9801078551	8.53290097193
448	98.8571805255	70.8269747716	8.43218965416
449	76.8417313826	91.4828184822	7.59077218124
450	92.4308796935	91.3735834981	7.54220929
451	46.5396393572	25.2640884746	7.37168885007
452	59.4973943445	26.1578517656	7.51964456712
453	58.0580757716	35.5948785084	8.95827248198
454	59.4770677844	44.4164736374	9.38528768557
455	100.081895524	45.6635016728	7.73863220041
456	47.6143861118	50.4127915008	8.56038365238
457	90.9497061369	38.2150064307	9.12018266942
458	45.9891073266	39.5232340164	8.63011974918
459	18.4929057228	47.5273510522	7.75794831119
460	96.3797100619	77.5602738615	8.02065501497
461	48.8931528815	44.4854627386	8.58189970426
462	72.3146923415	44.1911064199	8.30297741771
463	32.847811224	48.5520516406	8.63332484578
464	102.536368464	52.5656997594	6.9443065409
465	43.7900635475	54.710580446	8.61082080553
466	89.8122230208	60.596107365	9.44147811228
467	71.9078855191	57.2870521072	10.6778082052
468	44.2182612111	80.6325499592	9.41021575541
469	33.5505820607	82.7938571352	8.9708231897
470	98.280959954	84.4503843945	7.36507379735
471	81.0643331247	85.4085033313	8.13482391534
472	84.3333975986	97.7005341136	7.21252897628
473	36.4249894135	19.0847693201	7.97649142841
474	77.924469988	23.6799245848	7.91045399423
475	37.9697381377	24.0183176166	7.6936771317
476	80.7036371193	28.936924229	8.57973603924
477	48.7805535575	32.7964718655	9.31962915419
478	53.7245544429	33.7235986626	8.43161738311
479	15.5017548732	36.1046713615	8.19315922251
480	69.8113947069	36.2841542257	8.97549362663
481	68.7135487259	41.7759902669	10.1474355007
482	95.212076071	44.8557602112	8.77736991108
483	76.33526371	51.7892375136	13.2370390795
484	94.575206572	70.9597345229	8.79978411064
485	70.7442137542	71.754236954	10.5537774957
486	39.392777296	78.5739691328	8.94802406867
487	39.5435349992	93.4295967677	8.49690635184
488	70.5971310393	22.8187589017	8.61293174929
489	17.7396964374	41.4521069038	8.25846579129
490	22.3326803401	45.0259573129	8.11815497606
491	19.7063930157	53.0201869194	7.92994215785
492	93.1824604777	54.7601576141	10.2010555314
493	42.4255348369	74.8898587921	9.43360712701
494	28.6111433588	80.6989753432	8.90442629015
495	56.4322276917	82.0918395642	9.14893222114
496	27.0686171376	88.6845852894	8.45809717888
497	56.0967034318	90.7974600103	9.76274439705
498	19.4219441555	34.9282257361	8.54389317797
499	86.8135993252	34.9600798247	9.73601893731
500	26.4164263247	61.3355198589	8.47739751463
501	40.1085812935	67.3831533193	9.15469403127
502	64.5949192604	70.7135744283	10.6751992046
503	36.2304370151	73.3853271014	9.48602635507
504	101.147230996	76.7005646134	8.75802461763
505	36.1353766136	78.7784896132	9.82504190966
506	51.1886982939	79.6466302898	10.2624634844
507	67.1728551388	83.3928967856	10.6133747597
508	32.5438957511	24.3477854827	8.38292842653
509	56.1983027967	28.6283903992	9.11862197663
510	24.0326454757	29.7335836245	8.84779400342
511	88.4769137953	29.7970566612	8.65245510188
512	37.6602947239	43.1156959683	9.02925717789
513	41.92743612	43.9551974999	8.6716354404
514	92.8651120264	65.2950721287	10.8775549894
515	90.2221615706	70.9991905736	10.4202525461
516	62.8403444033	77.1701968572	11.0733309702
517	70.1717294851	92.7307048992	10.3242011978
518	42.1479677444	38.4074009914	10.0104108974
519	79.3995984738	56.4472132755	11.5492370461
520	53.4236694714	61.3905521937	11.3155232552
521	86.7518386311	73.5779237416	10.4720413556
522	51.3360959407	85.0619763137	10.5753851677
523	55.7401411829	87.1258671022	9.87398415165
524	46.3497874936	95.6990912808	9.49885618626
525	42.0842402834	29.092435005	9.09186854247
526	35.820137542	29.3500089359	9.02703822884
527	23.2496992158	37.9558925816	9.03723695083
528	91.5754651878	50.7722154695	11.2915533794
529	31.101597157	55.1446469931	9.56031750137
530	24.8742946271	83.0708091149	9.64197098121
531	29.8162576051	26.8543412948	9.12785462649
532	71.826763133	28.5080275966	10.1737179584
533	94.4033570704	35.0566748473	8.55884644013
534	26.1907632721	40.5599988627	9.16490843109
535	59.6445895361	39.992138804	11.1888022642
536	78.0072718045	43.6201925016	10.5550867941
537	86.4478667423	47.8944089826	10.8574572541
538	23.910564262	50.1260710702	9.50022789573
539	82.1025179509	53.8085513333	12.0156259509
540	22.7961955441	55.6101349075	9.40801429686
541	85.3166216111	58.308738017	11.0403214437
542	22.6010777675	67.7463982417	9.3206529635
543	81.0815698122	71.2119530332	14.6631397615
544	91.0127485868	76.0228409731	10.8988687635
545	46.7882448395	82.9462284583	10.2056519743
546	37.7433552371	85.1932349417	9.98926292414
547	35.4124408619	89.5055600005	9.33599871419
548	53.7179608456	102.086907504	9.68801284191
549	53.4562354652	25.1569851364	9.39962861562
550	28.7236052151	32.572670174	9.38231010763
551	65.0042868741	32.5432526321	10.499939147
552	36.4794554425	53.8242305986	10.9743628377
553	64.8757593168	54.5654176044	12.0177675425
554	70.1829533389	60.7633624695	16.451046282
555	22.4951187229	60.6123419689	9.21101894268
556	27.8415463882	67.5170037883	10.3800808592
557	29.0096082206	74.3341307514	10.7448356585
558	56.3071657999	74.961884109	10.915562469
559	86.822367695	82.6053843719	10.2164209573
560	92.4043222183	83.563478165	10.511800555
561	39.7682781518	49.4342520032	11.1306402741
562	102.942535364	60.6299109443	9.77731222843
563	76.1162714607	62.4327367565	11.786504433
564	49.2224710527	90.3639804197	11.1472698023
565	52.3629963244	96.9953491193	10.7850008888
566	62.1546485088	102.905976627	9.70449940204
567	58.8905031125	23.8888681231	10.2627035185
568	35.471510349	33.965217479	10.0622045968
569	30.231341288	36.716521653	9.8226107357
570	49.8600153694	39.4243511081	11.7713453257
571	27.6577741574	44.2210955617	9.96509953047
572	89.9597853961	45.2056692547	11.3292778984
573	75.8397155424	95.2045682953	11.3673975083
574	59.0327627211	95.9213566151	11.3509288562
575	64.4692927254	96.7017139908	12.3372491536
576	58.8021503186	63.927389364	12.493712198
577	87.8729384961	88.2681165411	11.2427533415
578	66.7981367112	88.5439735274	11.5684199784
579	32.8546878082	93.1688433952	10.3112551819
580	39.6847884671	97.6834858934	10.160640753
581	77.7727866016	99.8824150698	10.6747004781
582	72.3350901242	101.203074153	10.0274943119
583	58.0728754709	49.1104785169	12.8182506308
584	96.8825353004	52.4092188388	11.7805661986
585	49.9079676604	56.4118805668	12.4065516152
586	95.7643670257	76.207104199	11.3414906907
587	73.9208599096	83.1928450025	11.9571200341
588	82.3538351338	92.3657537599	10.9433793057
589	32.1494694463	40.0324631489	10.8272118251
590	30.3253128187	45.9484856762	11.0258646887
591	36.0805325473	60.2924525685	12.25170667
592	23.5420023509	75.0195705552	10.7226455546
593	96.4248101909	85.460979353	10.9320740188
594	81.8924960599	42.0700985162	12.2373560315
595	46.5257552465	47.0160539993	12.6870757307
596	57.20888051	55.59902497	14.9980992298
597	40.9543657327	55.8762191844	11.9577228486
598	101.935039477	56.1080715571	12.1964042357
599	63.3353071411	62.0385858696	13.9570184942
600	47.8526406873	65.3100530873	12.5402754706
601	31.9200621661	85.989236918	11.4852319942
602	92.3643008532	90.4986280407	11.0604395604
603	64.3016755955	24.8658928871	11.404894129
604	47.3419678027	29.326383328	10.865230196
605	39.6261787444	35.0111491211	11.014112594
606	35.0613311384	40.3278562097	11.4722905164
607	98.7083142386	43.4561435749	11.3795668872
608	94.891660822	45.7901229534	12.563964472
609	27.8664654125	52.6801377976	11.5169550967
610	98.4708862213	60.1268040396	12.6981097417
611	97.6541069063	65.0139924459	13.3172184342
612	102.293288981	71.2238816744	11.2638035927
613	45.2554487294	71.8537994567	12.0823986667
614	34.683586668	74.1035867584	12.5050660298
615	79.4913219114	76.2220405697	13.1964915841
616	77.591988563	87.5427016676	12.8951231255
617	87.2380974383	94.323031509	11.6885166631
618	68.6522381548	24.6829593057	11.9137611631
619	62.435335837	30.3805996358	13.5741266912
620	82.8878743031	32.6018698958	11.8942151697
621	72.2951516185	34.6410009413	12.4998936913
622	64.8845737469	40.9257597791	12.8986409767
623	100.44868187	49.5672705144	12.4668908748
624	82.7961837609	86.2352518119	12.184246878
625	67.2202033478	101.762460041	12.1735933218
626	69.4540070149	30.2951403385	13.3732337323
627	76.3523644322	30.4823942027	12.7568059913
628	79.2314646453	36.5097553133	13.6573933468
629	95.5574053539	38.6929545347	11.992556854
630	54.2824565769	49.1655371158	13.1105369565
631	36.0019832482	49.6974117016	13.043932438
632	66.6618344622	49.6361661853	13.9645015434
633	71.9036811432	51.4641318409	15.0497829911
634	38.3538995317	65.168442342	13.7130755615
635	82.1167635979	97.2469796413	12.1800622033
636	83.2914429099	27.8713085927	12.0798665668
637	75.4953299252	70.672349144	15.416470973
638	72.0191014211	78.7740902136	13.2322870191
639	99.2314945591	78.8100772007	12.1234665137
640	44.2065017349	85.0984112774	12.740806848
641	63.2502871599	91.8473756184	12.4508806728
642	72.7860325356	89.5536880628	14.3748505857
643	75.8356815419	25.9490349558	12.8089739788
644	54.7596067787	32.5363471002	13.9800373498
645	90.2768672678	34.0082971164	13.4202138545
646	73.3185819063	40.8499399624	13.9976776829
647	87.3379856636	53.0511689383	14.5614038298
648	36.9716325373	70.0447203798	12.9081958648
649	60.3544477732	72.2681762578	15.27100271
650	85.2371844411	79.3012262742	14.9545536784
651	39.5468494855	79.7818775353	13.8953343953
652	80.0264363247	81.6791546149	13.9400888955
653	62.1407563171	85.4759040396	13.544586898
654	39.5507785379	89.2448040395	13.7588220708
655	44.1861657992	91.6035127116	13.1240857175
656	54.132063108	94.8499441644	13.3955982062
657	63.257030651	37.4373485603	14.0152592158
658	86.1696397013	40.8351548744	13.4600639798
659	76.9572852507	57.0438320094	19.2756733289
660	49.5775898262	76.8128169822	13.1763741763
661	56.5501319291	82.9086108492	14.316040947
662	48.6635998273	100.071375518	12.8968253059
663	45.9376570072	52.8812014142	14.121538286
664	89.04034702	57.0911148221	14.2004748543
665	25.516705291	61.9153947963	12.9689097855
666	31.8697467691	63.7161469633	13.9537979695
667	85.5506272597	69.5225586613	15.2068179506
668	96.172142333	70.5756860479	14.4385934606
669	82.2229538224	90.8629418631	14.3101128388
670	69.7616265088	36.4130211363	15.820201895
671	86.2614162755	37.1522548595	14.3644060746
672	44.8764154826	39.6677185405	14.2305690771
673	59.240209321	44.4474344521	14.3978665247
674	93.2253863593	61.1581888203	14.6352701001
675	31.505479005	71.154136574	14.4226663117
676	32.6737074495	78.9555457601	14.2028156945
677	55.3200595132	40.1543833417	14.7362209981
678	34.0394136489	46.2783893952	13.9894551845
679	81.9976737854	48.9948487744	15.3392028412
680	80.8976365458	61.7534702538	15.6729124619
681	54.8756335645	89.9372285006	14.687049978
682	44.0249904747	34.604567327	14.0509944236
683	68.1604378799	42.3936748881	15.6732484127
684	72.5830954912	46.5290457528	16.3265030355
685	45.0560680529	59.2204483242	14.5999518542
686	85.6874132538	63.2332318715	15.3288582485
687	71.0233668073	75.1584005413	15.9007997656
688	69.4759667755	96.1036539967	14.1737200102
689	42.6841171162	97.0280826461	13.9063834918
690	50.7621919211	49.5724451842	16.0650512954
691	61.6973082583	51.8681208618	17.393210541
692	44.2254372322	66.3311105283	15.7751620471
693	26.4277352116	78.0982797628	13.9648018551
694	63.6582470113	79.2439338432	14.9922622837
695	51.7085377195	36.0363858022	16.2095343002
696	58.06548402	35.3972716207	14.0761487534
697	38.2375296571	41.6884883194	15.240314316
698	74.5747718853	42.8902195668	15.8277130149
699	52.6028293082	44.185233093	16.2857500331
700	78.4263620615	45.3389902548	15.2144555277
701	71.5325956447	68.8328492751	17.9368729507
702	91.2289401911	70.5492009259	15.2634947624
703	26.2448121575	70.8424426261	14.4918918715
704	91.8238639984	79.983578802	15.9439010888
705	69.2984319705	84.0102651793	15.8310382605
706	87.9121245073	85.0968832516	15.8026401343
707	95.1704022646	85.5848302045	14.0086562559
708	54.5699722178	28.4255309584	14.6027440431
709	95.7519937183	41.5028074719	15.2207912174
710	40.3115364118	45.2347513371	14.3859233449
711	89.492307118	65.7917187003	15.8741350994
712	57.3132156267	76.6573207116	15.4483458668
713	44.846603073	78.3674840397	15.8408354407
714	50.8893528585	86.8629463624	15.7793638598
715	60.4707723032	100.617673665	14.3520715002
716	60.5993311461	27.1410943302	15.4365300082
717	92.9385036116	38.8550432989	15.4640550782
718	26.9547332543	65.7426576977	14.6029664055
719	100.93738468	69.2760005847	15.060386945
720	30.3106074034	86.9531065042	14.7515543145
721	36.2689796313	92.5618976382	14.801416595
722	85.6490484073	48.0634379852	17.7864361193
723	93.0892589481	49.017144053	16.5742374133
724	39.5614853749	54.7464417384	16.3894202484
725	50.6849518653	63.206730538	17.0063630614
726	80.0454269159	66.5494452543	17.0338373719
727	48.5203365485	82.2797673465	16.5215996715
728	89.3613311724	91.2252576149	15.543214265
729	59.69904422	94.7640739314	15.9803331124
730	73.008242878	99.3358654454	14.9076471604
731	34.8935300844	54.74341185	15.6433041822
732	95.62293996	56.826071817	16.5005455887
733	30.1982693393	54.3067466012	15.2735291714
734	70.6443614967	54.7224995026	18.3720073777
735	63.5265982401	57.3173929241	18.5660823522
736	101.348641898	63.5329907223	16.4102105941
737	65.9943093097	71.4768805993	17.5881084812
738	89.8700936388	74.9732968401	16.7084342353
739	35.9126554121	82.8389662368	16.0942098121
740	49.5810541564	93.043656049	16.1625470486
741	68.082066198	26.4246650822	15.1895044535
742	50.7077976496	31.4646210017	16.5854252793
743	90.2798985129	42.265690196	16.571976008
744	98.4852720418	48.2978542298	16.7774604341
745	36.8202797686	70.0320578595	16.8991234178
746	41.4912788736	73.0882271555	16.0211486232
747	94.4777990866	74.2645446144	17.0471753415
748	67.7092174151	90.4633636954	16.9447932002
749	81.8014928489	34.2235643313	16.2088451544
750	82.089652527	43.2138791038	17.5920036267
751	46.2550219038	46.0633482233	16.8741231566
752	76.3014414539	62.7982360814	19.0337526012
753	59.605661533	80.957640142	16.9805855436
754	58.1155731457	88.9501249671	17.0786388854
755	75.8525805399	92.6193164302	17.2993932986
756	67.2855397129	100.203491814	16.0126899924
757	52.1157979113	57.0895902522	17.6673556738
758	34.2584663006	60.798642724	17.347606914
759	56.2430187995	62.6718770147	19.2155129252
760	97.8605728599	77.4939348235	16.3415536534
761	28.5808244597	80.8691634298	15.9725456551
762	40.9734567176	85.4236550777	17.3577173482
763	75.8622308963	85.943517288	18.2854654057
764	45.4631613919	89.60161126	17.3403481
765	55.6070776813	99.1792195635	16.4285116317
766	100.195338691	56.1580865287	17.1277929965
767	82.1996995099	77.9587826078	19.2889683648
768	81.5987635553	88.8781775376	18.0519818934
769	81.3116395293	29.7909940446	16.7231919357
770	65.9339429569	32.7638516707	18.5620672011
771	74.6469800786	33.465014106	17.9200779172
772	65.8865740444	47.2826196073	18.4120667522
773	45.412289979	53.6689504951	17.318612555
774	53.6229901164	80.754065076	17.8069980861
775	64.2333142819	41.5500560176	18.4681352008
776	63.0763465688	69.7084969926	19.9383153045
777	75.4816506605	79.8506499844	18.2032271409
778	49.2497163572	97.9052386062	16.8582753115
779	90.6688463326	55.8177819471	17.5949049174
780	85.2413040151	58.0823456681	19.1267036431
781	41.8946477646	60.1387640554	18.2517764279
782	81.4750374144	83.3104692026	18.2355936519
783	93.5574053238	85.0554203519	16.9018866442
784	54.608432164	93.2107173429	18.0216534643
785	78.4279078993	96.9413312884	17.3185846397
786	64.299546976	36.3191131827	17.4745925478
787	45.3684278027	41.2633883504	17.7930045021
788	57.2211327641	47.1968823627	19.411268024
789	86.1133712746	53.5490516814	18.6995667456
790	30.1194233984	59.8205355008	17.6756810918
791	47.2514523235	72.2767660408	18.0286982883
792	70.6329307913	85.7463521247	20.1449017346
793	69.0405818112	94.009266628	18.2322857834
794	88.3435210784	35.3388455767	18.0694475577
795	69.0438683301	39.5067798478	19.0470774434
796	75.8873582884	39.8646310774	18.4667787398
797	41.4061688613	48.3418974513	19.1928227821
798	88.4906948947	62.8634622087	19.5050536999
799	40.0962856979	65.3278475734	18.9298274466
800	35.0353602003	66.4342943116	18.7339955558
801	49.8664672697	77.6544018125	18.2791470247
802	44.6289952779	81.8391559749	18.7188342346
803	63.7009225737	87.4212920982	19.0823736976
804	74.2100983128	28.6115890735	18.3722682743
805	72.4702222634	57.6920012914	23.1568929855
806	93.6762194303	68.1907270463	19.465783478
807	51.7680903165	68.1092513715	19.1363391552
808	36.734121366	75.8236612248	18.8342693609
809	52.8890180812	85.9952607433	19.2200110669
810	43.1342316679	94.4610228258	17.8971156091
811	54.9663435764	40.9433701647	19.4927143113
812	47.0333366492	60.7683639556	19.5326991887
813	66.7053893075	67.304779664	20.2178282362
814	58.2721956667	67.3675431671	20.0447694846
815	29.9739478299	67.528924631	18.96632126
816	86.7513371268	69.4762545025	19.4811503802
817	59.6708580642	72.9142033469	19.4853090595
818	59.4377593678	84.1569211278	19.9691253625
819	83.3690456284	39.536505179	19.8333743283
820	62.7222189987	47.5272320855	21.7686574703
821	35.3735046999	49.1466360398	18.7608100029
822	54.4602197093	75.0649273081	19.3396487559
823	68.3832793112	77.3915645655	20.5020281304
824	37.7241907964	90.8637293383	18.4310360039
825	83.1538980788	94.0901369901	18.586939958
826	59.2891997847	34.9427297764	19.8034651717
827	94.3259983327	41.6261641676	18.1364776616
828	76.2077789371	43.3832454079	20.9484925461
829	53.3891713521	52.4615611143	20.159640637
830	71.2632541949	64.8210867488	20.9192545381
831	30.4344519855	74.1816772495	18.8996400968
832	40.5320273669	80.022437395	19.6861623708
833	64.5160734195	81.2739687172	20.0316334276
834	61.3141209347	41.5737818105	20.2396644234
835	87.8050655519	45.1044761402	20.5263731045
836	82.4662042587	60.2067360371	21.169647995
837	33.5850776734	85.2377041428	18.7952675946
838	42.3912464883	39.3025195019	19.6094373682
839	71.7231832168	49.7590043426	21.0362093828
840	91.0604055261	50.8832642422	20.4008772711
841	43.7471518151	52.5968954946	20.2106713497
842	66.1476815385	61.8257193343	22.8153434783
843	94.0069442221	62.6221649847	20.3137025461
844	52.4688542621	72.7542082486	20.6941882846
845	85.3015919535	73.7276998476	20.7780643988
846	78.5845836954	74.4588112546	22.267191212
847	93.5659224249	82.8465282111	19.8380860319
848	85.9780040113	83.2333984532	20.6398190147
849	46.715001849	86.9306357369	19.9429251506
850	72.1555046511	97.2226285184	19.9644213178
851	47.7625490739	35.4910155911	20.0510073766
852	49.2312887531	42.0756993891	21.1836182438
853	81.2642439921	54.4480329082	21.7647945504
854	58.9313427212	79.0055237776	22.2258310595
855	70.3550029498	44.1367289769	21.4893736765
856	99.8153644549	62.3357150254	19.5955557962
857	88.2116539919	88.7153676593	20.3629540578
858	64.9891262436	29.2167293089	20.6094205612
859	69.7873440217	29.6660131849	20.5229813266
860	55.0377687438	31.9654122697	20.7035721213
861	61.8272521528	61.8462157868	22.4219224499
862	37.1491697279	62.9193482372	21.011647696
863	53.0122690671	89.7659448943	21.0014880565
864	64.8418447208	92.6716990646	21.1096374744
865	94.8349961181	45.6832537066	20.9606141522
866	92.2466567035	72.5437430145	21.0082441261
867	48.7274358802	77.9303141417	21.5517831642
868	78.9268624958	48.7937934291	21.2359760427
869	97.4936043809	52.4925944481	20.6647868026
870	92.4724455664	58.2484276811	21.4421446559
871	82.297126789	65.4824356869	23.0956181776
872	88.7863679478	77.8862287174	21.6767273272
873	60.1189498428	92.0145325841	20.8722945693
874	60.6199787759	97.9151990771	20.7042368444
875	38.9776270728	45.9812813177	21.3921126652
876	66.9861313073	53.7412556149	23.3900088189
877	45.0094894246	66.2705196526	21.942035181
878	98.6281018681	68.9343017808	20.5177573749
879	97.4112197684	74.2235815601	21.0430178925
880	73.7784166563	76.2318168829	23.4371359851
881	33.0633120981	78.0080634595	21.2986424699
882	80.9272772305	86.5546853438	21.8891569009
883	52.8651700038	96.0435510601	21.1324998605
884	66.9744386765	97.5255275415	20.9803184331
885	80.7224272929	32.5158798785	21.1831714306
886	78.3253963171	37.9634071387	21.7772939044
887	56.2777767825	38.254597772	21.9773562299
888	33.906566032	55.0523201727	21.3686073031
889	64.7745469835	75.2431058483	24.4659534162
890	40.450816297	89.0118117846	21.1165653964
891	72.2074980757	90.4559499042	21.8458498182
892	46.7291451341	93.5059591871	21.1703559911
893	52.6143422268	48.7527410849	23.3841399956
894	38.915878669	57.492478932	21.7140766475
895	39.6912181685	73.3147057281	22.3913461948
896	88.9542725096	70.8082691824	23.4320951681
897	75.7195612646	71.1497720487	23.5082887539
898	94.1564011689	78.8937835776	22.2782918794
899	54.3697828011	81.5204636096	22.0936724201
900	76.2816984344	81.1920602935	22.9542104602
901	66.0504042737	44.0971726523	23.1145780722
902	48.9583708247	56.5353497222	23.4126068454
903	45.4174184605	72.2678608242	22.7885528096
904	59.2311460166	73.7969435639	23.7734927181
905	66.7917687803	87.5666500611	22.3358223243
906	61.3935946872	31.1608117429	22.1241592564
907	68.2652135038	37.1509124165	22.8917764445
908	89.8942116458	40.9991377195	22.6349668505
909	43.6062507012	48.0102700766	22.4532964592
910	60.0759062241	51.1278572121	24.6895624784
911	76.2871824212	52.1679560118	23.9173495457
912	88.7291773602	54.1049595959	23.1604446935
913	50.9184241719	60.239479197	23.4999652211
914	62.3715121252	37.5018978225	23.1601509897
915	46.5512600403	53.6353591932	22.9489572066
916	57.6648718568	56.19876244	23.6342499094
917	97.651238733	58.5272411527	22.6198894914
918	50.8752978147	64.5852750051	24.2547243177
919	43.302379669	77.423717793	22.7153639197
920	85.9578051765	37.4210212861	23.254053715
921	57.8914451116	45.4590998437	24.2145722277
922	50.2885869911	51.4477407391	23.3772042743
923	97.3462560265	65.8438619111	23.0034233083
924	89.8272754146	66.1668026374	23.6654056107
925	37.3566676149	83.2562505583	22.3648765877
926	50.9425193961	84.4356857823	23.4117734003
927	45.1209311278	60.145938471	23.1627522247
928	51.3273806083	69.1820753592	24.3205472961
929	33.5251839856	68.7843177215	22.8960272028
930	76.681982001	94.0177052545	23.2692969258
931	72.9594854624	38.8312760626	23.8565125913
932	80.4373649582	70.0900401151	24.4875622171
933	69.4545458853	79.2505334556	24.6065662498
934	47.1948819352	81.0769332149	24.2337067722
935	73.6156881415	32.1906207211	23.6467257135
936	80.7988387022	44.0921348983	24.2789003255
937	61.943979476	54.934393746	25.6580725857
938	54.1180549721	57.8920497194	24.4854450278
939	33.2910125333	61.5232719129	23.0544234748
940	70.1679112251	84.4420381687	23.795200948
941	53.596432268	75.3712184884	24.722072418
942	90.1885999545	83.9489033372	23.5181336161
943	56.7921921759	86.6701310131	24.236699826
944	77.0429650529	86.705574838	24.4734210223
945	56.3725094682	34.0657235957	24.2633424535
946	72.9719583839	47.2251293667	24.6932106076
947	38.1119450182	51.5922818656	24.3462102711
948	95.3855778432	52.9291977529	23.8161627836
949	41.4393329621	68.6766445251	24.5671297918
950	70.1020357153	72.1353910589	26.2348423156
951	65.3693289904	81.7369862334	24.7575840826
952	42.7148119198	86.1483140669	23.9742839874
953	87.7750697703	61.7610213307	25.4138369321
954	77.4261462029	67.3811830537	25.5966435031
955	72.3537924224	68.8936026801	26.0634810749
956	85.2099009688	88.1983471114	24.1270157656
957	48.2510222474	90.7671282152	24.2365536716
958	80.5039304126	90.8899019207	24.8012772168
959	50.0673466523	37.5119030918	24.3860170414
960	44.127797714	42.4340636947	24.3272826972
961	68.5930584889	48.9877491208	25.3176994629
962	63.1331850159	87.1772482547	25.3794070607
963	52.238651658	44.6007357845	25.4159608619
964	92.2929869837	47.3319335159	24.8079127363
965	47.1077561583	49.5014116594	25.6743950051
966	70.2042108224	58.769565726	26.7118655833
967	78.141790603	61.66751233	25.7882552666
968	59.0370547906	63.3078390841	26.325902329
969	41.5643885362	63.8454208831	25.2468572521
970	63.6172329261	71.0032619311	26.8919513353
971	83.3863867438	76.1814810282	25.8574191751
972	72.2804337923	53.9241559626	26.0121665352
973	69.145759476	66.488455764	26.829195762
974	85.5265612631	69.1408704154	26.4548737545
975	95.5491309461	72.4996968215	24.4442783549
976	70.4063715273	88.4392494293	25.3596229518
977	58.3835684453	41.5102845756	25.7392117061
978	56.2364477349	54.4891120426	26.8158695791
979	85.0801483746	55.1952041335	26.2930795491
980	36.158374109	56.8392002417	25.1458416505
981	57.2376351774	71.1409236408	26.4250327405
982	35.9753256335	72.9579018977	25.2079940144
983	55.0446138575	92.9235471126	25.1884430235
984	79.6368279648	35.6728007997	25.4485067607
985	43.4024625782	56.1359360539	25.6682920345
986	62.3043882235	67.4013463574	26.9439958737
987	70.5846225673	94.2174462484	25.4556436335
988	66.362314519	33.9867409223	25.9596775564
989	66.4802982321	51.1459265589	27.2963571757
990	84.1645385156	50.4815176834	25.5242234465
991	70.896258862	42.4453269657	26.8293914509
992	92.5667006403	75.6007184423	25.8987922083
993	38.7851684978	78.0635408048	25.7358431356
994	80.2165049947	80.2126603428	26.0369856045
995	62.124307304	94.2623023137	25.7197200699
996	84.0286225576	59.9186253046	27.3601393226
997	88.3843680306	82.1241819292	26.3165218089
998	75.439727001	84.4929319653	26.8079502738
999	47.5760763382	86.5261661526	26.6860992272
1000	94.349304252	56.9061115682	26.1995227629
1001	94.1853815579	63.0273112764	26.2880477025
1002	74.0639964193	64.0221097867	27.6395900612
1003	35.9347188916	66.112683537	26.0584597518
1004	48.3380152882	75.5061909422	26.6817784247
1005	52.7653829632	80.0387668598	26.856202849
1006	64.1759927508	42.6585999094	27.1284795315
1007	41.763137596	48.273403004	26.9007660027
1008	55.5618727069	64.035852098	27.3644497275
1009	58.0069559673	82.7216846645	27.1800484407
1010	78.1652119599	47.4289177289	27.2854183422
1011	64.9222625097	57.5152350067	28.7069498184
1012	92.9358167503	69.072481506	27.0098142955
1013	53.0199369873	39.1809940199	27.2200013805
1014	83.8789197	41.3922199434	27.1775658187
1015	87.0877792969	44.2966936016	26.7995487945
1016	89.3108168266	49.0729616867	27.3761577381
1017	91.4442241211	53.1712434033	27.4938744802
1018	60.0768192004	59.5101340086	28.8711105316
1019	68.3686343477	61.6673773163	29.2008378904
1020	43.2400549761	81.2960967237	27.2865521383
1021	73.4824366848	34.6318396078	26.4736293517
1022	64.4469684071	63.6083256422	28.6492367426
1023	73.4478439714	81.315277008	28.0025213651
1024	63.0245935299	83.0084338319	28.1131606234
1025	69.5312275676	83.2959688139	27.9776762423
1026	52.5647406747	88.6547395055	27.2656027059
1027	59.619338057	35.9830263147	27.1408338694
1028	48.10548884	66.7032393604	28.7852169139
1029	53.1800380795	67.5204944182	28.5965993457
1030	48.8278423276	71.7986139117	28.1815758187
1031	47.4067352965	61.5942354454	28.6703619633
1032	40.193473392	53.7031037542	27.8904599816
1033	50.9986427819	53.9189804201	29.0531980931
1034	37.8320009124	61.0408840774	27.7633691865
1035	89.2492173182	76.0146233774	28.0061485992
1036	83.2862186646	84.4893607664	28.2625883662
1037	77.0647489073	39.2328564791	28.6728883925
1038	47.1704751981	44.2778518769	28.4039176894
1039	58.6260371004	47.4117377898	29.1751573846
1040	79.9586729063	56.1378335284	29.157052392
1041	74.6911067012	90.9579432655	28.2056209774
1042	55.6721313093	49.7020994272	29.284974941
1043	38.7768775841	70.7438323261	28.0901119312
1044	77.6208933205	74.4170958093	29.2014716066
1045	43.0315942579	75.2561560919	28.874922263
1046	59.2396668617	77.7067635932	29.2701360866
1047	64.9184507433	91.4601894825	28.4270191108
1048	53.5939754065	72.7271671251	30.122892699
1049	68.9657374201	37.6443912789	29.3289130629
1050	90.0200253001	58.0455064485	29.4181969622
1051	70.8505229539	77.5743720763	30.0804731572
1052	59.0004200603	89.3389465335	29.3699924749
1053	61.5438712426	39.0539840935	29.6869080038
1054	84.1748207248	46.3724495947	29.6271659686
1055	81.3395327459	67.0345475475	30.0526348136
1056	64.9379793139	77.7264969083	30.4872849944
1057	76.7563934261	56.0088134707	30.6059497073
1058	90.0544851773	68.5912233999	29.8678047333
1059	69.4610302705	89.6062134672	29.7995515725
1060	65.5556941622	46.6907851518	29.4823618393
1061	72.4368465363	49.5714846033	30.0913349081
1062	78.4950945629	63.3657930427	30.9284337391
1063	44.1675907533	50.6440892349	30.1329124358
1064	90.5917086058	63.5006622683	29.7350678674
1065	60.462449909	74.0064640829	30.9415318126
1066	85.9389666451	78.0145237733	29.9842575878
1067	49.3422016502	83.6365617534	29.8134875946
1068	53.9863530401	86.3387293998	29.9329539154
1069	77.3219196797	87.5916220328	30.0928434802
1070	54.2946190496	42.7301969824	30.4526925302
1071	86.8293226641	51.6495201204	30.5799193105
1072	54.5071105287	57.898362182	30.9625525533
1073	43.766234413	71.6171628889	30.7059387547
1074	41.3586521052	64.6852011199	30.7169859081
1075	61.3379490829	53.5072286399	31.696421166
1076	40.8921480715	58.9449166196	29.8911828002
1077	75.1864654215	71.4336040083	31.0166146971
1078	73.4279405481	41.1531237688	30.9300607397
1079	48.9315710866	47.0527798647	31.027186518
1080	69.0750297689	54.4821145403	31.9532646381
1081	80.9364657709	81.840918547	31.297065896
1082	64.7385961453	41.2772195959	31.6345208775
1083	44.9644929404	55.4785825389	31.4984759804
1084	87.3040186773	73.1839576107	30.7266523442
1085	67.1800150504	72.2625385081	31.9651948424
1086	48.4701795836	78.1984459585	31.6443092611
1087	54.2252061156	82.1954661663	31.983943205
1088	82.9187523382	74.6431840977	32.3355222202
1089	78.2360245863	44.7134999185	31.5306091761
1090	86.5003632051	58.1970170806	31.8866343881
1091	86.4392030772	66.803484364	32.3111213322
1092	66.7948459647	86.8715525232	31.6375650517
1093	62.5519322351	86.9550850188	31.6762507188
1094	72.9986494417	59.8916201507	32.5254520697
1095	57.7533105782	63.9341168627	32.2914698692
1096	72.3722443625	67.3660042147	32.5501148672
1097	59.5034579658	68.4104736998	32.2079080839
1098	70.1855078812	44.3028888465	33.0270562996
1099	57.9984684552	44.8646218366	32.745859019
1100	80.0544299445	49.4939867586	32.8073352856
1101	65.5775764496	68.780396682	32.8141480953
1102	71.3088120238	85.4027771633	32.3672361529
1103	45.8600670916	68.5590059028	32.4749956133
1104	75.9071315251	82.665533322	32.8287371886
1105	59.1374165921	84.9298953231	32.2402312431
1106	68.8589269849	65.4295181607	33.1998631149
1107	49.9364231226	51.436230265	33.3179672274
1108	82.2322013504	53.3094613372	33.2623247347
1109	64.1372597335	61.6452164593	33.5430526538
1110	46.1590047918	61.3305400492	33.4688384978
1111	76.8334832319	77.0758708531	34.2349925444
1112	48.9125526932	67.3141183399	34.0876315064
1113	50.5206886452	73.7516806902	34.0179817083
1114	64.5141372385	82.3435204386	33.8595493334
1115	53.395252954	49.6352122787	33.7770841842
1116	48.9177908855	56.5222798227	34.1006821076
1117	82.2011018528	58.2754308716	33.9822598859
1118	83.396731674	61.6702053494	34.224011529
1119	62.2224397435	47.1574409493	34.4047258032
1120	55.028718438	77.8760440548	34.0949890769
1121	64.7932094981	44.3477921076	33.8511339392
1122	73.5099712088	47.7015339665	34.7486648681
1123	72.7158029872	80.0160858096	34.5697148614
1124	58.8619164069	80.4811519152	34.1865139393
1125	51.1259850522	62.006075592	35.0010379467
1126	82.9835648412	66.8988423373	34.6615029664
1127	80.4627592754	71.914426481	34.5712280884
1128	67.4045977277	80.0307016538	35.0005686391
1129	52.562056061	70.508761302	35.5960272004
1130	57.0435918133	73.3064949828	35.8038588084
1131	68.8116573759	75.7579731009	36.0399435196
1132	59.9177533799	49.4531016049	35.6287300564
1133	76.0978109412	52.4389214089	35.5798360249
1134	66.2611245045	50.1903537902	36.0427660944
1135	55.0938258027	54.5759735807	35.7439246524
1136	78.5629246496	55.7938596323	35.8642938968
1137	70.7908782772	52.1839706165	36.6707759941
1138	53.1927417369	66.405820867	35.2492456207
1139	74.8380322553	72.1679808891	36.1134124791
1140	77.1303357507	61.0148722937	36.5744148232
1141	77.8470408274	66.4650445341	36.3976156734
1142	61.8449573032	75.7697598836	36.1902139138
1143	54.4443718488	60.8548998097	36.2827842104
1144	56.3668565217	66.5035583212	36.7751911429
1145	59.8658600703	53.9308094983	37.1731661094
1146	73.2117232994	57.1028764449	37.2504096422
1147	64.8228336882	56.8154432938	37.5989115405
1148	58.5404792529	59.0350239345	36.7531657414
1149	60.406091597	68.4996881182	37.4558455915
1150	63.8362348369	70.5140807966	37.4158372064
1151	71.1878910266	69.4872800028	37.5333372704
1152	68.9215684017	58.7155860186	37.7905568764
1153	68.2960488401	72.0422991607	37.5098341169
1154	60.4537287964	62.0328737851	37.7833756792
1155	70.3810907703	62.5460389804	38.113147914
1156	71.9505967558	65.2741192222	38.0461397078
1157	66.3376399101	67.1262358046	37.9931787567
1158	64.2890148961	63.6848542646	38.4243155106
