2
3
4
5
6
7
8
10
11
12
15
16
35
46
48
67
77
88
97
103
110
112
128
135
146
157
161
164
167
168
169
170
171
183
184
185
190
194
195
196
204
205
208
209
211
218
219
224
233
234
238
240
241
243
244
251
253
255
257
264
265
270
275
277
280
284
289
297
306
309
314
315
318
323
324
326
332
335
339
341
343
345
346
348
349
353
354
355
357
358
363
364
366
368
369
370
377
378
379
380
384
389
390
391
396
398
399
401
402
403
405
406
410
412
414
415
416
421
427
431
433
451
459
460
462
473
477
488
493
499
500
501
504
509
514
515
516
520
525
528
535
536
538
539
544
549
552
554
561
564
568
572
573
577
578
580
586
588
604
609
612
619
629
632
633
635
638
640
643
646
652
655
658
659
661
663
665
671
672
678
682
693
696
698
699
702
703
704
705
706
708
710
715
719
723
726
739
740
746
748
749
755
758
765
770
771
772
775
778
779
780
781
791
794
797
798
799
801
804
806
807
810
816
819
821
827
829
830
831
832
834
840
841
844
846
847
849
850
852
855
858
860
862
866
867
869
870
871
872
877
878
880
885
886
887
888
892
894
895
896
897
903
904
905
907
909
910
911
912
913
914
915
916
920
921
922
924
925
926
928
929
930
931
932
933
936
937
939
940
942
944
946
947
948
949
950
951
952
953
954
955
956
957
958
959
960
961
962
963
964
965
966
967
968
969
970
971
972
973
974
975
976
977
978
979
980
981
982
983
984
985
986
987
988
989
990
991
992
993
994
995
996
997
998
