1	54.4733253458	55.1648131461	25.4461617446
2	32.6435394495	6.4563552193	2.51013286975
3	38.3766463256	6.12832992369	1.70050342494
4	26.2679042132	6.52749752125	1.01683986583
5	22.0143950874	9.72735329583	1.24899286786
6	16.9020404585	10.0527770946	0.518523789549
7	41.850358812	10.8691991667	0.498340561783
8	14.7122910562	14.4393772249	1.63541913197
9	25.8615095472	15.3957731479	0.635700746467
10	70.881546302	15.9605851649	0.571772984948
11	45.1666190526	15.4479737832	0.628597708288
12	55.6601350441	16.0760326998	1.112901168
13	31.0723736936	16.8708572334	1.11610346588
14	19.8256285989	17.1179265758	0.44798901947
15	49.8264023356	17.1382773546	1.32938426743
16	81.516378965	19.2271355098	0.811534173552
17	51.0549962115	20.2808133504	0.5894637962
18	71.7997207714	20.6264552349	1.68045444204
19	21.0391060297	21.2103813411	1.09638027759
20	36.0873704966	21.5116903719	1.02265362019
21	47.9171553896	22.837147256	1.93630643636
22	43.7658722134	23.4532656169	1.21155163605
23	26.1239209452	22.8412077151	1.80539877324
24	62.3705423571	23.8107798528	0.845829445933
25	32.2700861765	24.2872569887	1.53370463667
26	57.677819993	24.8805461088	1.98357887038
27	66.7494823305	24.9999470572	1.61479227016
28	83.2492166301	26.1952691214	1.20157330472
29	16.5909284761	26.2494878397	1.44700571734
30	76.9355078947	26.5136566433	2.57417172686
31	36.035037795	28.324606803	2.06275219463
32	23.1350191304	27.6713935706	1.60940892751
33	61.5030207166	29.0531996186	1.54856671905
34	71.1805378972	29.4877644171	0.996286570851
35	3.92733643186	30.3297127268	2.11221473436
36	51.2740643357	30.3752073816	1.51791842273
37	40.384377087	27.5342831914	1.97916173217
38	13.5511593578	30.7190707119	1.11021739269
39	21.161910187	30.853890162	1.95139417422
40	81.5164709921	31.6565217356	2.55647506269
41	45.0975530806	32.008223273	1.19339765219
42	89.5016621898	31.6721407708	2.39202172973
43	57.1901958918	32.624713162	1.13667092853
44	70.0457290301	33.5897815625	1.33832593786
45	93.0773030394	33.6496250818	1.15570608219
46	0.76427964084	33.5357807394	0.654107899415
47	37.9421349452	33.6889444365	1.28777849489
48	96.7505481748	34.6089292573	1.45135039267
49	51.9252143541	35.6264498744	2.61413712159
50	47.1079123555	34.5847140139	1.05150837962
51	15.6892461111	34.9172076194	1.71366263997
52	21.7019139744	37.1363393411	1.63243436852
53	58.1438286586	36.498177348	0.750385919873
54	65.501057452	36.7745646372	0.78749622728
55	76.9220172589	36.737132747	1.55970656221
56	90.0749649887	37.3292064903	1.18611168171
57	33.0196372026	37.3453337282	0.946503709627
58	51.9668622524	38.3199482547	1.23256187237
59	80.7954205103	38.7226069135	2.62161152701
60	40.1928787218	39.8190890965	1.93285420776
61	16.2336701658	39.0015485821	1.24155958422
62	45.193611825	39.5633898365	0.989412601938
63	57.9616920593	41.9785431526	1.38450480642
64	85.8053221635	41.6807283436	1.56094967343
65	31.4411279854	42.0919688856	1.51202739161
66	50.3254397024	42.7097043677	2.22161735981
67	1.32039502783	42.9053011211	1.49422202319
68	17.502016098	43.8571826246	1.24512923927
69	91.4322993318	44.284730975	1.57389467948
70	43.8111458687	45.3006245775	0.914223013307
71	68.9606367696	45.7286191732	7.35168795384
72	76.7779926443	46.8513988092	2.34849230401
73	97.4189581803	47.1064078286	2.02030318739
74	58.1152998769	47.8461830514	2.30336123491
75	15.2647941291	46.7969695006	0.984017159067
76	27.0664416043	46.8734550741	1.14998720095
77	101.560873997	47.2679752521	1.74130439375
78	31.5992464191	48.0871640439	1.83083949965
79	82.3005941086	49.4173607538	0.966219852708
80	19.5265943987	49.0281675419	1.55400897749
81	90.1732512226	49.0874826296	0.615048032636
82	43.6433282991	51.5591822414	2.92774976026
83	72.2979895913	51.6991513404	3.74553086028
84	94.0703756963	51.406217057	1.31439621578
85	65.3197546878	53.0121193938	3.5880077766
86	16.0788154218	51.4853691402	0.824369265276
87	87.5326405448	51.4359260886	1.66554827196
88	8.3987001635	52.167747917	2.06730475424
89	78.3067134711	53.2972843353	2.49374400767
90	25.6580191569	53.8206207521	1.18082313347
91	56.4397854739	53.9663068347	3.64124300981
92	32.4120825271	55.473862676	2.24159952839
93	83.9206898354	55.3230567377	1.43851980467
94	90.7593106107	55.7861787189	0.64672770471
95	37.7610277584	54.8103482544	2.68168054504
96	19.8428020266	55.0864345357	1.75387532683
97	12.7648546042	54.6005141881	1.67689378744
98	76.3206332477	59.2611877612	5.50270465213
99	59.0860166547	59.8955178086	4.28503610236
100	68.7623713609	58.8587228714	12.3969692552
101	39.5946135319	58.7540615584	1.34242613081
102	79.7521515167	61.321421535	2.6289985591
103	13.0616240389	60.260237633	0.837508341667
104	35.9226972274	61.4112120795	0.718184338505
105	95.7174925022	61.4320810007	1.99873231428
106	31.7116290223	62.6855843893	0.975208008913
107	26.5882219957	63.1983769616	1.26564302085
108	73.3072769179	64.7561378341	2.94895942484
109	48.3992824793	65.2465114316	3.50329238284
110	102.220597226	65.9041750231	1.25478586742
111	90.8855641743	65.3620566077	1.26066160936
112	14.4697495539	64.9332819465	0.520675470881
113	41.7555607095	65.5194470223	2.76150999369
114	61.6568597279	68.7739131856	2.68022373708
115	81.3336608392	67.4082724109	3.98752074406
116	86.8728538714	67.6314591705	0.613957507884
117	20.4165680365	67.7272424499	1.30575810587
118	68.8615806056	69.1509796308	2.18362479846
119	27.3901741563	68.3855646809	1.9045505616
120	36.2876149214	69.136432993	0.814159281601
121	51.1589311896	70.2121536093	1.35488528172
122	33.5225973353	71.6635818811	1.70421078639
123	41.2701169149	71.7749371608	1.46131051981
124	84.8325683218	72.2392063559	3.21836039928
125	92.7337721806	72.0975397091	0.817835244321
126	54.2373937368	74.0798414384	2.32906312603
127	60.7377999568	77.1411139677	3.02672335517
128	101.004636977	74.3202189369	0.65159521186
129	38.6763129953	75.2209899359	2.09959071191
130	42.7947240076	75.0293779325	1.6454177296
131	82.4024118485	76.5436346551	3.34889325403
132	45.1077913985	77.0457253742	1.47584082922
133	78.5682092062	77.9138434108	2.18045834152
134	30.5851911429	78.5106762574	1.71878214701
135	18.9890365198	76.3074549225	2.3847409396
136	24.0018995663	78.74023703	1.43913541846
137	69.5193361686	79.3059187767	1.88498857604
138	36.1013654678	79.4632039778	2.6516082821
139	89.388286438	79.1560166986	1.18873008861
140	53.3327895054	79.8556688471	1.51036778965
141	47.2647776701	79.6046253523	1.93492656878
142	41.4404025871	82.1658819663	1.76269037554
143	84.9946814475	82.0449736122	1.34054895967
144	64.2914831121	82.2073806412	0.963064951281
145	90.4854603265	83.0295599335	2.18952908364
146	22.1523286672	83.9152526243	1.19633971685
147	48.9407380539	84.2427247861	1.07399233022
148	53.254339588	84.9314122574	1.12034235523
149	75.41979575	84.8500276858	1.47029330269
150	81.1820308587	85.7226096711	2.01452262793
151	32.1392412566	86.2296297997	1.95596837526
152	85.9693030133	87.1995290875	2.21810564808
153	67.3854064903	87.3521024768	0.978272254158
154	42.9809672654	87.969361581	2.53617728808
155	50.4193784497	88.0006176382	1.37256278825
156	57.0319750616	88.5325327698	1.89634747583
157	26.8456819023	89.1010524919	1.88985211402
158	35.9108292007	90.6145102356	1.09541169895
159	60.1193594337	91.7365367687	2.19480476364
160	67.9344350153	91.2979961129	1.8819022621
161	87.5977500509	92.4184258773	0.64645634918
162	42.4704288699	92.9436951051	1.6167875261
163	74.9163190807	93.4750580289	2.15999126437
164	31.2997311981	93.1521522976	1.23819382626
165	71.4193467023	95.4092229221	1.18590112783
166	61.1808396945	97.6422582945	0.74165779776
167	77.4548542877	97.6704537521	1.23514787394
168	72.8627721971	99.2944640553	1.62409661211
169	50.1565022758	100.281126632	1.45976155376
170	66.1835051151	100.687007279	1.94914673663
171	58.0066813221	100.728512022	1.79867057637
172	74.9648547347	41.5853692471	2.57183473762
173	86.5891122	48.4262350083	3.82563623159
174	22.6062150554	72.6136399718	2.78125910047
175	90.0667896016	75.8036879363	2.89153991843
176	65.7782969188	95.5054079181	3.50220322745
177	71.9701831418	26.4812985549	3.09085917887
178	76.1191106125	31.753459394	2.59313336832
179	38.411108888	45.521966534	3.28503083972
180	98.7465614724	55.1423389539	2.71758947752
181	48.0251139131	57.3792534488	3.53095610434
182	47.2699363146	71.6164731982	2.93908988149
183	62.5358987915	16.5918998033	1.96252047773
184	99.0446470295	40.356927262	2.08552276511
185	4.2355161632	48.0405473337	2.33840647301
186	49.6650946777	50.9975689449	5.83767999521
187	27.1068489569	82.9791174904	2.87569225097
188	28.6893232538	27.8810158329	2.0966522075
189	28.6629678551	31.6276269742	1.92233711696
190	101.902542192	60.2828351105	2.32828236801
191	67.9208011178	74.1152734633	4.74853254622
192	72.5813698283	34.9924759752	2.98656063615
193	94.7399789533	54.9775180126	3.33185278193
194	36.2470659981	95.0271989082	2.4958188979
195	37.7661705269	12.3084257096	2.53586369899
196	9.36215689745	18.6930978934	2.17441641338
197	84.3742435959	61.6837691192	4.54437388827
198	75.1823077558	70.7745337236	4.77929209914
199	28.5996119719	73.0541627358	3.31946484524
200	80.4588533848	90.9069477763	2.45427603543
201	57.5364223957	20.4586389885	2.76425785745
202	64.5797558	20.7335349988	2.51298937554
203	32.7992059625	33.1840767112	2.92620351718
204	17.0591128308	68.9671011546	2.06524121347
205	96.6718711288	80.0849754336	1.83497281672
206	62.7768757439	86.0821039487	3.06436678308
207	48.6696597192	95.4196335809	2.393747226
208	40.2856796642	17.6323048837	2.16572496204
209	76.0675042274	18.1671681423	2.65295927667
210	79.0884201582	22.9316815046	2.55921535499
211	86.7641122508	24.171621717	2.87375441727
212	28.511212947	37.0418811072	2.80345290869
213	23.1460656215	51.4859531461	2.96126618167
214	30.6399184855	52.6300809252	3.0829855603
215	42.5564236124	58.467184688	4.21488601061
216	56.0243859513	66.6897576932	4.37283432399
217	98.0935185599	66.7047466326	3.51643945708
218	91.3876156624	87.624757833	2.47713690242
219	3.78967425051	37.9082075006	3.06898055748
220	94.3714478366	39.5796918657	2.84245568419
221	25.6357955244	41.4241471186	2.52628107155
222	95.5344888238	73.3470483373	2.77458479755
223	75.4992487234	87.801085408	3.69235040482
224	83.1078216098	94.0716924571	2.39410277964
225	62.3583201324	35.0150907485	3.69848566058
226	85.2966655158	35.6760619298	3.63779352376
227	23.6651211556	45.4394088098	2.7110907945
228	88.0672737347	57.8094934043	3.43893056229
229	22.9369844526	65.3719992514	3.1954749723
230	35.5464829767	66.4934444484	4.38458872934
231	51.1092501726	91.0833505427	3.11658220335
232	56.5003540611	95.7712790639	3.32169368026
233	42.913975252	97.5415838757	3.33088584563
234	93.0218360301	29.2565558852	2.25302124908
235	70.6438918619	39.3274018494	4.79317311756
236	62.1038833683	41.561217058	4.58943944582
237	82.1803724251	44.343381459	4.49467108444
238	15.7503158564	56.0245716426	2.7198710939
239	79.7869708022	81.7445743231	3.99835322509
240	68.3933266567	17.2230071393	3.1060718138
241	44.0788632554	20.0350097564	2.65161892663
242	36.114885024	50.2942089432	3.9069327073
243	102.211694527	55.7719299083	4.2942855223
244	17.2767598522	61.8571483702	2.38743767911
245	93.8925677287	66.6933722534	3.87105551406
246	74.7594950841	78.5256340135	4.27896279249
247	58.6658384712	83.1500807664	3.90473147683
248	46.5509155194	83.7652206377	4.26820280415
249	67.5872825761	31.1402185654	4.30856806177
250	87.3456214571	63.512703193	4.83520539376
251	99.9157149488	72.2640243236	2.7682340138
252	78.9754958118	73.4621000964	4.68773230281
253	11.4538840759	24.5759945323	4.29234645109
254	57.5486326939	39.4502666727	6.28959071221
255	6.06562115697	44.3402258765	3.92195205449
256	26.6819954864	58.3495111769	3.73055798635
257	22.6093153058	15.730776699	3.85167956291
258	85.5453509186	29.3624188835	4.60807234728
259	67.0130158822	36.6249612076	6.70671544682
260	37.9403621026	57.963504247	5.94972615262
261	31.607657636	61.3507916548	4.81210418617
262	70.3566226327	83.9127408801	4.77193701763
263	39.2030878169	85.0572520256	4.37519922977
264	8.16016256614	27.8237246767	3.65420773574
265	8.20706100361	34.6689230774	4.56427207377
266	43.5298103781	34.6731616311	4.88705567984
267	89.0849329706	39.2961088037	4.82298372138
268	45.532530347	45.8373194342	5.6829622156
269	37.4255536338	90.1480489446	5.34201941971
270	28.499612971	12.2472708419	3.91787202876
271	53.7843043794	23.2337023687	4.58262642796
272	62.9154388106	27.043452544	6.51077119601
273	51.359193545	28.4301286694	4.3724115117
274	55.9148615649	30.2087650517	4.94339508547
275	10.6523666007	40.8550461715	4.25759302242
276	53.4671765107	45.3085875212	5.67843883407
277	18.2280525498	19.2465182854	4.27264749584
278	46.2901696819	27.5219473615	4.97898118888
279	46.8950941141	39.5585809665	5.5881801939
280	11.4751442923	47.9924731943	4.18068695348
281	92.5157756815	49.9653640241	6.05459858124
282	41.602155566	50.5378394118	5.86253609682
283	82.3427172141	55.3351633656	5.48364030115
284	14.994117786	20.9969872628	4.46364337897
285	69.9564417169	22.755453943	5.57421224578
286	61.3889489416	30.9272309803	5.44943369348
287	89.8975869195	54.9177663718	6.39073280762
288	52.2714802053	63.5915916993	8.00085444141
289	35.6233736863	18.9634043067	4.0893818213
290	34.7557311239	38.4172069466	5.66298870737
291	92.3709033881	60.8884000143	6.74950201115
292	29.3844782107	64.3887599226	6.13016573789
293	40.1758372063	71.2216469362	6.40687965657
294	26.1950662971	77.205255773	5.9390899664
295	42.0422287419	76.9995382507	6.25731100176
296	91.6220689227	79.6580647412	6.08197881387
297	50.8636768742	19.8030446705	4.58592303519
298	39.4866041682	39.331746101	5.63733376884
299	29.9830129123	44.2223715822	5.35061620721
300	61.1572961683	47.362238281	7.07980786803
301	97.9132277998	60.7413371573	6.14404012785
302	90.2788176176	71.9560505627	7.21965549077
303	37.0871287822	75.1053193655	6.09308650793
304	31.2177276389	79.3840002016	5.88808734599
305	66.0014423736	80.3137896737	6.34000549954
306	34.1072028884	13.6520601347	4.9704759212
307	39.4900128507	33.3788239971	6.36462397589
308	76.6361639583	38.2465620475	6.97074269513
309	15.5565325201	43.4912447536	4.96582058639
310	23.3928763344	57.5450252386	5.02184788736
311	49.2842522797	75.9921095029	7.41338939753
312	86.0492978289	78.6695653765	6.40338665161
313	54.6519934949	78.2897398656	6.05736012414
314	56.4835245463	18.2299953608	5.34026815548
315	39.4207701535	23.9784780907	4.98937701051
316	74.7738670407	32.8146914734	6.56812571445
317	81.2201340652	48.9042605175	9.21007427409
318	16.7307693757	49.1035737956	4.93221241978
319	37.8723520235	63.4037641544	6.38116584586
320	89.5107324092	66.672803339	6.92796833805
321	54.4374647655	87.4288623152	6.59150064794
322	68.7184089462	89.3809470888	6.88784511583
323	16.478481643	30.5900082943	5.80247470914
324	12.4041013528	31.8084171767	5.93889509207
325	52.1348052962	36.0776430431	6.42107215064
326	19.5311147616	40.8042582474	5.16505769167
327	85.5899084903	42.4170633101	7.22159727006
328	63.374787053	66.7171772484	9.10490453149
329	33.7205085047	75.3888681875	6.97848594266
330	86.9320310321	84.5484585247	6.93162081341
331	44.3994372808	92.4426367706	6.24081707224
332	33.1472278295	24.4776735627	5.51731668476
333	47.8919527109	33.3839660506	6.40323194076
334	90.4048192899	34.3159544657	6.9839419942
335	97.767784138	38.0099248657	5.95868786109
336	74.1336255644	46.1724625397	8.03208604064
337	96.3366981234	47.3363931255	7.33593207178
338	69.693251447	67.7829716983	8.74480986917
339	101.636402554	66.8506230546	5.95087869536
340	33.7714632488	69.8188824629	6.57879082294
341	95.4031699911	81.4645035989	5.84147186167
342	53.929120853	83.5982456829	6.74775911498
343	24.8420338696	85.2787836814	5.61384904741
344	33.286951748	86.1640650964	6.5182538415
345	60.4859618209	99.4707941302	5.83810646037
346	29.9421378713	19.2857408398	5.31164132257
347	61.2957964249	23.6347400695	7.77192596791
348	21.0391664245	25.3015367053	5.89235940479
349	14.8895727716	37.2178526264	5.70062504407
350	90.9244934179	45.4695829651	7.3598703302
351	28.3639499684	51.0098094192	6.75940157336
352	84.566146359	53.4974388158	7.91571160841
353	91.3229497502	86.7049288827	6.17989844714
354	70.892069246	97.7483349162	5.96197835049
355	51.9750861899	98.7521370147	6.22163913608
356	81.5257242146	26.8144437602	7.32268005333
357	94.4040645158	33.0411807326	6.57903866926
358	101.336194675	50.9754186121	7.22214928606
359	78.3862588971	51.7968104988	9.2389323394
360	85.881041645	69.5598571728	7.31768537597
361	49.4370869278	81.5279003444	7.52530752001
362	81.3573081732	88.7634838093	6.85807149056
363	25.9128986318	28.1176709443	6.2422147694
364	20.4614017094	33.5525540114	6.11126723873
365	57.67269221	34.7390045576	8.1244915951
366	23.4870468215	36.1542348807	6.07020619097
367	76.8418236052	43.157154529	8.08668258666
368	21.0771687193	45.9965922284	6.39759608229
369	19.9095763324	51.7038765733	6.32314182957
370	19.6769544372	56.741270552	6.05683292469
371	25.0601720087	63.7498651747	7.42401569808
372	79.1674409279	66.1526836238	9.78434479963
373	61.3236381624	73.3369940769	8.70401623627
374	44.723882903	79.4508316968	7.19689799481
375	35.5307810624	81.7314266745	7.38261608682
376	74.7095367153	91.8195047932	7.76771989591
377	76.4397931543	96.3925054974	6.37617451802
378	26.9380687934	22.2252043567	6.15560731195
379	32.6826899099	29.2240950532	6.41399728142
380	27.5758136514	32.1742334742	6.52874334645
381	64.6729620382	40.7895010111	8.17039036259
382	32.7186067047	56.1366505386	7.92196933188
383	51.6327639268	57.1943664337	9.59713009446
384	19.9227177556	64.0071982477	6.35954604667
385	26.4863457672	70.7152384038	7.93192713327
386	54.5555623484	71.0058730428	8.49082170637
387	95.0801176804	72.1303048978	7.18307986409
388	50.6482387002	93.6647204317	7.59676646151
389	65.0552868526	18.9771508797	6.94021005404
390	81.5932544991	22.0675554602	7.00256637499
391	44.8348363341	23.9458172035	6.60110820929
392	78.0793336733	30.9109686943	9.8760330711
393	94.1716146304	40.2146478735	7.93295852299
394	70.8069149368	52.8685667631	9.12584483873
395	48.2868608225	69.9594750233	7.71126576659
396	98.3668899111	74.8372038748	7.02839776482
397	47.3109159476	87.101320816	8.20617278062
398	24.8577001254	39.8960737145	6.83456970731
399	99.733661246	44.2423083608	7.4782140747
400	98.2100124582	55.4190000257	8.43602701731
401	22.5241246514	79.6338603302	6.84219837871
402	30.7233256082	89.8511119127	7.37588164465
403	86.1139649218	90.6727946413	6.99894124475
404	62.8996566825	93.5486085299	9.19361717147
405	37.6988670507	94.354708688	7.02502974139
406	36.9671635555	29.9503539864	7.21992592493
407	80.7906685128	36.6392084225	8.65125792972
408	57.3350814284	92.6028680207	8.20388074239
409	70.8504029219	29.0377705322	8.79181400496
410	29.2929485371	35.5093035319	7.56690822251
411	74.7674308707	24.7609333092	8.43325372752
412	32.4681830007	35.3438962056	8.0020167741
413	75.2457895196	58.6373886351	14.501981633
414	73.9709789132	20.0669542712	7.87908944783
415	89.1086490942	28.2994666684	8.29758705799
416	27.5137171449	41.5449265356	7.82926902636
417	33.8864397742	49.5286017096	8.48489595185
418	72.7024075409	79.6098711333	9.51026468729
419	65.3726211371	84.9911704919	8.71288273496
420	61.6856167154	88.5493789608	9.76344408538
421	65.7717854954	98.4091540684	8.59699934121
422	67.6123618375	24.5264424438	9.48824885555
423	37.3334409003	44.9644955234	8.69409074965
424	29.5534143812	82.6748787284	8.67428815032
425	81.9507784807	82.5956314293	8.92236764862
426	76.5872085866	84.0738191359	10.0884187677
427	80.8787454389	93.7810771196	8.01393867005
428	85.2875325993	35.3754607761	9.71348153611
429	38.4625013751	51.698124819	9.50836662206
430	43.0605359966	68.0763104247	9.66669733761
431	20.9507822463	71.4295453221	7.83386248661
432	63.0290920674	35.7844345083	10.2192897525
433	25.0066041246	48.5785085225	8.48524388597
434	63.6203166685	50.1699011954	11.0743400989
435	89.2137265451	40.2905563871	9.6509513976
436	55.3840168928	51.1239538755	13.6996441274
437	57.2626288505	59.9638479836	11.5463856899
438	38.2963864514	57.7140970994	9.90187392897
439	45.7573000469	61.395953786	10.448644836
440	32.1627284607	70.6145458582	10.0220185951
441	44.1845687088	42.1018731599	10.3254725006
442	52.5258012593	27.1065744636	10.7276110339
443	85.237352853	31.4695153262	10.3748337762
444	72.1976621095	35.8774290424	11.5477218027
445	52.2197984813	44.4754624323	11.1222774053
446	56.4023141145	44.4396801504	10.9131632672
447	33.1503202645	45.2873385222	10.3516014419
448	78.6561138174	72.472760451	11.0765804363
449	70.6288699407	75.1686482455	11.1496768225
450	65.0720793341	78.3006825015	10.4903076789
451	94.4400597054	81.9987088151	9.60886633675
452	60.5472849724	82.0510789818	10.9830116556
453	86.7838311464	47.8473146548	11.8665013748
454	92.9875812337	56.4554266209	11.4026243368
455	34.6456939898	66.4278082491	10.4136745133
456	83.9976508756	74.4662569334	10.9073182241
457	41.9191510516	81.737813145	10.0523440944
458	52.3484298044	91.6210820444	10.7238604173
459	46.8515041246	96.8545983009	9.73402110472
460	41.3170841306	29.5327056675	10.4436666299
461	47.0179120081	35.7972562617	11.7369962026
462	94.2778738794	35.2993293404	10.8133358747
463	73.8032361966	65.0176274073	12.1455487122
464	47.4206688833	73.2124402479	11.0357655434
465	79.1563929451	78.1450818966	11.4444048466
466	42.0440640966	88.3802036259	10.2918776359
467	68.1935040912	30.8138766036	13.0926675788
468	61.3567148591	31.9614358392	11.2713148954
469	65.2183408677	44.8312943043	12.1211993358
470	95.8024115696	66.3581111537	11.0123801487
471	37.0790001396	76.2904799985	11.4844449125
472	61.8532371998	57.9100858756	13.2881684493
473	22.7126384296	58.0052530568	10.190419953
474	84.98267487	58.8367000961	13.0417725607
475	37.2892861666	85.9963318621	11.2427892179
476	81.3241538038	87.6851520703	11.139455981
477	52.1061568818	22.9641247754	10.5686187663
478	57.3303316985	39.4664915552	12.3957671255
479	81.0500677044	43.8836242119	12.9233697484
480	96.8111937006	60.2880510625	12.2172675579
481	38.8453358732	69.8667675202	11.8293781093
482	30.0616407645	75.5916344044	11.5554488422
483	71.5904679549	86.3738338978	11.9635015021
484	56.0011616142	30.1100664008	11.5311113639
485	42.4037192775	34.58737625	11.2796454832
486	52.9401158277	35.0397785689	12.2680735739
487	77.1837371916	40.1479807251	12.8793913022
488	31.1147237932	41.8162639505	10.8984224738
489	43.5692882598	48.4520819971	12.0131745133
490	88.590020545	52.3418560284	11.1881409813
491	29.0514334971	59.8389940408	11.5826319204
492	35.6673134829	61.3554799898	11.5389103537
493	100.477359266	64.9962834806	10.7433945248
494	28.7667073645	67.5868146164	12.0762552311
495	54.875322719	79.5972007179	12.0379267434
496	68.0869864118	92.9940273843	11.4849494012
497	50.567798914	39.0993225411	11.8656983546
498	37.6273639048	40.5701674673	12.0421939053
499	88.5400429003	87.8921082651	11.6704441326
500	40.6755830346	93.7698989846	10.9593780595
501	58.3303859145	21.5292192519	11.5221324303
502	89.1407047521	61.4973510063	13.5315824625
503	52.9640305041	86.8190385866	12.0718695064
504	66.0220707171	20.6509327679	11.0485327314
505	84.9895055411	65.5782850753	12.8045277027
506	50.2683875922	66.5976151175	13.6315734815
507	58.5433890292	68.7576045531	15.0588565264
508	87.2852629223	81.8598003916	12.9612665874
509	35.4798052809	36.8955805623	12.2525300887
510	75.8028915455	52.6739389952	18.2334925363
511	47.3318042537	52.038614419	12.4680635743
512	42.9147654077	55.1148800453	12.9560236008
513	40.7313559911	63.8496493784	12.7660471082
514	23.7789087628	74.6648414894	11.4449367036
515	71.7398899592	96.2358486644	11.5508149569
516	58.8865668617	97.4336625933	11.3062328092
517	58.9981892101	26.0161204098	12.6805462527
518	69.1399827651	41.2060543892	13.744897755
519	34.5501676867	56.3811550982	12.594622372
520	101.000755562	59.0272414426	12.3526642313
521	90.8146897063	66.4405995455	12.8951199378
522	67.4964000102	71.116493416	13.6989972004
523	80.6513773158	28.6046623654	12.7710112315
524	66.6236628398	37.1243368882	13.6623161534
525	98.0083353186	43.1089667729	12.6547223405
526	59.2267873413	45.8534813266	14.8052237017
527	95.509000071	51.9857192601	13.5012128643
528	25.5760633475	52.4215883855	11.5968188846
529	62.0155799751	75.6430179356	13.4940458413
530	89.6736666416	36.8302652552	13.2213876375
531	92.6671337243	43.8321641569	13.4759481185
532	48.3814812372	45.0449539294	14.5292401193
533	76.5139781026	48.1211588456	15.2205298672
534	80.0714218493	57.3863630811	14.6078199335
535	24.140666428	62.0195600363	12.2016280041
536	23.4407023217	67.2922436446	11.9793936765
537	42.2751460451	74.9522746459	13.6991578497
538	33.9659518861	89.2997342853	12.2901598128
539	79.7948182989	24.0441726065	12.606559905
540	85.6937309745	41.9121232939	13.3875360529
541	31.8999699076	50.7670921124	13.6316771727
542	71.695348667	72.0606584277	17.0944844184
543	55.4618367621	73.3097465524	13.9653251816
544	97.417564617	73.5876913528	12.4425081341
545	85.3071952823	76.9354154351	14.1262865882
546	46.1879239943	79.171860901	14.5231598636
547	67.8466046015	80.7556364876	13.9653358538
548	48.8089956279	83.8016310721	13.4591305219
549	27.8546918419	83.7239053228	12.2605067587
550	74.6188793013	90.3522136868	13.333701366
551	57.9843134936	91.7453030184	13.5823978054
552	48.0384817134	26.193460966	13.2996580909
553	72.8596006078	41.7484379628	15.0746065444
554	100.011149335	51.2881859041	13.2822817558
555	79.1291572374	62.4215668731	16.3726034655
556	47.527879396	90.0358836338	13.7259480179
557	94.1183053219	70.4470808527	14.3816070735
558	91.2886535776	76.3985279936	12.8849678008
559	49.1874581151	30.9299901304	13.7136403383
560	84.5707228397	53.3946363379	17.2205455083
561	65.791903126	97.1945816183	13.0510086855
562	89.327775589	71.161038811	14.6355067702
563	33.3458683846	79.6907143339	13.732812773
564	92.9217081478	81.5878712559	13.2291415418
565	81.136107111	37.9908534597	15.4881002826
566	90.3523595517	51.122800263	15.2589932365
567	66.2660066377	87.4553704593	15.0931870008
568	53.7637599376	96.0785916605	13.7148437749
569	73.1994846936	27.7811400596	15.0086709063
570	48.4742942267	59.1872120469	16.0880278051
571	74.9373131934	68.3782425831	15.7641479846
572	25.8882024465	77.6761450399	13.6361680124
573	87.3605895852	29.6556375201	14.1390496674
574	36.8158462963	50.6117919854	14.8217074224
575	56.2925613517	85.951294353	15.2922527821
576	43.1461986526	86.5798335219	14.8926664625
577	47.2944414452	94.7919681388	14.1420460341
578	72.5736158697	22.8222976767	14.6388979986
579	63.9561249719	27.0556570523	15.8712648876
580	93.5838461992	36.1248691281	14.2992235289
581	42.6821525306	61.3856969281	15.9363160813
582	70.1167639542	65.1753878862	17.5369495271
583	64.4326833449	67.9986491538	16.9505239984
584	74.780806755	83.0096496476	16.7574914534
585	38.3186504549	82.3221722159	15.1560150617
586	77.2928758891	93.9907424536	14.3422076894
587	62.3459937864	30.9118278352	15.4703852632
588	28.173582363	48.8986573454	13.6143691082
589	33.9306432695	66.3844632069	14.9104273479
590	57.7890606404	77.7007499902	15.5219362327
591	74.8256451185	34.3468658582	16.0930167575
592	42.7900548682	36.2368161227	15.8391422544
593	43.6326683407	41.5249916717	15.7576581174
594	42.8431836634	49.4621412178	16.1908946759
595	51.5217525624	77.5670981736	16.1711296457
596	69.2442464416	50.2204657052	17.5501532116
597	31.3399825271	56.9659487808	15.6944237181
598	81.3077737922	68.8000478311	16.3953657108
599	75.6723305559	75.8170352524	16.4213584758
600	80.6569134879	80.2257964692	16.5009165378
601	52.7347481695	90.2569731908	16.0700079912
602	64.2239756972	42.3990793565	16.888149723
603	61.8248842936	53.1116090169	18.1797063219
604	27.0782446408	55.9922258353	15.5789970634
605	44.666856321	68.6707877775	16.605145627
606	60.6377950297	48.6361819545	18.0021037292
607	81.4161266723	74.7297187075	17.8698156348
608	80.8431472332	86.0091561765	16.003465493
609	82.2461582555	91.1749402549	15.5815984289
610	62.3023546917	36.1936360717	16.5550155376
611	47.3394163805	74.452084581	16.8336842567
612	40.8236760918	91.4073085176	15.4577966569
613	49.8737974669	52.8077897972	16.5728901333
614	93.4344629053	64.0052515126	17.2361614971
615	38.8769607653	69.2841824912	16.1562673917
616	67.7524600697	91.3025507177	16.2351515619
617	67.42775553	34.0260424309	17.1755502128
618	54.9272149523	42.3370319931	18.1927226626
619	32.2339533381	44.7806733045	16.4894916807
620	39.1069407197	56.2147894089	17.3612223069
621	88.0967100879	58.4548046143	17.733527704
622	86.1934309041	65.4547549046	18.0576906345
623	33.8425799407	72.4752641358	16.832447415
624	85.5090263835	48.6067369622	16.955814905
625	31.9829728808	62.9092457565	17.0892619274
626	71.9513173613	77.7392041503	17.4081467249
627	41.9259133257	78.7324544162	16.7269642403
628	82.5185907422	33.9941945387	17.4026575098
629	99.6437384771	57.8527751152	16.3007657666
630	54.0639595067	58.649189009	18.8832171951
631	65.0891536448	63.5055758815	20.2070415485
632	35.2776481612	87.8818424827	16.1092887388
633	44.8123262223	30.3993937792	17.6816509031
634	49.6299811555	39.6222309564	17.4543720728
635	39.4228565022	34.3799530509	17.2355197574
636	86.9657074136	39.8687030798	18.3534674601
637	37.2094645965	61.6519496166	17.9023891428
638	26.9020424947	64.0035626371	16.8200407898
639	61.3234387233	66.1074013443	20.0275156936
640	27.4619999904	70.8648665466	16.7503607536
641	52.2649756602	71.8731997163	18.4269226431
642	37.6867540608	76.813246817	17.8098916855
643	93.1250369434	79.392154039	16.8300892318
644	50.8227196086	82.9973575442	17.6113003782
645	75.0441151252	88.9014448511	17.5025251669
646	62.793670388	23.3790610021	17.570380084
647	52.4025085706	35.8773579498	18.296079045
648	59.0409706188	36.2153968619	18.9664350549
649	76.1396742645	44.1160993005	18.6240713209
650	38.2616496889	43.7542182152	17.8220147763
651	84.0505505203	43.9835489546	18.0456097406
652	97.1592009409	47.559863829	17.4955773206
653	56.2120061895	63.7857350469	19.9844100662
654	84.5968683557	70.2683093388	19.6681579126
655	30.8629855038	82.1273956014	16.5932598645
656	68.788258019	83.0275565092	18.537583929
657	62.0121326121	84.4632301665	17.8226274994
658	87.5984654299	85.6832014655	17.6502627498
659	67.8676276575	23.8426443651	17.396917232
660	56.9744068277	29.4214438497	18.0261354015
661	98.4426665714	64.8635741076	17.5229757545
662	44.2628075015	84.0300211528	18.107984959
663	52.3481000801	26.5671108794	18.0805926716
664	74.927002917	38.2853061577	19.5345456697
665	94.2646808034	40.4661600072	17.8761618512
666	90.5726397762	45.9273404918	18.2642460148
667	49.3069081269	64.4602940641	18.5691773107
668	62.7972994556	78.290002989	19.1387580996
669	85.3704466624	80.1715283821	19.1399473398
670	57.5140099539	81.2675399241	19.1531495932
671	70.8602664265	94.5997917699	17.5960892487
672	79.4202308173	26.8224218477	18.1172431122
673	46.1867714462	36.2602664225	18.5629024414
674	60.5836773564	42.7124739895	19.6834067827
675	50.8435721364	47.9996078522	19.5524957791
676	44.2173417251	56.7050812999	18.6976473957
677	93.7724846312	58.1918225074	18.1620192269
678	97.1019942214	70.4658381481	18.2813656826
679	66.8984360716	74.1685867097	19.6195886398
680	76.9960171827	32.3921472134	19.7559069238
681	80.430893352	49.5500569953	20.5315495286
682	58.7130936153	95.2047503258	18.5087754461
683	68.8237235604	38.9306902015	20.2279761163
684	40.7366999252	48.2619746179	19.6219816895
685	92.1586029648	53.6557484917	19.6656156182
686	81.6140769715	55.9397402861	20.113361006
687	33.9953957223	59.2123176433	20.0620989247
688	91.9586178122	68.8093247166	19.2226148119
689	50.0245366501	69.4040010061	19.9740645338
690	88.3872490969	74.5632943515	20.0993485464
691	58.1761081347	89.418981441	19.7255747555
692	63.2072314081	90.0411883404	19.9563884819
693	65.2822995338	94.9994696859	18.8914042348
694	78.831117297	43.4055166538	20.7477731137
695	70.2018906804	44.7974713155	20.0187772897
696	30.0469644905	74.9653755789	19.2658159072
697	50.7126848804	87.0758826582	19.5650962452
698	44.339550219	90.6685779524	19.0300289889
699	89.0927991874	35.553831758	19.9056227205
700	77.6136781371	71.2869037411	21.4291087739
701	56.7121005004	75.4983406044	19.9937380058
702	50.6667052582	93.2664237917	19.0635159536
703	58.9921263111	25.5189239433	19.7815461616
704	37.8401091573	86.1268650858	19.074812231
705	30.5042489158	51.0641983335	19.7570487936
706	97.4890962576	54.0271456481	20.0021212548
707	46.0613146375	74.9362248326	20.6860125929
708	93.8164193424	75.5686737706	19.973404656
709	80.1397035665	83.8892159159	20.4982269997
710	35.7749762905	41.2766488282	19.6661350591
711	64.4498512282	57.778374966	22.8411145354
712	66.4074606966	31.6367052914	21.3007765649
713	35.7836645763	53.4054744213	21.0128137596
714	59.7780962943	57.8281146386	22.4868571547
715	97.1690315518	61.8546157036	20.665360893
716	36.6908535995	70.073673672	21.2216387194
717	42.5659402684	69.0439668366	22.2620862462
718	70.7826009545	88.0252168597	20.6549802011
719	84.8994861992	31.7825963616	20.6988529458
720	53.570418428	32.9571164373	21.0001625405
721	42.0398699972	62.6990594778	21.5678957961
722	74.4588185797	67.5960079449	22.8383317115
723	71.9003624184	26.3763628003	21.079067071
724	88.2324525443	49.4187294373	21.7561590242
725	82.0431974974	62.0780697	22.4636677004
726	34.4604894193	80.2282506628	20.4319891768
727	74.981168895	47.3830249171	23.1107054033
728	48.0005207867	56.353828942	23.4635192759
729	88.5611413609	67.0732542829	22.2621836329
730	40.4769462535	74.4259825039	21.822574167
731	52.0298398289	78.6530620362	21.5099056269
732	75.2920761096	78.4149193505	22.1071376549
733	60.172355944	32.0390193578	22.0059917591
734	40.4682919537	43.4226411652	21.875400774
735	65.1949536502	49.1452241843	22.8202555774
736	89.4531020026	62.0739815766	22.4003263084
737	79.5217356092	66.5055682188	23.6016149783
738	62.9272546581	72.153523363	24.4569742446
739	89.8180716188	80.9513612319	21.4506124476
740	75.4665747551	91.5118860628	21.4688342017
741	63.492809578	39.4659767064	22.5919891728
742	50.1078969434	44.0410212886	23.0868376533
743	57.1840790241	70.5755799511	23.6524008508
744	71.4778059803	33.3043761674	22.2526000682
745	79.6920948971	38.8725002426	22.9896813839
746	95.0919362638	48.0421065897	21.4417381459
747	55.3229943867	51.8901874251	23.2641175284
748	29.9576336396	57.8252296479	21.7154614761
749	30.2659611892	65.3612534369	21.3777056612
750	65.2582742534	85.0035869107	21.8534090224
751	46.5948388934	38.2718957685	22.2338539852
752	54.0604541066	39.8185369464	22.9693519877
753	46.0924500701	52.3948429739	23.3674309058
754	69.7339582283	82.180305401	22.6017897092
755	91.7201599401	42.1711865626	22.57941336
756	43.6238717948	49.39647977	22.760171537
757	51.4659860252	53.7363943786	24.4794285154
758	39.9168057504	83.3430951038	22.2486561764
759	47.4086307981	46.9971755696	22.9964460763
760	48.0506220875	60.9666138774	24.2056303665
761	48.5295843195	81.8033384123	22.6841241464
762	57.8299459466	46.3478972635	24.3456120173
763	42.2611933358	56.3137635797	23.1769368166
764	67.8679591012	76.5210329425	24.2999250013
765	45.7640785499	88.1619299901	22.548124664
766	71.5213094724	42.2012946082	23.9322158758
767	83.2469741283	45.5884699045	24.4586484422
768	44.1963135257	78.4252804406	23.241064762
769	80.6970899997	78.8082890213	23.7321241028
770	84.6165270632	85.4520814074	22.4344680234
771	79.6081055139	88.3602974005	23.3930327855
772	53.7342902039	28.6009049797	22.6060883392
773	38.2319812972	65.3183391104	24.1063038573
774	48.4713374805	65.9302822394	24.2199268932
775	95.368861363	68.7819951293	22.4191170852
776	75.8978020568	84.214220119	23.5129252762
777	54.5375835965	84.1556206102	23.8063555965
778	78.2643249354	29.950068073	23.2601491785
779	47.0562071738	32.3842541607	23.025747026
780	40.9894840581	37.582805387	23.1770663234
781	34.7294769773	47.2881151764	23.2560527766
782	87.1747169497	57.5271653216	24.3367108171
783	83.9386553635	74.506482802	23.9890635792
784	72.7169096041	73.8608407752	24.3590760816
785	66.8888713927	43.9961724642	24.6804580438
786	70.6433281509	49.2320353633	25.5401878938
787	70.9651798438	65.2109657684	26.213481702
788	57.0753654563	76.6474773984	24.0753119537
789	57.0031499127	41.4039126314	24.603588189
790	84.3718382545	50.5937367378	25.3341481044
791	32.667479596	69.7845819795	23.8489590044
792	51.0122046275	72.3314282786	24.4614395413
793	63.384418193	79.0015906472	24.6983200783
794	61.2362750325	92.9358585779	23.836458732
795	59.8959421896	50.4918094398	25.5741837519
796	76.9880948797	57.6287586571	25.3047925591
797	92.3355650587	72.1703012936	24.2607517052
798	69.0024523874	91.894658011	24.2453763921
799	64.2889636016	28.3031722753	24.2762964498
800	55.9318829239	36.4820909742	25.2936728526
801	93.9932204879	58.715793957	24.6462915543
802	76.3292958919	63.5925037176	25.2784485254
803	68.4954978432	68.8844681133	26.2032826802
804	52.9194591795	90.5081777676	23.9484427642
805	49.5177941562	39.7793099026	25.2620089975
806	94.1322091057	52.3536124598	24.441328989
807	35.6556074349	75.1143096978	24.3749762499
808	61.2588523211	84.7778452758	25.1591217943
809	44.0661618642	45.0548490144	25.8261888915
810	32.6686203342	52.8483978857	24.270856797
811	72.4585527598	53.5120582951	26.0115549315
812	38.3401973793	60.1202123526	25.255657905
813	67.4172071607	62.7461052653	27.1057236688
814	84.8522349032	65.5567556675	25.7283176667
815	54.8772170374	67.7447930803	26.649760257
816	39.4126769073	79.5130998986	24.4448239715
817	68.9976751932	86.0653167703	24.9776162405
818	68.495120617	54.4100986218	26.7563424244
819	71.7530632521	28.8939245506	24.5125686664
820	69.2901250164	37.19894951	25.9820764241
821	86.2623921885	38.9344813638	25.1481860742
822	83.1300612504	55.5598106048	26.5653797191
823	53.9523677559	62.4963171345	27.0230428206
824	62.08574522	37.4250191655	26.6551804002
825	40.3309595708	52.0624518822	25.9809190147
826	60.1432247322	63.6629068198	27.3094702846
827	92.6954154873	65.1758899935	25.5357402819
828	61.6854269319	67.6475033334	27.4719641841
829	87.9797532244	79.0746070682	25.0591620576
830	44.7901273708	83.9443573257	25.7485266915
831	82.7483210036	35.9009024711	25.6389015777
832	88.715715407	44.0464972269	25.7614963196
833	64.633014757	46.4305071381	27.1261407921
834	91.082025997	48.3908563661	26.006572284
835	53.7262220084	50.0106672538	26.8622093433
836	56.7474852932	59.3697032634	26.6797104512
837	45.3338093577	72.4301755151	26.7384383113
838	78.2002034792	75.9010915496	26.9958568069
839	76.8627521622	42.3574064884	26.5510369187
840	32.5099404517	62.6175491319	25.3561171978
841	57.15438356	30.4614328052	26.0870522184
842	81.424886655	71.636176783	26.3816039373
843	50.188271426	77.1265503104	27.0089245504
844	50.1341897115	33.9736131928	26.577340624
845	74.4105832068	81.876812149	26.6992579802
846	58.3956886483	90.2479891518	26.1052117955
847	38.4274401836	43.6472017683	26.4930858337
848	72.5603956506	60.0610747284	27.7737161011
849	50.0806435165	86.234111344	26.5287381722
850	88.8717487402	72.4713297372	26.8646860338
851	55.7332221244	79.9629258631	27.4185095709
852	81.8773901856	83.0420327862	27.0310510291
853	52.2876473928	58.4979768472	28.1961596549
854	67.8567486467	80.7803753164	28.0728232121
855	75.6980696107	33.6278751562	27.268511563
856	72.2422788424	78.4305899744	28.0221505206
857	61.9090151387	59.4597032334	31.190831249
858	35.4563003244	67.565617578	27.5059211114
859	61.1109568097	80.3426507825	28.4343138018
860	73.5209833205	88.5804187576	27.412801387
861	63.0796965495	53.0248921464	28.8656616136
862	34.5482821111	56.9719486549	27.3741814272
863	78.8949542777	51.5155282793	28.5639772938
864	57.8901798634	55.2794257531	29.2537781916
865	50.653607023	63.9081276435	29.0073217295
866	67.1932099507	32.1453955138	28.1711358221
867	89.5564777749	53.4738896454	28.2469479197
868	42.8328480993	58.2203968153	28.4680261573
869	84.0977913369	79.0457022372	28.0772948466
870	63.0842176128	89.1796441604	28.0274584708
871	44.0670835697	39.4166051978	28.2097023127
872	36.837995996	49.4690138965	27.7857083915
873	66.7388707283	57.5368464808	29.5019588197
874	45.2243651994	63.1139428731	29.250752528
875	46.0209952711	68.4706127696	28.515545198
876	76.6916006593	71.0369668887	28.8378710549
877	40.9713630471	77.8002070221	27.8687749396
878	59.3562142681	33.671005504	29.043910328
879	63.521494324	41.7867983726	29.1996372575
880	83.3210155169	41.2644764101	28.4552020277
881	56.1921291552	42.3948225649	29.1334950934
882	69.3740022416	43.3476762768	29.7015317732
883	53.1205668258	45.1578455747	29.5564622076
884	48.2371247345	49.5015342284	29.3823410964
885	90.219176119	59.2641014666	28.7159708536
886	89.6500497512	64.7488990484	28.8544139422
887	39.8769526106	72.3575003422	28.5646958285
888	56.8067271567	86.9123106764	29.0629557385
889	72.4877236915	46.016951827	29.8255610856
890	80.540161481	63.2985019577	29.6062889801
891	57.0685362963	74.6689997114	29.7811174293
892	85.3219924061	74.8275171397	29.1766288676
893	69.4119642271	74.4497182487	30.2567357159
894	46.641075402	81.034138408	29.5103815316
895	86.1231836092	46.7616867198	29.5400828404
896	76.4178257615	85.0712800771	29.6720677394
897	67.9994008745	87.3387545619	29.5721457816
898	75.5479312355	51.4785297036	30.3308693327
899	46.5532637057	56.9721565678	30.3054841072
900	77.439496808	59.4100965472	30.770708891
901	51.1838621724	69.4228776654	30.598768029
902	51.9998737404	53.7738094682	31.428041509
903	51.5659685699	83.7878789049	29.7447921605
904	72.0285549563	35.8289783814	29.9992789184
905	78.4626480635	39.0156895549	29.9375452699
906	74.0439254711	67.8777386864	30.9523182402
907	86.8441201812	69.6373148499	30.1570552413
908	63.2134103602	74.6582755931	31.0274862721
909	51.7317650077	37.742865567	30.3177191828
910	40.660130486	68.4715616901	30.7517647779
911	44.7893498833	76.5161598756	30.7411071536
912	41.0279729482	46.2447509375	30.3687669147
913	37.726788614	55.1886144524	30.3420495992
914	62.8486135805	36.0433946734	31.2203123017
915	38.0687324316	61.1600656674	30.9416206054
916	80.2101157368	78.9194153034	30.9033579236
917	59.2732857866	48.9688293147	31.9251488512
918	58.4385460515	70.7345943729	31.4973781916
919	67.5472576267	49.9232485009	32.0462267588
920	85.8471375975	53.7850711654	31.1007405176
921	75.2722653826	40.2776343959	31.6710294309
922	46.1481812233	42.4449307868	31.2438814494
923	65.6165810876	68.9210445518	32.5120854095
924	41.9336812857	51.5169701683	31.946636048
925	85.9014838179	62.890578237	31.7201957018
926	82.2178734681	71.2331581184	31.9596069127
927	71.6508970531	55.704462923	32.6528464651
928	51.7483171109	79.4672835645	32.3161964091
929	60.6371233666	84.5273266943	31.8048881128
930	79.0281557506	44.6362981859	32.1862822802
931	65.2108177726	84.5183556769	31.8688375758
932	68.5733865188	39.2089818908	32.616719856
933	57.1124632751	39.0273926542	32.3647884022
934	55.4954534888	60.073083153	32.8632244174
935	57.4373955633	64.8244593259	32.8443875975
936	56.9197153282	82.3948655574	32.4939305768
937	81.3700425424	48.6667863215	32.6867887172
938	71.0179219487	63.6734915701	32.9877156386
939	70.0386835778	82.9073703686	32.5683114704
940	42.8497300494	65.2646038464	33.0358363411
941	63.791957755	65.1725966693	33.3736019092
942	74.9037581444	79.8833456826	32.8178291373
943	67.1887109077	61.6126570667	33.6034724249
944	81.3037085794	53.9203351601	33.6057325062
945	63.3627866985	56.1508295991	34.0739572213
946	82.6901440217	57.6124252255	33.7618565433
947	46.5171102105	74.3692475847	32.8096023314
948	53.6905465307	41.3456008427	33.4913520544
949	62.9192479696	39.3079707047	33.634909372
950	47.158034278	47.143445977	33.8310470394
951	75.8694539951	73.8605706719	34.1312813094
952	72.0778930655	42.9239295327	34.2992872128
953	50.9382733312	45.0784207194	34.158975535
954	43.1871356028	57.6722123734	34.1425621379
955	52.6420346764	74.9726964297	34.6120786154
956	60.3352258751	42.4198708223	34.3745817195
957	82.255022453	63.1038739871	34.3416179503
958	47.8063508411	70.7103610703	34.5211867348
959	62.7790255398	79.7093230409	34.3290864003
960	79.5955659381	68.3472326265	34.3064579466
961	46.2481953994	52.5170526418	34.731256698
962	71.4602233919	77.0685434838	34.732311288
963	56.7955606887	77.7615201422	34.7663248192
964	74.94112017	47.8785587094	35.2237659161
965	65.9546653432	77.1687000168	35.4386242279
966	65.5023113298	43.9304608979	35.3563313657
967	48.5274753886	58.249017336	35.6537703599
968	46.1842559308	63.8841558047	34.8386261692
969	77.5382328335	51.4164320798	35.504867368
970	57.7835446902	44.8987781082	35.7066274796
971	50.7813190734	62.8241649644	35.9434823943
972	54.8169544911	70.1550151571	36.4359576602
973	78.2410149553	62.8224048114	35.7868451547
974	50.1070137977	67.2916202046	36.2611470324
975	73.7048580935	68.648382868	36.1526415464
976	69.3418660575	47.701260736	36.6143757272
977	52.7076018136	50.3946256169	36.1595707157
978	75.9692598288	56.9832337956	36.522238965
979	67.2575159059	72.601052069	36.4641332072
980	63.5572591148	47.3445068894	36.708504111
981	59.9691138863	72.6700720933	36.7448060956
982	71.9377748768	52.7754782597	37.2303071205
983	56.3676566706	54.9335311967	37.2599666373
984	74.6763858087	62.4887507988	37.08672075
985	57.8724638087	49.5846984618	37.4886558562
986	63.0050780541	52.5248390325	37.9051762819
987	52.0987371768	57.0608702438	36.9196666106
988	54.2334166985	62.9564874544	37.4994069153
989	67.3667288548	54.5283543452	38.0293970098
990	69.7211751726	65.8777479584	37.8046006173
991	58.4158342017	64.9981323751	38.1674737349
992	58.4731859715	58.1556954447	38.3857475383
993	70.5964745294	61.4427129934	38.2618956509
994	62.0792873493	67.0604477915	38.0711116001
995	68.7911596453	58.5638004323	38.4139205027
996	66.8093860667	68.6189324299	38.0349342384
997	64.6391115206	63.4084017207	38.4925653934
998	62.4516705375	59.7827865264	38.9162102494
