1	332027.752358
2	38.7401742165
3	26.979472907
4	112.061051312
5	114.467020027
6	82.838726214
7	5.44809186876
8	55.1660080843
9	17.5676495289
10	6.97323135897
11	86.9084834633
12	41.1379871048
13	73.4921494452
14	50.5824337875
15	80.5877181964
16	17.681831095
17	83.7358670906
18	16.6623528262
19	36.7012176788
20	82.6674538649
21	45.1995885279
22	117.802752923
23	87.48754712
24	141.609609457
25	21.0420314692
26	24.491945931
27	141.422025456
28	151.209016837
29	153.704699639
30	69.0309125407
31	47.0020261073
32	57.4904185372
33	85.4893697131
34	116.669093088
35	4.70591168903
36	98.1716793776
37	58.3467802831
38	27.6890297821
39	79.5111491445
40	7.96824214937
41	85.0652667532
42	115.062395336
43	118.683582147
44	56.4709402684
45	187.796052949
46	123.666791925
47	50.4437847429
48	26.9631612547
49	79.8455380167
50	64.6430780715
51	59.5456867273
52	175.072964154
53	146.291053668
54	31.4325539853
55	89.3878546132
56	131.683969031
57	68.1990182733
58	98.5468473806
59	10.9614303467
60	23.4480001837
61	42.4673867674
62	52.3522480622
63	105.511922913
64	109.271758769
65	150.31187596
66	116.554911522
67	41.1135196264
68	155.792591133
69	155.572383827
70	58.7301041122
71	77.7739581744
72	41.4397526724
73	55.5085527826
74	79.1441369677
75	136.275699154
76	225.272074112
77	179.884901583
78	71.2492972537
79	76.8768172978
80	26.1802019442
81	141.462804586
82	37.1660997694
83	129.392181883
84	110.609314258
85	95.4639450955
86	81.5093265515
87	129.449272666
88	58.885064809
89	146.136092971
90	31.3673073761
91	25.5603591567
92	6.3044536146
93	121.43209556
94	136.104426805
95	129.832596495
96	99.9496494785
97	87.48754712
98	35.3147272331
99	61.315501002
100	66.6086321739
101	53.8366084217
102	154.479503123
103	51.6263795348
104	48.1112184638
105	266.613956871
106	201.69358071
107	375.543170941
108	27.6074715206
109	85.2854740593
110	96.9890845857
111	187.910234515
112	86.5496271127
113	28.8634687478
114	31.0410743301
115	207.50052893
116	87.6017286861
117	101.907047755
118	48.3640490745
119	77.1541153869
120	70.0585466357
121	78.0104771328
122	55.6472018272
123	17.6002728335
124	141.609609457
125	57.8655865402
126	29.4833115353
127	80.0657453228
128	126.472396121
129	32.9984726063
130	72.0159449119
131	121.016148426
132	141.0305458
133	71.5021278644
134	134.562975663
135	112.134453748
136	89.6243735715
137	102.331150715
138	79.5519282753
139	35.795920976
140	43.8457213869
141	53.0618049373
142	133.184641043
143	53.9344783355
144	78.4508917449
145	30.5109456303
146	22.5100801763
147	44.7510180896
148	26.3596301195
149	134.856585404
150	92.6583408997
151	87.8790267753
152	31.2449699839
153	44.2616685206
154	78.2551519173
155	95.382386834
156	115.225511859
157	131.153840332
158	21.3519528629
159	45.6563147924
160	101.376919055
161	7.59307414643
162	24.7692440201
163	68.3376673179
164	80.0739011489
165	116.098185257
166	25.0383862831
167	35.959037499
168	164.861869813
169	93.0661322072
170	25.0546979354
171	22.8444690485
172	14.2074491548
173	113.186555321
174	68.7291469731
175	131.480073378
176	32.7293303433
177	128.845741531
178	77.3172319099
179	50.4519405691
180	140.688001102
181	90.3583979251
182	95.5047242263
183	175.643871984
184	47.7034271562
185	7.2831527527
186	57.4985743634
187	21.3682645152
188	41.2440128448
189	39.0745630887
190	37.9898382106
191	137.197307509
192	164.242027026
193	151.592340666
194	97.6170831994
195	70.2461306372
196	180.602614284
197	235.793089847
198	105.104131606
199	102.665539587
200	79.4703700138
201	100.438999048
202	100.912036964
203	74.8949515431
204	143.795370865
205	197.444395286
206	312.824867841
207	254.412840949
208	265.879932517
209	113.618814107
210	151.763613015
211	77.5048159114
212	65.532063122
213	112.330193575
214	113.096841234
215	132.010202077
216	123.046949138
217	90.9129941034
218	108.448020328
219	264.061183286
220	242.847879467
221	94.1019221284
222	172.308139089
223	60.4917625608
224	72.3829570887
225	242.211725028
226	198.472029381
227	108.749785895
228	138.118915864
229	230.035076584
230	124.661802716
231	154.781268691
232	164.853713987
233	93.6696633424
234	96.6465398874
235	88.8658817395
236	123.185598182
237	129.212753708
238	198.741171644
239	165.106544598
240	114.31205933
241	197.892965724
242	150.401590048
243	116.073717779
244	157.554249582
245	153.859660336
246	139.750081095
247	77.6842440867
248	65.4423490343
249	200.69856992
250	155.890461047
251	173.001384312
252	142.123426504
253	203.487862463
254	185.178032755
255	215.860250734
256	203.055603677
257	200.070571306
258	90.0974114883
259	238.892303784
260	309.644095643
261	90.5622935789
262	65.7441146019
263	176.541012861
264	164.152312938
265	158.859181766
266	124.629179411
267	98.3755750314
268	220.786369729
269	171.508868126
270	171.492556474
271	345.179030182
272	221.071823645
273	198.259977901
274	49.9952143046
275	164.38067607
276	127.834419088
277	56.1610188747
278	117.248156744
279	126.040137335
280	156.216694093
281	169.478067414
282	137.295177423
283	262.405550577
284	169.828767939
285	242.415620681
286	145.866950708
287	225.875605247
288	208.878863549
289	140.867429277
290	277.314400781
291	284.059269007
292	191.572200457
293	149.471825866
294	118.235011709
295	109.018928158
296	90.839591668
297	151.763613015
298	151.298730924
299	87.3570539016
300	221.275719298
301	223.510415664
302	184.582657446
303	323.900479754
304	182.119597948
305	183.245101957
306	208.895175201
307	198.202887118
308	170.889025338
309	176.793843472
310	138.575642129
311	209.38452477
312	165.024986336
313	193.611156995
314	119.352359891
315	96.5486699736
316	228.452846311
317	163.401976932
318	125.01250324
319	166.077087909
320	147.677544113
321	148.550217511
322	409.218577118
323	149.439202562
324	160.971540739
325	171.761698737
326	74.9765098046
327	127.483718564
328	197.199720501
329	146.870117324
330	166.411476782
331	254.355750166
332	258.906701158
333	195.805074229
334	217.88289562
335	212.296154706
336	150.238473525
337	199.100027994
338	166.550125826
339	165.302284425
340	115.559900731
341	178.971449054
342	132.727914779
343	223.282052531
344	210.893352608
345	174.608082063
346	111.212845393
347	171.419154038
348	180.121420541
349	105.740286046
350	291.4484475
351	264.811519292
352	207.386347363
353	169.478067414
354	137.490917251
355	231.853825816
356	148.851983079
357	149.692033172
358	256.468109139
359	125.583411071
360	123.324247227
361	120.290279899
362	126.969901516
363	284.483371967
364	231.568371901
365	136.618243853
366	143.444670341
367	240.931260322
368	258.131897674
369	256.810653838
370	250.530667701
371	191.319369846
372	149.512604997
373	165.000518858
374	158.386143849
375	114.385461765
376	136.308322459
377	139.407536396
378	181.899390642
379	175.211613198
380	174.102420842
381	126.031981509
382	146.209495406
383	149.333176822
384	238.525291607
385	236.192725328
386	121.562588778
387	195.552243619
388	136.185985067
389	283.414958742
390	133.135706086
391	144.88825157
392	221.283875124
393	184.435852575
394	190.520098884
395	185.014916232
396	118.349193275
397	126.64366847
398	177.650205218
399	150.850160486
400	216.847105698
401	187.176210162
402	166.607216609
403	103.18751246
404	221.349121734
405	124.857542543
406	215.631887602
407	260.774385347
408	187.265924249
409	212.597920274
410	150.214006046
411	139.905041791
412	89.4041662655
413	257.112419405
414	201.098205401
415	92.4789127243
416	178.212957222
417	226.609629601
418	166.949761308
419	211.978077486
420	105.13675491
421	245.376185574
422	205.559442306
423	120.322903203
424	118.553088929
425	107.599814408
426	202.362358455
427	140.704312754
428	105.821844307
429	155.768123655
430	236.200881154
431	179.199812186
432	241.665284675
433	186.695016419
434	87.2102490309
435	178.571813573
436	162.1133564
437	227.62910787
438	203.569420725
439	99.2074692988
440	218.869750584
441	215.754224994
442	130.509530066
443	205.143495172
444	222.287041741
445	301.268062186
446	201.938255495
447	256.549667401
448	222.572495656
449	214.269864635
450	194.826375091
451	108.529578589
452	159.797101773
453	175.725430246
454	174.045330059
455	225.851137769
456	324.300115236
457	151.151926053
458	200.258155308
459	172.528346395
460	169.159990195
461	247.716907679
462	365.389167384
463	217.042845526
464	229.888271714
465	113.928735501
466	113.659593238
467	212.084103226
468	258.254235066
469	106.229635615
470	183.652893265
471	139.219952395
472	183.424530132
473	120.910122686
474	183.432685958
475	246.452754626
476	228.885105097
477	129.049637185
478	125.75468342
479	172.487567264
480	135.949466108
481	173.580447968
482	267.804707489
483	168.156823578
484	120.01298181
485	179.273214622
486	196.343358755
487	239.291939266
488	230.883282504
489	158.296429762
490	245.800288534
491	128.862053183
492	150.271096829
493	153.778102074
494	244.038630085
495	135.280688364
496	85.2202274501
497	137.6621896
498	170.481234031
499	221.096291123
500	206.570764748
501	176.459454599
502	147.971153855
503	187.070184422
504	201.024802966
505	189.957346879
506	211.056469131
507	159.242505595
508	145.866950708
509	210.673145302
510	137.140216726
511	163.49169102
512	165.75901069
513	264.19983233
514	202.264488541
515	141.275220585
516	148.639931599
517	245.213069051
518	177.682828522
519	158.581883677
520	235.768622368
521	211.08093661
522	114.858499682
523	204.654145603
524	141.063169105
525	178.253736353
526	261.850954399
527	226.748278646
528	159.014142463
529	180.439497761
530	187.437196599
531	138.33912317
532	138.061825081
533	54.3912045999
534	122.043782521
535	203.871186292
536	204.548119863
537	176.174000684
538	180.904379852
539	225.108957589
540	164.845558161
541	175.227924851
542	113.039750451
543	157.301418971
544	142.270231375
545	165.000518858
546	179.126409751
547	175.032185023
548	225.802202812
549	131.716592336
550	243.96522765
551	162.570082665
552	173.319461531
553	199.654624172
554	180.896224026
555	128.372703614
556	209.588420424
557	139.644055355
558	228.142924917
559	109.165733029
560	211.513195396
561	190.071528445
562	159.519803684
563	102.600292978
564	206.831751185
565	236.339530199
566	166.085243736
567	158.206715674
568	184.664215707
569	92.0629655906
570	92.6828083781
571	209.498706337
572	270.00678055
573	216.145704649
574	186.540055722
575	113.651437412
576	210.844417651
577	123.658636099
578	221.479614952
579	206.048791875
580	203.047447851
581	82.7082329956
582	171.745387084
583	188.978647741
584	94.8277906558
585	149.015099602
586	232.799901649
587	205.999856918
588	83.7929578737
589	158.989674984
590	58.7708832429
591	99.0769760804
592	208.764681983
593	185.487954148
594	181.304015333
595	123.348714705
596	161.102033957
597	164.290961982
598	231.976163208
599	173.947460145
600	175.880390943
601	255.000060432
602	209.588420424
603	140.263898142
604	227.743289436
605	176.989583299
606	147.074012978
607	139.448315527
608	141.397557977
609	99.7946887816
610	140.475949622
611	142.694334335
612	142.547529464
613	112.183388705
614	213.356412106
615	186.360627547
616	130.705269893
617	134.33461253
618	123.993024971
619	134.375391661
620	55.3780595642
621	183.253257783
622	180.333472021
623	301.341464621
624	127.328757867
625	82.8142587356
626	139.709301964
627	145.320510356
628	161.778967528
629	188.179376778
630	178.971449054
631	141.218129802
632	134.742403838
633	207.484217277
634	173.433643098
635	114.385461765
636	100.463466526
637	215.419836122
638	144.105292259
639	188.203844257
640	123.299779748
641	127.540809347
642	126.32559125
643	173.376552314
644	219.93816381
645	176.312649729
646	141.470960412
647	163.27963954
648	161.134657262
649	260.219789169
650	132.891031302
651	212.663166883
652	157.423756363
653	196.318891277
654	149.846993869
655	113.42307428
656	220.435669205
657	174.004550928
658	230.483647023
659	114.238656895
660	118.675426321
661	172.968761007
662	183.432685958
663	99.4195207787
664	255.693305655
665	164.772155725
666	202.166618627
667	173.376552314
668	190.593501319
669	128.136184656
670	121.652302866
671	108.244124674
672	121.252667384
673	158.541104546
674	125.795462551
675	158.997830811
676	166.868203046
677	160.963384913
678	148.737801513
679	166.501190869
680	165.302284425
681	100.063831045
682	140.875585103
683	192.885288467
684	218.192817013
685	120.812252772
686	109.997627296
687	92.6420292474
688	173.955615971
689	173.547824664
690	203.088226982
691	132.695291474
692	171.174479254
693	103.138577503
694	111.72666244
695	129.057793011
696	195.470685357
697	95.1050887449
698	112.770608188
699	167.243371049
700	186.409562504
701	150.621797354
702	107.25726971
703	196.620656844
704	156.926250968
705	184.93335797
706	177.593114434
707	140.639066145
708	180.773886633
709	133.355913392
710	191.082850888
711	102.477955585
712	119.393139022
713	133.135706086
714	270.700025772
715	210.102237472
716	144.472304436
717	249.60090352
718	194.076039085
719	255.048995389
720	129.106727968
721	113.969514632
722	192.746639423
723	152.595507282
724	164.918960596
725	208.683123721
726	199.793273217
727	182.127753774
728	177.421842085
729	183.481620915
730	194.092350738
731	206.399492399
732	192.289913158
733	174.241069886
734	197.68907007
735	150.972497878
736	187.722650514
737	289.213751135
738	89.110556524
739	156.175914962
740	126.398993686
741	169.23339263
742	97.5273691117
743	204.572587341
744	212.671322709
745	214.897863248
746	166.060776257
747	98.2695492914
748	213.234074714
749	156.714199488
750	171.435465691
751	105.870779264
752	173.719097013
753	142.384412941
754	100.781543746
755	164.201247895
756	147.693855765
757	118.830387018
758	163.132834669
759	213.886540806
760	191.009448453
761	232.090344774
762	129.661324146
763	233.607328438
764	155.498981392
765	207.704424583
766	176.410519643
767	116.318392563
768	145.589652619
769	226.511759687
770	138.330967344
771	204.181107686
772	147.334999415
773	135.81897289
774	145.630431749
775	211.244053133
776	209.433459727
777	195.911099969
778	119.531788067
779	256.769874707
780	193.235988992
781	168.02633036
782	130.01202467
783	202.484695847
784	221.438835821
785	131.60241077
786	179.069318968
787	137.042346813
788	221.553017387
789	47.8257645485
790	160.604528562
791	216.537184305
792	156.045421744
793	123.552610359
794	133.959444527
795	233.321874523
796	129.881531452
797	116.204210997
798	105.047040823
799	158.777623504
800	204.2789776
801	292.337432551
802	215.240407947
803	158.133313239
804	231.52759277
805	213.185139757
806	245.849223491
807	204.295289252
808	142.033712417
809	205.91014283
810	86.2804848497
811	148.93354134
812	260.684671259
813	245.27831566
814	184.900734666
815	165.734543211
816	155.768123655
817	102.420864802
818	122.679936961
819	164.649818333
820	184.248268574
821	175.733586072
822	153.875971988
823	101.809177841
824	100.496089831
825	110.478821039
826	156.714199488
827	155.074878432
828	146.070846361
829	224.309686626
830	99.272715908
831	159.552426989
832	185.822343021
833	168.70326393
834	143.909552432
835	100.422687395
836	158.206715674
837	130.697114067
838	172.332606567
839	204.303445078
840	135.109416015
841	153.933062771
842	135.231753407
843	139.905041791
844	96.7770331058
845	152.47316989
846	131.49638503
847	111.6206367
848	138.477772215
849	147.163727066
850	68.4029139271
851	162.415121968
852	144.007422345
853	224.489114802
854	249.788487522
855	110.397262778
856	119.123996759
857	115.282602642
858	222.482781569
859	154.854671126
860	160.930761608
861	229.064533272
862	58.3794035877
863	214.008878198
864	210.461093822
865	180.961470635
866	125.75468342
867	187.510599034
868	99.704974694
869	106.661894401
870	146.723312454
871	178.97960488
872	171.810633694
873	135.721102976
874	165.563270862
875	142.164205635
876	128.364547788
877	87.3652097278
878	50.4437847429
879	156.632641227
880	158.157780717
881	140.728780233
882	128.813118226
883	125.346892112
884	106.262258919
885	134.644533924
