512
2
3
4
5
6
7
8
9
10
11
12
13
14
15
829
530
19
21
22
23
24
537
31
545
35
36
39
552
41
556
46
861
560
50
871
564
565
54
521
61
574
63
576
67
580
70
583
584
582
79
80
696
855
595
596
526
88
602
698
607
327
99
870
615
700
103
624
872
626
788
120
633
634
635
640
130
643
534
649
654
656
331
660
665
155
668
670
159
672
677
166
679
681
682
171
860
175
689
178
693
694
184
697
186
187
188
189
190
192
706
195
709
199
200
201
203
717
718
720
632
722
211
212
213
726
215
217
730
731
221
223
224
737
227
741
742
231
232
233
234
235
236
749
752
243
757
246
247
760
724
250
764
253
766
725
768
771
773
262
264
727
781
782
783
274
787
276
789
790
791
792
793
794
795
796
798
799
800
289
803
804
805
806
295
808
809
810
811
562
814
733
816
817
818
308
821
310
311
312
825
828
317
830
319
832
833
834
323
836
822
838
839
840
841
842
843
844
845
846
847
848
824
850
851
852
853
854
313
856
345
858
859
348
349
862
863
864
865
866
867
868
820
358
359
360
873
874
875
876
877
878
879
880
881
882
883
372
885
376
379
380
746
387
388
391
392
394
579
837
416
815
419
326
747
426
71
645
434
755
438
440
884
671
446
448
451
711
758
759
464
467
469
473
474
475
762
421
857
678
849
340
490
493
494
498
500
502
869
504
505
506
510
341
