1	55.306851901	56.7192081446	23.2129783527
2	28.0684112947	1.51920348033	0.669273914034
3	32.4444009881	5.254666698	0.411474233946
4	23.1184899759	6.83006767155	0.965176256007
5	28.7119178743	7.78399266233	1.14725776454
6	15.687928039	8.7352187356	0.35086550593
7	17.7299824425	11.8272725695	0.876669363532
8	50.7286720156	12.4110059655	0.908229058157
9	72.6221004804	12.841246388	0.468357183563
10	3.84022918131	13.7788545615	0.32380832095
11	24.1878977718	13.6802662589	1.17614413935
12	12.3789606757	13.7692907199	1.01082675941
13	29.7412712873	13.7140966766	0.731672256273
14	44.7875907738	14.2923868441	0.828828063874
15	8.89894571319	15.8317534649	1.18634738077
16	65.2771315939	16.7188984295	1.66026459259
17	81.7997825974	17.6899604973	0.852690690122
18	49.0164172764	17.5377744288	1.49520847304
19	26.9466570026	19.3107744803	1.0933533995
20	33.5802282723	18.9284955964	0.675978495528
21	5.66665626452	19.7517321124	1.27409288853
22	15.1049816117	20.2517358935	1.33586311488
23	72.6184045116	20.5144064117	0.722080478999
24	57.8382236107	21.4549206552	2.83759910914
25	68.039679354	21.0793899538	0.836900998098
26	40.8645347882	22.1587068548	1.70625867077
27	20.0960021318	22.8827119367	1.39376483247
28	46.0183671521	23.8238147062	1.51665880544
29	2.21804045815	23.4492383089	1.05031697443
30	81.5624940129	23.5494451249	1.24997833009
31	50.7246895882	24.9806234271	1.62576993172
32	10.4828853731	25.6701074819	1.43088343215
33	56.7312088241	25.3713427519	1.63452752971
34	63.1631617226	26.0758037057	2.14981757474
35	77.6626729276	26.0808046076	0.956095785626
36	73.2835775346	26.8085429042	0.534669133863
37	6.21239024953	26.9940134178	1.59988802962
38	42.6070246152	28.0367217593	2.24859390137
39	33.9697723327	28.1926907478	1.83694443231
40	52.7456916988	29.0055646396	2.23242471119
41	38.1255121765	29.9630818957	1.51073719066
42	57.6174832045	29.9190976602	1.19582003788
43	2.30451624067	30.3718313778	1.57656046777
44	67.2517890516	29.7763448775	1.07232610049
45	81.2354546172	30.3452535576	1.49151721601
46	62.5020773313	31.5939218729	3.51205185859
47	17.4631513022	31.1977824332	1.28789623344
48	94.1837932315	32.3228846756	1.73788187086
49	28.8646154889	33.7247804467	1.52514467103
50	8.8538773084	32.4362649222	1.20540433712
51	41.646855645	33.4901074047	2.1437856914
52	85.5577433943	33.6310453286	1.40573491985
53	53.0120473509	34.6095003126	3.17872172654
54	66.5534742588	34.6834491245	2.82219557006
55	76.5948938954	34.0776563042	1.12018646709
56	34.7268459281	34.5684312438	1.79899319285
57	90.7257118033	34.4604244825	2.93170048912
58	0.424232684571	34.4996562154	0.619141343138
59	42.4106464165	36.2200073271	1.60944699805
60	57.0231959205	37.381833659	2.34903520065
61	4.21315920063	36.6989118413	1.47312109775
62	13.4151482114	35.9565637722	0.923350719312
63	71.0562119945	36.7385565934	0.752489994447
64	81.7307686676	36.8312388743	3.39817376036
65	78.3142814282	39.2618509035	2.47557522297
66	9.54108563144	39.0881416543	0.947551075993
67	30.2829729553	39.673612278	1.53284812385
68	24.2449937092	39.4240297733	1.02876283387
69	48.6016840463	40.3799531371	2.01639576111
70	63.9677108388	40.8667155524	2.43117487209
71	34.9223726665	41.066288693	1.38530940538
72	40.9993202359	41.3238606587	2.16026502329
73	1.21660842785	41.2434771431	1.6451595226
74	15.2969322576	41.308309151	1.32651007381
75	72.8174558521	42.5389960937	0.993798159608
76	83.1110890648	43.7216077666	1.72648178717
77	4.71176859444	44.1191152227	1.18958897222
78	89.4479662745	45.0931265995	3.26927230258
79	10.9518396287	44.2022147051	0.736752734137
80	37.0863726383	46.2782709747	2.19110212593
81	47.4170150493	46.3647997808	1.71741398857
82	30.7329035811	45.9331547796	0.872306551186
83	67.3738533801	47.6687980321	4.52805826164
84	22.6390814229	46.7226920276	2.14079295275
85	63.8321141095	53.5578679112	7.83745583646
86	40.123093049	47.8188168101	1.02226525669
87	14.15695756	47.1159786083	1.24931700706
88	74.0387889278	48.4683289296	1.2346644316
89	53.1303600091	49.2075059613	2.31484364891
90	91.7988573493	49.216177879	1.08683970624
91	86.5573971166	50.0966964536	3.42695322544
92	78.3098903447	50.7765700584	2.2976354204
93	98.9939301214	51.5716123071	1.57951374065
94	43.8259317074	52.7555639395	1.40224374411
95	18.7305990734	52.2674752122	1.33814633716
96	72.8188991908	54.904100745	3.66441795874
97	55.0158129996	55.1109078693	5.59364024009
98	84.0860387923	52.9508002017	1.87284957471
99	13.9794383783	52.1719116483	1.08370839627
100	33.9240321469	52.62963471	1.94830396579
101	37.7939375521	54.0399320492	1.2149320606
102	21.9623089386	53.6411132751	0.857341706619
103	88.8487439884	55.5803193131	1.85415009345
104	50.9475101862	55.5462483544	2.74199691826
105	75.7320688961	56.9704995744	1.31595287796
106	80.0637086322	56.6202844623	2.84831010694
107	26.498774623	57.0067262857	1.05103263739
108	47.7058352581	59.2289266647	4.30043500834
109	83.4441037277	58.3962113377	2.37646971485
110	32.8296633836	59.1533893228	1.87175669675
111	43.516230013	60.8787207905	1.44564723694
112	69.4476966822	59.8419272534	1.72975049851
113	19.1480734284	59.871869155	1.62531343868
114	38.3104875828	60.4291449307	0.815455574685
115	52.7247938731	61.8408161298	2.6680508135
116	14.1241325389	59.6078060752	1.28425633764
117	23.9266650975	59.7456102193	1.7796474246
118	90.3017475941	61.5208692973	1.7830969526
119	75.7783821371	62.8614260593	0.904075256509
120	94.6326259189	62.2085333152	1.36755921643
121	98.2653412606	62.3048422916	1.66351379148
122	85.9778527449	61.8758406644	3.65465855202
123	30.6839470058	62.4799525919	1.11312937423
124	70.9993467083	65.8498331493	2.89518383861
125	20.7432072808	66.605104345	2.17303603549
126	28.693349175	65.7616191764	1.67883702053
127	35.1099506163	67.2586098648	1.90280925686
128	86.1307868169	67.4670908382	1.39579338615
129	80.466900897	68.0969675826	1.3747270952
130	75.147583916	68.9811020093	2.07489201992
131	24.0500696168	69.0728599693	0.745161473269
132	63.9256325702	70.5978890888	1.33570619312
133	28.1469315044	71.3853358342	1.81061232812
134	31.7110059894	72.0197592573	4.1731837966
135	87.1102377789	71.5214483275	1.23572093648
136	44.677398403	71.8216675489	2.81455815817
137	78.209104543	72.1192294773	1.45468731416
138	36.8512904708	72.50960488	1.90579559124
139	56.5003420314	73.3397724748	1.25294817589
140	71.0243398662	73.4855407969	2.11444246047
141	20.7884068219	72.9966188095	1.42934344921
142	50.2126682279	73.8270558947	1.77752942949
143	74.879862977	73.1772244026	0.732219458563
144	82.6604072419	74.0850601916	2.78248211435
145	26.0206872541	75.1857306907	1.04426673287
146	88.192909827	75.3630388859	1.81092441117
147	17.3380619588	75.6423517034	1.7603407875
148	61.9920366135	76.1141747957	2.58661238632
149	91.9172633101	77.3660588247	1.09212553545
150	75.8922982546	77.0286876694	1.03918652803
151	44.475609284	77.5302741441	2.52791854193
152	54.6263926467	79.1519971807	0.996127770093
153	30.3873808625	77.4158773088	1.99544947381
154	66.1973150134	79.6151872733	0.603368039612
155	41.1246444086	79.3172573663	0.770248380284
156	49.5403206984	79.4388547678	2.41795177664
157	83.2617525256	80.4550963758	2.2634137353
158	34.7229186455	81.3214632805	0.883753946093
159	19.9858244602	81.2907031223	1.0382683335
160	28.3476347883	82.3449667407	1.34376950483
161	87.6685450756	82.3687368842	0.990611009399
162	72.0408277478	82.9055192866	1.21032470708
163	50.002290093	83.5466015051	2.04300938668
164	63.5260134729	84.0220622096	1.04281423443
165	77.4401253759	84.7327990741	1.72040561433
166	32.3770611642	86.1758594674	1.20655122382
167	25.3796956598	85.6617799516	2.0173552238
168	39.4342795938	88.5552196821	1.54274930847
169	63.583900207	90.664183901	0.955567221718
170	52.713608387	91.8934859289	0.828481446252
171	72.2055551364	92.3682237377	1.81281218079
172	37.802167687	93.0597312056	0.630095243169
173	66.7304121367	93.7920809369	1.32103936194
174	47.4887766885	94.7362691269	1.48492737607
175	55.6021561823	95.5690072839	1.19440627704
176	94.4808189284	55.8975571792	2.19409184633
177	82.1297133614	65.2372599882	4.1814486775
178	32.3694110541	90.4368638866	1.34158803012
179	70.5479581904	27.2588019085	2.47228279063
180	14.4956749666	28.5424384484	1.26522920131
181	42.3007650871	83.2800314943	2.815552467
182	82.1671391324	86.5736148508	1.88857142042
183	45.8833626622	89.4211300115	1.86867880746
184	39.2984637763	18.1238955883	1.62988600532
185	21.7089828986	27.0928208418	1.38414344562
186	39.7640386681	75.3206848041	1.91124786225
187	70.7305159962	87.9253878236	2.66337330584
188	59.9899860032	12.9027935087	1.61384345324
189	20.961762004	16.8937326305	1.30364091176
190	56.0157125541	17.5850355246	3.10197532595
191	26.8205877483	24.1733761878	1.31687425624
192	47.1271939235	31.3766876195	1.86708492221
193	18.9067701142	35.0626582952	1.42374141824
194	77.2236423057	20.5995748035	2.92964220485
195	31.2168205878	24.6227740587	1.73132254285
196	86.4803506835	28.2276987619	2.61301914258
197	72.3462201242	32.8706831322	3.17336613543
198	87.4995065211	39.9981725438	3.60612925754
199	77.3749398255	43.4715255331	3.74704027392
200	98.1716627731	45.4511360035	2.90689180418
201	26.9830304844	51.4196859447	2.40635042343
202	78.7317228788	62.6479869039	2.78641362849
203	56.6564788393	84.5285193871	2.38968707655
204	52.7092858256	88.7755380827	2.6290211261
205	95.0311692951	70.0659768047	2.12782418542
206	58.5894930622	89.7198580018	3.87020096698
207	90.4355606613	26.9640266693	2.11134094321
208	56.1584337743	42.8893625034	3.21495300456
209	49.7865264276	66.5630618579	3.95018321929
210	56.8408508183	68.7715324835	4.46444646559
211	76.9972672652	89.6694933041	2.35559809232
212	23.4037481272	30.5052610849	1.7241874154
213	21.5783344478	36.6905610477	2.06922495564
214	93.1679304338	41.9313617993	3.30330206646
215	80.8570616357	48.4251750577	4.44788338716
216	65.4682587114	63.2824404382	4.68365248177
217	15.3871731878	67.3934737641	1.91830489276
218	64.7648175924	86.0736108383	3.29228543753
219	61.1689964963	94.2284409998	2.36149245385
220	76.9389832515	16.1416930288	2.43704063446
221	26.6187249573	30.0806208141	2.22825278972
222	70.0648601643	41.2164875797	4.61281921505
223	63.5913320631	67.8390441912	3.42239793565
224	24.1891515455	78.6921836401	2.33787945998
225	71.9650016824	78.9274525104	3.43971524562
226	76.7007950008	30.9281478393	4.89412319151
227	43.377086197	65.9341791821	2.34870134955
228	91.6191419162	67.7688370323	2.54923335973
229	60.1972257218	35.5122360769	4.2045057028
230	72.8187421511	37.9545605999	4.49056003502
231	96.3263327804	38.5998208693	2.85872238433
232	19.0335926936	43.8603075524	2.37373549533
233	28.1793601845	44.8039966521	3.04967707029
234	59.0039358215	62.3477372059	4.59526570059
235	37.8297677361	63.7861061804	4.05930752316
236	36.7784202382	77.8648797632	4.07656562641
237	66.6498308371	79.375520685	3.04605584066
238	69.3118538514	13.8020846513	2.84492167336
239	70.2331576406	18.6284786604	3.90036185229
240	66.3048736531	23.2821850915	4.49652068732
241	73.5019280194	24.3173404228	3.7599176166
242	32.7302735763	53.1650130193	4.36142644602
243	60.7668752981	81.0263674963	3.16257743514
244	85.050645077	22.072094098	3.37930067346
245	98.3026097128	57.5265539728	3.25855257513
246	26.6134855758	66.4793334062	4.02680945914
247	68.4590271651	75.4721881042	4.61703017409
248	95.3155154841	49.9725528313	3.39016549861
249	40.9283404874	57.0112538691	5.80888785468
250	55.5146517533	78.0897102961	4.10956476759
251	78.1822679224	78.4666215087	4.13187211917
252	42.0379031949	93.0001614891	3.17566833488
253	62.8206275711	18.453314645	4.8785667977
254	39.022472467	37.2129620334	5.71710340524
255	71.113370558	53.3554316091	7.47946317868
256	47.0729114005	52.6731253076	5.6806057465
257	90.8531067751	51.0140541155	4.68243199279
258	50.6834290094	23.2806636149	4.5545202668
259	27.4429277127	40.3564127146	4.82245885242
260	43.3825239303	47.3523854622	4.86229415504
261	33.0141266806	46.9293265675	4.12800132689
262	36.9925906485	84.6432059381	3.75023048318
263	47.7404278802	87.7037959201	4.69733312986
264	24.5167738949	71.5898264443	5.16017096666
265	91.0266129833	77.6988410571	3.94944030967
266	32.1170793125	82.1352326397	4.84683612526
267	47.1430348268	21.2772954237	5.88371360603
268	35.4833850466	24.0094068232	4.7110112889
269	74.5177015596	46.8268752486	6.26857281895
270	16.8297191483	53.4201744205	3.95152097911
271	29.0612462843	62.0295439014	4.35744705537
272	35.7140834801	90.0214045133	4.34631698379
273	81.373191251	29.4052405881	5.84682685195
274	30.0504298502	56.8995385146	5.95662640808
275	86.9463872445	67.8658019943	5.29236830846
276	60.7352786611	74.1106902977	5.77988498878
277	85.6958627523	34.5281831896	5.6692635827
278	89.9240056946	57.00236874	6.1276219924
279	75.3073177278	61.5559959587	6.36480969654
280	54.4645817315	93.612617362	4.9793336684
281	58.1403493786	30.2963358279	5.92908582158
282	67.9574230571	30.0728128934	6.30581820932
283	47.2608625382	39.3056852737	6.7778866606
284	42.4437889091	69.0648267957	5.76392096536
285	81.3841320177	25.25763568	6.0036448064
286	25.1490557579	36.8580239356	4.94662400833
287	23.2424561654	55.2464753429	5.45722454746
288	33.4973060436	65.7101140868	5.86932487212
289	77.6485985071	83.8474898774	5.72346719863
290	46.5989070024	16.9049683991	5.05646127858
291	93.0370556326	61.7139417531	6.77082309688
292	23.0497952456	63.3225043417	5.73722885325
293	18.0902521545	70.5629019582	4.89562414259
294	66.2344121371	71.0598136201	6.82941328009
295	67.6192890051	82.6346057587	6.96972386175
296	51.7358965191	39.3000166579	6.85043898202
297	80.39452614	70.1076737595	6.65740800209
298	50.2642948965	75.7588647421	6.66454406952
299	85.0047934404	83.9658253841	5.81725993289
300	28.8878195171	85.5806566531	5.46466903398
301	67.6445245844	92.6177514916	5.46084130355
302	36.6513389446	29.1859846668	5.98780114641
303	52.6812975776	29.4139696582	6.73925205911
304	90.7825781536	29.2701045081	6.05895486293
305	29.5567528031	31.5798140781	6.34398964746
306	77.4601371085	36.3280537715	7.65968139864
307	33.4588348466	40.4859284249	6.13340255068
308	19.5681519767	47.7909500075	5.41613066288
309	18.2789384734	57.6737207968	5.67206616544
310	75.3011762856	74.0774051093	6.8164048008
311	48.3630854387	83.0865895132	6.22312856027
312	63.9407874097	89.4107640106	5.90748245752
313	52.9422916416	15.308889178	5.69904213134
314	56.3009329101	26.1966097158	6.79341977587
315	31.7639080128	35.5622022556	6.68922889258
316	17.6189673522	63.0287404914	5.4467851227
317	74.7411047346	68.0871919188	7.06903771418
318	60.986660886	14.3686957394	5.62315933973
319	47.692738485	29.464001274	7.64816035356
320	81.99601506	53.4330275764	7.99111179056
321	22.5171677318	79.861562816	5.57243031495
322	62.1091518632	24.911980993	7.07410897743
323	41.5132550644	30.6044084867	6.96369694099
324	52.4304836338	34.1862858425	8.13953533207
325	38.5299549332	43.7342338335	7.19575756223
326	59.2831171138	45.4044994737	8.10197939087
327	35.389918392	59.5753412371	7.37134312504
328	28.0002246262	75.8149510877	7.00511590727
329	60.756227225	39.758664321	8.70601470465
330	50.8935140128	46.2771198208	8.10159914111
331	85.2651475579	47.2830035393	7.84715620279
332	57.5475268851	53.2393564426	10.2991189181
333	28.9841961661	51.8241939392	7.09864494553
334	45.0130966346	61.6153972685	8.1392811863
335	73.5105655489	81.0622393977	7.30529902544
336	58.0026627191	84.8099597887	6.8603169947
337	53.6665478695	19.9308941248	7.75703227762
338	45.4306161987	34.060155154	7.18358279576
339	83.5683636637	42.2411111743	8.33778716929
340	84.0170717354	78.0125360899	7.96996347295
341	44.0761988188	80.0888084278	7.51761462285
342	42.3582483548	20.3966821366	7.65109639789
343	93.3808231419	48.2356162161	8.59684802684
344	37.7765234142	50.5058279119	8.05196399647
345	94.0384857333	55.4198756425	8.18725410605
346	97.2328322898	61.3774215931	7.21733887483
347	36.9727706028	70.9738596229	7.96440634431
348	20.3827481307	73.7652820005	6.88835539442
349	61.5227278499	93.5850449063	6.8085560503
350	66.5178254815	41.6129752789	10.3044890158
351	98.2736773866	54.037412406	7.50134402096
352	75.5333021092	17.5523034838	7.528598789
353	43.6447351772	25.2454157258	8.86645590229
354	81.4770852248	60.9437848239	9.11593139234
355	94.4645782803	69.071746447	7.50566771443
356	41.2333534666	75.4807546923	8.7587493536
357	42.7280049874	86.3436507952	7.58229657016
358	70.7466707539	86.904942415	7.89777540637
359	53.5729488305	88.0418867972	7.8222337677
360	49.206744133	92.3652252641	7.21190684739
361	76.6992834655	22.2069446625	8.16102871495
362	42.9477914809	40.4922679925	8.51839609304
363	77.6658567853	44.00331659	9.14464748044
364	26.2245693482	45.8509446065	8.10965986117
365	42.6046890636	47.3469118557	7.85753807859
366	86.1823242237	56.7499315399	9.95331428443
367	33.1792887155	78.5287304706	8.65744495321
368	37.2365424006	35.7178687161	9.07528123152
369	22.1849882698	44.2155052383	7.38162050693
370	69.8198995142	60.3554547603	8.89911532421
371	53.7483168851	64.7910911115	12.8661874799
372	88.3226101382	72.2737747425	8.42228573605
373	38.1172934063	83.0346647316	8.41184977822
374	42.5442418481	91.0923177096	7.40938057644
375	74.8667380214	25.8993194336	8.62696888496
376	63.2613522024	66.8302889631	9.90710832134
377	50.8055565953	69.321422207	9.32909806124
378	65.2702729158	76.335026051	8.58714474035
379	56.8064093939	78.0129964222	8.05305565304
380	82.3039514033	36.008474548	9.77043014418
381	94.9351297752	37.3315836848	8.05108613575
382	76.3647696742	52.4258588262	10.6451253594
383	28.374570433	62.2278387337	9.0655372596
384	89.6249021291	77.6652639066	7.67207478905
385	62.1481805163	31.3755396801	9.73890338281
386	86.2886770809	30.7972096705	9.24967063849
387	73.2424236186	34.5428926358	9.3136402149
388	97.3099083941	45.8965742216	8.65585104023
389	87.9031689096	61.7449007404	9.17992194757
390	57.6595358775	71.6217054212	9.080674008
391	51.8534862363	82.2682550601	10.0206048212
392	64.731136717	35.8290217557	10.2911592739
393	89.6684922164	38.1907500112	9.51716864279
394	71.8763948306	47.6813783373	14.9608546432
395	73.605881146	90.4171428433	8.4098050907
396	82.1454782043	72.9331928786	10.0594729596
397	31.1913335709	46.0459931971	9.49288829396
398	89.7897095799	51.673329198	9.44157553422
399	67.5354754633	67.9289250093	11.3495929593
400	62.3840619511	77.5661814316	9.89269125732
401	62.05927728	83.9813050096	10.1547628408
402	70.635764186	21.7714990133	10.5468592395
403	54.5926416493	40.6976910348	11.2217878105
404	21.1743923572	51.5170522722	9.19552345105
405	30.1969210034	84.2426377215	9.07238417544
406	35.847149047	87.805147419	8.56998354764
407	68.0818424736	16.3088967037	9.44309829909
408	68.8101848185	36.1586438966	11.4499869773
409	77.4253929039	39.6927392475	10.4549075691
410	46.5847391491	64.0260414593	10.8101159044
411	70.451810687	78.2260781162	10.444120204
412	48.1322199963	86.7845631297	9.99244328562
413	78.8314218181	87.6503431131	9.73965160662
414	66.6731262026	20.7397112053	10.3496780486
415	83.8692725293	23.296493274	9.31332716332
416	50.8869448978	25.7254124243	10.1143534943
417	72.7119551818	42.805810184	11.9407080482
418	92.3020909526	44.8741103324	10.6944711619
419	78.2136571112	65.7550745998	11.2952154753
420	91.2766206393	66.0563664228	10.0893863335
421	46.775013468	73.8751953586	10.9606481659
422	59.1409694115	20.6759029629	11.3284331265
423	57.4047638739	24.7858871329	11.1978568744
424	65.2651345186	24.4822321654	10.9166618134
425	90.4202573343	30.146267542	9.60010588409
426	25.584094815	52.4551650038	9.93044996486
427	43.4880813366	54.6583548001	11.9471429018
428	37.4675821036	56.9597867158	10.992607623
429	71.1545398056	64.1987089241	12.1325402833
430	39.9447932807	66.0046493877	11.1130889175
431	28.1694230086	68.4435987869	10.4569150381
432	58.5474402303	35.4737558726	11.2409285608
433	38.9942404984	62.5447847507	11.3714966786
434	86.4230840139	66.9049515483	10.9151947199
435	53.2576323335	73.922297281	10.5324490088
436	77.6358637554	82.6177259575	11.0194914098
437	36.9745252608	31.0391082727	10.9005970243
438	79.9548889907	47.9724324174	11.7698407019
439	21.140873189	59.7971609285	10.2046423584
440	33.3963005026	65.1492748078	10.4994114475
441	36.7191503138	75.1768026562	10.7114123296
442	25.4899750753	78.3600163742	9.63697196064
443	63.8240988119	87.9939287893	10.9675111619
444	67.6581707719	30.5280244246	10.8202739839
445	37.4722303235	44.5601935099	11.5199789183
446	42.3853700629	70.6647039025	11.7199775084
447	77.2551596276	76.6302057635	12.2705458303
448	77.5518015373	32.082128469	12.3438281801
449	26.1367830635	39.8187320011	10.5676479443
450	26.3265091073	58.5854313245	11.2108312466
451	21.7522635196	66.7936528386	9.89150238871
452	32.2987966767	73.110269852	11.4791708633
453	57.6427577047	81.1306695698	11.3074488736
454	70.8071479343	28.0936047173	12.3081625377
455	87.6700895244	45.8409036068	11.6858810176
456	71.9722739397	71.9620855066	12.330327025
457	79.5414173914	26.9146724726	12.1631795474
458	33.4983797813	51.6901508041	12.4535946133
459	31.6587017835	57.4679035573	12.5252806989
460	39.3767024125	80.6661234254	12.0098398836
461	39.0210109199	24.702684861	12.2183645799
462	57.4277082035	30.5194653853	12.5797276219
463	65.9887768492	60.9486737107	14.2115970512
464	66.9747612318	91.4089776605	11.7575831684
465	33.4823269715	29.0426524641	11.5693093415
466	44.0521890516	34.33793517	13.0953765164
467	80.7917735604	54.9387121335	12.9108541581
468	60.2520756755	63.7711137293	13.5406489804
469	77.273991952	70.3605178955	12.4943399835
470	90.2721499082	75.5073037125	11.6866232521
471	46.2028157473	79.4540270948	12.1942272663
472	44.8977270678	48.0693100867	12.6935586734
473	55.0098628765	48.8179874326	14.6472096693
474	97.1400464112	52.8505898014	11.6364583572
475	57.7576025109	16.8143106107	12.3852588918
476	63.1939012986	17.1589208788	12.2839441612
477	62.9184181357	27.8453266165	13.1930572421
478	32.4011332398	38.8399047819	12.7413200531
479	43.4934323155	39.4349412761	12.6965567545
480	50.1375434994	53.8869970433	13.3345337902
481	67.9445428876	74.125555904	13.3145849313
482	84.6387260747	82.0986242738	12.1020417179
483	71.4787341234	85.6792874988	12.6065370033
484	91.0702824863	59.336185946	13.6540737268
485	39.3624082207	87.3487572406	12.1609688346
486	49.3291321189	38.0412890519	14.0646612299
487	77.4175312487	62.8774885475	14.3480868637
488	58.0381800284	74.655907021	13.0416268225
489	52.7990760209	77.6798168803	12.8043803841
490	46.7928797368	20.4431553607	12.9410947349
491	51.8187527419	23.1607432829	13.4847572969
492	94.5534782056	41.9578181946	13.0294528976
493	71.6433211	54.62952095	15.2591672832
494	47.6229116438	68.0740505294	14.1372625359
495	24.4085148837	71.1830113379	12.360985864
496	45.9648989791	89.8994431464	12.4095006606
497	54.2168145375	91.8234501538	12.1252832159
498	53.9824452955	30.3263538421	15.108900773
499	50.6751357631	34.9070015267	13.971550456
500	82.2779448021	43.1848282468	13.7455656504
501	56.2357955106	43.6334037781	14.688308012
502	50.5563273181	46.3303258694	14.1215390343
503	65.1709668514	45.2345222961	14.6528079372
504	59.607005021	47.7456922509	16.5718573585
505	32.6136905125	82.6909002434	12.1186367319
506	75.4806693601	20.1519913693	13.2568062834
507	73.3232815624	24.6463132706	13.9849361155
508	82.5507424789	32.4256613956	14.1846391859
509	75.4707216901	58.0707785207	12.3251366209
510	44.3806245838	60.2919433626	14.0064385114
511	45.9977191266	83.7889154767	13.7137213847
512	53.7583264258	86.0557581183	14.4248993074
513	61.0738455217	91.8713682765	12.893659654
514	47.0533510071	30.2166645591	14.1748627835
515	40.5440287486	30.8440275049	14.1537868458
516	90.678655598	33.3040136647	13.1934397869
517	60.8490942701	38.1016252328	15.1225479195
518	52.4922260766	58.6697914637	15.3839637521
519	96.1415962882	60.3707602604	13.109608319
520	38.8322208383	52.2711427844	14.2758106811
521	64.8421699549	79.6740902069	13.9769082376
522	71.6627910596	80.8143711698	14.0760077065
523	86.4543187243	28.5490565133	13.8258256741
524	92.3439255428	36.7258756152	13.8608381841
525	38.9072489298	37.4777406846	13.9957883408
526	24.3667623822	46.3390599959	13.8071178278
527	85.1880380701	53.4801763812	14.6018665178
528	83.1751669124	61.0303033627	14.8180210925
529	94.7580500834	66.2137110754	13.6066542938
530	82.58264754	76.7184610528	14.7768191147
531	56.9011312766	61.8559392461	16.421560719
532	82.647336192	66.911661262	14.4325763953
533	62.7367722808	71.5498932609	14.5183086171
534	28.888576747	76.6009246202	13.4445733242
535	59.1127154692	86.8800996387	15.0103012542
536	29.6481795473	36.171827259	14.1292587652
537	72.4418889975	38.5471278206	15.0756271079
538	87.7729865793	40.3591600635	14.6012050387
539	45.7499071701	43.1123632283	15.5017905019
540	91.3627424267	53.1423304312	14.4386509573
541	60.8917331198	59.2731123115	17.0045072295
542	53.7341773735	18.9862804128	14.7250743765
543	84.7664628831	34.9572945879	15.0961989232
544	80.800578246	38.2879380055	14.8517278517
545	34.8974094993	43.597767862	15.1048847123
546	29.1156436164	47.8919938903	14.2485365911
547	28.2050253252	54.6965424129	14.5430570219
548	44.9818190951	65.6302202205	15.4270891592
549	71.1898502138	32.1786277671	16.2181903831
550	31.0403883021	66.2846596615	15.5188545775
551	82.487685153	48.2957108049	16.1543469002
552	89.6381104031	64.5284247467	15.2985215561
553	40.7543154809	71.5355324155	15.6792508469
554	91.4206702361	71.6455494436	15.303314071
555	81.8442322272	24.4886771648	14.7658214994
556	55.861989551	37.1685071616	15.7253573454
557	77.0555699543	44.2848562697	17.4069444182
558	78.3223468546	50.8935446909	16.8754106613
559	69.8466540801	51.6610139731	16.2373570731
560	37.3749242009	65.7785092993	16.0969206056
561	34.9756844004	70.9407608693	16.205349425
562	63.2403159603	23.2846457255	15.5349782909
563	65.4415852538	48.5314118792	16.970707354
564	52.3644965354	72.0528067812	15.7473039058
565	85.2801367131	72.2122057123	15.9801452826
566	57.7872562414	80.8992462536	15.3974547735
567	63.8423483713	34.7800579197	16.8387028288
568	79.3669090615	71.8095526116	16.1128014331
569	77.0922572913	80.9495944122	16.0779182987
570	78.6347833849	28.8567877719	15.9014079568
571	95.1941700052	48.8570206802	15.7466927646
572	24.3273261192	61.3225126771	14.8346260113
573	66.9725115862	85.1972169916	16.0153606593
574	65.3489124649	31.806479667	16.615234273
575	66.1370269955	39.4411166212	16.8009914922
576	89.6626172566	48.5102762722	16.1031948407
577	74.2047783375	67.6062126506	17.6742164188
578	34.5080505404	80.0499923158	15.4474662234
579	71.9101929584	88.6652735569	16.2191573847
580	67.9974667855	68.2353906385	16.9267245578
581	67.6543488545	19.6162035793	16.1666199204
582	23.9003569802	53.4601578871	15.530062525
583	48.2753227004	54.4116817053	17.3304284074
584	36.3090284618	58.6322642195	16.9268325192
585	86.6942199299	68.7111171943	16.7876270575
586	40.708571853	85.0962384732	16.088151501
587	66.1835363689	52.4151887586	18.6445099195
588	95.0372475941	57.0836500463	16.430739703
589	58.9618769354	75.155592133	16.5226068405
590	76.3095218048	55.344826821	17.6185082923
591	49.8302345711	61.3103733214	17.4279756897
592	47.2623160132	75.2299189372	17.0234527518
593	38.9197260891	75.2350329798	17.7471505833
594	48.175319013	26.9415777868	16.7555623407
595	60.6246390345	32.2017245124	17.9262596045
596	75.4680188187	37.7040593588	17.4749621724
597	55.1625029799	53.2018951911	19.9278502778
598	63.1919593319	68.3680932207	17.7317924118
599	53.4905643636	78.0621146833	16.984497968
600	43.5846090742	78.5641249711	17.4957062688
601	76.8860488782	86.3867708345	16.1651759315
602	34.4047939361	38.6310151647	17.3430227148
603	78.8690786968	57.5444389199	19.1159914248
604	73.2425198001	27.4415449736	17.9692541864
605	60.1766610433	53.248960843	19.5899215588
606	31.0926339693	61.3602044754	17.1927788082
607	87.2701334915	77.675586327	16.7470559772
608	92.6393836943	42.5154533061	17.2489982287
609	71.2063316441	42.0853531797	19.8336677738
610	60.688646566	42.8521557763	19.0375400888
611	70.7252363186	63.4950979109	19.1621896124
612	58.3615892797	68.4489914579	18.7950692996
613	61.1652064615	82.1399660218	17.6385923711
614	81.8014571472	82.4013945114	17.3596431506
615	28.5575322866	42.497976522	17.9150829836
616	42.4019304898	52.0002856444	19.5509871826
617	43.3976015235	57.3538488914	18.4519426879
618	79.9953694746	65.5582681933	17.9406108985
619	26.7225853275	66.0829629188	17.3858458284
620	74.079890865	73.0633402032	17.9197236088
621	55.0934904344	25.72809071	18.0605036338
622	40.432368798	47.8264384742	19.2773967568
623	71.1017855398	76.1038444864	18.2174047219
624	48.074893152	87.5490972013	17.7976700244
625	64.8092950096	89.9394789848	17.5012913615
626	60.6604841262	26.6458616512	18.4894057458
627	33.7625008756	33.5623388845	17.8978985306
628	48.6955718684	34.2435677957	18.884230207
629	85.5030185418	44.1228245409	18.3947728611
630	37.802832674	44.8100894147	18.8207425932
631	30.6217454572	49.7083315224	17.956707937
632	36.3956621798	51.9353256393	18.8139947447
633	85.9282728474	62.7088012018	18.7582827135
634	65.9699066797	79.4475546824	18.5602826312
635	48.2963567871	22.3391765118	17.7730296296
636	41.1322287648	26.6951247745	18.064806302
637	67.3849579077	26.7505614376	18.326679108
638	85.3122755989	30.2804544795	17.6351779567
639	44.7034296553	38.8978561447	19.2716245038
640	51.3021023716	41.8878613236	20.1472128375
641	50.422584066	47.0356219679	19.3918475985
642	86.9626848155	57.2514796638	19.0524489932
643	29.944870905	71.6219554938	17.7962096658
644	49.766327968	81.0980175424	18.9010342982
645	56.9068781949	90.1585640074	17.9731262235
646	36.6717177692	30.3330986281	18.3127088608
647	40.92381507	32.7082569168	18.1934015501
648	33.848584289	76.3435820169	18.1423200505
649	72.6070740416	22.1350719412	18.5125224917
650	41.7425356174	42.1525549815	19.0784751133
651	40.8737723044	61.2117678377	19.2736960272
652	93.2847342801	64.4941641535	18.1097566281
653	78.3864799591	34.2305590103	19.266815419
654	57.1518233095	35.038121106	19.7918123405
655	89.0051702149	36.2793199618	18.4415819075
656	76.1367295887	62.4382664966	20.1085432446
657	81.2587837441	26.3698546167	18.0488296322
658	26.4503559966	48.2467955018	18.6752831337
659	46.1339309267	49.0960154951	20.655198078
660	67.63959791	36.4887177203	20.4236626778
661	46.0891355193	68.944962744	20.2902774667
662	63.6765936773	73.320478468	20.4534699747
663	74.561328399	31.6336656498	19.875409466
664	44.5908623743	62.8798535896	20.2558458112
665	36.6230464866	64.2702289214	20.0629053239
666	68.8290142836	70.6215456555	20.5325754115
667	77.5147989247	75.7113557461	19.9285810723
668	72.5468425207	81.5491500949	19.2864843217
669	81.676517186	39.0278426535	19.7464594949
670	54.5221298856	40.159642962	21.054199021
671	85.711355751	51.084363909	19.9216809438
672	26.3404182079	58.6522647376	19.2678274719
673	52.5469912627	73.3548924011	20.2072120691
674	39.4144360556	80.9461333196	19.5262335878
675	55.0822929117	82.1142732811	19.9658271791
676	61.5804691605	20.8320390312	19.0208058501
677	76.4394582136	24.2200135109	19.173360861
678	37.53150119	39.2589177553	20.5150095462
679	59.1753181175	76.1556669281	20.6850562909
680	66.3986948775	44.1047060591	22.3116981644
681	81.2016707066	70.6649251822	20.24242486
682	76.2088722923	85.0155950903	19.8180383181
683	72.6854766242	59.1817003271	21.7826247726
684	90.1107713637	68.2633869331	20.1829389524
685	92.3346557061	55.2743716437	20.2934818328
686	32.2069114179	56.1078447248	20.3318205398
687	57.9364168705	22.1666582634	20.1387578503
688	51.9182782029	35.9041999376	20.6678903406
689	62.4956221946	38.368644971	21.4145384672
690	91.8226494096	47.1434430547	20.4432355827
691	52.5942923163	68.1647159009	21.7568567349
692	65.1361215306	83.5978821045	20.5924690216
693	67.4582321181	22.0910705361	19.933884431
694	73.3911592878	52.7847503353	21.8725332945
695	50.6234351695	30.5623162558	21.460105952
696	55.2135107059	45.3952485661	21.8594059501
697	85.3510886946	75.7988617291	20.7805058365
698	43.8828600159	34.3109949742	21.3799615363
699	64.3588328101	65.1340480196	22.6292309057
700	44.984887916	83.4232430941	20.7675676823
701	53.7864072629	87.5471347643	20.5966557672
702	83.3096007415	32.8890096316	21.2221290999
703	81.1855078068	45.2188909696	22.0250426755
704	34.2913455963	47.6372611017	21.7514400187
705	68.5647620008	48.6629051119	22.6667470936
706	82.7212091551	58.6041976682	22.0061367948
707	33.6200098233	61.5780440717	21.4077695449
708	57.1275496286	63.8789673484	23.6400304652
709	44.3701935422	74.8584684631	21.7132626895
710	51.7032536527	24.0521964588	21.4995816134
711	45.4454618774	26.9691416062	21.4230066408
712	65.1040051523	31.0658612268	22.2905436567
713	32.0389507462	38.689811192	21.5481050703
714	82.8059646019	54.2083945468	22.3169044603
715	41.7135908932	56.3842894247	22.2859942648
716	66.8459220619	61.1691652736	22.5914246404
717	39.8629436917	69.1739542794	22.118377194
718	65.4537594353	88.5171629628	20.8858844531
719	79.4012917078	29.6534729928	21.8220088279
720	64.1674706873	49.4814873013	23.4956322091
721	51.8997652976	54.9610957432	22.8778469859
722	81.2346638528	62.8873847299	22.5510026612
723	50.0778534691	64.0692629228	22.8926613109
724	59.2122861116	82.0468363827	21.809396492
725	86.0387271561	38.29762601	22.0312027072
726	48.5379070319	45.1677044764	23.1225304413
727	90.400628912	60.7550569931	21.8281054984
728	29.2825620152	63.9599011097	21.6758791436
729	35.3095798002	74.8418570851	21.8316999867
730	73.2654761134	36.7159610156	23.1735662655
731	78.1859182339	41.3128115525	22.9143583286
732	88.5428026683	42.9890081105	22.2186605877
733	91.0469408724	51.8035168361	21.5828309162
734	63.123994776	58.6159733439	23.7518108312
735	48.9757216796	58.3616741737	23.0975281013
736	60.1919088026	41.361353909	23.799717314
737	28.1208876215	52.8555105834	22.0349495996
738	55.4751122886	59.5519077403	23.5834293185
739	78.1922647992	67.8253477012	22.7269051483
740	57.3815164151	31.4574689319	22.9937171666
741	79.8593740693	50.5623280129	23.239251831
742	46.9190669772	54.1097405738	24.3919499185
743	70.8753790988	79.12352866	22.6946838905
744	58.8299710436	69.1071356605	23.5431361272
745	74.7497308966	72.707362747	23.3308108856
746	86.4886011789	68.5682536128	22.9761630457
747	50.9601978954	76.9481595475	23.2398896698
748	78.7884336849	80.3373670634	22.7027388843
749	69.9574770416	86.2512950491	22.7119270761
750	64.3039877355	24.4431553467	22.7668747114
751	69.9794943332	25.5478724473	22.7488609852
752	46.2346931618	72.7955284568	23.8854817827
753	42.4562492621	29.9158877841	22.9968564056
754	39.221975877	41.5125192319	23.5642346361
755	30.4760788955	44.9975279286	22.9850100182
756	68.5962756758	55.6105924911	24.2102764306
757	33.8650305357	69.2459321076	23.0343488232
758	56.6956555406	77.6146389837	24.3515723698
759	58.6550823632	86.821870904	23.1184284792
760	68.4293446993	75.5555906404	24.2500651474
761	37.8820710771	34.1819945064	23.6622938907
762	81.1282858334	75.9884038448	23.9600872999
763	63.7372223657	78.0790811473	24.2031100416
764	52.3859979149	50.0985342893	25.3416253292
765	39.5781622718	59.2462337991	25.2243824268
766	40.5162814108	64.8512567737	24.2560314376
767	51.9174287259	84.3682504922	23.9735646625
768	58.4219857141	48.2172142575	25.1952613236
769	45.4070391118	59.9382695909	24.9784829488
770	41.0541511968	78.3395380826	24.052059045
771	73.6506579828	28.3287547481	23.8938793253
772	58.0704560166	55.2474953695	25.6195152047
773	46.3074727125	81.166342005	24.5421597958
774	75.3065298616	46.5018918184	25.1853234941
775	86.8434819312	48.3803436216	24.7071702956
776	36.6983060349	54.2255050072	24.4361034473
777	73.0294432818	67.4575999404	25.0666498283
778	61.5610285138	26.536759113	24.9931247462
779	54.0882864786	27.4132796282	25.0118862987
780	80.1002670798	35.5098533437	24.9118757441
781	42.5107643373	44.8834647813	25.5488476302
782	62.3284831036	52.9839752353	26.1734968967
783	63.9668323823	85.2313017572	24.9441234264
784	45.9910519412	67.9537445615	25.8346035266
785	47.5357930078	40.1118813541	25.7920817576
786	87.6414102084	54.4167141591	25.0819858687
787	52.327608747	71.4373500451	25.9792607661
788	73.010325945	82.6103867468	25.3183332483
789	58.8798743354	36.281829857	25.5665756551
790	50.881272416	37.0273796335	25.381464594
791	77.1730855884	59.1477881585	26.0721078733
792	87.0018671837	60.3174606609	25.2917451654
793	34.6125451516	65.3483132588	25.7876440181
794	82.4545558582	71.3151366327	25.2890304608
795	65.2729619809	37.8575515616	26.1402950918
796	83.0576176165	41.2996976885	25.9086879007
797	68.4899450745	40.8143318841	26.3280667903
798	73.7632889907	54.8573792721	27.2446199483
799	65.3417786708	71.1654241168	26.4814933167
800	39.0804336036	73.7100362877	25.5066577645
801	74.7981436558	33.0565006878	26.3530927556
802	31.2491487799	51.0797152408	25.5841321676
803	71.6965854146	46.5194703928	26.8885089887
804	67.966197427	29.6087855053	26.1933073629
805	45.9394811602	32.1683506014	26.1964797966
806	34.7675775405	41.5999725449	25.9671895789
807	40.7926425897	52.8017886141	26.4079187121
808	31.5791953982	57.4392350295	26.058803414
809	46.5762887863	49.1917488169	27.5930460674
810	83.9410874416	65.7136859928	26.4299143641
811	58.7774947666	71.4485565551	27.1982833236
812	76.0656526207	77.8905854413	26.2608271554
813	70.1890512311	64.0426133604	27.2137122056
814	45.9509844052	63.6007997309	27.426497965
815	39.9820695649	37.4900214551	27.0076758328
816	57.9229539566	29.9820643938	27.4894936241
817	60.8674234569	82.1804760958	27.456188287
818	55.9055101973	82.0098729228	27.3598728437
819	54.2513949233	44.0373159581	28.1778126985
820	35.6759576164	47.2238663441	27.8669319988
821	53.5819641808	67.2261198579	27.7233256832
822	46.3254008675	76.6708866923	27.7002298377
823	64.5049108508	43.9899229603	28.177414367
824	82.679878387	48.8221008273	27.6402246801
825	61.2508331419	65.2314797391	28.7304776652
826	82.8286258851	58.5199280451	28.1882114679
827	77.5390857591	74.2855561294	27.6246288674
828	77.1644242895	38.8693939711	27.9337919964
829	79.9611204778	65.0709444559	28.2981404208
830	71.4504150459	34.7421171316	28.2584528066
831	61.4783475506	46.3041468674	29.0763729878
832	78.189837174	69.1826038908	28.3055346907
833	40.8027938102	71.3518853502	27.9572987325
834	51.8863335165	79.7240045385	28.0552214789
835	64.7233190937	32.6650457619	28.4092231453
836	51.7414874147	33.409685507	28.5300703613
837	67.4835838668	51.0131470538	29.1263828754
838	50.4179969632	55.8597645906	29.0855087292
839	66.0543843136	80.4832315562	28.4832974085
840	52.5629589127	60.9641923426	29.0551818389
841	36.5968748103	61.8472000784	28.6160338263
842	66.8648523729	59.596215482	29.336421897
843	59.1580133767	61.2844549269	29.5860066269
844	71.192593782	77.1076824988	28.9099453972
845	77.7439010257	43.5159531773	29.3181017637
846	62.7172883517	57.4197585244	30.017450886
847	73.3217403679	39.7635391998	29.5851007518
848	73.2575139325	72.1301586963	29.4496439697
849	41.0898637993	42.431073959	29.8877924741
850	47.9980130537	36.1153912979	29.7147083707
851	77.6834262464	49.0178444523	30.1622577796
852	58.547843872	51.4747850897	30.4457964296
853	79.2272843168	52.9682947276	30.2926231911
854	55.9792789287	54.8055592118	30.3165133088
855	42.1850815852	67.5679850411	30.1901017505
856	58.0642836377	33.7321956723	29.99277199
857	45.1448830146	40.2164645785	30.3211662548
858	36.9338160302	53.7709334497	30.1016494025
859	58.1542204888	76.9715136901	30.3797300877
860	67.837355449	37.5421769894	30.824626986
861	76.0031725914	64.484010488	30.6914305589
862	71.2907876282	69.358761768	31.0206963987
863	47.2808904061	71.9369121491	30.466539161
864	62.6982899691	35.1850153156	30.3984299607
865	51.7484452953	74.8236791338	30.7198439563
866	40.2538359517	48.2091774416	30.8611372403
867	78.8239697016	58.8229862903	30.8661302327
868	67.4194904599	73.9630487571	31.0290584189
869	55.1968678282	37.1330268151	30.8765838554
870	40.279380567	60.3493797299	30.7025362393
871	61.4721163741	74.1708289047	31.6236685517
872	60.8653132079	38.637125926	31.7598706712
873	70.8705524848	42.9220007942	31.8194405577
874	42.6854786736	54.2205946996	32.0388074093
875	52.3770565307	39.8918503729	32.0855870626
876	48.917892882	43.1478413045	32.3273097084
877	73.5745971126	46.6379613444	32.1189455326
878	46.4064046682	46.7743460033	32.5493973919
879	74.5205730645	58.6596178783	32.316977924
880	45.3589115134	59.033673553	32.2998842008
881	44.5793019771	63.88720791	32.4052063091
882	49.6452729774	66.7782031198	32.5348293748
883	62.8855382977	69.1953163864	32.7706923043
884	69.7666950106	64.9227614153	32.5347163061
885	55.1189837399	69.3148457578	32.9001749119
886	64.9056838781	42.7597652647	33.1444229573
887	58.6830274982	42.4346095833	33.1295107022
888	72.0503826206	52.4914239478	33.0983011988
889	70.700961	58.3311749643	33.5726112559
890	46.6317861152	52.7659852577	33.2055122975
891	52.6318614038	44.8235845362	33.8695722756
892	67.6911179941	48.0733313457	33.7773867096
893	51.1953498727	50.4403400485	33.6291981199
894	49.0906671583	59.0843643267	33.8238282621
895	53.5101408198	61.1196543075	34.4306379841
896	65.4564245912	62.019462192	34.1839526379
897	62.3287039129	64.9441773145	34.2864204958
898	62.767628398	49.8433534021	34.5054103022
899	53.4896404182	53.8604745481	34.7141184429
900	60.3590074412	46.675047847	34.1926553263
901	57.370019314	48.262986697	34.4983601691
902	57.3333213796	63.3210949749	34.2650233157
903	66.244248273	57.2945239484	34.7284776699
904	60.0151869684	59.3346465096	34.8447563874
905	64.396552803	54.1293941452	34.8739927799
906	57.6552997792	55.4820129237	35.2893897612
