1	374837.690411
2	31.1834833278
3	19.912230371
4	109.607475047
5	109.08521817
6	14.2433693641
7	59.6512308969
8	46.3574194904
9	11.8314921518
10	8.99231385854
11	86.4192697218
12	75.1100344467
13	37.203680779
14	43.0054799
15	83.7320207018
16	90.5023689395
17	34.516431759
18	87.4922702139
19	85.8590305268
20	41.0209037686
21	134.438415638
22	148.06457233
23	23.0742583698
24	188.848086609
25	38.4191149648
26	169.942387673
27	103.824667085
28	81.6240020359
29	55.4067068264
30	64.6838880722
31	102.086976022
32	107.480465222
33	73.400830123
34	150.28653795
35	41.2393020989
36	15.1074671055
37	88.4893060694
38	139.575524189
39	130.478758955
40	109.199165125
41	65.472021177
42	72.0144755049
43	120.802763367
44	38.0677785205
45	111.981369941
46	166.153651422
47	73.4483080209
48	76.9806636232
49	115.228858156
50	74.8156714798
51	80.3326032135
52	84.4631803291
53	228.24524627
54	181.156667152
55	41.4482048495
56	134.713787446
57	210.032724643
58	3.32345285162
59	70.7230766826
60	164.254535507
61	140.477604248
62	49.4055005343
63	44.4772947343
64	196.577488384
65	160.503781574
66	51.4375545636
67	100.57717887
68	70.7230766826
69	237.000170639
70	264.698776262
71	60.5248242179
72	190.367379341
73	52.2066965092
74	86.818084064
75	71.1313866043
76	114.374255994
77	126.386164157
78	190.310405864
79	32.8072274353
80	129.728608168
81	130.478758955
82	58.3598320745
83	468.540383022
84	163.96017254
85	1439.64381069
86	59.4043458279
87	69.0803414159
88	73.3438566456
89	203.936562555
90	56.1568576129
91	200.451684851
92	153.154202982
93	72.1284224598
94	167.900838064
95	87.9765447723
96	357.385128504
97	675.392088507
98	87.511261373
99	64.1141532976
100	165.7453415
101	81.9373561619
102	41.6950899185
103	131.399830174
104	136.726850316
105	86.5332166767
106	132.767193633
107	48.9781994534
108	264.898183434
109	115.029450984
110	133.897167602
111	98.7540275911
112	116.216398432
113	118.656762383
114	42.9200196838
115	232.746150989
116	94.1581670763
117	100.434745176
118	109.151687227
119	47.1740393339
120	63.8577726491
121	96.6934868231
122	174.167920584
123	50.6968993566
124	223.649385755
125	144.902544331
126	102.181931818
127	127.430677911
128	80.3515943727
129	68.1402790379
130	124.657968675
131	29.1514292985
132	128.750563472
133	73.6097328737
134	250.132557193
135	42.3597804888
136	181.261118528
137	56.3277780452
138	120.441931343
139	69.3082353257
140	150.447962803
141	74.9391140143
142	152.09069807
143	11.1668015815
144	211.998309615
145	58.0274867894
146	121.761816904
147	131.143449525
148	176.427868523
149	72.7171483935
150	65.6524371889
151	171.642096417
152	73.5147770779
153	128.35174913
154	46.3384283312
155	25.1253035583
156	96.7029824027
157	162.127525682
158	56.3942471023
159	50.5829524017
160	62.7657809978
161	48.5319072133
162	80.4750369072
163	144.285331658
164	53.5740599682
165	102.685197536
166	63.8102947512
167	184.11928798
168	97.1017967449
169	34.449962702
170	31.9811120122
171	86.9795089168
172	19.4279558126
173	76.0690879839
174	114.611645483
175	82.0607986964
176	144.741119478
177	184.271217253
178	77.9492127399
179	132.102503062
180	92.8192903561
181	227.827440769
182	113.424698036
183	163.162543856
184	88.005031511
185	67.1717299211
186	57.1918757867
187	207.070103815
188	153.21117646
189	79.8483286552
190	167.891342484
191	77.9871950583
192	143.753579202
193	78.2150889681
194	165.564925488
195	93.62641462
196	129.738103748
197	180.055179921
198	242.735500703
199	180.643905855
200	186.493182874
201	201.030915205
202	111.620537917
203	156.012372435
204	128.228306595
205	144.02895101
206	236.202541955
207	117.840142539
208	327.739929068
209	316.069861769
210	352.067603942
211	123.518499126
212	59.35686793
213	93.1326444821
214	230.723592539
215	185.496147018
216	350.852169756
217	167.188669596
218	173.085424513
219	126.481119953
220	183.578039944
221	92.6388743441
222	213.061814528
223	125.560048734
224	139.812913678
225	116.881089002
226	226.042271808
227	178.991675009
228	156.696054164
229	166.011217728
230	159.288347389
231	129.984988817
232	152.489512412
233	133.612300215
234	444.877398718
235	223.336031629
236	242.707013964
237	77.7498055688
238	161.557790907
239	193.424955965
240	250.787752184
241	232.622708455
242	86.9130398598
243	168.992829715
244	216.309302743
245	79.5064877904
246	134.466902377
247	185.67656303
248	170.891945631
249	361.173864755
250	159.668170572
251	186.854014898
252	131.26689206
253	200.935959409
254	257.054834704
255	266.284538052
256	274.241833736
257	99.6466120713
258	194.621398991
259	137.116169078
260	230.001928492
261	158.272320374
262	161.083011928
263	131.656210822
264	231.065433404
265	118.058540869
266	177.358435322
267	153.239663199
268	198.049303218
269	225.320607761
270	130.374307579
271	108.543970134
272	170.759007516
273	209.624414721
274	217.154409325
275	199.179277188
276	105.543366988
277	156.610593948
278	128.693589994
279	296.32855183
280	165.289553681
281	198.058798798
282	221.52237593
283	309.138088678
284	234.132505607
285	165.137624407
286	145.59572164
287	214.562116101
288	132.757698053
289	201.800057151
290	178.621347405
291	213.00484105
292	170.815980994
293	106.246039877
294	274.032930986
295	265.515396106
296	94.2721140312
297	179.295533555
298	267.262582748
299	219.908127402
300	170.274732958
301	146.687713291
302	195.400036516
303	109.170678386
304	115.874557567
305	186.521669613
306	116.681681831
307	182.248658803
308	69.7355364066
309	127.573111604
310	232.698673091
311	94.8513443853
312	132.434848347
313	285.835936399
314	137.942284502
315	200.803021295
316	154.483584123
317	244.720076834
318	121.315524664
319	229.498662774
320	236.696312093
321	168.603510953
322	151.217104749
323	178.127577267
324	197.612506558
325	162.260463796
326	252.117133324
327	195.732381802
328	159.459267821
329	232.451788022
330	397.940748874
331	168.052767337
332	469.92673764
333	140.914400909
334	242.536093532
335	150.656865554
336	151.929273217
337	151.397520761
338	157.113859666
339	271.839452104
340	258.175313094
341	186.103864111
342	179.789303693
343	137.913797763
344	247.777653458
345	170.44565339
346	177.111550253
347	220.354419642
348	122.796835078
349	112.418166601
350	320.551775329
351	153.989813985
352	174.766142098
353	288.105379917
354	275.390798865
355	267.651901511
356	236.544382819
357	161.510313009
358	185.306235427
359	184.233234935
360	190.433848398
361	113.851999117
362	159.421285503
363	138.86335572
364	261.033482546
365	133.393901885
366	242.12778361
367	176.28543483
368	184.166765878
369	138.787391084
370	165.412996215
371	608.761606622
372	268.762884321
373	117.726195584
374	137.514983421
375	152.166662706
376	157.085372927
377	256.836436374
378	102.666206376
379	131.70368872
380	176.94062982
381	227.79895403
382	217.866577793
383	224.617934872
384	141.77849865
385	180.31156057
386	185.410686802
387	186.322262442
388	205.123510002
389	173.332309582
390	266.455458484
391	298.35111028
392	163.903199063
393	230.92299971
394	507.434276966
395	199.891445656
396	191.535335629
397	253.968771342
398	172.01242402
399	206.908678963
400	165.469969693
401	204.696208921
402	140.354161714
403	203.37632336
404	214.685558635
405	81.7284534112
406	173.636168128
407	204.316385738
408	204.810155876
409	168.964342977
410	124.582004038
411	155.091301216
412	118.827682815
413	206.880192224
414	98.867974546
415	253.569956999
416	155.907921059
417	192.503884746
418	100.368276119
419	136.669876838
420	122.06567545
421	243.428678012
422	245.470227621
423	200.859994773
424	140.828940693
425	100.092904311
426	109.455545773
427	290.74515104
428	206.728262951
429	237.626878891
430	184.33768631
431	229.868990377
432	133.621795794
433	124.135711798
434	189.398830224
435	93.5409544039
436	200.432693692
437	142.129835095
438	146.545279597
439	195.305080721
440	202.246349391
441	104.983127793
442	208.921741833
443	146.858633723
444	108.477501077
445	243.533129387
446	115.475743225
447	245.280316029
448	238.177622507
449	213.375168654
450	155.774982945
451	221.873712374
452	181.346578744
453	149.935201506
454	230.638132323
455	201.097384262
456	225.795386739
457	145.947058084
458	260.587190306
459	196.843364612
460	188.183396039
461	245.441740882
462	123.888826729
463	329.135779266
464	184.821960869
465	241.671995791
466	198.087285536
467	109.559997149
468	267.585432454
469	154.027796303
470	116.605717194
471	155.575575774
472	289.330309683
473	139.955347372
474	111.155254517
475	161.026038451
476	208.038652932
477	155.290708387
478	201.629136718
479	101.555223566
480	221.351455498
481	148.995139128
482	224.693899509
483	127.962430367
484	196.909833669
485	152.385061037
486	205.066536525
487	114.212831141
488	121.211073289
489	134.220017308
490	208.893255094
491	165.109137669
492	143.782065941
493	281.268562623
494	208.057644091
495	200.983437307
496	156.705549744
497	245.05242212
498	299.813429535
499	93.7403615749
500	131.276387639
501	185.192288472
502	190.576282092
503	253.930789023
504	276.682197687
505	157.607629804
506	258.203799832
507	123.262118477
508	93.8827952686
509	286.101812627
510	153.049751607
511	191.820203016
512	193.823770307
513	182.884862635
514	204.677217762
515	172.999964296
516	129.605165634
517	170.872954471
518	252.288053757
519	132.491821825
520	158.557187761
521	252.126628904
522	174.538248188
523	118.970116509
524	74.3788748193
525	140.040807588
526	174.823115575
527	231.207867098
528	189.48429044
529	118.523824268
530	188.791113131
531	154.607026658
532	152.812362118
533	191.74423838
534	170.768503096
535	239.155667203
536	186.160837589
537	123.376065432
538	217.572214826
539	227.476104324
540	181.403552221
541	209.130644583
542	156.658071846
543	144.161889124
544	156.525133732
545	221.332464339
546	146.972580678
547	166.305580695
548	157.712081179
549	232.366327806
550	186.692590045
551	192.124061563
552	126.215243725
553	245.394262984
554	215.787045866
555	108.800350783
556	194.630894571
557	263.986607794
558	200.518153908
559	51.9693070198
560	232.95505374
561	165.98273099
562	111.743980451
563	129.70012143
564	179.371498192
565	144.047942169
566	125.749960326
567	82.6115423118
568	119.881692148
569	149.099590503
570	102.276887614
571	207.354971203
572	178.270010961
573	187.93651097
574	128.34225355
575	135.995690688
576	146.174951994
577	239.953295887
578	162.811207411
579	209.709874937
580	121.533922994
581	154.948867522
582	207.468918158
583	175.981576283
584	249.914158863
585	95.2596543071
586	178.497904871
587	171.974441702
588	199.274232983
589	133.071052179
590	59.1384695998
591	128.978457382
592	190.766193683
593	213.118788005
594	159.145913695
595	143.174348848
596	207.592360692
597	328.746460503
598	91.3664666809
599	107.72735029
600	169.135263409
601	84.1783129418
602	147.067536474
603	245.470227621
604	115.171884678
605	228.520618078
606	118.808691656
607	121.277542346
608	124.553517299
609	260.919535591
610	191.05106107
611	227.048803243
612	238.462489894
613	84.7290565573
614	211.770415705
615	178.023125892
616	188.82909545
617	151.549450034
618	111.933892043
619	138.41706348
620	65.6714283481
621	143.896012896
622	230.115875446
623	212.56804439
624	255.108240891
625	134.16304383
626	165.545934329
627	176.72223149
628	145.842606709
629	180.491976582
630	104.232977007
631	130.402794318
632	212.036291934
633	187.119891126
634	112.930927898
635	146.288898949
636	167.331103289
637	190.785184842
638	105.685800682
639	249.733742851
640	165.507952011
641	153.030760448
642	150.666361133
643	206.348439768
644	190.547795353
645	183.473588569
646	106.872748129
647	127.354713274
648	115.057937723
649	114.725592438
650	157.949470668
651	122.379029576
652	133.830698545
653	122.331551678
654	143.34526928
655	219.51880864
656	141.636064957
657	84.263773158
658	116.225894011
659	225.690935364
660	192.912194667
661	228.397175543
662	227.029812084
663	129.795077225
664	181.792870984
665	101.517241248
666	206.357935347
667	154.398123907
668	158.519205443
669	135.2930178
670	146.735191189
671	148.548846888
672	168.100245235
673	173.446256536
674	161.567286487
675	125.787942644
676	96.9688586308
677	121.419976039
678	168.688971169
679	216.128886731
680	173.959017834
681	160.836126859
682	121.704843426
683	198.400639662
684	187.24333366
685	150.951228521
686	187.964997708
687	142.471675959
688	124.354110128
689	129.70012143
690	157.427213792
691	120.612851775
692	138.445550219
693	106.825270231
694	202.331809607
695	203.119942712
696	158.823063989
697	198.932392119
698	166.818341992
699	261.584226162
700	166.590448083
701	95.8578758204
702	113.453184775
703	168.033776178
704	227.466608745
705	136.565425463
706	109.455545773
707	102.172436238
708	217.49625019
709	118.428868473
710	192.655814019
711	149.574369482
712	171.072361642
713	128.845519268
714	121.932737336
715	125.303668086
716	173.256344945
717	190.17746775
718	91.0721037141
719	203.984040453
720	201.13536658
721	128.978457382
722	144.532216727
723	180.681888173
724	90.5973247353
725	135.938717211
726	162.193994739
727	175.174452019
728	184.745996232
729	153.420079211
730	268.544485991
731	114.535680847
732	184.299703992
733	98.1937883961
734	200.992932887
735	141.246746194
736	168.242678929
737	175.905611647
738	291.153460961
739	152.745893061
740	214.077841542
741	192.048096926
742	196.596479543
743	151.891290899
744	130.193891567
745	160.950073814
746	207.706307647
747	190.367379341
748	194.051664217
749	176.171487875
750	100.691125825
751	127.943439208
752	85.7640747311
753	88.3088900574
754	95.933840457
755	154.863407306
756	200.271268839
757	168.328139145
758	206.585829257
759	211.779911285
760	157.892497191
761	219.547295378
762	98.4311778855
763	195.476001153
764	177.434399958
765	236.515896081
766	116.900080161
767	177.111550253
768	225.035740373
769	110.984334085
770	176.988107718
771	157.123355245
772	169.030812034
773	119.008098827
774	155.338186285
775	185.648076292
776	143.478207394
777	218.455303727
778	140.914400909
779	216.214346947
780	171.737052213
781	253.493992363
782	162.687764877
783	164.786287963
784	160.247400926
785	210.744893111
786	156.145310549
787	220.981127894
788	193.861752625
789	256.893409851
790	124.942836062
791	250.540867115
792	165.479465272
793	236.620347456
794	144.304322818
795	156.591602789
796	219.167472195
797	159.231373911
798	286.956414789
799	238.32955178
800	138.711426447
801	142.500162698
802	128.532165142
803	196.957311567
804	187.25282924
805	231.426265428
806	160.437312517
807	136.593912202
808	235.575833703
809	243.438173592
810	144.389783034
811	198.941887698
812	104.289950484
813	227.779962871
814	159.430781082
815	167.255138653
816	177.320453004
817	134.865716719
818	111.468608643
819	339.210589196
820	248.527804244
821	129.215846871
822	220.610800291
823	146.507297279
824	226.46007731
825	239.554481545
826	263.245952587
827	131.086476048
828	121.154099811
829	93.4365030285
830	111.895909724
831	128.845519268
832	159.288347389
833	150.580900917
834	189.997051738
835	184.584571379
836	174.623708404
837	270.168230098
838	194.469469718
839	221.902199113
840	215.844019344
841	198.90390538
842	171.727556633
843	112.370688703
844	198.087285536
845	164.093110654
846	177.928170096
847	118.71373586
848	109.370085557
849	150.74232577
850	108.524978975
851	151.141140112
852	169.951883252
853	141.740516332
854	127.183792842
855	195.922293393
856	102.1439495
857	180.567941219
858	219.699224651
859	240.57050856
860	169.220723625
861	145.871093448
862	172.401742783
863	179.893755069
864	70.1438463284
865	150.039652881
866	170.341202015
867	136.63189452
868	149.280006515
869	119.539851283
870	165.887775194
871	178.782772258
872	163.931685801
873	150.495440701
874	248.166972221
875	170.265237378
876	63.3165246132
877	117.042513855
878	199.293224143
879	171.167317438
880	132.007547267
881	125.702482428
882	242.232234986
883	277.451339633
884	232.328345488
885	250.180035091
886	213.622053723
887	143.050906313
888	237.000170639
889	107.30004921
890	122.758852759
891	150.371998167
892	165.811810557
893	197.346630329
894	195.09617797
895	180.472985423
896	158.842055148
897	94.2531228721
898	180.340047309
899	158.908524206
900	53.3461660584
901	175.810655851
902	136.783823793
903	141.5695959
904	118.675753542
905	147.893651897
906	154.10376094
