513
2
3
4
5
6
7
8
9
10
11
12
13
14
15
17
19
20
21
22
536
516
27
29
542
32
37
860
554
43
690
47
48
50
733
58
571
572
61
62
864
66
523
581
582
73
74
588
77
79
872
867
526
87
601
93
607
608
685
99
614
529
369
700
619
701
624
625
627
116
120
121
635
636
638
643
534
646
648
649
652
655
657
658
147
149
687
159
672
161
674
676
677
167
802
682
171
172
173
174
175
176
178
180
693
182
184
185
188
189
702
191
193
195
886
710
711
200
713
205
718
719
858
211
212
213
727
615
217
207
220
221
805
737
894
231
519
746
748
749
750
751
753
755
244
245
759
761
762
252
725
896
770
555
773
861
775
265
778
779
268
270
783
272
728
786
788
729
280
793
794
796
286
645
800
801
290
219
804
293
806
817
808
732
810
299
300
301
815
304
305
818
820
309
822
824
308
826
827
316
829
318
832
321
834
835
792
812
841
844
845
847
684
849
850
851
853
342
855
856
857
346
859
348
349
862
863
352
865
866
355
868
869
870
871
360
873
874
875
876
877
878
879
880
232
882
883
884
830
374
887
888
889
890
891
892
381
524
895
384
897
898
899
388
901
902
833
904
905
906
395
578
579
404
238
406
407
836
900
413
780
405
839
816
313
439
881
442
415
586
771
757
449
451
828
697
461
464
465
470
885
474
475
476
848
482
893
485
490
492
495
496
497
903
425
505
506
351
767
