1	2	3	4	5	6	519	521	522	523	12	13	526	527	528	531	21	537	539	542	544	545	34	859	913	555	557	558	559	48	561	942	933	862	566	567	733	571	575	576	897	68	582	865	584	587	588	589	591	696	83	782	600	604	605	95	96	806	668	612	614	615	616	617	619	622	623	113	626	911	788	632	633	959	720	126	533	952	641	130	643	976	646	647	648	876	650	967	653	655	144	146	659	661	664	665	156	669	159	672	161	676	683	172	685	688	712	178	693	694	695	184	697	705	701	702	193	194	715	196	200	713	203	973	208	211	974	215	216	729	975	732	221	735	736	225	228	741	742	743	234	807	749	239	752	754	723	758	759	961	253	254	768	896	770	811	878	774	775	776	265	912	642	270	271	708	282	815	796	947	798	901	800	816	802	804	294	295	296	299	813	302	303	304	305	818	819	820	821	824	825	314	830	831	320	321	322	836	326	839	330	843	844	846	909	849	338	851	855	345	347	860	350	863	864	656	354	867	868	358	871	872	874	875	364	877	366	367	368	882	883	884	885	886	889	891	892	893	382	895	384	385	880	389	902	903	392	905	908	397	910	399	400	401	914	915	916	405	919	921	922	751	924	925	926	928	417	418	923	781	838	422	935	425	426	939	940	941	430	943	944	945	946	755	948	949	950	951	440	953	954	955	956	957	958	447	960	449	962	963	964	965	966	929	968	969	458	459	972	461	462	463	970	977	978	979	980	981	982	932	474	834	817	478	479	481	482	934	486	490	850	971	765	496	595	766	937	504	938
2	296	1	282	3	7
3	1	2	225	296	10	303
4	8	1	282	5	385
5	1	4	385	8	271	15
6	225	228	1	9	11	14	367
7	2	296	204	272	19	282	479
8	385	4	5	15	272	282
9	367	225	11	6	263
10	225	3	263	237	303	405	27
11	6	263	9	14	367	20	297
12	1	228	392	21	22	345
13	1	330	271	304	18	30
14	459	228	6	297	11	367	16	273	24
15	385	324	5	8	426	271	272	17	18	283	28
16	273	228	14
17	324	393	15	272	19	373	217	25	28
18	15	330	13	271	283	426	30
19	33	355	7	204	272	17	373	406	23	25
20	263	297	11	238	375	31
21	1	12	305	345	26	218
22	486	392	298	12	273	339	345	26	29
23	33	450	355	229	406	427	204	237	19	374	27
24	273	274	29	14	297
25	19	33	355	393	17	275	373	406	217	28
26	298	308	21	22	345	218
27	450	229	263	10	427	237	238	529	434	374	23	42
28	324	39	393	15	17	306	25	217	283
29	339	38	40	298	273	274	307	22	24
30	32	400	34	41	330	306	13	304	18	283	490	255
31	35	37	325	297	45	238	274	20	375	317	287
32	283	306	255	30	39
33	256	331	229	275	23	44	19	217	355	25	219
34	1	41	304	48	400	30
35	40	45	49	274	376	287	264	31
36	368	305	218	43
37	325	42	45	238	443	317	31
38	288	40	444	298	46	307	308	220	29	318
39	32	197	428	205	206	306	56	217	346	28	255
40	288	35	38	264	274	46	49	50	307	376	29
41	400	34	205	48	52	30	255
42	443	229	325	331	45	238	47	434	276	27	491	37
43	65	36	394	299	368	305	51	247	218	413	319
44	33	355	229	266	331	419	47	275	53	219	60
45	35	37	325	42	332	207	49	276	407	57	287	31
46	40	288	50	318	38
47	491	229	42	331	44	434	276	54	377	60	266
48	1	34	265	205	400	52	41
49	288	35	40	332	45	264	50	309	55	57	287
50	288	386	40	46	49	318	55	58	264
51	65	299	231	43	239	319
52	230	41	205	48	265	61
53	256	66	219	197	266	44	290	419	506	59	507
54	71	207	276	277	47	60
55	288	386	67	69	497	264	560	49	50	309	439	409	58
56	70	230	39	72	205	206	340	346
57	67	71	332	45	78	207	240	49	309	407	287
58	386	387	69	488	429	464	50	55	220	318	63
59	257	290	197	206	53	248
60	66	291	292	44	266	76	47	276	277	54	280	377
61	320	230	265	77	208	52
62	68	231	73	239	278	347
63	64	289	387	420	69	198	74	75	464	82	86	247	441	58	220
64	65	74	247	289	63
65	64	289	267	356	231	74	43	80	81	51	480	247	408	394	319
66	290	291	396	266	76	79	53	60
67	69	55	78	309	57	409
68	1	322	73	239	83	278	87	347	62
69	279	386	67	75	429	78	464	84	55	409	58	63
70	452	72	395	206	248	340	85	56	89	378
71	78	207	240	277	54	57
72	195	70	230	395	340	56	89	378
73	347	68	278	62	87
74	64	65	198	289	267	82	441	63
75	420	69	198	464	84	86	279	63
76	97	66	291	396	79	280	379	60
77	320	321	195	230	208	61
78	409	67	100	69	71	380	332	333	240	84	309	310	279	88	57	92	508	453
79	97	66	257	396	76	290	90	379
80	65	356	357	81	209	231	241	278
81	80	65	267	356	209
82	74	198	86	63
83	1	322	95	68	87
84	99	69	75	78	86	279	92
85	257	454	70	103	105	395	301	498	248	89	90	378
86	258	99	420	198	199	75	82	84	279	414	63
87	322	68	101	73	83	278	95
88	100	102	78	240	277	310	292	91	380	445
89	226	195	70	103	72	105	301	85	378
90	97	454	257	105	583	103	79	498	85	379	284	455
91	98	483	292	102	104	300	232	242	88	445	280
92	99	100	333	78	210	227	84	310	279
93	96	321	226	195	301	302	430	221
94	267	209	107	311	199
95	1	322	101	211	83	87	358
96	1	195	321	221	208	93
97	455	104	300	106	76	79	280	348	90	379	284
98	104	280	91	300
99	258	333	110	210	84	86	279	92
100	227	310	102	359	380	78	115	116	118	88	410	92
101	322	358	397	112	241	211	278	87	120	95
102	100	232	242	115	88	91	380	445
103	105	117	121	89	90	284	85
104	97	98	232	106	300	111	91
105	293	454	103	301	114	85	121	89	90	284	122	421
106	97	104	348	300	111	117	284
107	199	311	109	209	402	436	119	285	94
108	258	259	199	334	436	110	119
109	388	241	107	335	209	402	311	120	285	127
110	258	99	108	435	334	210	259	116	125
111	360	578	483	132	104	348	106	300	232	117	601	475	124
112	101	326	397	241	211	120
113	302	1	294	221	126
114	293	294	105	301	302	243	123	421
115	771	134	778	786	793	794	667	410	552	572	445	580	592	856	857	858	100	102	233	494	242	118	380
116	131	100	359	268	110	349	210	227	118	125
117	132	103	136	348	106	369	111	360	121	284
118	608	592	131	100	678	134	227	138	327	494	499	359	115	116	707	787	468	410	764	349
119	129	259	135	107	108	334	402	436	415	285	127
120	130	388	101	326	389	521	109	335	112	241	397	223
121	133	103	136	105	142	369	360	117	348	122	284	293
122	293	105	369	243	121	133
123	128	294	200	114	243	126
124	132	232	140	269	111	145	222
125	370	131	137	435	268	141	110	466	210	259	116	244
126	200	1	123	294	113
127	129	201	139	109	335	467	119	285	415
128	133	294	422	200	146	243	212	123	447
129	135	201	139	119	415	285	127
130	1	389	326	144	211	120	223
131	327	137	138	268	349	370	116	118	312	468	125
132	512	360	136	269	111	145	117	442	475	124	232	222
133	128	423	360	403	142	369	243	212	213	121	122
134	147	327	233	138	236	494	499	242	115	149	118	313	411	446
135	129	259	201	244	119	250	476	415
136	132	360	142	145	148	117	121	442
137	131	138	141	312	370	152	125
138	131	134	327	137	312	147	118	152	313
139	129	201	202	235	335	467	404	150	127	381	223
140	269	145	154	124	157	222
141	137	312	370	244	152	153	125	286
142	133	136	336	360	403	148	213	151	121	442	155
143	233	269	398	149	154	222
144	1	130	389	235	350	223
145	132	136	412	140	269	371	148	442	124	157	158
146	128	1	200	212	156	382	447
147	160	134	138	236	245	152	313
148	136	142	336	145	371	442	155	158
149	134	233	236	269	398	143	214	154	411	412	157
150	448	163	164	424	201	202	139	404	250	381	351
151	161	328	169	142	336	213	361	155	156	341
152	484	166	168	137	138	141	437	147	245	313	312	153	251	286	383
153	260	141	244	152	250	251	286
154	140	269	143	149	214	412	157
155	261	361	142	336	371	148	341	151	158	501
156	1	161	328	146	212	213	151	314	382
157	165	362	140	269	145	371	149	214	154	412	158
158	224	165	362	145	371	148	501	155	157	261
159	384	1	202	350	270
160	390	166	167	457	236	173	174	431	147	245	343	313
161	416	1	328	169	172	399	342	151	314	156	382	361
162	260	170	251	164	281
163	384	417	164	329	202	171	270	178	150	351
164	448	162	163	260	502	424	329	170	171	500	150	489	281	250	351
165	224	390	167	362	175	179	372	214	157	158
166	160	391	168	437	174	431	176	245	152	540	383
167	160	165	390	236	173	175	179	372	214	343
168	166	391	363	176	180	181	152	281	251	540	383
169	161	261	361	172	399	177	341	342	151	184	315
170	162	260	262	329	171	183	164	251	281
171	417	163	164	262	329	234	364	178	170
172	1	161	169	399	184	314
173	160	167	174	179	246	343
174	160	166	391	173	431	176	246	343	344	186
175	224	165	167	362	432	179	372	185	252
176	353	323	166	391	168	363	174	181	438	344	187	316
177	224	261	169	399	182	215	184	315
178	1	163	417	234	171	364	270
179	514	165	390	167	524	173	175	372	246	343	185	252
180	323	168	363	181	183	281	188
181	353	323	168	363	176	180	183	187	188	191
182	224	352	425	177	215	315	252	253	254
183	458	193	323	262	170	366	180	181	281	188	234	469
184	1	169	172	399	177	215
185	189	337	179	246	175	252	253
186	192	365	174	246	344	187	316	190
187	192	353	176	181	344	186	316	191
188	544	193	418	323	353	203	366	180	181	183	191
189	449	295	337	246	216	185	253	190
190	192	295	365	337	338	246	186	189	478
191	192	353	354	196	316	203	418	181	187	188
192	354	196	365	338	186	187	316	190	191
193	1	234	203	366	183	188
194	216	1	338	295
195	96	320	226	230	321	72	519	77	430	463	401	340	89	378	93
196	192	1	354	203	338	191
197	256	290	507	452	39	460	428	206	472	53	248	217	346	59
198	267	420	199	74	75	82	86	441	509	414	63
199	258	267	198	107	108	334	209	402	436	414	86	311	473	509	94
200	128	1	422	294	146	212	123	126	447
201	129	135	424	139	467	404	150	250	415	476	285	127
202	384	235	139	270	163	150	351	381	350	159
203	1	354	196	193	418	366	188	191
204	496	7	296	427	237	303	272	19	373	406	23	479
205	400	230	39	41	461	48	52	265	56	346	255
206	452	197	70	39	248	340	472	56	346	59
207	453	518	71	551	332	45	240	276	277	54	407	57
208	96	1	321	265	77	320	61
209	267	356	357	199	107	109	80	81	465	311	241	388	94
210	258	99	435	268	333	110	349	227	116	92	125	510
211	1	130	101	326	397	112	358	95
212	128	133	423	200	328	146	243	213	156	382	447
213	133	423	328	361	142	336	403	212	151	156	549
214	165	390	167	362	236	398	573	372	149	154	411	412	157
215	1	425	399	177	182	184	315	254
216	1	194	295	253	449	189	254
217	256	33	451	324	197	39	393	428	17	306	275	25	346	28
218	36	43	368	305	308	21	247	345	26	220	413
219	256	33	419	266	44	275	53	506
220	387	38	535	413	308	247	58	543	444	218	318	63
221	96	1	321	302	113	430	93
222	512	132	232	233	140	269	398	143	249	475	124
223	555	130	235	389	139	335	144	120	350
224	352	165	362	485	175	432	177	182	315	252	158	261
225	1	3	6	263	9	10	303	405	367
226	482	195	519	301	302	430	89	378	93
227	100	118	359	508	333	210	116	310	92	349	510
228	1	6	392	459	12	14	367	16	273
229	33	450	355	42	331	44	530	47	529	434	23	27	427
230	320	195	72	265	77	205	440	401	531	52	461	56	340	346	463	61
231	65	356	462	239	80	51	278	347	62	319
232	475	132	102	104	300	111	552	242	483	249	91	124	445	222
233	134	398	143	242	115	149	446	249	411	222
234	193	523	262	1	458	171	364	366	178	183
235	384	555	389	202	139	335	144	467	404	539	381	350	223
236	160	390	134	167	457	147	149	214	313	411
237	263	10	427	204	303	496	405	374	23	27
238	443	37	263	42	529	434	534	20	374	375	27	317	31
239	1	68	231	299	462	51	537	347	62	319
240	292	453	518	71	332	78	207	277	88	57	380
241	112	322	388	101	358	481	109	526	397	80	209	278	120	357
242	580	102	134	232	233	494	552	115	249	91	572	445	446
243	128	133	294	422	456	421	423	369	114	212	447	122	123	293
244	259	135	141	477	466	370	627	629	153	250	476	125	286
245	160	166	457	431	147	437	152	313
246	514	503	524	173	174	365	337	179	343	344	185	186	252	189	190
247	64	65	387	289	394	43	218	543	220	413	606	63
248	257	290	452	197	70	395	206	498	340	85	59
249	512	580	232	233	398	552	242	446	475	222
250	164	260	135	424	201	500	244	629	150	153	476	477	286
251	162	260	631	168	170	363	565	610	500	469	502	281	152	153	540	286	383
252	224	352	515	182	433	524	175	432	337	179	372	246	185	253
253	352	1	433	527	337	449	182	216	185	252	189	254
254	352	1	449	425	527	182	215	216	253	542
255	32	39	41	490	205	461	400	306	346	559	30
256	33	290	419	197	460	428	451	275	53	472	217	506	219	507
257	290	379	395	396	79	498	85	248	90	59	538
258	562	99	420	199	520	108	333	110	210	435	334	86	279	510	414
259	553	135	268	108	110	657	466	435	244	334	119	436	476	125	415
260	162	164	424	170	500	502	281	153	250	251	477	286	383
261	224	315	485	169	362	495	432	177	341	342	155	158	501
262	458	523	329	170	171	364	469	502	183	281	604	234
263	225	375	9	10	11	237	238	367	20	405	374	297	27	533
264	288	35	40	439	332	560	49	50	309	55	376	505	287
265	320	1	230	208	205	461	48	400	52	440	61
266	66	291	396	331	44	290	47	419	53	377	219	60
267	65	473	356	198	199	74	599	289	590	525	81	465	209	311	408	441	509	94
268	435	259	370	349	466	210	131	116	125
269	512	132	412	140	398	143	145	149	154	124	157	222	442
270	384	1	163	417	202	178	159
271	1	5	385	330	13	15	18	426
272	385	324	7	8	393	204	15	17	19	373	504	282	479
273	228	470	392	297	459	588	14	16	274	339	22	24	634	29
274	376	35	487	40	297	339	593	317	273	307	470	24	634	287	29	31
275	256	33	355	550	471	393	331	44	451	419	217	25	506	219
276	325	42	491	492	45	207	277	54	407	377	47	60
277	291	292	518	71	492	493	207	240	276	54	407	88	377	60
278	481	322	68	101	358	231	73	462	80	241	87	356	347	62	357
279	258	99	420	69	508	75	333	78	429	464	562	84	86	409	92
280	97	98	291	292	379	300	76	493	547	483	675	598	396	91	60	607
281	162	323	164	262	168	329	170	363	500	180	469	502	183	260	251
282	1	2	4	7	8	272	296	385	504	479
283	32	490	324	330	306	15	528	18	28	426	30
284	97	293	454	103	105	106	455	369	583	117	121	90	348	511
285	129	388	201	107	109	335	402	467	436	119	532	415	127
286	484	260	141	312	370	244	152	153	250	251	477	383
287	35	325	536	487	264	332	45	49	274	505	376	57	443	317	31
288	386	517	38	40	46	560	49	50	307	318	55	376	570	264
289	64	65	387	74	267	525	590	637	480	247	408	441	543	394	606	63
290	256	257	66	419	452	197	266	396	79	498	53	248	538	59	507
291	66	419	292	396	266	76	493	596	277	280	377	60	492
292	291	453	518	380	492	493	240	280	483	277	547	88	91	60	445
293	579	421	454	456	105	369	114	243	121	122	284	511
294	128	1	421	422	200	301	302	113	114	243	474	123	126
295	1	194	449	337	338	478	216	189	190
296	1	2	3	7	204	303	496	282	479
297	459	612	263	11	14	367	273	274	20	470	375	24	317	31
298	576	516	486	38	392	339	307	308	22	345	26	444	29
299	1	394	43	239	368	51	537	319
300	97	98	379	455	104	106	578	111	232	483	280	91	348	607
301	474	226	421	294	519	454	105	482	302	591	114	85	89	378	93
302	1	226	294	301	430	93	113	114	482	474	221
303	1	3	225	296	10	204	237	496	405
304	1	34	330	13	400	490	30
305	576	1	683	36	648	43	368	308	21	345	218	413
306	32	324	39	490	428	559	528	217	346	283	28	30	255
307	288	516	517	38	40	298	593	274	339	376	444	29	318
308	576	516	38	444	298	413	305	535	345	26	220	218
309	409	67	453	497	264	551	439	332	78	624	49	55	57
310	227	100	453	359	380	333	78	563	88	409	92	508
311	107	356	357	199	267	109	532	209	402	436	473	388	465	94
312	131	484	327	137	138	141	370	499	468	437	152	313	286
313	160	484	678	134	327	457	138	679	236	499	312	147	245	152	411	437
314	416	1	161	172	557	399	156	382
315	224	352	342	261	425	169	566	399	177	182	215	495	542	485
316	192	353	354	545	365	418	176	344	575	186	187	191
317	443	37	325	487	297	534	238	274	470	375	31	287
318	288	386	387	517	38	488	444	46	50	307	58	220	570
319	480	65	299	356	231	394	43	462	239	51	408	537
320	1	195	230	321	265	77	208	401	440	61
321	96	1	195	401	77	430	221	208	320	93
322	1	68	101	358	481	526	241	83	278	87	347	95
323	544	353	458	363	366	176	180	181	438	183	281	188	469
324	385	393	426	428	558	15	272	17	306	528	504	217	283	28
325	546	443	37	487	42	491	332	45	276	407	536	31	636	317	287
326	1	130	389	521	397	335	112	211	120
327	131	134	138	494	499	468	118	312	313
328	416	161	549	423	361	587	212	213	151	156	382	447
329	523	417	163	164	262	489	170	171	364	502	567	281	604	351
330	1	426	13	271	304	18	528	283	490	30
331	33	450	355	229	550	42	44	419	47	635	434	275	377	530	266
332	505	325	551	264	453	439	45	78	207	240	49	309	407	536	57	287
333	258	99	420	508	562	78	464	210	227	310	279	92	510
334	258	259	199	520	553	108	110	435	436	119	414
335	555	235	388	389	326	521	139	109	656	467	532	120	127	285	223
336	513	549	581	361	501	403	142	371	148	341	151	442	155	213
337	449	295	616	524	365	189	433	478	246	503	185	252	253	190
338	192	1	194	196	295	545	354	365	478	633	190
339	516	486	593	392	298	588	701	273	274	307	22	634	29
340	195	452	230	70	561	72	395	206	463	440	248	531	472	56	346	378
341	416	513	261	609	169	581	495	336	501	342	151	155	361
342	416	161	261	361	399	495	341	566	169	315
343	160	514	390	167	457	173	174	431	179	246	503	344
344	353	514	611	391	503	663	365	174	431	176	750	246	343	186	187	316	541
345	576	1	486	392	298	12	305	308	21	22	218	26
346	197	230	39	595	460	428	205	206	461	472	306	531	340	561	617	56	217	559	255
347	1	322	68	231	73	462	239	481	278	62
348	97	578	483	455	360	106	300	111	369	692	564	117	601	121	475	284	511
349	131	651	780	410	803	687	435	268	466	468	731	608	227	359	618	210	370	116	118	764	510	639
350	384	1	539	389	202	235	144	159	223
351	384	417	522	163	164	329	202	567	448	150	489	381
352	224	485	647	425	527	432	433	542	182	569	315	252	253	254
353	544	545	418	323	391	188	365	176	632	181	438	344	575	187	316	541	191
354	192	1	418	196	545	203	365	338	575	316	191
355	33	450	229	471	275	393	331	44	530	19	406	23	550	25
356	65	357	81	231	600	267	525	462	589	80	209	465	481	278	311	408	319
357	481	356	241	526	80	209	465	278	311	600	388
358	1	322	101	397	526	241	211	278	95
359	227	100	118	508	618	625	563	116	310	410	380	349	510
360	132	133	136	554	142	111	369	403	564	117	601	121	442	475	348	586
361	416	161	549	328	169	581	336	213	342	151	155	341
362	224	165	620	175	432	645	573	371	372	501	214	568	603	412	157	158	261
363	610	323	391	168	176	180	181	438	281	251	540	574	469
364	1	523	262	417	329	234	171	178
365	192	353	354	611	545	616	337	338	478	246	503	344	633	186	316	541	190	661
366	544	1	418	323	193	234	203	183	188	458
367	263	225	375	228	6	1	9	11	14	405	297	612	459	533
368	1	299	36	648	394	43	305	537	218	413
369	579	548	133	423	360	348	554	403	456	243	564	117	121	122	511	284	293
370	131	484	137	268	141	349	466	244	312	468	477	687	125	286	639
371	513	603	602	362	336	145	148	501	442	155	412	157	158
372	514	515	165	390	167	362	524	175	432	179	214	568	252	573
373	393	204	272	17	19	406	504	25	605	479
374	427	582	263	23	237	238	496	529	405	375	27	533
375	612	470	263	297	534	238	367	529	20	533	374	664	317	31
376	288	35	517	487	40	560	264	274	307	593	505	634	287
377	291	492	266	331	396	493	47	434	419	276	277	596	635	60	491
378	226	195	454	70	519	72	395	301	463	482	498	340	85	614	89	591	571
379	97	396	257	300	583	455	76	654	79	498	756	598	745	280	90	538	607
380	577	547	100	453	102	359	78	240	563	115	310	625	88	292	410	572	445
381	384	448	235	202	139	619	404	150	628	539	522	351
382	416	1	161	328	587	557	146	212	314	156	447
383	640	260	166	168	556	500	437	152	484	251	540	477	286	565
384	539	1	522	163	417	202	235	270	351	381	350	159
385	1	4	5	8	426	558	271	272	504	324	282	15
386	288	69	488	429	560	497	50	662	55	409	58	570	318
387	289	488	444	464	247	441	58	543	220	318	63
388	357	241	521	109	526	335	209	402	532	311	120	397	465	655	285
389	1	130	555	326	521	235	335	144	120	539	350	223
390	160	514	165	167	680	457	236	179	372	214	343	568	660	411	573
391	353	166	168	363	621	174	431	176	437	438	344	540	541	574
392	1	228	486	588	298	459	12	273	339	22	345
393	528	642	355	324	471	428	451	623	272	17	275	373	406	25	504	217	558	28	605
394	480	65	299	289	648	43	368	247	537	413	606	319
395	257	452	614	70	72	463	561	498	340	85	248	378	571
396	257	66	291	613	493	716	266	76	290	654	79	419	596	598	280	377	538	379
397	1	388	101	326	521	526	112	241	211	120	358
398	512	645	233	727	269	143	149	214	446	249	411	412	573	222	677
399	416	1	566	425	161	169	172	557	177	342	215	184	314	315
400	1	34	41	490	205	304	48	265	461	559	30	255
401	320	1	195	230	321	519	430	463	440
402	388	199	585	107	109	532	467	436	711	311	473	119	285	415
403	718	513	548	133	423	360	554	142	336	369	213	442	586	549
404	448	235	424	201	139	467	628	150	539	476	381	415
405	1	263	10	225	237	303	496	533	374	367
406	641	450	355	582	471	393	427	204	642	496	19	373	23	25	605	479
407	325	518	551	492	491	332	45	207	276	277	536	57	636	597
408	480	65	356	289	650	267	525	462	589	537	319
409	704	386	67	69	55	429	78	624	497	563	674	309	310	279	724	439	508	453
410	899	779	786	787	918	791	667	803	812	814	563	572	848	857	349	608	592	100	359	380	618	625	115	118	764
411	390	134	680	233	236	398	678	499	494	149	214	457	728	313	573	446	645
412	512	602	645	362	677	269	398	573	145	658	371	149	214	154	603	700	157	442
413	576	683	535	394	43	368	305	648	308	247	218	220	606	543
414	258	420	198	199	520	585	334	690	436	86	473	509
415	129	259	732	585	135	201	711	628	402	467	404	747	119	657	436	476	285	734	127
416	161	587	708	549	328	361	566	557	399	341	342	314	495	382	581
417	384	1	163	523	329	522	171	364	270	178	567	351
418	544	1	354	353	316	203	366	575	188	191
419	256	290	291	613	550	396	266	331	44	635	530	275	596	53	377	506	219	538	507
420	258	710	198	520	75	333	590	464	562	690	686	86	279	441	509	414	63
421	705	579	293	294	422	454	105	301	584	591	456	114	243	626	696	474
422	128	1	421	294	615	200	584	456	626	243	474	447
423	456	133	615	328	587	403	549	369	243	212	213	548	712	447
424	448	164	630	201	500	628	404	629	150	260	250	476
425	352	1	566	399	542	182	215	315	254
426	1	324	385	15	330	558	271	528	18	283
427	450	229	406	204	237	496	529	374	23	27	582
428	256	451	324	197	39	393	460	559	528	306	595	217	346	623
429	386	69	488	744	674	464	497	662	279	409	58	508	666
430	1	226	195	321	519	482	302	221	401	93
431	160	750	514	681	166	391	457	663	621	174	245	343	344	541	437
432	224	352	515	261	362	620	175	433	372	501	568	569	252	682	485
433	352	449	515	647	616	524	622	527	432	337	569	252	253
434	450	443	229	42	331	594	238	47	635	529	530	377	27	670	491
435	258	259	520	553	651	268	466	110	349	210	691	334	730	731	125	510
436	311	259	585	199	520	553	107	108	334	657	402	119	473	285	414	415
437	484	166	391	457	679	556	621	431	312	245	152	313	540	383
438	544	353	323	646	391	363	176	469	632	541	574	575
439	624	505	551	264	649	332	560	497	309	55	536	409
440	320	1	230	265	461	463	401	531	340
441	289	387	420	710	198	488	74	267	590	464	686	543	509	63
442	512	360	132	513	136	700	586	403	269	142	336	145	371	148	601	602	475	412
443	546	325	487	42	491	652	238	529	434	534	287	317	670	37
444	673	387	516	517	38	488	298	307	308	535	570	671	220	666	318	543
445	577	483	292	102	552	232	572	778	547	242	115	675	793	88	771	91	380	725
446	512	580	645	134	680	233	398	242	494	727	728	249	411	677
447	128	1	456	422	423	200	587	328	146	243	212	615	382
448	713	164	630	424	489	522	619	628	659	404	150	567	500	381	351
449	1	295	616	622	253	337	478	433	216	527	189	254
450	641	355	229	471	331	582	530	669	496	529	434	406	23	550	27	427
451	256	672	642	460	471	428	653	623	275	393	472	217	506
452	290	571	197	70	561	617	395	614	206	685	472	498	643	340	248	538	507	702
453	704	577	547	292	518	551	572	332	78	207	240	625	563	309	310	409	380	624	703
454	705	579	644	293	583	105	301	591	498	85	696	90	511	284	378	421
455	97	578	607	583	284	300	692	90	379	348	511
456	579	548	293	422	423	584	615	369	626	243	447	421
457	160	514	678	390	679	680	681	236	621	431	660	245	343	313	411	437
458	544	1	323	262	234	523	366	469	183	604
459	1	228	392	297	588	14	367	273	470	612
460	256	672	451	197	617	428	653	623	595	472	346
461	1	230	265	205	559	400	531	440	346	255
462	1	356	231	589	239	481	278	408	537	347	319
463	1	195	230	519	395	401	531	340	561	440	378	571
464	674	387	420	69	488	75	333	686	429	744	562	279	441	58	508	666	63
465	473	388	357	697	599	267	525	526	589	209	532	311	600	356	655	638
466	627	259	553	651	268	349	657	370	435	244	739	477	476	125	639
467	539	555	235	676	711	201	139	335	656	628	402	404	532	415	732	285	127
468	608	640	131	484	327	679	707	687	370	499	118	312	764	349
469	544	610	323	502	262	458	363	646	694	438	183	281	251	604	574
470	736	612	487	297	459	588	273	274	534	375	634	317
471	641	450	355	550	393	642	451	653	275	406	695	506	605
472	256	672	451	452	197	617	460	653	206	561	595	340	346	507	506
473	199	585	599	267	525	465	402	436	638	311	532	509	414
474	1	482	294	422	584	301	302	591	421
475	512	578	483	132	552	232	717	111	360	601	249	442	753	348	222
476	259	135	424	201	747	628	466	627	404	629	630	657	244	250	734	415
477	640	500	260	466	629	370	627	244	565	484	250	639	687	286	383
478	1	295	616	365	337	338	633	449	190
479	1	7	296	496	204	272	373	406	504	282	605
480	65	650	289	648	394	525	408	537	637	606	319
481	1	322	356	357	589	462	241	526	278	600	347
482	1	226	519	301	302	591	430	378	474
483	578	475	292	232	778	300	717	111	552	547	675	280	771	91	348	445	607
484	640	679	556	687	312	370	499	468	437	152	313	477	286	383
485	224	352	261	609	688	682	495	432	501	569	315	542
486	576	1	516	392	298	588	339	22	345	668	701
487	546	325	534	684	760	536	274	470	376	505	634	443	317	287
488	673	386	387	666	429	686	464	662	441	58	444	570	318	543
489	448	164	630	329	523	659	500	502	567	631	735	604	351
490	1	400	330	559	304	306	528	283	30	255
491	546	635	325	42	492	47	596	721	434	276	407	377	699	443	636	670
492	291	292	518	491	493	596	547	276	277	407	377	699	636	597
493	291	292	492	675	396	547	596	277	598	280	377	699
494	580	678	134	327	791	786	499	592	242	115	118	727	728	787	411	446
495	416	609	708	485	682	501	581	688	693	754	341	342	566	315	542	261
496	1	450	406	582	641	296	427	204	237	303	405	374	533	605	479
497	624	386	724	649	55	429	560	674	309	662	439	409
498	257	290	770	452	614	454	583	395	685	654	591	696	644	756	85	248	538	90	379	378	702
499	707	484	678	134	327	679	494	468	118	312	313	411
500	448	260	630	424	489	631	748	629	565	502	281	164	250	251	477	383
501	432	603	261	513	362	620	495	336	371	341	609	602	155	682	158	485
502	610	489	260	262	329	523	659	500	469	694	281	631	164	251	604	735
503	514	611	742	616	714	759	524	365	337	246	343	344	633
504	1	324	385	393	558	272	373	282	605	479
505	737	684	517	487	264	649	332	560	536	593	439	376	634	287
506	256	672	419	613	550	695	653	451	720	275	53	471	472	219	507
507	256	672	290	419	452	197	617	685	720	643	53	472	506	538	613
508	704	674	227	359	618	333	78	429	464	689	562	563	310	279	409	510
509	420	710	198	199	520	585	599	267	590	690	638	726	473	441	414	757
510	562	258	227	359	520	618	779	333	689	210	435	691	731	508	349
511	706	579	644	293	454	455	284	746	583	369	564	692	348
512	132	677	552	700	269	398	580	753	446	601	249	442	475	412	222	767
513	718	609	740	549	586	403	581	336	371	341	442	602	501
514	611	390	457	714	503	524	681	431	568	179	372	750	246	343	344	660
515	647	524	622	527	432	433	372	568	569	698	252	766
516	576	668	517	486	776	307	298	593	339	308	535	729	444	701	671
517	288	516	560	593	307	376	505	570	444	318	671
518	577	547	292	453	551	492	207	240	725	277	407	699	769	703	597
519	1	226	195	614	301	430	463	591	401	482	378	571
520	258	420	553	691	690	334	562	435	436	510	585	730	509	414
521	1	388	389	326	555	397	526	335	656	532	120	655
522	384	1	417	619	448	567	539	381	351
523	1	262	417	329	234	567	364	659	502	489	604	458
524	514	515	742	433	616	714	622	337	179	372	246	503	568	698	252	766
525	480	289	356	697	650	267	589	590	751	465	599	408	473	637
526	1	322	388	357	358	465	521	397	655	241	481	600
527	352	1	515	449	647	622	433	542	253	254
528	1	324	490	623	393	330	428	558	559	306	283	426
529	450	443	229	582	775	534	427	652	530	238	434	594	533	374	375	664	665	27	670
530	450	355	229	550	743	331	582	594	529	434	419	695	665	635	669
531	1	230	461	463	561	595	340	440	346	559
532	752	388	774	585	711	521	811	335	656	465	402	467	311	473	655	732	285	638
533	1	612	582	263	367	496	529	405	374	375	664	665
534	736	546	612	487	652	238	529	470	375	664	634	443	317
535	576	673	516	220	683	308	729	671	444	413	606	543
536	546	684	325	487	649	551	407	332	738	597	439	505	762	636	287
537	480	1	648	394	299	589	462	239	368	408	650	319
538	257	290	419	452	613	396	685	654	720	498	723	379	702	507
539	384	1	555	676	389	522	235	619	467	404	628	381	350
540	640	610	709	166	391	168	363	556	565	621	437	719	251	574	383
541	353	611	391	715	365	431	661	632	545	438	663	344	621	574	575
542	352	1	485	647	425	495	688	566	527	569	315	254
543	289	387	772	673	488	444	535	590	637	722	686	247	441	666	220	413	606
544	1	418	323	646	353	604	458	366	469	438	632	188	575
545	1	354	353	365	338	661	633	316	541	575
546	325	487	684	491	652	760	534	536	634	443	636	670
547	577	483	292	453	518	492	493	675	725	280	699	380	445
548	706	579	549	423	456	554	615	712	718	369	626	403	821	733
549	416	513	782	548	581	423	328	361	587	557	718	336	712	403	213	708
550	768	641	450	355	613	743	331	419	653	720	530	275	471	695	506	635	669
551	769	738	453	518	649	407	332	207	624	309	439	536	762	703	597
552	512	483	580	232	778	717	753	242	115	771	249	794	475	572	445
553	259	520	585	651	690	334	657	466	435	436	739	730
554	706	579	548	360	586	718	369	403	564	821	790	601
555	1	676	389	521	235	335	656	467	539	223
556	640	835	484	709	679	621	719	437	540	383
557	416	1	708	549	587	399	566	314	382	581
558	1	324	385	393	426	623	528	504	605
559	1	490	428	461	623	400	306	531	528	346	595	255
560	288	737	386	517	593	264	649	55	784	497	662	439	376	505	570	761
561	1	452	617	395	463	595	531	340	472	346	571
562	833	258	420	710	520	744	333	686	464	689	690	691	674	279	763	508	510
563	704	453	359	508	618	625	310	409	410	799	380	703
564	706	579	360	746	554	369	692	790	601	348	586	511
565	640	610	748	719	500	629	631	251	540	477	383
566	416	1	708	425	557	399	688	693	342	495	315	542
567	448	1	619	417	489	522	523	659	329	351
568	514	515	805	390	714	620	362	524	432	660	372	569	698	795	573
569	352	688	515	485	647	682	620	432	433	766	568	698	800	542	741
570	288	673	386	517	488	808	560	593	662	784	761	666	444	318	671
571	1	643	452	614	519	617	395	463	561	378
572	577	453	552	778	625	242	115	773	793	410	667	380	445	703
573	795	645	390	680	362	620	398	372	214	568	660	411	412	805
574	610	715	709	646	391	363	621	719	765	758	817	469	438	663	632	540	541
575	544	1	354	353	715	418	545	438	632	316	541	661
576	1	516	486	298	683	305	729	308	535	345	668	413
577	547	453	518	380	778	773	725	793	572	445	703
578	483	455	745	583	300	717	111	753	692	601	475	348	607
579	705	706	548	293	454	583	456	421	554	802	746	369	626	564	644	796	733	511
580	512	677	552	786	494	592	753	242	115	727	249	794	446	767
581	416	513	782	708	549	609	361	557	718	495	336	754	788	341	740
582	1	450	374	641	427	496	529	530	533	406	665	669
583	578	579	644	454	455	745	746	706	607	498	692	756	90	379	284	511
584	1	421	422	705	456	591	626	696	474
585	711	520	553	747	690	532	657	402	757	436	638	473	785	509	414	415
586	513	740	360	554	718	403	564	790	601	442	700	602
587	416	1	708	549	423	328	615	557	782	712	382	447
588	736	1	612	486	593	392	459	273	339	470	634	701
589	1	356	481	600	650	525	462	465	697	408	537
590	289	420	710	267	525	686	637	722	726	599	441	509	543
591	1	482	421	454	519	584	614	301	498	696	474	378	702
592	580	494	786	115	118	791	787	410	667
593	736	737	516	517	839	776	307	588	701	560	274	339	376	505	570	668	634	784	671
594	743	775	530	529	434	665	635	669	670
595	1	460	428	653	559	561	531	617	472	346	623
596	291	716	613	396	491	492	493	721	419	598	792	377	699	635
597	769	738	518	551	492	407	536	699	636
598	675	699	827	716	396	493	654	792	596	745	280	756	379	777	607
599	267	525	590	637	465	820	726	697	473	655	509	638	751
600	1	356	357	481	589	526	655	465	697
601	512	578	360	700	554	842	111	753	564	790	692	442	475	348	586	767
602	513	740	609	700	586	783	658	371	501	855	442	603	412	682
603	645	362	620	783	658	371	501	602	412	682
604	544	1	646	262	489	458	523	694	659	469	502	329	735
605	1	642	641	393	558	623	496	373	406	471	504	479
606	480	289	683	772	673	648	394	247	637	722	755	535	825	413	798	543
607	578	483	455	745	583	300	717	827	675	692	598	777	280	756	379
608	803	618	779	780	848	625	468	118	410	731	764	349
609	513	708	581	806	682	485	495	693	754	788	501	740	602	341
610	694	646	363	719	816	758	735	469	502	631	251	540	574	565
611	514	714	663	365	750	759	818	661	503	344	633	541
612	736	1	534	297	459	588	367	533	470	375	664
613	768	720	419	550	716	396	685	654	635	723	596	506	507	538
614	1	643	452	519	395	685	591	498	378	571	702
615	1	548	422	423	456	587	712	626	733	447
616	1	742	449	524	365	337	433	622	503	633	478
617	672	1	571	452	460	653	561	595	643	472	346	507
618	608	704	674	359	779	625	563	689	410	731	508	349	510	799
619	448	1	676	713	522	659	628	567	539	381
620	795	645	682	362	783	432	501	568	569	698	603	573
621	750	709	391	457	679	556	681	431	437	663	540	541	574	789
622	1	515	742	449	616	647	524	527	433	698	766
623	1	642	451	460	428	653	558	559	528	595	393	605
624	704	769	738	453	551	649	497	724	309	822	439	409	762	826	703
625	608	704	453	799	359	380	618	779	812	814	563	773	410	667	572	703
626	1	579	548	421	422	615	456	584	705	733
627	739	797	657	466	244	629	852	476	477	734	639
628	448	815	747	676	424	713	619	749	781	467	404	732	630	539	476	381	734	415
629	640	797	424	748	687	627	500	565	630	244	250	476	477	734	639
630	448	804	424	489	713	748	749	781	659	500	629	631	628	815	476	734	735
631	610	804	630	489	748	749	719	816	500	565	502	251	735
632	544	1	646	353	715	765	438	541	574	575
633	1	611	742	545	616	759	365	338	661	503	478
634	736	737	546	684	534	487	652	588	760	593	273	274	339	470	376	505	701	831
635	768	419	613	550	743	331	716	434	813	596	721	530	819	594	775	377	850	670	491
636	832	769	546	325	684	491	492	738	845	721	597	407	536	760	699	670
637	480	289	648	650	525	590	751	722	755	726	599	825	851	606	543
638	834	820	711	585	811	655	752	465	690	532	757	726	599	473	509
639	866	739	797	651	780	370	477	466	627	852	629	687	349
640	835	484	764	679	748	556	629	468	565	687	540	477	719	383
641	669	1	450	582	550	695	642	653	496	406	471	605
642	1	451	641	393	653	623	406	471	605
643	672	1	571	452	614	617	685	507
644	705	770	579	454	583	746	498	756	696	796	862	511
645	603	677	680	795	362	823	620	398	783	658	853	727	728	411	412	573	446	805
646	544	1	610	694	758	469	438	632	604	765	574
647	352	1	515	741	622	527	688	433	766	569	542
648	480	1	650	394	683	637	368	305	755	537	413	606
649	624	551	840	761	684	560	497	724	662	439	536	505	762	737	801	784
650	480	1	648	589	525	755	697	408	537	751	637
651	739	553	780	466	435	730	731	349	639
652	736	546	836	775	760	529	534	664	634	443	670	831
653	672	1	642	451	550	641	617	695	460	623	595	471	472	506
654	770	613	838	716	396	846	498	723	756	598	538	379	702
655	1	388	820	521	526	656	465	532	599	600	697	752	638
656	1	676	774	521	555	335	752	467	532	655	732
657	259	828	739	711	553	747	690	785	466	627	436	585	730	476	797	734	415
658	740	645	412	783	823	602	603	700	829	677
659	448	1	619	630	489	713	523	749	502	567	604	735
660	514	805	390	680	457	714	750	854	681	568	573
661	1	611	545	715	365	759	663	633	541	575
662	801	386	488	649	744	429	560	497	724	674	761	570	666
663	611	709	807	715	621	750	431	765	849	661	759	344	541	574	789
664	736	1	612	775	652	529	533	534	375	665
665	1	582	775	594	529	530	533	664	669
666	673	772	488	429	686	808	464	744	722	662	761	570	444	543
667	773	812	592	625	786	115	857	856	793	410	572
668	576	1	516	486	776	593	729	701
669	1	450	550	582	641	743	530	775	594	695	665
670	546	635	836	721	491	652	594	813	775	529	434	760	443	636
671	673	516	517	839	776	683	844	808	784	593	535	729	570	444	798
672	1	451	617	460	653	685	720	643	695	472	506	507
673	772	488	683	808	722	798	535	570	671	444	666	606	543
674	704	801	689	744	618	429	464	497	562	724	662	409	508	799
675	547	745	778	793	493	717	483	725	598	777	280	771	699	445	607
676	1	619	713	555	781	656	467	628	539	732
677	512	580	645	700	823	398	658	869	853	727	412	829	446	767
678	707	854	870	679	680	457	494	499	118	681	728	313	411	787
679	640	707	484	709	678	457	556	621	499	468	437	854	681	313	835	764	789
680	645	390	457	870	678	660	853	854	681	728	411	573	446	805
681	514	678	679	680	457	621	750	431	660	789	854
682	783	609	485	806	865	688	871	620	495	432	754	501	855	569	602	603	800	698	741
683	576	1	673	648	305	755	798	535	729	413	606	671
684	737	546	837	487	649	738	760	536	505	634	636	762
685	672	1	643	452	613	614	720	498	723	538	507	702
686	420	710	488	722	590	847	464	744	562	772	761	441	666	763	861	543
687	640	866	803	484	780	797	748	477	370	835	468	629	852	764	349	639
688	1	485	647	682	495	754	693	566	569	542	741
689	674	744	873	618	779	562	691	887	763	508	510	799
690	833	420	710	785	520	553	657	562	691	638	726	585	730	509	414	757
691	833	763	520	873	779	690	689	562	435	887	730	731	510
692	578	583	745	746	455	842	706	717	753	564	790	601	607	348	810	511
693	1	708	609	495	688	754	566
694	1	610	758	646	469	502	604	735
695	672	641	550	1	743	653	720	530	471	506	669
696	1	770	644	421	454	705	584	591	498	796	702
697	1	650	525	589	465	820	599	600	655	751
698	800	515	741	871	620	682	524	622	783	824	568	569	795	714	766
699	769	547	518	777	491	492	493	845	721	675	596	597	598	809	792	636	725
700	512	740	677	586	842	874	718	829	658	790	601	442	895	412	602	767
701	736	1	516	486	776	588	593	339	634	668
702	1	770	452	614	685	654	591	498	723	696	538
703	704	577	453	518	551	809	769	624	625	563	725	822	841	793	826	572	773
704	801	674	453	841	618	814	624	625	563	724	822	409	773	799	508	703
705	1	802	579	644	421	454	584	626	696	796	733
706	802	579	548	583	746	554	718	564	821	790	885	692	796	733	511
707	835	854	678	679	499	468	118	787	890	764
708	416	1	549	609	587	557	782	495	754	788	693	566	581
709	864	835	679	807	556	621	719	817	849	789	663	891	540	765	574
710	833	420	690	590	847	562	686	726	722	441	763	509
711	811	868	774	785	585	747	657	402	467	532	757	863	732	638	415
712	1	548	549	615	587	718	782	423	859	733	821
713	448	1	676	619	749	781	659	628	630
714	514	611	805	742	872	759	524	750	824	818	660	830	503	568	698	795	766
715	1	807	759	765	661	663	632	541	574	575
716	768	867	613	838	396	654	721	850	723	596	598	792	756	635
717	578	675	552	745	810	753	483	692	888	777	771	794	475	842	607
718	513	706	895	548	549	712	554	843	874	782	403	788	821	790	740	859	700	586	581
719	640	864	610	835	709	748	556	877	816	817	565	758	631	891	540	574
720	672	1	613	550	743	685	723	695	506	507	538	768
721	832	699	836	491	716	813	878	845	792	850	819	596	760	635	636	893	670
722	673	798	851	772	902	710	590	847	880	755	686	726	825	666	860	637	606	543
723	768	1	770	613	838	716	685	654	720	846	538	702
724	704	801	674	822	649	624	497	662	761	409	762
725	577	675	518	769	777	547	809	793	699	445	703
726	833	834	710	847	722	590	509	880	690	851	820	757	886	599	751	637	638
727	580	677	907	494	786	869	398	853	791	728	794	767	446	645
728	899	645	678	680	870	791	494	787	853	854	727	411	446
729	576	1	516	776	683	844	535	668	798	671
730	833	739	785	520	553	651	657	690	435	691	873	731	828
731	608	739	779	873	618	651	780	848	881	435	691	730	828	349	510
732	1	676	774	711	747	781	815	656	467	532	628	415
733	705	706	579	548	1	712	615	802	626	821
734	875	804	876	747	748	815	657	882	627	628	629	630	863	476	797	415
735	1	610	804	502	489	748	749	694	816	758	659	630	631	604
736	1	612	470	737	776	652	775	588	593	839	534	664	634	701	831
737	736	784	837	897	839	840	649	903	684	560	593	760	505	634	762	831
738	832	769	837	551	684	879	624	760	597	536	762	636
739	866	881	553	651	780	657	466	627	852	730	731	828	797	639
740	513	581	806	609	586	843	874	718	783	658	788	855	602	700	829
741	800	1	647	682	688	754	569	698	766
742	1	616	714	759	524	622	830	503	824	633	766
743	768	1	550	775	594	813	720	530	819	695	635	669
744	801	674	900	429	686	847	464	689	562	662	761	666	763	861	799
745	578	675	583	777	746	717	827	692	598	888	756	379	810	607
746	706	579	644	583	745	810	802	692	756	790	885	564	796	862	511
747	785	732	774	711	585	781	815	657	882	628	828	863	476	797	734	415
748	640	912	835	804	735	876	877	687	816	500	565	630	631	852	719	797	734	629
749	1	804	713	781	659	628	630	631	735
750	896	514	611	805	807	872	681	714	759	621	431	818	660	789	854	663	344	889	914
751	1	825	650	525	755	820	726	599	697	851	637
752	1	834	774	811	655	656	532	820	638
753	512	578	580	552	842	717	692	601	794	475	767
754	800	1	708	581	806	609	682	495	688	788	693	741
755	1	648	650	683	751	722	798	825	637	606
756	770	827	644	838	583	745	746	716	654	498	867	846	598	905	792	379	910	810	862	607
757	833	834	868	886	711	585	811	785	690	726	509	638
758	1	610	646	719	816	817	694	765	574	735
759	1	611	742	715	807	714	503	750	818	661	663	633	830
760	832	737	546	836	837	487	684	652	738	878	721	892	634	636	670	831
761	784	772	861	801	744	649	686	840	560	808	724	662	570	666
762	737	738	837	551	840	649	684	898	861	624	724	822	536	826	879	769	801
763	833	900	710	744	873	686	847	689	562	691	887	799
764	608	640	707	679	890	687	835	787	468	118	803	410	349
765	864	1	709	646	807	715	817	849	758	663	632	574
766	800	1	515	741	742	647	714	524	622	824	569	698
767	512	580	677	842	907	753	953	727	601	794	700	829	869
768	1	613	550	743	716	720	850	723	838	819	635
769	832	738	518	551	904	809	845	879	624	725	597	762	699	636	826	703
770	1	644	862	654	498	723	756	846	696	796	702
771	675	552	777	778	858	717	483	115	888	794	445
772	673	902	808	686	847	722	798	761	666	860	861	606	543
773	704	577	841	812	814	625	856	793	667	572	703
774	1	811	711	747	815	656	532	732	752	863
775	736	1	836	743	652	813	529	594	664	665	635	669	670	831
776	736	1	516	839	844	784	593	729	668	701	671
777	675	745	778	717	827	888	771	725	598	809	792	793	699	894	607
778	577	483	552	777	858	888	115	675	771	793	794	572	445	894	927
779	608	689	873	618	814	848	625	691	887	410	731	881	906	510	799
780	608	866	739	651	687	848	881	803	852	917	731	349	639
781	1	676	713	747	749	815	628	630	804	732
782	1	843	708	549	712	587	718	788	859	581
783	865	795	740	645	806	871	682	855	620	874	829	658	919	823	602	603	698
784	897	737	839	776	649	844	808	560	593	884	840	761	570	671
785	833	868	711	585	747	909	657	690	757	886	921	730	828	863
786	899	580	791	907	494	592	931	115	918	727	857	410	667	794
787	848	707	854	678	899	494	918	592	803	118	791	728	410	764	890
788	1	740	581	806	609	843	718	754	782	855	708
789	896	835	709	679	681	807	621	750	937	849	914	854	663	891	933
790	706	895	901	746	554	810	842	718	564	923	692	821	601	859	700	586	885
791	899	870	907	494	592	786	787	853	727	728	410
792	827	777	716	845	910	721	850	867	596	926	598	809	756	916	699	893	894
793	577	675	927	773	904	777	778	858	841	115	725	809	856	826	667	572	445	894	703
794	771	580	552	778	907	717	753	786	115	727	888	857	858	946	842	767
795	913	932	645	871	908	714	620	783	824	883	853	823	568	698	573	830	805
796	1	706	579	644	705	746	770	885	696	802	810	862
797	929	739	876	924	747	748	687	657	882	627	852	629	875	828	734	639
798	1	772	673	808	683	844	722	755	825	729	860	606	671
799	704	801	674	900	689	744	618	779	814	625	563	822	887	920	763	906
800	1	741	806	865	682	871	754	824	569	698	766
801	704	674	900	822	744	649	898	840	724	662	761	762	861	799
802	1	706	579	705	746	821	796	733	885
803	608	866	835	780	890	687	848	787	917	410	764	349
804	1	876	875	748	749	781	816	630	631	815	734	735
805	932	645	870	913	680	714	940	750	872	883	660	853	854	568	889	795	573	830
806	800	1	740	609	682	783	754	788	855	865
807	896	1	709	715	663	750	849	818	789	759	765
808	673	772	902	840	844	861	784	915	884	761	570	860	666	798	671
809	769	904	777	845	725	792	793	826	699	894	703
810	745	746	717	756	885	790	905	888	692	922	827	796	842	862
811	1	834	868	774	711	752	532	757	638	863
812	930	773	936	841	814	848	625	856	857	410	667
813	1	836	775	743	878	721	819	635	670
814	704	930	773	936	841	906	779	812	848	625	822	920	410	799
815	1	875	804	774	747	781	882	628	630	732	734	863
816	1	610	804	876	748	877	719	817	758	631	735
817	864	1	709	877	719	816	758	765	574
818	896	1	611	807	872	714	750	759	889	830
819	768	1	743	813	878	721	850	635
820	1	834	886	880	655	752	851	726	599	697	751	638
821	1	706	548	901	712	554	802	718	885	790	859	733
822	704	801	898	900	904	841	814	879	624	724	920	762	703	826	799
823	865	932	645	871	919	908	783	658	853	869	795	829	677
824	800	1	742	871	714	883	830	698	795	766
825	1	751	722	755	798	851	860	637	606
826	769	898	904	809	879	624	822	841	793	762	703
827	867	945	745	810	910	905	888	756	894	598	777	792	922	862	607
828	833	955	739	929	785	873	747	909	657	882	852	921	730	731	881	797	863
829	923	740	677	842	919	941	783	658	869	823	895	700	874	767
830	1	805	742	872	714	818	883	759	824	795
831	736	1	836	837	897	737	775	652	839	903	760	634	892
832	769	738	836	837	935	904	892	938	845	878	879	721	760	636
833	944	943	911	886	710	909	873	690	847	880	785	562	691	757	726	887	730	763	828
834	1	868	886	811	752	820	757	726	638
835	640	912	789	803	933	679	937	556	687	948	949	950	707	709	719	852	854	866	748	877	890	891	764	917
836	832	1	775	652	813	878	721	760	892	670	831
837	832	737	738	903	840	935	684	879	760	762	892	831
838	768	1	867	716	654	850	723	756	846
839	736	1	897	737	776	844	784	593	884	831	671
840	897	801	898	837	934	737	808	649	903	942	879	784	915	884	761	762	861
841	704	930	773	904	812	814	920	822	856	793	826	927	703
842	928	923	869	810	907	717	922	753	946	692	885	790	953	888	601	794	895	700	829	901	767
843	1	740	874	782	788	718	855	859
844	1	902	839	776	784	808	884	729	860	798	671
845	832	769	904	809	938	878	721	916	926	951	792	699	636	893	894
846	1	770	867	838	905	654	723	756	862
847	833	944	772	902	710	744	925	686	911	880	722	726	887	952	900	943	763	861
848	608	803	936	812	906	779	780	814	881	787	917	918	857	410	731	890
849	864	1	896	709	807	789	663	891	765
850	768	1	867	838	716	878	721	819	792	635	893
851	1	751	880	722	820	726	825	860	637
852	929	866	739	780	924	748	876	687	912	881	627	835	828	797	639
853	899	932	645	870	680	908	791	907	823	947	869	805	727	728	940	965	795	956	677
854	707	805	678	679	680	681	870	940	750	954	914	787	660	789	950	728	889	835	899	890	933
855	1	740	806	865	682	843	783	788	919	602	874
856	930	931	773	841	812	115	857	793	858	667	927
857	930	899	858	931	907	812	848	936	786	115	918	856	794	667	410
858	771	778	907	888	115	857	856	793	794	931	927
859	1	901	712	874	843	782	718	790	895	821
860	1	772	902	808	844	880	722	851	884	825	798
861	801	898	900	772	934	902	744	939	686	847	840	808	915	942	952	761	762	925	958
862	1	770	644	905	746	846	756	885	922	827	796	810
863	1	811	868	774	711	747	815	785	882	921	828	734
864	1	709	849	877	719	817	891	765
865	800	1	806	871	682	855	908	783	919	823
866	929	962	835	780	687	912	881	739	852	917	803	948	924	949	639
867	1	838	905	716	846	850	756	910	792	916	827	893
868	1	834	711	811	909	785	757	886	921	863
869	907	932	677	842	727	941	947	919	853	823	953	923	829	767
870	899	805	678	680	940	853	854	791	728	954	956
871	800	1	865	682	908	783	913	883	823	824	698	795
872	1	805	714	750	913	818	883	889	830
873	833	955	763	966	881	906	779	909	973	944	689	691	887	921	730	731	828	963
874	1	740	843	718	783	919	855	859	700	829	895
875	1	804	876	815	882	924	797	734
876	1	912	804	875	748	877	816	852	924	797	734
877	864	1	912	835	876	748	719	816	817	891
878	832	1	836	938	813	845	721	850	819	916	760	892	893
879	832	769	738	837	934	903	840	938	935	898	957	904	822	826	762
880	1	886	902	833	847	722	851	820	726	911	860	925
881	962	929	866	739	966	873	906	779	780	955	848	852	917	731	828
882	1	875	929	924	747	815	921	828	797	734	863
883	1	805	871	872	913	824	795	830
884	897	1	902	839	840	844	784	808	915	860
885	928	1	706	901	746	842	802	821	790	922	796	810	862
886	1	834	868	833	909	911	880	785	820	757	726
887	833	963	900	961	968	873	906	779	973	847	944	689	691	952	763	799
888	960	771	922	969	745	778	907	842	717	910	905	945	858	931	777	794	827	946	810	894	927
889	896	1	805	872	940	914	750	913	818	854
890	803	854	967	899	974	918	848	787	917	707	950	835	764	954	949
891	864	1	896	835	709	937	877	719	912	849	789
892	832	1	836	837	903	938	935	878	760	831
893	1	867	845	878	721	850	916	910	792
894	960	945	904	777	778	951	845	910	888	809	792	793	827	970	926	927
895	1	923	901	842	874	718	941	790	919	859	700	829
896	1	933	807	937	914	750	849	818	789	889	891
897	1	934	839	840	903	784	915	884	737	831
898	801	900	934	840	957	971	861	904	822	920	762	879	826	958
899	931	918	870	967	907	954	977	786	787	853	854	791	728	857	410	956	890	965
900	801	898	964	961	744	906	847	952	968	822	887	920	763	861	958	799
901	928	1	895	842	923	821	790	859	885
902	1	772	808	925	939	844	847	880	722	915	884	860	861
903	897	1	837	934	737	840	935	879	892	831
904	769	898	920	793	927	930	935	809	938	822	951	826	957	959	832	841	970	971	972	845	879	894
905	1	867	810	846	945	756	910	888	922	827	862
906	930	900	966	936	873	779	973	814	848	881	979	968	917	982	887	920	955	799
907	899	869	977	969	842	727	946	965	953	786	931	853	791	888	857	794	947	858	767
908	1	932	871	919	913	853	823	795	865
909	1	868	833	873	911	944	785	886	921	943	828
910	1	867	945	905	888	756	926	792	916	827	893	894
911	1	833	909	847	880	886	943	925
912	1	866	835	876	748	877	852	949	937	948	891	924
913	1	932	805	871	872	940	908	883	889	795
914	896	1	933	940	750	789	854	889
915	1	934	902	897	808	939	942	840	884	861
916	1	867	938	845	878	910	792	893	926
917	866	835	982	966	936	906	780	962	974	848	881	803	949	918	890
918	899	967	936	974	848	977	786	787	980	917	857	410	931	890
919	1	932	869	865	874	823	908	941	783	855	829	895
920	898	900	904	841	906	971	972	930	814	968	978	979	822	964	958	799
921	1	868	929	873	909	944	785	882	955	828	863
922	928	1	960	905	810	945	946	885	888	827	842	862
923	928	1	869	842	941	946	790	901	953	829	895
924	1	866	929	875	876	962	912	882	852	948	797
925	1	943	902	939	911	880	952	847	861
926	1	938	845	910	945	916	951	792	894
927	960	930	931	904	841	778	972	975	976	888	969	856	793	858	970	894
928	1	901	842	946	885	922	923
929	1	866	924	962	881	882	852	921	955	828	797
930	931	904	841	906	812	814	976	920	978	936	981	856	857	972	979	927
931	930	899	977	936	969	907	976	888	786	980	981	918	856	857	858	927
932	1	869	940	919	908	941	913	947	853	823	795	956	805
933	896	1	835	950	937	940	914	789	854	954
934	1	898	897	840	957	903	942	879	915	935	861	958
935	832	1	837	934	903	904	938	879	892	957
936	930	931	982	974	906	812	814	848	979	980	917	918	857	981
937	896	1	835	933	912	789	950	891	949
938	832	1	935	904	845	878	879	916	951	892	957	926	959
939	1	902	942	925	915	952	861
940	1	932	805	870	913	914	853	854	889	954	956	933
941	1	932	869	947	919	953	923	829	895
942	1	934	840	939	915	952	861	958
943	1	833	909	847	944	952	911	925
944	1	961	955	833	873	909	847	963	887	952	921	943
945	960	1	905	970	910	926	951	888	922	827	894
946	928	1	960	969	842	907	888	953	794	923	922
947	1	932	869	907	941	853	953	956	965
948	1	866	835	962	912	949	924
949	1	866	835	967	937	962	974	912	948	917	950	890
950	1	835	933	967	937	949	854	890	954
951	1	904	938	845	945	926	970	894	959
952	1	900	943	961	939	942	861	944	887	964	847	925	958
953	1	869	969	842	907	941	946	947	965	923	767
954	1	899	933	870	967	940	977	854	950	890	956	965
955	1	962	963	966	929	873	906	973	944	881	921	828
956	1	899	932	965	870	940	947	853	954
957	1	898	934	935	904	938	971	879	958	959
958	1	898	900	934	971	942	957	952	920	964	861
959	1	904	938	971	972	970	951	957
960	1	969	970	975	945	946	888	922	894	927
961	1	963	900	968	944	887	952	964
962	1	866	966	929	974	881	948	917	955	924	949
963	1	961	968	873	973	944	887	955
964	1	900	961	968	971	952	920	958
965	1	899	969	907	977	947	853	953	954	956
966	1	962	873	906	973	974	881	979	917	982	955
967	1	899	950	974	977	980	949	918	890	954
968	1	963	900	961	906	971	973	979	887	920	964
969	960	1	931	965	907	975	976	977	946	888	953	927
970	960	1	904	972	975	945	951	959	894	927
971	1	898	964	904	972	968	978	979	920	957	958	959
972	1	930	904	970	971	975	976	978	920	927	959
973	1	963	966	968	873	906	979	887	955
974	1	962	982	966	967	936	980	917	918	890	949
975	960	1	969	970	972	976	927
976	1	930	931	969	972	975	977	978	981	927
977	1	899	965	967	969	907	976	931	980	981	918	954
978	1	930	971	972	976	979	981	920
979	1	930	966	936	906	971	973	968	978	981	982	920
980	1	931	982	967	936	974	977	981	918
981	1	930	931	936	976	977	978	979	980	982
982	1	966	936	906	974	979	980	917	981
