1	318685.598552
2	29.8125428654
3	42.9919260735
4	37.8776801778
5	45.0319313937
6	84.3138943035
7	54.8239569306
8	18.464420247
9	3.65303278267
10	43.6940674395
11	41.2555494521
12	52.3664621496
13	38.6652171153
14	91.2214472016
15	96.9049969077
16	8.44467318592
17	59.492248175
18	52.8124168009
19	37.5266094947
20	13.3122207639
21	49.1214304309
22	42.5744366126
23	123.111948975
24	3.93768468782
25	62.8701174493
26	9.41248966341
27	148.588294485
28	59.0178283331
29	40.6293152608
30	97.6166266705
31	94.2672225867
32	5.40838619772
33	70.2520901894
34	111.593035213
35	50.525713163
36	6.21489992896
37	15.6748315766
38	94.2672225867
39	80.300302441
40	58.2397797923
41	31.1029648353
42	129.715873174
43	92.5877763463
44	72.8803761136
45	51.8066467361
46	6.5469938183
47	132.012065209
48	133.074765655
49	52.8313935946
50	47.1763090791
51	26.9565354171
52	7.13527442226
53	83.2511938576
54	39.0732181794
55	137.714591708
56	33.6268783943
57	114.562903423
58	132.619322606
59	10.3708177441
60	104.476737584
61	28.3892833396
62	14.4508283844
63	167.109645113
64	15.2288769252
65	123.055018593
66	49.0075696689
67	59.5112249687
68	106.412370539
69	126.954749694
70	67.9843633451
71	47.2047742696
72	61.8453705908
73	4.29824376767
74	63.4489096565
75	22.5823844747
76	46.8157499993
77	7.16373961278
78	371.632038958
79	45.4304440609
80	45.4114672672
81	7.82792739144
82	5.88280603963
83	27.3835132748
84	41.084758309
85	123.491484848
86	80.0251389327
87	16.1966934027
88	218.090801324
89	87.1604133549
90	123.197344546
91	229.011946085
92	126.698562979
93	60.7257397639
94	19.1380964225
95	48.4572426522
96	76.5144321026
97	91.4681455194
98	6.30978389735
99	80.5849543461
100	277.545095912
101	67.8230605988
102	183.53406004
103	26.2259288605
104	24.6793201759
105	114.600857011
106	31.1124532322
107	11.8225424603
108	74.2561936551
109	80.0441157263
110	93.9066635068
111	197.387119423
112	9.90588629899
113	46.3223533637
114	34.699067237
115	744.00417287
116	196.020790279
117	53.163487484
118	624.697071028
119	92.957823823
120	121.195292813
121	81.7899807445
122	54.1028387709
123	11.2911922374
124	45.7530495534
125	179.548933368
126	15.12450456
127	72.2636303191
128	46.0282130617
129	46.3223533637
130	44.5764883455
131	160.87576839
132	199.114007648
133	117.988214682
134	323.668192942
135	130.256711794
136	29.4140301982
137	18.8344677237
138	129.431221269
139	100.880635183
140	13.65380305
141	55.2224695978
142	92.3315896317
143	43.8458817889
144	66.7129181688
145	98.3187680365
146	108.186700748
147	82.1979818086
148	64.5780288802
149	125.493536581
150	110.814986672
151	113.215551072
152	194.777810293
153	69.4930184423
154	11.2152850627
155	103.878968584
156	47.6412405242
157	123.776136753
158	81.2111885374
159	51.227854529
160	147.174523356
161	83.6307297311
162	9.11834936143
163	77.0837359128
164	149.907181645
165	78.5259722322
166	154.262355794
167	61.9307661624
168	128.624707537
169	94.8175496033
170	38.8075430679
171	58.1733610145
172	51.5030180373
173	17.2214402612
174	146.719080308
175	62.53802356
176	116.090535314
177	44.5859767423
178	50.6205971313
179	59.843318858
180	10.4182597282
181	56.152332488
182	79.4843003129
183	114.762159757
184	18.2082335323
185	13.7866406058
186	64.9385879601
187	28.9206335626
188	71.684838112
189	58.1828494113
190	88.1282298324
191	53.5335349606
192	57.2434981243
193	43.7320210269
194	23.6071313332
195	133.682023052
196	68.4682715838
197	126.110282375
198	124.335952167
199	212.891159857
200	96.4590422563
201	133.169649623
202	94.1248966341
203	116.659839125
204	171.967704294
205	112.399548944
206	79.9302549643
207	155.163753494
208	112.693689246
209	143.89153805
210	209.902314853
211	112.32364177
212	120.27491832
213	145.352751163
214	257.837695679
215	88.4128817375
216	140.314412442
217	148.246712199
218	100.16900542
219	63.2022113387
220	201.381734492
221	77.4917369769
222	178.239534604
223	61.5132767015
224	122.609063942
225	102.408267074
226	93.7453607606
227	188.145420903
228	159.860509929
229	102.057196391
230	205.755885435
231	103.556363091
232	362.304944867
233	184.122340644
234	211.904366586
235	96.2218323353
236	224.191840491
237	114.401600677
238	155.495847383
239	157.630736672
240	212.084646126
241	196.220046612
242	299.235571084
243	162.033352804
244	189.910262715
245	153.209143745
246	152.38365322
247	162.650098599
248	98.5654663543
249	127.049633662
250	216.866798132
251	213.45097527
252	155.087846319
253	139.783062219
254	166.635225271
255	132.894486115
256	170.316723244
257	132.144902764
258	227.531756178
259	252.400844291
260	161.378653423
261	134.270303656
262	122.912692641
263	133.938209767
264	67.9084561704
265	232.228512613
266	170.81011988
267	239.449182607
268	146.168753291
269	234.704984188
270	120.350825495
271	190.043100271
272	180.640099004
273	149.888204852
274	236.336988444
275	121.271199988
276	143.739723701
277	194.142087705
278	156.995014083
279	192.652409401
280	308.050291746
281	157.15631683
282	241.451234339
283	127.751775028
284	184.084387056
285	168.855510131
286	112.276199785
287	138.018220407
288	100.036167864
289	200.186196491
290	159.803579548
291	146.301590847
292	311.598952164
293	179.757678098
294	131.177086287
295	142.752930429
296	194.948601436
297	201.998480287
298	178.571628493
299	155.002450747
300	241.470211133
301	201.229920143
302	115.084765249
303	143.948468431
304	194.151576101
305	199.76870703
306	152.279280855
307	173.049381534
308	178.837303605
309	148.626248072
310	226.810638018
311	146.358521228
312	169.652535465
313	311.807696894
314	110.890893847
315	146.491358784
316	69.6163676012
317	85.0729660505
318	159.480974055
319	113.557133359
320	156.406733479
321	145.789217418
322	112.769596421
323	92.8819166483
324	190.37519416
325	208.033100676
326	121.935387767
327	151.63406987
328	131.338389033
329	118.026168269
330	175.468922727
331	183.002709817
332	158.778832689
333	166.473922525
334	89.266837453
335	210.310315917
336	181.778706625
337	176.076180125
338	230.216972483
339	128.140799299
340	157.829993005
341	153.749982365
342	115.369417155
343	167.014761144
344	284.983999033
345	273.332247716
346	228.57547983
347	132.42955467
348	255.85462074
349	551.143018739
350	154.06309946
351	79.5317422971
352	158.095668117
353	132.552903828
354	156.871664925
355	134.241838466
356	170.041559736
357	90.6900969787
358	94.3526181582
359	182.613685546
360	206.22081688
361	120.142080764
362	233.613818551
363	134.28928045
364	113.272481453
365	208.127984644
366	170.155420498
367	183.458152865
368	202.463411732
369	218.176196896
370	320.091067334
371	171.910773913
372	203.972066829
373	86.33492283
374	118.823193604
375	135.143236165
376	124.487766516
377	166.473922525
378	138.388267884
379	261.054262207
380	295.810259825
381	85.1583616221
382	191.105800716
383	212.606507952
384	150.258252328
385	209.902314853
386	185.355832233
387	103.489944313
388	207.122214579
389	176.560088364
390	225.700495588
391	193.16478283
392	218.641128341
393	255.769225168
394	146.320567641
395	116.071558521
396	222.759092568
397	164.690103919
398	230.349810039
399	231.621255215
400	289.348661578
401	95.1211783021
402	154.57547289
403	226.298264589
404	119.107845509
405	155.827941272
406	195.470463262
407	168.779602956
408	89.0865579131
409	277.801282626
410	687.206629397
411	238.832436812
412	237.171967365
413	158.313901244
414	145.36223956
415	279.271984136
416	136.604449278
417	187.120674044
418	94.9408987622
419	204.911418116
420	234.989636093
421	178.846792002
422	142.269022191
423	147.905129913
424	141.234786935
425	101.393008612
426	123.387112483
427	135.78844715
428	194.739856705
429	126.973726488
430	95.6620169219
431	183.477129659
432	174.491617853
433	148.816016009
434	185.289413455
435	280.733197249
436	189.929239509
437	181.759729831
438	93.2709409187
439	95.8517848586
440	103.755619425
441	154.689333652
442	258.027463616
443	165.439687269
444	158.570087959
445	280.296730995
446	205.234023608
447	177.157857364
448	129.317360507
449	196.058743866
450	123.624322404
451	118.064121857
452	144.498795448
453	322.785772036
454	185.289413455
455	131.537645367
456	107.105023509
457	247.296086792
458	102.275429518
459	155.021427541
460	64.6349592612
461	214.864746399
462	141.965393492
463	108.983726083
464	223.271465998
465	161.59688655
466	176.237482871
467	180.716006179
468	190.783195224
469	108.509306241
470	131.006295144
471	95.3204346357
472	129.3363373
473	129.839222333
474	116.783188284
475	261.329425715
476	236.280058063
477	180.583168623
478	150.267740725
479	191.257615066
480	112.997317945
481	119.88589405
482	111.583546816
483	287.005027559
484	173.134777105
485	158.456227197
486	171.540726436
487	135.778958753
488	129.545082031
489	70.0148802684
490	227.4653374
491	227.768966099
492	135.57970242
493	121.242734797
494	272.146198111
495	170.724724308
496	230.40674042
497	129.374290888
498	226.336218176
499	147.297872515
500	212.350321237
501	155.638173336
502	117.447376062
503	163.2478676
504	166.60676008
505	140.703436712
506	152.165420093
507	128.94731303
508	274.973740369
509	188.534445173
510	256.983739963
511	149.242993867
512	213.564836032
513	136.310308976
514	216.221587147
515	91.7148438372
516	151.121696441
517	121.555851893
518	231.678185596
519	131.879227653
520	122.950646228
521	186.731649774
522	99.1157933709
523	173.23914947
524	203.27941386
525	142.620092874
526	152.440583601
527	106.023346269
528	189.122725777
529	194.331855641
530	117.959749491
531	138.815245742
532	192.59547902
533	176.911159047
534	155.125799906
535	188.828585475
536	169.88025699
537	146.757033895
538	139.517387108
539	173.049381534
540	139.375061155
541	160.145161834
542	154.793706017
543	174.102593583
544	158.019760942
545	128.434939601
546	107.541489763
547	173.647150534
548	132.173367955
549	202.662668065
550	156.596501416
551	154.93603197
552	190.564962097
553	127.884612584
554	160.211580612
555	116.232861267
556	160.790372819
557	143.663816526
558	159.841533135
559	194.720879912
560	244.373660566
561	123.614834007
562	192.140035972
563	133.606115877
564	135.24760853
565	85.3291527652
566	153.28505092
567	101.231705866
568	182.338522038
569	123.21632134
570	189.122725777
571	108.917307305
572	221.070157931
573	231.279672929
574	201.078105793
575	141.28222892
576	180.734982972
577	145.039634067
578	158.427762006
579	206.439050007
580	178.277488191
581	148.948853565
582	175.108363647
583	175.364550362
584	113.955646026
585	183.277873325
586	109.780751417
587	198.933728108
588	167.176063891
589	114.268763121
590	141.747160365
591	157.801527815
592	114.771648154
593	214.637024875
594	79.360951154
595	135.456353261
596	199.066565664
597	79.3324859635
598	208.962963566
599	158.522645974
600	86.4962255762
601	246.176455965
602	163.314286378
603	89.9500020253
604	176.161575696
605	197.510468582
606	159.76562596
607	130.674201255
608	220.415458549
609	120.436221066
610	124.601627278
611	134.583420752
612	221.629973345
613	128.472893188
614	102.057196391
615	138.739338567
616	140.38083122
617	93.5271276333
618	194.255948467
619	110.293124846
620	147.819734341
621	197.776143694
622	152.17490849
623	205.784350625
624	138.245941931
625	235.672800665
626	109.761774623
627	105.918973904
628	232.911677185
629	193.307108783
630	140.172086489
631	90.5098174388
632	106.374416952
633	188.221328078
634	198.573169028
635	213.574324429
636	206.287235657
637	152.516490776
638	184.255178199
639	149.907181645
640	222.341603108
641	123.918462706
642	93.7358723637
643	61.8074170035
644	128.453916394
645	256.319552185
646	131.594575748
647	100.766774421
648	155.875383257
649	190.137984239
650	132.714206575
651	108.461864256
652	105.529949634
653	147.478152055
654	101.48789258
655	224.70421392
656	169.870768593
657	201.666386397
658	120.512128241
659	151.45379033
660	135.560725626
661	111.915640706
662	124.620604072
663	135.029375403
664	135.684074785
665	119.791010081
666	119.01296154
667	157.023479274
668	106.934232366
669	119.88589405
670	118.519564905
671	176.949112634
672	106.326974968
673	108.319538304
674	147.430710071
675	190.280310192
676	157.801527815
677	239.164530701
678	200.015405347
679	265.893344594
680	166.730109239
681	110.074891719
682	194.27492526
683	187.319930378
684	83.1942634766
685	92.3505664254
686	182.566243562
687	234.287494727
688	146.273125656
689	120.701896178
690	179.055536732
691	142.183626619
692	135.9402615
693	61.4563463205
694	48.2295211281
695	111.60252361
696	171.161190563
697	122.362365624
698	165.230942539
699	245.645105742
700	252.182611163
701	113.538156565
702	127.827682203
703	195.736138373
704	235.179404029
705	148.161316627
706	186.105415583
707	117.343003697
708	180.782424957
709	178.04027827
710	106.772929619
711	163.722287442
712	169.491232719
713	110.900382244
714	214.086697858
715	130.62675927
716	153.484307253
717	215.82307448
718	251.508934988
719	195.574835627
720	120.170545955
721	174.947060901
722	155.476870589
723	131.698948113
724	80.5754659493
725	110.350055227
726	182.898337451
727	199.028612076
728	156.605989813
729	131.186574684
730	120.711384574
731	219.381223294
732	101.003984342
733	153.787935952
734	159.642276801
735	195.299672119
736	233.756144504
737	198.364424298
738	129.535593634
739	143.284280652
740	180.459819464
741	120.891664114
742	160.439302136
743	114.354158693
744	150.950905298
745	105.975904285
746	137.648172931
747	127.799217013
748	241.327885181
749	102.673942185
750	181.769218228
751	113.405319009
752	144.546237432
753	88.033345864
754	131.309923843
755	98.3567216239
756	158.209528879
757	115.037323265
758	140.029760537
759	231.080416595
760	174.785758155
761	114.192855947
762	141.31069411
763	106.678045651
764	183.372757293
765	122.390830815
766	124.601627278
767	163.63689187
768	163.447123933
769	141.301205713
770	137.705103312
771	78.9719268836
772	154.319286175
773	153.503284047
774	125.246838263
775	204.285183925
776	151.131184837
777	149.499180581
778	137.837940867
779	235.815126618
780	124.260044992
781	96.354669891
782	157.924876974
783	166.957830763
784	105.662787189
785	131.689459716
786	165.724339174
787	248.29236846
788	131.88871605
789	172.328263374
790	218.849873071
791	101.753567692
792	239.762299702
793	209.959245234
794	218.555732769
795	172.698310851
796	175.089386854
797	157.051944464
798	187.851280601
799	229.83743661
800	120.6354774
801	153.64561
802	120.701896178
803	162.308516313
804	147.165034959
805	216.876286529
806	119.658172525
807	111.706895975
808	147.108104578
809	117.229142935
810	105.454042459
811	137.743056899
812	137.382497819
813	124.279021786
814	189.815378746
815	165.060151396
816	169.320441576
817	135.9402615
818	124.440324532
819	99.8653767211
820	159.76562596
821	204.000532019
822	171.294028118
823	89.2193954688
824	165.240430936
825	77.9851336125
826	94.7795960159
827	124.668046056
828	187.471744727
829	126.793446948
830	163.475589124
831	207.606122818
832	145.93154337
833	210.908084918
834	101.601753343
835	309.369178907
836	158.351854831
837	114.041041597
838	124.743953231
839	119.667660922
840	117.988214682
841	158.332878038
842	241.422769149
843	124.060788658
844	137.790498883
845	177.376090492
846	95.8043428744
847	226.184403827
848	233.566376567
849	115.995651346
850	115.179649218
851	94.4000601424
852	136.443146532
853	207.416354881
854	269.831029282
855	174.036174805
856	120.27491832
857	208.042589072
858	124.497254913
859	181.987451355
860	139.023990472
861	252.533681846
862	160.145161834
863	153.294539317
864	101.895893645
865	188.211839681
866	139.745108632
867	151.368394758
868	125.4366062
869	125.873072454
870	85.3291527652
871	153.787935952
872	102.294406312
873	183.439176071
874	82.2644005864
875	120.265429923
876	214.74139724
877	152.288769252
878	195.38506769
879	113.737412898
880	162.944238901
881	242.608818754
882	194.398274419
883	71.5899541436
884	117.912307507
885	162.52674944
886	152.877049856
887	134.479048387
888	277.905654992
889	141.339159301
890	209.03887074
891	136.357750961
892	185.384297423
893	87.7961359431
894	169.861280196
895	114.638810598
896	166.75857443
897	123.719206372
898	157.640225068
899	212.739345507
900	251.841028877
901	105.909485507
902	145.020657274
903	118.092587047
904	207.577657627
905	142.629581271
906	208.839614407
907	217.407636752
908	94.4000601424
909	146.538800768
910	197.168886296
911	111.279918117
912	165.838199937
913	138.132081169
914	87.6538099905
915	145.5425191
916	127.419681139
917	258.520860251
918	197.586375757
919	133.198114813
920	186.750626568
921	192.41519948
922	208.611892883
923	155.287102653
924	155.106823113
925	116.650350728
926	107.37069862
927	161.80563128
928	89.4660937866
929	192.215943147
930	161.720235709
931	164.56675476
932	161.084513121
933	150.969882091
934	135.911796309
935	111.640477197
936	150.172856757
937	91.5440526941
938	209.94026844
939	94.7985728096
940	188.885515856
941	147.819734341
942	112.133873833
943	110.777033085
944	168.475974258
945	168.381090289
946	177.897952318
947	113.576110152
948	46.8442151898
949	190.166449429
950	127.002191678
951	125.873072454
952	152.990910618
953	152.279280855
954	174.007709614
955	191.105800716
956	113.187085882
957	101.449938993
958	215.984377226
959	128.653172728
960	138.777292154
961	70.2995321736
962	194.113622514
963	90.7470273597
964	116.137977299
965	162.175678757
966	149.08169112
967	192.38673429
968	134.431606402
969	180.393400686
970	139.764085425
971	212.283902459
972	154.101053048
973	72.6431661926
974	149.527645772
975	67.4719899158
976	136.604449278
977	145.732287037
978	99.1632353551
979	152.981422221
980	149.679460121
981	182.480847991
982	115.758441425
