1	55.8072477273	56.1070353559	17.2728631373
2	70.3795427795	14.4804925752	1.22097241783
3	39.6490511823	18.1789874579	0.981947067862
4	56.3202138605	17.4640387206	0.559834683677
5	69.2986479376	18.5518829243	1.40756741955
6	73.3259599619	19.874013054	0.685100316311
7	52.4537288203	21.5331209602	0.595450272512
8	59.0492050782	22.3493292964	2.13841965299
9	30.8912121363	23.8441224536	1.54379926194
10	66.2601069013	23.0737519046	2.04489062435
11	37.1108371757	23.689962257	0.715934075056
12	71.8095417213	23.7033307548	0.619363146413
13	58.1061210069	25.4109122271	0.547556133956
14	52.4890923687	26.511177329	1.61982824975
15	27.1101066495	27.5124325955	1.76629364751
16	39.487417601	27.1808225121	1.75195649993
17	82.8352753828	28.3461275942	2.51397617282
18	65.8020347799	27.8969084854	0.576298379518
19	46.5054180889	28.6510319492	1.65302423987
20	57.2137579328	28.928777996	0.515141305
21	70.436516198	29.0407699118	1.70576950736
22	23.7327330132	31.2423140711	1.94600397264
23	86.328327939	31.6546025888	1.95779327971
24	36.4177375031	31.7790084301	1.6914946355
25	53.1609062729	31.8837762241	0.83336900596
26	65.7065705136	32.6892081667	2.02192790417
27	48.5965265467	33.0401515061	2.01553786411
28	44.0328047616	32.478771424	2.20260726773
29	72.679731287	33.1329900564	0.617536473032
30	60.4598174828	33.4226711094	0.691199599303
31	82.9152052056	34.4675396738	0.65064970704
32	76.2620061079	34.0078510902	0.569832806993
33	30.3530354685	35.5066109339	1.25558778796
34	24.1573930276	36.9645645585	1.79937258249
35	44.1689768295	37.2020537984	1.12565768372
36	35.2881839541	37.894490824	0.917193021939
37	56.0687181781	37.7582090324	1.84814415721
38	76.5730192088	37.7202447112	1.69008602079
39	73.5043453058	39.0703605366	0.505118334247
40	47.9749202236	38.9956011532	1.29010134035
41	63.3442102966	40.1968510894	1.64900571785
42	85.7909460831	40.3304317376	0.512900954367
43	18.2876800686	41.6727155185	1.49824998644
44	40.4082980266	41.4759420085	1.52439572289
45	31.1757578972	41.7807410665	0.677194454069
46	25.7302662448	42.5606832242	1.92684287605
47	50.743247727	42.302836551	2.88822827867
48	75.8484950716	43.0308137482	0.695623336231
49	44.2902173253	44.1721309464	1.83323801972
50	93.9985578466	45.366738267	0.793077703611
51	79.8911186453	47.4178309475	2.47320331176
52	68.6291507177	47.9237450979	4.996287135
53	37.6620477728	48.352947967	1.6617965831
54	91.2637574347	46.6974770601	0.582756070335
55	16.1799282752	47.7852722558	1.4021682503
56	97.7835668485	47.8292818806	2.10016317912
57	83.9827694663	48.3403082076	0.793642728375
58	49.1668085829	48.8071262612	3.29050126602
59	76.5098299984	48.7662807452	1.61090397143
60	43.5553531807	48.8624874077	2.28549628879
61	20.5773441816	49.0011123223	2.05357551008
62	61.0215030822	54.594196931	7.43421760214
63	31.0918290852	50.8049458353	0.904766531661
64	24.3130427413	52.5070238702	0.919869823387
65	81.325611878	52.7403031143	0.789329482142
66	86.063032926	53.4549841536	2.18313738984
67	45.4552374083	54.1638258342	2.48325880674
68	90.8299166641	53.9180981948	1.15720067278
69	41.2342409824	55.8503030036	0.6151991474
70	35.4448295235	54.9395182985	1.04278197053
71	51.7745970776	55.9541194738	4.87466799846
72	29.7842378087	54.5664807167	1.82060653124
73	84.3103725682	58.3562527157	1.27267637203
74	45.419751383	60.5188374313	1.66456278928
75	62.4719971329	61.6405791078	2.66481744676
76	16.2422295382	59.7884780562	1.56958470614
77	27.1736030359	61.0106464758	1.07624848247
78	36.9031055226	61.9783186365	1.56476006694
79	55.673506748	63.9100491866	1.57442136212
80	79.852727774	62.403104691	1.90144406039
81	93.0400286578	62.7365315524	1.5867338443
82	21.7739269441	63.060623297	1.41806415689
83	96.9211394757	64.7236126063	1.25097084435
84	87.7126055569	64.8271503487	2.02241548773
85	80.4304824568	66.1434500714	0.895245165466
86	46.2513628964	66.7820772181	1.71130041321
87	67.4003401039	67.6080480669	2.27266062925
88	26.1890632171	67.6376912488	0.566750580567
89	33.3663819684	67.4938452362	0.548002133382
90	58.6213193562	69.1391571559	0.628035416509
91	22.8066301333	68.9658153618	1.32263105876
92	72.7653203243	69.5336893217	0.746617263835
93	41.993350933	69.2018780466	0.827666591352
94	48.7799837707	70.3028587323	1.67282561625
95	76.040781118	69.7671679674	1.89965835842
96	62.4800955462	71.529919141	1.48428747333
97	94.8346173204	70.4269672647	1.51273079671
98	80.0083454554	70.8925527961	2.26659004554
99	84.0259049999	71.932077382	0.768357928927
100	36.2000663544	73.6292296878	0.462126225576
101	26.2128169171	73.466521332	1.81469821659
102	21.0385053297	73.6293282206	0.980558950602
103	67.4627413815	73.9913906595	0.866741018671
104	57.0483148053	75.0678910236	1.54207313175
105	74.2866548668	74.8577107619	1.96091359097
106	91.640148879	75.4237435504	2.43539399321
107	80.5177458133	76.5044074482	0.892225239576
108	46.5490190562	77.2831905008	1.93435971346
109	68.8090480295	77.2518197072	2.65873773513
110	39.0854013778	78.9287147044	1.70060647096
111	58.4185071103	79.8781875613	0.688738491229
112	73.581328874	81.7208898024	2.00866332317
113	80.0554085326	82.5647171816	0.719729597865
114	45.632479313	82.8416229572	1.73285209098
115	34.9365390537	83.0546607995	0.747768364391
116	61.7065481337	83.0150181508	1.60737341086
117	57.4807343273	83.669995743	2.06330220161
118	30.4415604165	84.9956081956	1.83421891436
119	69.9267287298	84.9154468338	0.684544555679
120	51.0869597426	86.2094828738	2.05559630465
121	66.5548580044	86.7718419306	1.83679298308
122	45.895018841	87.1198063873	0.484347248938
123	60.1858963419	87.566031178	1.27436723985
124	72.8735596192	87.9851736682	0.758638206932
125	46.8848484631	90.6562472416	1.10888128974
126	67.8163619994	90.8387900732	0.65451364515
127	77.6738797134	89.703017249	0.615519159219
128	61.8408243609	91.5980454118	2.29731065719
129	72.3641141194	92.7039093382	1.11098133582
130	50.1031213166	95.5793265794	1.58363262826
131	47.166767656	19.7151738558	1.78019131819
132	91.121188831	41.2130871314	2.36278786591
133	53.5338655098	91.8455679295	2.69530574279
134	58.2303302916	96.1244630171	1.5511990838
135	36.0088007636	43.3136795818	3.37339678966
136	78.3863995644	56.4066686778	2.10598824659
137	50.8622016615	14.8567256164	2.00955267112
138	88.4177215464	36.8446974248	3.45680903105
139	69.729144229	37.5562615044	2.10248600738
140	70.63087048	43.1215834585	2.15102904997
141	32.1501913264	46.9201839474	2.32347577571
142	94.6652197919	54.5470320487	2.03238498599
143	74.0292410086	65.9754751674	2.59472977638
144	77.1043943348	28.9653496665	2.22461732653
145	82.029781673	42.3605813855	3.08842359651
146	40.5433077408	22.5349783196	2.11549639568
147	50.9313732903	63.1362288031	2.72925441942
148	86.7471543773	69.9871973556	2.25915522332
149	41.7817968837	86.8994776675	2.3141806982
150	46.4401488583	25.0152942482	2.45851229508
151	59.3908626514	45.0603045278	2.64088201755
152	59.3991567064	17.3660090921	2.15319316462
153	54.8072558843	68.379815738	3.36864587508
154	32.7225060453	75.1824722672	2.80330486588
155	54.2585561294	79.8863051505	3.44647362495
156	62.3746678887	27.5568490577	2.86402180145
157	41.0009965131	35.9022017969	3.0610840003
158	88.2838949979	46.8078130933	2.66933950627
159	73.8709373703	53.2105071868	2.3597505658
160	63.6871763878	78.7421667564	3.01505124588
161	66.5699542339	94.680883973	1.95910841106
162	78.2373513126	23.6932364644	2.40925657668
163	31.60579296	29.0410211563	2.35767546327
164	54.2720966805	48.292627938	4.36799192165
165	40.224736103	52.6599491499	2.82930917803
166	20.7206622407	57.2493084335	2.71159081165
167	97.9433554399	58.308662163	2.88629416491
168	72.605101512	60.5820012497	3.47300453056
169	75.6028143054	17.0172285904	2.18799387922
170	31.4207347253	63.1526470375	3.8985689988
171	84.5984563051	77.6489942512	2.36569447644
172	69.7264538959	54.2741625081	6.11128721968
173	40.5989050231	71.4365877144	3.4400727705
174	40.4883815441	92.0684270151	1.6888208177
175	53.8506809559	19.46073306	2.90373610352
176	62.2768498023	37.0440830024	5.16432740604
177	30.3587293834	68.6799954739	3.56311100671
178	91.0691101757	69.5624179476	2.60106015569
179	51.4924788901	74.1273653492	5.59250970275
180	50.6101195753	79.5942982126	2.88675800018
181	85.0463385094	83.6667179721	2.80295932009
182	56.4299165822	14.0384949388	3.00816070301
183	32.8940694606	58.2475688424	3.45920593262
184	51.7109159761	35.5654191494	4.26328130753
185	86.0975088009	40.9675121364	3.47446363811
186	18.4564101585	66.0156987161	3.27595287152
187	37.5327180284	68.0737152841	3.51218759239
188	43.9084992805	75.029971737	3.90780703882
189	80.1323344284	33.4905605187	3.8666936375
190	26.1716795754	58.8927646524	3.64239991198
191	25.4812793916	78.9001445199	3.410490821
192	86.3039729753	25.6098353927	3.03609762335
193	72.3773272761	26.3024588808	3.6331599775
194	42.0101460002	64.030501056	3.51114651992
195	89.0851258413	78.9046482239	3.39242285087
196	36.2929918711	88.5629692934	3.59911133045
197	55.7408212179	88.1877334779	4.0044479507
198	35.9136727522	35.6557709909	3.73066374325
199	28.8658401399	43.8907577351	3.33515457704
200	26.9608858192	49.2137220832	3.72771675119
201	55.3004400741	59.8591049506	5.11111239855
202	77.4628634225	77.1890763164	3.60589842603
203	73.9371370317	87.017571041	3.48038854125
204	81.2930742849	20.5915655306	2.89982708763
205	56.2261289936	28.6991504528	5.07401288452
206	70.9352616107	35.4428218541	4.78831944846
207	82.0616565817	37.4644153311	4.55122236452
208	63.4207558328	44.2273137736	5.92212226988
209	40.2711894813	56.6517158889	5.44809275625
210	45.155801292	16.5485903677	3.27809497912
211	41.4852348102	30.023175354	4.38877014955
212	60.3182275556	31.4551811713	4.61826245477
213	56.39760469	33.7922402931	3.602324305
214	76.2224317843	44.3645283475	5.2482447342
215	93.2046052663	48.2894536566	3.53137362153
216	80.8603749228	56.5669463431	4.33938286288
217	88.7354660672	59.8565602123	3.52738322225
218	79.5485224838	82.5600041984	3.95592427294
219	35.5249975859	82.8039762519	3.70374015225
220	79.1929786914	88.3212193533	3.58182554322
221	63.7326409608	19.0933039413	4.22367381136
222	95.556791049	41.2215369569	3.8380225332
223	68.1126560172	83.2788484428	4.62450994989
224	63.9632452123	14.5275289963	3.97441116208
225	71.3955048336	71.135776146	5.22623831174
226	30.2769355801	78.8451822907	3.69687324575
227	46.1338725189	93.4473968105	3.83873369971
228	31.8589566866	39.471288816	5.11050325929
229	97.8168013097	52.0886571524	4.76007358861
230	68.2278325576	28.8770146929	5.4375395137
231	38.2876261849	40.3603645479	4.97371876042
232	83.1690820532	66.6147880475	4.6386951407
233	25.8524625741	67.2718914482	4.11544156704
234	36.0274187107	21.6280466809	4.32440583434
235	71.7279975857	21.2805793564	4.96788079011
236	49.2826362385	24.4434893866	5.71496471729
237	44.0942761928	40.4708771296	6.27434818131
238	84.5131536617	49.621973916	5.45817725147
239	36.7570520591	73.1824727676	4.98850218695
240	64.9955763569	73.914736079	5.52817932206
241	58.5122007082	77.2158565621	4.69467808268
242	74.8003292703	41.0475307845	5.27314917494
243	73.7850489591	32.4010001645	6.53287275371
244	92.8390118992	35.7393355524	4.84566430396
245	16.766693848	53.1489441032	4.31698401514
246	66.8425381241	58.0897215569	4.80088142491
247	46.855634999	59.7927640619	6.35157233077
248	45.9795675159	70.006006842	5.4486880736
249	61.5912780523	85.9898760105	4.89390084342
250	33.643512508	52.5679483001	5.82300033349
251	76.7799904621	66.5055749613	5.2913360524
252	46.946880961	83.8522016361	5.21058408468
253	72.4726254434	92.1963596918	4.74045848666
254	61.1492356632	48.7292544548	7.34194029137
255	86.9260546002	73.8328757108	6.37496733742
256	67.1435735782	89.8422828032	5.43709486589
257	48.2168994605	20.3994767958	5.83947539862
258	55.9077793948	40.8725801211	8.07664902376
259	65.8847255495	52.6925345937	6.93415394472
260	70.4846756034	15.7127385113	4.63441576142
261	33.4210126867	34.1169940772	5.43883884021
262	89.2223690167	54.1508534378	5.31676219168
263	93.3176184327	56.4893309339	6.12381555459
264	92.9034778511	63.0072968422	5.73291476162
265	60.9217986507	66.4115143539	6.27241739894
266	89.7306862228	31.2189228518	5.63361976475
267	28.4168495102	34.8209504363	6.29866458112
268	18.2890066459	43.8412422611	5.26904175328
269	41.3718235484	45.3956227892	7.42914616393
270	26.0680731149	53.6008410005	6.89465002776
271	84.1510221249	63.0290162123	6.68325845348
272	96.99812039	63.2212109147	5.86830833749
273	95.0907534692	70.0278468999	5.37296930419
274	71.2514410535	79.5085499277	7.10617923999
275	40.1279797867	80.0718816232	5.67236781951
276	59.6265974732	95.7497207404	5.12561772154
277	22.1960874346	46.3522627247	6.19935488242
278	75.5632730075	49.4692501713	7.43782193259
279	40.0082947419	50.7406027156	6.78391149169
280	82.8746774171	72.2716680282	5.79099900791
281	50.8696755053	31.3090408572	7.04038243202
282	84.9418341063	31.9708386678	6.10072036423
283	20.8240429349	36.4230762708	4.60660287318
284	67.8055308348	40.6652801099	7.61392381947
285	47.5855140655	88.7202254947	6.23532220166
286	41.3465759525	19.325664797	6.1302144848
287	35.5362661271	28.2549033563	6.67593114033
288	50.30637226	65.6168403082	6.68151548349
289	58.2072436201	72.5992355554	6.6627438103
290	41.3395125883	24.1619921879	6.10098931859
291	31.9174650337	46.6212855416	6.12984272982
292	56.1030494231	20.2743009264	6.69146960611
293	67.7203743769	25.5016571619	7.01235245411
294	67.3536819327	65.5435269167	8.20182886177
295	90.6261645019	68.882399031	6.60816241658
296	63.1460984084	71.1747536821	7.31230519288
297	59.1518777985	80.9678148667	6.74868245008
298	51.5983977078	16.1655934894	6.30693371226
299	25.1544650867	38.7559033823	6.44954178907
300	28.6720899642	73.7633575914	7.07790714144
301	41.3104602854	86.0706650962	6.5626046171
302	75.3222308213	25.6196725208	7.02101291227
303	47.7456592191	37.1632281302	7.27885917232
304	44.7577580966	47.2307977437	7.73372747339
305	37.8219378642	49.0576092731	7.78752895745
306	84.6853040858	57.0994657069	7.76529309888
307	55.957383669	63.1532482347	8.42382570366
308	70.8978884762	87.6451628611	6.90890579388
309	47.543127655	51.9164547153	8.82908468968
310	23.0633618759	73.0743393942	6.43889667432
311	83.5822775566	78.2210509644	6.7767107799
312	75.2244611079	83.5344980564	7.21063646999
313	53.8350961611	84.579396295	7.85552512866
314	59.8147785777	91.13677591	7.17111770524
315	52.86574434	94.872472807	6.3890155152
316	65.3966235077	94.7328993714	6.65169765348
317	75.2082728495	18.0838638526	6.30661808139
318	55.5785457336	25.5079939682	7.13957211409
319	61.5557696441	26.4604040502	7.16015190414
320	22.6919881239	63.4697844319	6.79300752152
321	77.3799832797	71.9588943253	7.75454395677
322	42.7048372198	91.4645308022	6.68070868794
323	79.6423446723	29.2330180544	7.54532897367
324	76.4533292134	36.4423900932	8.3164963453
325	27.4878522466	43.7013330162	7.57985461808
326	35.7179668429	59.5416768582	7.74412005064
327	36.3294430141	64.319060776	7.5540659846
328	77.3500855878	77.9257292538	6.85353181633
329	46.7825597976	79.2317454847	7.96614794074
330	66.58741775	33.4495442494	8.06236736941
331	79.5138433515	52.64483381	8.37105717679
332	74.8192076147	56.8545096378	8.50260674869
333	81.8267763025	46.3554584907	8.21982929985
334	26.6259508162	67.3634181803	8.25367462032
335	72.7344292366	75.2822912509	7.80591087911
336	31.2512963903	83.8564312407	8.16531326914
337	25.0007740452	32.1362222575	7.54876195738
338	55.0116397994	54.2714470532	10.1643605497
339	21.8747355024	56.3094418489	8.06570887539
340	78.6562455165	62.2156617515	9.20467016618
341	42.2651109894	62.9286219245	7.63826347815
342	32.2649407172	25.1145038729	6.99943901932
343	95.9336917049	46.9105305229	7.69801390803
344	91.8185088752	50.3406436614	7.53529364034
345	28.6373383418	28.9834859674	8.16828578173
346	49.4591615958	44.3161273988	9.38932884816
347	88.8893394057	44.856569278	8.31591456038
348	26.6198436892	60.4306491158	7.73462679569
349	58.5094592653	15.7961203938	7.37935902418
350	85.1444591855	27.0455386267	7.4661227742
351	45.4673663212	30.6523371711	8.73335796332
352	38.8506961394	30.732564921	7.80528155443
353	18.1997059734	59.6277846971	8.5057854177
354	42.4367971213	33.8287673767	8.72443024093
355	60.4875768699	85.8083516475	8.09120511606
356	66.2159461233	22.621186725	8.80320993087
357	79.9569148213	22.719896139	7.74093759474
358	35.2260214844	80.5505474234	8.8246979027
359	81.9233189414	84.9226526404	7.91316809583
360	38.217809795	36.9094853891	8.73070632814
361	89.0167346175	66.2142582861	8.65858235148
362	57.4689557797	33.9570978657	9.99002549297
363	86.221664783	40.6037084866	8.60815055116
364	96.7814058801	57.9624817697	8.48543615969
365	53.3709792035	71.123386815	9.4036275182
366	90.6613241179	76.1162517845	8.15612627217
367	52.5933910795	89.7066778689	8.74069092628
368	67.8825865367	17.5217455	8.5294883658
369	29.8666176417	57.9785682955	9.77939896126
370	45.2846826345	67.7928687098	8.7476343272
371	80.3667531083	69.0682054762	9.49276730747
372	35.5409213836	73.8115982342	9.20722279495
373	78.2951254291	41.3845327872	9.32319642618
374	45.3675298598	72.8668263817	9.8113600472
375	33.1170564925	31.7347677118	9.20064112975
376	65.7248747466	82.3216920431	9.3707996792
377	55.8348579938	46.077296327	9.77143622869
378	73.1905035746	64.7167144288	9.62774977647
379	85.098074194	81.6684220791	9.41919152089
380	46.1798718945	18.9954352478	8.7013031308
381	90.6306224685	59.8687194345	9.66659006371
382	95.0778028943	68.080679758	8.85577653503
383	51.7108997154	80.4481063886	9.89606251126
384	76.5824458377	88.3191182049	8.79684810345
385	43.0372237682	26.3368520117	9.76433430969
386	51.6071169774	29.2008681706	9.88340823557
387	36.3637100174	47.905421119	10.7469831812
388	31.1555501669	63.6277764154	10.181823137
389	67.3360682293	77.6123895729	10.2466703272
390	63.7064887348	30.7560634309	10.2030037896
391	82.8152848662	36.2475445171	10.0018127054
392	92.6065773889	40.6967256448	9.40188762147
393	42.8521539192	84.3693902876	9.95163976929
394	72.8330561181	26.7184623033	9.91644067065
395	34.5317211994	36.7870864955	10.3380641464
396	19.4899174905	43.9714556236	9.37587073273
397	75.8309260176	44.333050825	10.8171375934
398	35.2080208543	67.8074624494	10.8834828493
399	59.9414723842	23.2679015476	10.114879978
400	33.0681463669	42.0339378521	10.0404895737
401	29.6427475761	47.9988623921	9.8428140116
402	88.8957454656	53.1179284601	10.4527508087
403	37.0463451591	87.6157278396	9.31047202758
404	63.4782391061	41.1019802628	11.7347325554
405	50.1221595241	93.555496851	9.69426608505
406	71.5463075302	38.8418190462	10.8887343135
407	44.1992004672	55.905661021	11.4162210925
408	41.6802737637	67.3787426758	11.0954637441
409	21.2023612717	67.1590866007	10.2619645061
410	79.2707373925	78.8330400066	10.5201010919
411	74.7517650043	82.5281540243	10.4862361368
412	65.0031711274	88.1929037983	10.3907660615
413	61.0204816419	17.3871199068	9.93200327938
414	67.6769882911	69.3655693419	12.024746334
415	70.2388718467	91.8810560661	10.1097273968
416	95.5141493512	53.4206196726	10.3354495181
417	38.093238968	54.6313761085	11.6562395849
418	57.019003145	77.2374169662	10.428724463
419	64.1696572413	35.4304543641	11.045446234
420	27.3411564538	40.1084446302	11.188086538
421	28.5553395553	78.8955220613	10.8816577608
422	59.2812771036	82.0815801212	10.971131159
423	48.6180803752	85.7533488728	11.1808358719
424	44.2339683109	91.0508800723	10.4056965264
425	77.5724048249	31.1384978362	10.8312199941
426	74.593626617	66.9329357806	12.4343235935
427	39.3682146233	72.9271059036	11.9428810192
428	43.4761447025	78.3255833359	11.3434653524
429	64.6266337495	93.5561867024	10.4717161931
430	54.1712820395	17.9748911689	10.4899101606
431	84.4341784293	28.8349921433	10.2362959447
432	89.269789272	37.0996536787	11.0838631931
433	22.4879276278	38.3347709257	10.3857521293
434	43.3787013987	38.7325759659	11.4377962653
435	83.4737787074	43.6254051397	11.9672401718
436	71.5155790176	46.4193118695	11.8574646709
437	24.0572779541	47.5871226551	10.9756258751
438	18.8903961084	51.3051206855	10.978338904
439	31.7880269824	52.4312237859	11.7746451224
440	62.0584502333	63.5199042922	12.403193701
441	51.0490577555	67.4986075451	11.9356484881
442	86.2346653222	68.1541787248	11.5942892688
443	91.886612549	71.7596084226	11.0867283163
444	71.5855546731	73.1831511311	11.171814675
445	74.0855012304	21.6277956467	10.9381646371
446	52.8942671117	24.0859530292	10.7754929851
447	77.7375875376	58.2084114748	12.4290660587
448	40.1584157135	60.5645197097	11.7030204958
449	70.5124838924	60.238070928	12.3947087917
450	45.9058200345	63.2910589586	12.1285177516
451	57.1940270537	67.9197079012	13.3164478323
452	30.7084768004	73.4761391166	11.6145258388
453	82.267360255	74.6286453358	11.1455784857
454	69.8517850888	30.1293160604	12.2355363317
455	87.2771796343	33.6743115703	11.2242757927
456	38.4640571714	42.7268224038	11.8810005674
457	85.5880765985	50.5065679659	11.9400540479
458	29.7286765602	68.5933856753	11.8830613398
459	57.8673320249	93.8135153831	11.0931755104
460	48.6869083467	19.9315240865	11.0889565638
461	62.5943474181	27.2433992254	12.2495342654
462	30.5722655506	37.0440160209	11.7995842748
463	64.9224762697	48.1345724891	13.619167248
464	69.130582404	85.7698609386	12.0451848641
465	37.7920003596	25.0153114276	11.3609352568
466	53.4565501712	38.0676451749	13.0317040762
467	61.4172796783	43.9354754607	13.4849951471
468	93.9429189416	47.6917488847	11.6429778165
469	63.4423884498	76.2676735537	11.7701674763
470	47.8528567455	37.0644114159	12.4350978708
471	93.0586135574	65.6740364491	12.2302234673
472	47.7869923325	43.1141076869	13.1349264736
473	68.7908700434	53.1488714527	13.8544634738
474	87.7938270318	60.7739480437	12.3366339537
475	58.4277067476	87.6411073741	12.0205004645
476	66.3791988653	19.4168875148	11.2927416036
477	59.6242577459	37.4713909286	12.1485678908
478	72.9674246755	53.142964117	12.9043306766
479	50.8603690353	61.3807756747	13.4949814284
480	37.1815646238	78.298488038	13.2829049834
481	79.0291288604	26.0322469948	12.0952904598
482	48.1460460481	27.523256012	12.4204253177
483	26.1668843953	62.6263660574	12.7670140222
484	72.3606701147	80.4249301676	13.0370179291
485	43.5428407147	22.7302780899	12.3277351621
486	68.6900962855	40.3794719663	12.9481855561
487	32.8497689835	57.5278363144	13.3768998818
488	58.4501335186	47.893743635	14.4656922368
489	94.6654131833	58.4665998969	12.3425434998
490	86.7881400986	77.094511744	12.4315665151
491	41.9235150977	45.0577415076	13.8650643541
492	60.7805089462	70.9958261853	13.7581696168
493	50.5430644346	75.3281408256	13.8634352082
494	74.6024540269	88.1387843037	11.9471631428
495	40.7119403236	31.5126871836	13.1787106648
496	29.6609428536	48.3282253417	13.1220706653
497	24.6505614829	53.1856296028	13.2723230506
498	77.5204194095	74.7967429894	13.5053592492
499	77.9838274305	38.7231712952	13.7584953984
500	81.3636507226	49.0997013363	13.8565060034
501	56.5978019392	62.6104110135	14.8778657417
502	35.0485916295	47.3882753464	13.6750221765
503	83.2545370756	55.6729484188	14.4148106316
504	84.131116917	62.0131959995	13.3185247195
505	53.0479691888	80.998901907	13.5974318219
506	34.1617655649	29.2379668142	13.3044990934
507	45.116254838	72.8184315137	14.224099943
508	57.5466527615	78.3187062395	14.1969282771
509	79.2352368582	83.7459563571	13.1891481582
510	70.7007727248	22.7354027574	12.8535719512
511	26.7816189907	35.2233778905	13.3138076618
512	57.0865067092	40.8250902587	14.7067181369
513	90.002308116	43.0562543373	13.5363529483
514	52.1026904662	49.5413304664	15.0601019311
515	42.8843673002	50.9980444702	14.4859540152
516	59.3703218012	59.0593135663	15.3426015601
517	82.5779181876	67.6164528429	14.0528035392
518	25.026705576	71.1401296191	13.6332993487
519	72.1790781549	35.5709850169	14.162973682
520	25.6996600931	57.1862711258	13.6714955675
521	34.8905889202	62.2261467131	14.4396142647
522	68.7872514897	63.6850935224	14.7481681935
523	36.9450743569	35.313805668	13.7900357132
524	93.2626551281	53.2843365272	13.4154853471
525	57.4412007234	20.5445507466	13.3779698541
526	42.0586863663	88.0575118775	13.9645743487
527	55.5799979978	30.5883881022	14.2682913617
528	82.6566134909	31.8003309297	13.6327225111
529	23.3120863824	40.6603417143	13.6847041126
530	46.1012939441	48.5348772109	15.4399797537
531	82.9880304576	79.7978100645	14.0859509529
532	62.6825402777	84.1953168013	14.4634246769
533	62.4561839989	21.89712788	14.2017727899
534	30.4379365807	33.1080937591	14.3426619558
535	42.8635817042	82.1720801376	14.7067270085
536	79.4259083106	43.9641799198	14.566396733
537	52.3334755504	45.5809316124	15.5708775503
538	77.7955046215	51.0597924291	15.4687304612
539	64.4544894286	57.0303579444	15.7992368617
540	20.2941709865	58.7826889006	13.8063791888
541	87.6149165142	72.4106911047	14.6762367664
542	75.4956752308	71.8501198631	15.2228834831
543	54.2740681366	73.052449854	15.5828826233
544	50.3998809608	34.1317029547	15.5675940945
545	47.0283565019	53.150567723	15.9236914719
546	92.6351626561	62.2504369083	14.4174354764
547	71.5060939952	78.079332158	15.444682159
548	44.1159506588	34.6004480439	15.2419502374
549	30.062728081	45.0432283894	15.1476537113
550	50.0891828963	55.823310465	16.1075264445
551	43.9340243222	56.9207663695	15.6327845083
552	68.0144020464	90.5138765826	14.4034278022
553	66.2309227404	24.9396409846	15.3666859292
554	90.1592351718	49.273362154	14.8629131749
555	50.2615854658	84.1928923006	15.1167213596
556	53.4759533688	58.2120110565	16.4929215342
557	48.1913111404	89.9234777969	14.8684974472
558	54.1916904175	90.6597721517	15.4758505928
559	73.2331407664	45.2672766912	16.4524350417
560	40.9520154643	60.3210445655	15.7832162476
561	62.9667894936	65.2451912654	15.9997715455
562	79.0565253455	66.7389437131	15.6972218358
563	30.5536879215	68.2637126975	15.4990902898
564	66.0023587669	81.2700331619	15.6405460623
565	52.881193361	23.3602888485	15.2972162841
566	41.8427844036	27.4109860853	15.3098423805
567	34.2996240474	42.028024403	15.9783538658
568	90.8342313698	56.7748250927	15.6777960226
569	81.4030402702	61.3240858295	15.8038575622
570	73.0100905077	27.3979989672	15.5474134176
571	40.3175197859	39.2673576093	16.3205622636
572	41.7085921241	68.0257536812	16.0878231774
573	34.4622945598	81.9781259849	15.7445269094
574	57.2164731915	84.1327225517	16.0336194296
575	38.0659374255	84.2836665425	15.8369113975
576	61.8128974519	90.6717750641	15.6398208705
577	48.1491560677	24.7109944756	15.4091084053
578	61.0509491851	34.784384251	15.9855624233
579	64.7704585575	38.6875046144	16.5038520953
580	84.9494999628	39.2373983846	15.6653255098
581	22.3105642315	48.1014770722	15.5337191995
582	49.50175512	68.0581631581	16.3639384131
583	68.2721477251	74.5807812612	16.542680412
584	72.9623041327	85.9980407687	15.7156165057
585	46.8229459498	63.0225227266	19.0246045168
586	28.8217390069	51.3854396347	16.5133588664
587	37.4012877071	54.9522428089	16.5211295116
588	56.6987178392	53.9385358985	17.2463697104
589	34.8153877871	72.7483878342	15.9580476207
590	29.934248561	76.8197231823	16.0185880484
591	78.5536490198	32.0346390258	15.8781778746
592	71.2165188954	69.9672861773	17.1523217914
593	46.4549607391	78.4739847208	17.7309195935
594	44.8178084659	42.4636111129	17.7675805886
595	68.174602423	45.5094288551	17.8559953842
596	76.5372609411	58.9876439055	17.8948120396
597	23.4138946125	63.6198821974	16.5207719558
598	81.2552901648	77.498799416	16.6666607454
599	61.0807916745	79.3558244572	17.5324285608
600	25.065229257	44.0330460848	16.6788601971
601	86.5935185109	48.0169362784	16.8894649579
602	30.5390034539	55.3192980402	17.3504828638
603	42.1099140229	76.9128872467	17.6114578629
604	58.0450039434	26.2459975248	17.1461340448
605	37.7013215599	30.9399898025	16.9355856384
606	31.208751061	61.311700497	17.3933698591
607	35.0185635867	49.6374039027	17.7995687256
608	37.4625062676	62.8325739418	17.3251483635
609	76.7967081993	81.5170481599	17.1375766454
610	49.2652765529	42.87873882	18.3617125488
611	87.8595429861	66.0860902635	17.3534447044
612	73.6688844346	31.2261730213	17.4316891876
613	73.8457502544	64.0213233715	18.3770999574
614	52.2209906256	79.7195719412	18.0830402247
615	61.9672159069	29.3112345473	18.0755557528
616	33.7858630369	35.9722602554	18.0195425432
617	28.8852152669	39.5149141391	17.6756574082
618	34.4476757351	67.3947925876	18.2728757217
619	39.8589628031	48.4628652927	18.3826711993
620	72.5791518158	54.3665213616	18.6241453332
621	88.274170215	61.6900842959	17.9522891594
622	26.3432713095	67.57972755	17.829223943
623	64.5741352115	70.2557787991	18.7498199485
624	59.3780134331	75.4922051874	18.616470299
625	68.488660046	31.3511972907	18.2405131079
626	44.390124352	30.3193524239	17.9176124765
627	81.3745764444	38.9767687985	17.9877306437
628	59.3574124506	42.5607967437	18.7710411572
629	22.9847595756	53.6631932813	17.8162746728
630	87.4315919358	55.8162953318	18.1391049125
631	44.867194275	86.2784762253	18.4138384527
632	38.6865259975	73.0445000678	18.4692863057
633	82.5753884548	72.8693345821	17.9849319005
634	65.880295845	86.8724903639	18.6548977543
635	51.3653712887	29.3092611283	18.818377802
636	75.6517649121	36.5853664578	18.8078746552
637	81.4491732409	46.0429886479	19.2330914365
638	68.3486380989	58.7293957131	19.7612098518
639	67.5599971262	66.0905870386	19.1085081597
640	23.7300269686	57.8382648694	18.5605624321
641	64.851844786	50.1122539174	19.9099931232
642	55.7377185045	45.6336531528	19.5682782484
643	84.2723761871	69.5639414542	18.890301173
644	44.3009544354	71.7940702574	19.5453183285
645	40.7444586186	56.6816576847	19.6895060254
646	52.7165485244	64.3314044077	20.7429575842
647	47.9206642355	72.6011469444	19.8313899553
648	76.9136564499	76.1014885939	19.418128441
649	73.3077881869	81.7350321106	19.1772392451
650	57.4154081131	31.3993511865	19.7012425621
651	39.4122890365	33.9027990997	19.191864681
652	83.1170006047	51.7606089912	19.6612140854
653	44.3861761367	58.6411788297	20.008822844
654	38.7230106798	67.7613944355	19.9099070621
655	58.4047438852	68.6619484218	20.332402433
656	52.5775325472	86.4857654995	20.0673646541
657	59.3814520584	87.6538514576	19.6621792002
658	70.341210098	37.9730638837	20.3774984084
659	77.8756254335	42.0170692313	19.9253915807
660	27.210194129	47.6090606241	19.6947064112
661	61.182657417	52.8278292845	21.0217007615
662	42.8356462749	64.1866097667	20.1956892742
663	52.0141143095	75.5664954458	20.1121164644
664	36.4608020793	78.194705692	20.3386858915
665	52.0417420133	51.9386514369	20.9538361506
666	47.0766797649	32.9335420758	19.7189306483
667	62.1610854211	62.6786888392	20.8816274044
668	53.2474573322	70.1197859966	20.6132207143
669	31.2798070196	72.9098152325	20.1194410111
670	82.62705626	58.5068885794	20.7289739621
671	68.2405745758	83.506107062	19.7963154095
672	62.3503565147	33.6653938523	20.752285589
673	48.6007412179	56.1230087591	20.961910298
674	56.9550844768	59.3962810802	21.3391419306
675	41.7787462167	82.6687107863	20.4239046828
676	65.1416174766	35.8405636762	20.9681041274
677	36.6838658312	39.4107899031	20.8041818542
678	81.7560679122	64.2096336013	20.728956907
679	78.2050926173	69.8661209533	20.6763209936
680	69.598284347	78.7804358703	21.1511125005
681	31.8668093692	42.3378810029	20.7337071932
682	78.7553653505	53.8317275558	21.6774404793
683	42.9323463157	36.651337904	21.1595790692
684	53.6844505087	35.2620286888	21.2949576215
685	27.2884044055	61.8440672668	20.7869814374
686	49.1900266123	35.5045737642	21.00256535
687	73.8870572315	42.9207968888	21.6606256959
688	30.5188673917	48.4276660411	21.6540377791
689	77.0785558079	48.4973218862	21.3424270473
690	57.0593666959	36.9721731462	21.8904636485
691	30.1612524385	65.7123060981	21.529633048
692	74.1895712698	73.9788008314	21.0458979184
693	63.060199904	82.5912911184	21.6064657501
694	49.4795307523	82.8830107339	22.282724546
695	27.0453878576	54.7668719265	21.4166718125
696	56.6587400831	82.5360758707	22.5132279213
697	67.0783105884	41.7810199816	22.6244693543
698	40.6379743706	41.9270701453	22.3439489782
699	73.6590521777	69.1885919344	22.4745059037
700	69.7241263473	73.6804241548	22.6705161816
701	35.6900542314	46.0739576703	22.413347818
702	32.8417102258	52.6360327095	22.7373064194
703	30.6755578493	58.4373694413	22.4303335318
704	46.8748486497	39.0788292028	22.5987195178
705	61.5414198178	40.3687561342	23.1405210271
706	52.7922699215	41.1569339453	23.1685851247
707	33.5147393919	69.0562890578	22.971188989
708	73.6520123212	49.5527789201	23.0678007474
709	76.258105708	63.6224220679	23.2461058164
710	65.373517325	75.4637886781	22.9158638471
711	44.576492016	81.3269318393	22.6119319152
712	61.8864131695	79.3589070827	23.2216306981
713	34.1237008198	57.317285095	23.2001893901
714	39.8763208167	73.8417897817	23.5893097575
715	40.5357826287	78.4136559949	22.8229382069
716	39.7801228732	46.9584347729	23.501180318
717	37.4426396806	53.5801268215	23.6821279479
718	75.1525800829	54.6596607461	23.5561947179
719	77.0318791331	59.5219502589	23.4974754643
720	34.1980751396	63.1810528387	23.2964001082
721	70.1338927176	46.400344072	23.5320215925
722	58.3819448116	43.2021680703	24.3955781789
723	43.7449668039	44.3015952153	23.7648197265
724	45.425415881	49.4553581116	24.1269422976
725	41.7526860196	51.8485507565	24.1958685682
726	63.2991350782	70.4965416604	24.5076720072
727	59.0710533603	75.2309049925	24.2721712187
728	52.8340268054	79.0387331769	24.225684865
729	63.7580549551	46.7994217936	24.419198653
730	69.8096865392	52.1230735585	24.3282842517
731	67.1726621213	67.8689389075	24.4813018745
732	46.6460701423	77.0074048658	24.2092186021
733	47.0238621536	43.8495312326	24.3150385146
734	44.9283323063	56.3947953616	25.1357764301
735	37.0389576735	61.4453362562	23.5983625171
736	70.8715869956	63.0289087001	24.4479377773
737	71.7480802294	58.4904583578	24.4960611805
738	54.3955240525	46.4727609217	24.7226924172
739	42.3329560994	69.9319867137	24.9220550131
740	48.7521805604	72.6175323875	25.3015403033
741	50.7587904385	48.2408028373	25.058356866
742	66.4321328242	60.6291311346	25.5222709303
743	72.1669291276	66.5615250715	23.7626789089
744	36.9210950591	67.8572441873	24.5867946457
745	66.4112880927	54.4867186674	25.5039331825
746	41.3114749434	59.5212374509	25.076674733
747	54.1188583234	73.6883611108	25.3636055959
748	40.4612573816	64.3746878714	25.3475166981
749	62.6158093113	50.2406099823	25.6345866389
750	47.7397578976	52.641746146	25.7295222058
751	61.5239368796	65.7919491182	25.8698829113
752	58.257706781	49.1868196046	25.3863222883
753	50.8751806838	56.6338404348	26.3147267883
754	50.382905697	68.1732918243	25.7586448555
755	53.6379884752	61.602202094	26.151646826
756	45.3389571554	66.010778576	26.0400589057
757	55.3720941846	52.122454282	26.2559753702
758	58.8803865166	55.2879939766	26.292529161
759	60.8775604226	59.4941360321	26.4482189654
760	46.8826626781	61.6323158765	26.4042346838
761	56.4362324964	68.8591913917	26.2147029934
762	58.0681882492	64.3463502126	26.2337682627
763	50.7382371992	64.8190672367	26.4162652956
