513
2
3
5
518
9
317
524
525
526
15
528
529
531
533
22
23
540
541
546
552
553
554
43
557
558
50
565
566
55
56
570
573
575
576
577
580
581
609
584
76
590
591
83
597
598
600
601
604
605
97
611
612
102
615
616
617
106
621
622
625
626
627
629
118
631
633
634
635
636
637
127
640
129
130
643
132
534
134
648
137
650
651
652
142
656
657
658
659
660
152
708
666
669
670
671
672
161
162
675
676
677
678
167
680
169
682
683
684
685
174
687
688
689
690
691
692
693
182
695
696
697
186
699
700
701
702
703
704
705
706
195
196
630
710
711
712
713
714
715
716
717
718
719
720
721
210
723
724
725
726
727
728
729
730
731
220
221
222
735
224
737
738
227
740
229
742
743
744
745
234
747
748
722
750
751
752
753
754
755
244
245
707
759
760
761
762
763
253
260
266
268
272
273
276
283
286
732
298
733
709
734
310
649
315
316
138
181
322
336
568
739
342
343
191
345
349
350
741
353
357
359
364
366
694
368
379
380
746
382
384
392
396
337
749
664
403
405
409
413
686
415
416
421
424
429
430
431
432
433
192
438
756
443
445
757
758
455
459
460
465
736
468
471
476
481
485
698
489
490
679
494
204
681
506
509
510
511
