1	322974.426474
2	99.7865329555
3	19.2722171944
4	61.8211622233
5	63.6154439765
6	79.0462670539
7	80.9628861994
8	27.6890297821
9	85.3180973639
10	66.4128923463
11	90.6193843619
12	38.984849001
13	80.2288618458
14	72.5868527424
15	89.6569968761
16	12.0298435725
17	66.4047365201
18	17.5676495289
19	163.49169102
20	65.2384533805
21	118.177920926
22	12.0135319202
23	72.0730356949
24	90.6683193188
25	20.169358071
26	98.3184842483
27	143.183683904
28	54.1628414677
29	83.3199199569
30	87.4223005108
31	79.967875409
32	132.328279297
33	62.1473952694
34	50.4764080475
35	39.8575223991
36	88.4336229535
37	40.9422472772
38	112.770608188
39	9.55862824878
40	178.694150965
41	11.7199221788
42	65.3363232944
43	69.3653014129
44	121.799107737
45	52.7926626744
46	34.768286881
47	43.3726834701
48	71.8202050843
49	80.2370176719
50	116.212366823
51	96.9319938027
52	151.102991097
53	44.498187479
54	204.964066997
55	93.6451958639
56	18.8807375392
57	165.938438865
58	89.9261391391
59	301.210971403
60	116.620158131
61	81.9497411636
62	6.8508939667
63	30.6332830225
64	234.251638704
65	48.2580233345
66	109.606147641
67	167.64300653
68	126.545798556
69	19.1988147591
70	68.67205619
71	631.456683902
72	44.2698243467
73	56.503563573
74	58.0205472371
75	12.706777143
76	67.6770453996
77	143.893240779
78	123.234533139
79	197.729849201
80	85.4649022346
81	135.81897289
82	76.4527143379
83	60.2633994285
84	379.963628715
85	23.8721031435
86	415.221265165
87	159.625829424
88	48.2906466391
89	61.5764874388
90	227.661731174
91	20.3406304202
92	121.774640258
93	142.531217812
94	51.4306397072
95	91.3697203678
96	76.4282468595
97	49.0246709927
98	139.82348353
99	182.152221253
100	80.9710420255
101	107.591658582
102	54.2036205985
103	19.3211521513
104	35.738830193
105	26.4738116856
106	57.7187816695
107	47.2140775872
108	97.7965113747
109	45.7541847062
110	42.442919289
111	98.6365614682
112	129.930466409
113	137.213619162
114	90.7743450588
115	25.5603591567
116	11.3039750451
117	54.4401395568
118	22.9586506146
119	98.7996779912
120	65.3607907728
121	81.2728075931
122	73.8265383174
123	110.527755996
124	149.227151082
125	32.8353560833
126	24.9160488908
127	177.323972171
128	43.1198528595
129	25.1607236753
130	213.77235924
131	18.0162199672
132	115.152109424
133	130.060959627
134	86.8106135495
135	31.35915155
136	100.014896088
137	90.4154887082
138	25.356463503
139	186.474809113
140	149.096657863
141	147.489960112
142	3.89032907395
143	84.4862030965
144	52.2625339746
145	55.8347858286
146	53.7632059863
147	27.3220176053
148	191.229655759
149	66.453671477
150	119.099529281
151	106.30303805
152	135.655856367
153	99.1993134726
154	173.294994053
155	69.4223921959
156	84.7798128379
157	155.645786263
158	244.38933061
159	168.711419756
160	165.750854863
161	162.602705969
162	191.515109674
163	131.765527293
164	102.233280801
165	83.9560743967
166	76.5016492948
167	101.637905492
168	130.819451459
169	303.445667768
170	162.455901099
171	253.099752939
172	191.686382023
173	115.894289603
174	174.077953363
175	164.837402335
176	171.826945346
177	102.013073495
178	117.925090315
179	106.776075967
180	199.377326083
181	196.041593188
182	220.076812854
183	142.645399378
184	126.415305338
185	115.780108037
186	115.804575516
187	224.51358228
188	232.922239042
189	204.295289252
190	165.571426688
191	225.655397941
192	178.531034442
193	135.207285929
194	168.001862881
195	193.203365687
196	126.146163075
197	190.593501319
198	137.963955168
199	213.739735935
200	203.96090038
201	211.904675051
202	127.345069519
203	212.043324096
204	161.509825265
205	187.698183035
206	135.403025756
207	146.62544254
208	197.101850587
209	204.213730991
210	112.517777577
211	185.292214321
212	155.262462433
213	278.33387905
214	200.731193224
215	81.21571681
216	171.875880303
217	118.438907362
218	176.231091467
219	108.276747979
220	147.856972289
221	120.526798857
222	195.870320838
223	405.042794129
224	274.508796585
225	136.781360376
226	203.602044029
227	108.725318417
228	100.789699572
229	146.470481843
230	212.043324096
231	161.37117622
232	120.216877463
233	152.717844674
234	120.437084769
235	101.580814709
236	157.888638454
237	235.295584452
238	118.936412758
239	189.900256096
240	155.825214438
241	176.100598249
242	74.9194190216
243	143.093969816
244	140.100781619
245	421.452316344
246	131.610566596
247	171.362063255
248	203.928277076
249	177.862256697
250	105.006261692
251	181.35295029
252	174.412342236
253	112.158921226
254	155.16459252
255	126.96174569
256	237.342696815
257	169.942949505
258	162.757666666
259	121.513653821
260	289.686789052
261	212.655011057
262	152.399767455
263	169.094743585
264	164.715064942
265	215.86840656
266	142.449659551
267	225.060022632
268	115.339693425
269	249.258358822
270	130.379036847
271	191.588512109
272	123.772817665
273	147.587830026
274	116.008471169
275	154.406100688
276	139.847951008
277	162.415121968
278	244.258837391
279	224.888750283
280	188.008104429
281	125.297957155
282	218.902373888
283	212.190128966
284	106.531401182
285	184.386917618
286	175.774365203
287	91.0516431479
288	83.4504131754
289	239.781288835
290	164.356208592
291	240.931260322
292	145.834327403
293	121.578900431
294	222.172860175
295	111.72666244
296	177.356595476
297	117.019793612
298	104.949170909
299	160.408788735
300	110.274925385
301	247.790310115
302	366.530983045
303	236.95121716
304	138.918186827
305	141.634076935
306	106.009428309
307	105.789221003
308	186.743951376
309	200.926933052
310	152.636286413
311	187.290391728
312	89.2247380902
313	163.7037425
314	132.948122085
315	131.675813205
316	262.35661562
317	161.240683002
318	237.48134586
319	187.053872769
320	124.302946365
321	544.360616438
322	148.289231075
323	234.251638704
324	133.910509571
325	238.566070738
326	116.872988741
327	182.910713085
328	237.285606032
329	168.377030884
330	107.04521823
331	143.770903387
332	185.300370147
333	145.744613315
334	144.855628265
335	177.797010088
336	122.117184956
337	146.397079408
338	122.418950524
339	189.451685658
340	135.843440368
341	160.816580042
342	232.457356951
343	246.004184188
344	131.896020511
345	162.398810315
346	172.993228485
347	114.385461765
348	158.100689934
349	140.312833099
350	144.945342353
351	110.902923999
352	193.68455943
353	150.719667267
354	160.571905258
355	210.175639907
356	90.3176187944
357	189.492464789
358	115.682238123
359	127.181952996
360	156.518459661
361	158.027287499
362	206.220064224
363	193.293079775
364	287.346066946
365	106.417219616
366	158.125157412
367	243.834734432
368	235.540259236
369	234.36582027
370	283.423114568
371	198.194731291
372	180.072485584
373	200.372336874
374	142.229452244
375	141.283376411
376	138.624577086
377	188.595323912
378	272.787917267
379	156.852848533
380	354.917086606
381	161.75450005
382	140.541196231
383	143.974799041
384	131.944955468
385	124.474218714
386	194.8916217
387	130.134362063
388	155.882305221
389	136.585620548
390	109.067863115
391	123.74019436
392	147.530739242
393	115.021616205
394	194.777440134
395	151.453691621
396	139.480938832
397	151.967508669
398	131.471917551
399	243.85920191
400	116.391794999
401	187.657403905
402	102.420864802
403	130.101738758
404	201.636489927
405	185.031227884
406	65.0671810314
407	411.510364267
408	106.857634228
409	212.736569318
410	119.515476414
411	184.452164227
412	270.961012209
413	283.537296134
414	159.136479855
415	119.474697284
416	79.8536938428
417	134.644533924
418	83.3199199569
419	217.393546051
420	107.330672145
421	73.8999407527
422	238.354019258
423	229.610973625
424	119.221866673
425	200.551765049
426	188.057039386
427	337.569644383
428	148.085335421
429	243.174112513
430	196.473851974
431	157.00780923
432	127.573432651
433	189.459841484
434	165.253349468
435	135.109416015
436	101.02621853
437	199.972701392
438	211.86389592
439	174.754886934
440	79.4214350568
441	131.60241077
442	221.112602775
443	68.88410767
444	111.906090616
445	156.942562621
446	124.278478886
447	108.195189717
448	227.196849084
449	203.928277076
450	127.646835087
451	154.251139991
452	113.325204366
453	272.63295657
454	163.964728936
455	234.015119746
456	134.946299492
457	129.751038234
458	213.87838498
459	175.921170074
460	155.254306607
461	195.544087792
462	216.072302214
463	165.987373822
464	237.130645336
465	92.7562108135
466	171.353907429
467	140.736936059
468	178.416852876
469	171.239725863
470	130.566620849
471	138.282032387
472	128.331924483
473	252.471754325
474	239.952561184
475	203.194252722
476	193.227833166
477	80.130991932
478	231.185048072
479	189.084673481
480	173.857746057
481	121.0079926
482	134.75871549
483	134.742403838
484	99.3787416479
485	236.902282203
486	181.304015333
487	141.462804586
488	201.065582097
489	148.770424817
490	117.631480574
491	143.289709644
492	165.726387385
493	140.639066145
494	131.300645202
495	167.104722004
496	229.268428926
497	213.894696632
498	125.697592637
499	117.166598483
500	219.530372502
501	260.717294564
502	154.977008518
503	159.805257599
504	203.153473591
505	205.192430129
506	238.761810566
507	238.256149344
508	77.8310489574
509	151.315042576
510	111.816376528
511	82.186260122
512	70.9638433384
513	140.043690836
514	259.404206554
515	195.519620314
516	123.634168621
517	164.894493118
518	205.045625258
519	198.741171644
520	134.147028529
521	159.674764381
522	158.165936543
523	178.367917919
524	145.663055054
525	190.153086707
526	118.055583533
527	199.124495473
528	116.391794999
529	78.2469960911
530	135.574298105
531	209.59657625
532	156.657108705
533	174.151355799
534	147.799881505
535	211.178806524
536	203.814095509
537	137.091281769
538	214.335111244
539	113.439385932
540	254.918502171
541	85.9950309344
542	263.180354061
543	177.98459409
544	99.8844028693
545	323.957570537
546	106.996283273
547	97.9433162454
548	159.805257599
549	182.592635865
550	173.515201359
551	125.934111595
552	139.880574313
553	88.2786622567
554	197.044759804
555	173.23790327
556	139.032368393
557	156.192226615
558	156.428745573
559	95.5455033571
560	108.448020328
561	312.229492532
562	77.8881397405
563	168.580926538
564	188.603479738
565	183.457153437
566	184.076996224
567	110.283081212
568	152.562883978
569	128.650001703
570	200.886153921
571	75.6860666798
572	67.9624993149
573	173.172656661
574	183.628425786
575	250.824277443
576	151.494470752
577	96.7933447581
578	107.771086757
579	126.472396121
580	172.365229872
581	159.413777944
582	86.2152382405
583	152.986986937
584	136.49590646
585	128.576599268
586	172.169490044
587	79.1278253154
588	140.002911705
589	200.69856992
590	208.862551897
591	243.475878081
592	238.745498913
593	196.26995632
594	197.525953547
595	143.607786864
596	172.479411438
597	103.171200808
598	135.753726281
599	165.701919907
600	163.377509454
601	235.842024804
602	242.741853727
603	141.968465808
604	155.20537165
605	205.282144217
606	161.126501436
607	239.985184488
608	141.740102675
609	177.405530433
610	242.219880854
611	204.890664561
612	188.570856433
613	124.833075065
614	139.317822309
615	122.843053484
616	136.218608371
617	167.797967227
618	138.102604212
619	211.496883743
620	199.564910085
621	128.070938047
622	69.6099761974
623	245.359873922
624	110.242302081
625	203.422615854
626	178.367917919
627	136.887386116
628	160.571905258
629	123.927778362
630	261.57365631
631	121.635991214
632	122.671781135
633	128.201431265
634	135.460116539
635	134.514040706
636	96.1735019707
637	143.159216426
638	61.8374738756
639	156.086200875
640	133.070459477
641	185.683693976
642	136.659022983
643	230.222660586
644	85.5627721484
645	181.752585771
646	174.942470935
647	125.942267421
648	145.891418186
649	138.265720735
650	186.939691203
651	135.990245239
652	147.506271764
653	219.375411805
654	158.712376895
655	132.205941905
656	100.969127747
657	213.543996107
658	126.138007249
659	221.153381906
660	117.867999532
661	146.641754192
662	119.352359891
663	109.027083984
664	126.040137335
665	200.152129568
666	125.159308111
667	163.377509454
668	164.372520244
669	116.587534826
670	126.766005862
671	210.942287565
672	151.127458575
673	178.946981576
674	215.55032934
675	138.037357603
676	195.519620314
677	178.139554787
678	285.81277163
679	165.179947033
680	137.34411238
681	96.5894491044
682	127.17379717
683	171.370219081
684	191.661914545
685	223.83664871
686	143.966643215
687	230.875126678
688	176.60625947
689	97.2500710226
690	116.122652736
691	110.601158431
692	151.722833884
693	173.221591618
694	95.2111144849
695	140.492261274
696	155.140125041
697	196.37598206
698	180.529211849
699	266.393749565
700	139.407536396
701	107.51010032
702	186.034394501
703	245.930781752
704	165.212570337
705	189.125452612
706	145.907729838
707	206.432115704
708	178.685995139
709	200.812751486
710	164.070754676
711	107.624281886
712	161.5832277
713	148.672554904
714	261.924356834
715	126.627356818
716	116.236834302
717	72.5460736117
718	176.157689032
719	135.680323845
720	217.931830577
721	193.823208475
722	110.552223475
723	187.119119379
724	146.160560449
725	150.939874574
726	182.323493602
727	111.375961916
728	160.408788735
729	94.2487269991
730	115.69039395
731	114.719850638
732	130.313790238
733	139.913197618
734	222.066834435
735	163.711898326
736	267.445851138
737	191.188876628
738	120.942745991
739	121.5381213
740	197.110006413
741	296.358254843
742	134.261210095
743	183.555023351
744	134.905520361
745	230.67938685
746	105.944181699
747	159.48718038
748	170.929804469
749	246.681117758
750	227.506770478
751	116.391794999
752	143.110281469
753	177.854100871
754	168.075265316
755	115.657770645
756	230.565205284
757	169.787988808
758	165.946594691
759	176.720441036
760	128.34008031
761	165.661140776
762	256.468109139
763	113.31704854
764	232.897771563
765	167.561448269
766	197.819563289
767	153.924906945
768	71.5021278644
769	111.547234265
770	217.98892136
771	172.609904656
772	169.535158197
773	197.379148676
774	135.239909233
775	114.972681248
776	119.727527894
777	225.655397941
778	159.919439166
779	215.289342904
780	277.69772461
781	217.613753357
782	183.351127697
783	153.329531636
784	156.078045049
785	156.518459661
786	299.963130002
787	298.283029815
788	121.758328606
789	124.05827158
790	148.117958725
791	160.898138304
792	111.922402268
793	246.477222104
794	92.5604709858
795	210.412158865
796	120.624668771
797	147.612297504
798	128.348236136
799	221.968964521
800	191.180720802
801	181.499755161
802	139.962132575
803	130.22407615
804	150.572862397
805	243.557436342
806	119.923267722
807	220.125747811
808	206.342401616
809	158.598195329
810	160.531126127
811	168.450433319
812	162.039953965
813	144.99427731
814	174.428653888
815	97.1440452826
816	77.2193619961
817	161.966551529
818	151.355821707
819	194.907933353
820	246.175456537
821	102.861279414
822	180.643393415
823	113.953202979
824	184.427696749
825	191.833186894
826	144.553862697
827	139.244419873
828	143.175528078
829	79.6090190583
830	93.7185982993
831	204.075081946
832	89.2736730471
833	215.901029865
834	126.969901516
835	240.417443274
836	154.650775472
837	154.683398777
838	135.664012193
839	139.978444227
840	97.2500710226
841	150.874627964
842	124.033804102
843	138.877407696
844	140.88374093
845	115.298914294
846	237.995162908
847	62.3023559662
848	192.273601506
849	134.538508184
850	183.7262957
851	200.233687829
852	173.645694577
853	206.823595359
854	125.567099418
855	119.213710847
856	164.462234332
857	132.23856521
858	262.715471971
859	221.903717912
860	150.996965357
861	276.515129818
862	178.620748529
863	134.840273752
864	106.776075967
865	72.9212416146
866	183.913879701
867	175.749897724
868	135.07679271
869	201.465217578
870	189.207010873
871	221.683510606
872	136.13705011
873	168.752198887
874	109.369628683
875	145.255263746
876	111.131287131
877	206.489206487
878	127.377692824
879	97.3724084148
880	119.515476414
881	101.988606016
882	105.976805004
883	246.591403671
