1	373082.742595
2	77.1430606262
3	73.2904294624
4	139.807101315
5	130.238829552
6	47.6243091744
7	90.4825699373
8	141.091311703
9	70.5682651894
10	91.106587661
11	43.8892465673
12	190.922292248
13	89.5420214841
14	244.958609627
15	22.8716061341
16	54.1629296706
17	15.6637492385
18	48.9175632974
19	60.3940631725
20	173.160396461
21	38.4539617564
22	147.27722653
23	3.71697513685
24	14.3162327047
25	14.623719699
26	27.2668614054
27	60.4211943779
28	196.457058146
29	52.32705144
30	124.369445455
31	154.629783187
32	136.88597487
33	83.1209695446
34	74.6379459962
35	186.536080712
36	224.519768242
37	40.5068896301
38	131.20650921
39	20.3484040339
40	104.67219035
41	100.448766046
42	80.6068111795
43	29.6815386841
44	53.3670809795
45	109.528676113
46	286.134735657
47	179.5814484
48	48.6552949788
49	110.134606366
50	96.6775284987
51	12.2813923013
52	11.6483308425
53	18.9375813542
54	7.17168195505
55	100.909996538
56	237.877365023
57	50.970491171
58	72.9196363222
59	19.2902870241
60	101.344095824
61	40.0999215494
62	86.6208950384
63	146.92452086
64	57.2468433486
65	239.993599043
66	43.2833163138
67	199.785152672
68	263.778622425
69	79.3768632023
70	77.8575157011
71	44.5584829666
72	13.5746464244
73	497.296907117
74	142.845796318
75	22.1028886483
76	71.9610003989
77	49.4149687293
78	153.019998335
79	29.6001450679
80	418.29988079
81	89.2707094303
82	99.0560308369
83	264.891001845
84	23.5951049442
85	44.8840574311
86	102.881530795
87	65.5580359295
88	299.9716504
89	295.820575977
90	417.630644391
91	49.9937677774
92	129.433937126
93	95.0677436462
94	70.1251221683
95	163.700649519
96	170.221182545
97	155.850687429
98	394.370157647
99	125.074856795
100	216.190488191
101	161.050835127
102	37.9022939137
103	172.726297175
104	182.294568938
105	52.2999202346
106	167.146312602
107	29.0032585496
108	219.690413685
109	96.8131845256
110	138.387234901
111	15.5642681521
112	9.75819020113
113	173.675889363
114	19.787692456
115	90.8443193423
116	125.038681854
117	121.267444307
118	47.7328339959
119	51.5583339542
120	107.810366439
121	26.6790186222
122	27.7280918968
123	98.7847187831
124	68.2168940566
125	50.3555171825
126	177.320514619
127	18.566788214
128	24.1739039922
129	170.63719436
130	82.2799021778
131	78.7166705381
132	261.951787929
133	100.982346419
134	179.54527346
135	152.368849406
136	40.3712336032
137	55.4923587341
138	157.68656566
139	15.6637492385
140	38.0289062055
141	152.142756027
142	115.985902993
143	67.6019200681
144	93.5936148206
145	208.919325149
146	149.42963549
147	10.110895871
148	91.8119990008
149	26.1092633092
150	164.415104594
151	60.0051825621
152	79.8019187533
153	39.8919156415
154	55.700364642
155	67.9094070623
156	17.8794643444
157	66.6432841447
158	94.7964315924
159	86.666113714
160	122.515479754
161	224.863430177
162	244.497379136
163	224.411243421
164	340.505671235
165	185.731188286
166	132.98812503
167	122.144686614
168	232.24311804
169	217.5832234
170	209.534299138
171	114.719780075
172	163.800130605
173	263.923322187
174	218.379072091
175	201.675293313
176	118.62667365
177	177.501389321
178	174.978187221
179	200.526738952
180	145.90257879
181	293.405898698
182	213.938598144
183	126.277673567
184	209.896048543
185	221.951347466
186	182.005169414
187	221.037930219
188	264.131328095
189	78.0112591983
190	249.769876714
191	281.015981575
192	143.171370782
193	213.94764188
194	159.386787863
195	112.657808467
196	129.551505682
197	237.036297657
198	217.393304963
199	171.252168349
200	125.644612108
201	149.049798614
202	122.696354457
203	205.365137245
204	179.355355022
205	343.408710211
206	204.713988316
207	26.5885812709
208	119.919927773
209	282.336366904
210	367.71827023
211	247.906867278
212	289.752229707
213	195.209022698
214	157.912659038
215	140.159806985
216	149.890865981
217	266.419393082
218	178.930299471
219	211.044602904
220	189.222070045
221	285.158012263
222	70.8305335081
223	166.323332705
224	202.091305129
225	115.497541296
226	133.811104927
227	261.933700459
228	147.919331724
229	172.057060775
230	233.67202819
231	199.504796883
232	434.090242321
233	221.1102801
234	232.442080213
235	130.148392201
236	278.1129426
237	172.536378737
238	238.582776363
239	260.106865964
240	310.335770854
241	373.397735889
242	180.62147794
243	193.065657473
244	167.417624656
245	224.04045028
246	196.185746092
247	289.661792356
248	333.153114578
249	220.233037792
250	306.546445836
251	255.132811644
252	187.666547603
253	194.159949424
254	253.875732462
255	243.39404345
256	122.253211435
257	237.578921764
258	301.08402982
259	193.255575911
260	131.532083675
261	235.715912328
262	244.45216046
263	159.793755944
264	215.521251792
265	239.42384373
266	138.604284544
267	177.121552446
268	148.38960595
269	331.353411287
270	140.657212417
271	116.483308425
272	242.562019819
273	167.499018272
274	212.301682087
275	317.959639566
276	227.133407694
277	203.692046247
278	228.905979778
279	388.636429577
280	139.065515035
281	150.91280805
282	179.002649352
283	202.263136097
284	227.196713839
285	241.440596663
286	191.130298156
287	252.428734841
288	193.90672484
289	203.456909133
290	437.933829749
291	208.277219956
292	290.864609128
293	259.889816321
294	194.413174007
295	105.477082776
296	375.532057379
297	236.56602343
298	131.55921488
299	175.529855064
300	71.7349070207
301	182.140825441
302	203.900052154
303	166.757431991
304	228.580405314
305	221.842822645
306	56.7494379167
307	283.17743427
308	240.51813568
309	182.547793522
310	237.841190083
311	179.17448032
312	155.18145103
313	256.407978297
314	295.485957777
315	441.280011746
316	264.719170878
317	193.273663381
318	66.9055524633
319	187.648460133
320	141.389754962
321	284.380251042
322	52.7068883153
323	143.885825857
324	170.338751101
325	252.808571717
326	120.878563696
327	191.817622026
328	217.9178416
329	212.039413768
330	198.247717701
331	221.399679624
332	251.533405064
333	173.938157681
334	192.034671669
335	215.222808532
336	146.318590606
337	145.730747823
338	203.710133717
339	185.116214297
340	161.177447418
341	245.049046978
342	203.456909133
343	164.306579772
344	189.194938839
345	256.60694047
346	281.32346857
347	238.836000947
348	139.011252624
349	120.706732729
350	268.11057155
351	160.092199203
352	261.237332854
353	554.290525882
354	202.14556754
355	255.928660335
356	289.426655243
357	194.214211834
358	283.964239226
359	110.270262393
360	145.233342391
361	274.341705052
362	308.897816969
363	161.873815023
364	132.861512738
365	124.704063655
366	168.249648287
367	234.513095557
368	117.1977635
369	155.977299721
370	185.423701292
371	198.519029754
372	165.599833895
373	312.849929219
374	196.502276821
375	28.7681214363
376	112.703027142
377	177.302427148
378	218.749865232
379	228.517099168
380	194.024293397
381	206.251423287
382	195.145716552
383	235.516950156
384	139.246389738
385	309.603228309
386	202.642972972
387	206.378035579
388	195.7245156
389	195.31754752
390	166.902131753
391	105.477082776
392	213.513542594
393	249.968838887
394	148.74231162
395	167.363362245
396	231.284482116
397	253.649639083
398	200.101683401
399	128.710438316
400	135.84594533
401	139.110733711
402	283.267871622
403	135.972557622
404	241.431552928
405	139.499614321
406	154.186640166
407	107.620448001
408	253.866688726
409	138.631415749
410	151.202207574
411	192.866695301
412	32.7021462162
413	85.1919848884
414	102.302731747
415	213.513542594
416	145.088642629
417	148.38960595
418	160.137417879
419	124.921113298
420	77.8575157011
421	145.151948775
422	194.096643278
423	95.5289741376
424	131.785308258
425	101.280789678
426	242.31783897
427	154.313252458
428	187.250535787
429	115.606066118
430	211.343046163
431	445.015074353
432	109.989906604
433	189.457207158
434	218.207241124
435	115.76885335
436	151.193163839
437	140.530600125
438	251.678104826
439	138.730896835
440	189.014064137
441	195.751646806
442	149.511029106
443	160.426817403
444	201.268325233
445	132.960993825
446	230.533852101
447	90.5820510236
448	122.217036495
449	186.572255653
450	135.683158098
451	90.9980628394
452	175.710729766
453	257.285220604
454	140.548687596
455	220.413912495
456	116.582789511
457	260.332959342
458	239.306275173
459	152.748686281
460	197.867880825
461	166.66699464
462	58.9561092874
463	137.229636804
464	142.773446437
465	183.985747407
466	189.321551131
467	186.915917588
468	104.825933847
469	164.107617599
470	252.501084722
471	110.912367587
472	126.594204296
473	170.338751101
474	120.344983324
475	115.967815523
476	115.217185507
477	130.582491487
478	112.467890029
479	132.689681771
480	166.621775964
481	177.465214381
482	333.089808432
483	198.699904457
484	209.995529629
485	191.04890454
486	137.428598977
487	254.942893207
488	305.108491951
489	167.218662483
490	255.964835276
491	116.799839154
492	129.153581337
493	119.304953784
494	193.273663381
495	80.6882047956
496	122.036161792
497	106.399543759
498	191.057948275
499	183.506429445
500	127.724671187
501	265.858681504
502	181.272626869
503	271.411534871
504	232.333555391
505	179.029780558
506	123.238978564
507	148.362474745
508	140.557731331
509	285.66446143
510	245.86298314
511	158.79894508
512	160.20976776
513	257.592707598
514	145.577004326
515	239.930292897
516	223.65156967
517	188.480483764
518	117.414813143
519	210.908946877
520	188.797014494
521	182.231262792
522	130.048911114
523	255.910572865
524	134.606953618
525	110.433049626
526	177.79983258
527	210.75520338
528	288.142444855
529	236.421323668
530	24.8340966564
531	176.922590273
532	173.657801893
533	242.878550548
534	222.421621693
535	282.490110401
536	241.847564744
537	159.567662566
538	125.689830783
539	168.828447335
540	180.078853832
541	236.810204279
542	101.226527267
543	196.438970675
544	145.197167451
545	156.990198055
546	212.337857027
547	204.469807467
548	141.633935811
549	156.176261894
550	192.504945895
551	288.377581968
552	107.936978731
553	156.248611775
554	198.347198787
555	173.187527666
556	181.516807717
557	375.315007736
558	129.216887483
559	199.342009651
560	179.509098519
561	133.964848424
562	186.309987334
563	185.215695384
564	144.925855397
565	222.132222169
566	201.521549816
567	179.671885751
568	150.324965267
569	168.123035995
570	182.06847556
571	218.966914875
572	88.746172793
573	137.528080064
574	178.071144634
575	94.1362389282
576	133.820148662
577	115.569891177
578	110.116518896
579	180.458690707
580	161.647721645
581	241.485815339
582	111.871003511
583	144.111919235
584	143.686863684
585	181.923775798
586	112.006659538
587	136.035863768
588	137.247724275
589	118.120224483
590	227.449938423
591	170.818069063
592	172.38263524
593	174.408431908
594	184.248015725
595	230.533852101
596	248.395228975
597	146.617033865
598	233.880034098
599	257.818800977
600	211.306871223
601	144.301837673
602	172.445941386
603	184.55550272
604	108.506734044
605	121.059438399
606	119.956102713
607	192.920957711
608	160.752391868
609	315.219387822
610	111.029936144
611	221.951347466
612	104.834977582
613	236.647417046
614	135.854989065
615	239.622805903
616	170.555800744
617	174.815399989
618	116.329564928
619	342.395811876
620	130.681972573
621	179.608579606
622	132.924818884
623	166.395682586
624	178.279150542
625	181.046533491
626	134.652172293
627	243.249343688
628	211.84949533
629	176.768846776
630	84.0886492031
631	99.3363866258
632	107.936978731
633	224.02236281
634	110.01703781
635	164.089530129
636	198.048755528
637	204.451719997
638	204.641638435
639	141.371667492
640	120.263589708
641	106.508068581
642	181.806207241
643	273.156975751
644	165.021034847
645	205.735930385
646	179.825629249
647	268.589889512
648	134.290422888
649	185.297089
650	169.307765297
651	217.664617016
652	94.6517318304
653	157.270553844
654	128.375820116
655	138.830377922
656	218.505684383
657	224.583074388
658	83.6183749765
659	166.549426083
660	121.005175988
661	132.22845128
662	125.400431259
663	287.337552428
664	441.261924276
665	230.741858009
666	143.451726571
667	107.312961007
668	194.015249662
669	120.788126345
670	167.915030087
671	289.824579588
672	85.9878335795
673	218.28863474
674	185.052908152
675	135.176708931
676	187.196273376
677	174.5350442
678	143.225633193
679	224.564986918
680	110.01703781
681	166.66699464
682	169.624296026
683	124.649801244
684	175.755948442
685	335.1156051
686	172.536378737
687	146.472334103
688	174.290863351
689	121.556843831
690	158.907469902
691	273.482550215
692	130.021779909
693	143.551207658
694	156.637492385
695	254.526881391
696	196.420883205
697	246.034814107
698	149.456766695
699	158.500501821
700	134.606953618
701	63.224752267
702	141.516367254
703	146.472334103
704	356.449776263
705	148.443868361
706	153.128523156
707	179.680929487
708	188.89649558
709	101.506883056
710	124.794501006
711	116.013034198
712	144.193312852
713	146.987827006
714	228.254830849
715	186.906873852
716	254.689668623
717	275.915314964
718	134.163810597
719	154.693089333
720	89.7771585974
721	210.212579273
722	159.124519545
723	119.35017246
724	178.758468504
725	71.1561079726
726	204.062839387
727	131.260771621
728	177.944532342
729	143.126152107
730	64.1743444552
731	171.876186073
732	107.90080379
733	116.058252874
734	110.116518896
735	118.988423055
736	214.815840452
737	82.7592201395
738	80.8781232333
739	71.6173384641
740	112.485977499
741	193.427406878
742	128.511476143
743	242.118876798
744	119.169297757
745	158.256320973
746	176.542753398
747	151.437344688
748	195.344678725
749	172.310285359
750	154.331339928
751	91.5768618875
752	151.084639018
753	154.81065789
754	200.544826423
755	134.272335418
756	70.2065157844
757	178.351500423
758	181.607245068
759	179.201611525
760	73.5617415162
761	82.6145203775
762	86.8289009463
763	131.577302351
764	230.398196074
765	109.64624467
766	122.886272894
767	216.561281331
768	201.159800411
769	212.066544973
770	147.611844729
771	113.589313185
772	99.8880544685
773	108.325859341
774	73.1366859653
775	210.04979204
776	130.229785817
777	163.402206259
778	165.030078582
779	210.981296758
780	153.616884853
781	123.881083758
782	202.073217659
783	82.4155582047
784	190.280187054
785	222.023697347
786	155.877818635
787	85.445209472
788	135.610808217
789	96.6413535582
790	268.11057155
791	126.784122734
792	110.849061441
793	116.953582652
794	252.392559901
795	75.5694507142
796	134.118591921
797	128.448169997
798	470.201876679
799	90.6182259641
800	96.2615166829
801	121.249356836
802	158.003096389
803	103.984866481
804	142.366478356
805	175.086712042
806	52.0376519159
807	187.09679229
808	79.5758253751
809	194.168993159
810	125.020594384
811	112.042834478
812	180.069810097
813	174.996274691
814	141.823854248
815	108.027416082
816	112.802508229
817	106.743205694
818	106.707030754
819	211.406352309
820	313.112197538
821	177.845051256
822	100.03275423
823	128.818963137
824	56.9393563543
825	35.3067419325
826	145.504654445
827	235.399381599
828	173.684933098
829	117.975524721
830	143.623557539
831	110.912367587
832	79.5758253751
833	87.5885746969
834	189.041195342
835	68.316375143
836	141.670110751
837	162.425482866
838	169.669514702
839	224.791080296
840	122.180861554
841	86.1958394874
842	120.869519961
843	209.3443807
844	166.856913078
845	162.199389488
846	137.916960674
847	187.006354939
848	142.384565826
849	125.753136929
850	182.502574846
851	181.019402285
852	153.508360031
853	133.485530462
854	68.6600370778
855	142.737271496
856	97.2653712819
857	297.086698894
858	173.585452012
859	115.153879361
860	133.367961906
861	127.787977333
862	113.137126428
863	355.183653345
864	99.6076986795
865	190.036006206
866	158.0573588
867	97.129715255
868	92.9695970969
869	146.490421574
870	128.68330711
871	225.568841517
872	83.1933194256
873	160.19168029
874	141.172705319
875	165.25617196
876	127.851283479
877	178.668031152
878	144.06670056
879	177.419995705
880	110.957586263
881	92.616891427
882	157.614215779
883	182.954761602
884	204.080926857
885	132.445500923
886	156.320961656
887	145.956841201
888	192.685820598
889	71.4455074967
890	135.095315315
891	96.0987294506
892	193.2013135
893	126.521854415
894	145.947797466
895	117.17967603
896	9.5049656176
897	246.342301102
898	181.073664696
899	81.8277154215
900	126.648466707
901	125.753136929
902	57.8889485426
903	86.9826444434
904	116.420002279
905	186.563211918
906	144.735936959
907	155.479894289
908	146.933564595
909	160.89709163
910	92.4541041948
911	154.213771371
912	138.984121419
913	93.2137779454
914	141.778635573
915	155.072926208
916	153.598797383
917	184.953427065
918	106.526156051
919	99.9784918197
920	83.012444723
921	159.630968712
922	193.210357235
923	208.801756593
924	122.162774084
925	166.386638851
926	157.216291433
927	69.3835358879
928	164.406060858
929	92.5083666055
930	133.268480819
931	96.5780474123
932	124.487014012
933	209.154462263
934	88.1040675991
935	127.860327214
936	105.820744711
937	213.667286091
938	153.39983521
939	142.881971258
940	47.6785715851
941	84.3961361973
942	94.0367578418
943	141.254098936
944	21.6959205677
945	160.336380052
946	120.363070794
947	175.466548918
948	104.98872108
949	100.783384246
950	119.223560168
951	144.057656825
952	299.627988465
953	140.48538145
954	161.376409591
955	168.159210936
956	244.352679374
957	175.086712042
958	108.298728136
959	47.8594462876
960	136.759362578
961	147.286270265
962	198.727035662
963	82.578345437
964	122.804879278
965	130.42874799
966	203.330296841
967	79.7657438127
968	126.594204296
969	186.834523971
970	180.540084324
971	175.312805421
972	108.841352243
973	156.99924179
974	88.2306798908
975	173.874851536
976	96.6142223528
977	84.4684860784
978	119.784271746
979	190.388711876
980	100.322153755
981	122.153730349
982	127.408140457
983	137.880785733
984	147.195832913
985	73.4532166947
986	129.198800012
987	183.027111483
988	122.859141689
989	151.518738304
990	162.597313833
991	156.764104677
992	161.955208639
993	160.869960424
994	146.834083508
995	149.990347067
996	137.437642712
997	92.1556609356
998	226.952532991
999	164.216142421
1000	174.399388173
1001	119.178341493
1002	189.764694152
1003	152.052318676
1004	160.417773668
1005	155.877818635
1006	135.619851952
1007	295.386476691
1008	145.432304564
1009	133.639273959
1010	99.6800485606
1011	126.811253939
1012	107.819410174
1013	150.677670937
1014	231.818062489
1015	90.3107389699
1016	198.075886733
1017	222.692933747
1018	152.811992427
1019	164.632154237
1020	168.09590479
1021	202.344529713
1022	195.480334752
1023	116.646095657
1024	120.77908261
1025	151.591088185
1026	159.296350512
1027	102.745874768
1028	79.1236386188
1029	132.327932366
1030	108.895614654
1031	177.790788845
1032	143.035714755
1033	116.537570836
1034	182.583968462
1035	166.938306694
1036	101.77819511
1037	205.02147531
1038	190.017918736
1039	136.849799929
1040	87.4438749349
1041	165.147647139
1042	92.8791597457
1043	184.682115011
1044	133.530749138
1045	97.9346076812
1046	186.861655177
1047	56.1706388686
1048	129.72333665
1049	127.245353225
1050	186.915917588
1051	146.065366023
1052	131.740089583
1053	254.752974769
1054	178.541418861
1055	91.4864245363
1056	171.650092695
1057	130.202654611
1058	134.172854332
1059	215.937263607
1060	90.7357945208
1061	186.825480236
1062	95.7821987212
1063	226.4913025
1064	180.115028773
1065	172.409766445
1066	89.0355723171
1067	109.754769491
1068	212.229332206
1069	167.254837423
1070	252.148379053
1071	231.16691356
1072	182.665362078
1073	123.021928921
1074	149.664772603
1075	204.478851203
1076	146.996870741
1077	75.4428384224
1078	122.217036495
1079	73.4893916352
1080	156.357136596
1081	123.030972656
1082	65.3409862865
1083	153.327485329
1084	182.963805337
1085	120.552989232
1086	120.010365124
1087	152.893386043
1088	182.285525203
1089	180.060766362
1090	182.394050024
1091	163.899611691
1092	184.582633925
1093	140.602950006
1094	145.993016142
1095	108.181159579
1096	95.7188925753
1097	136.252913411
1098	133.141868527
1099	141.308361346
1100	215.07810877
1101	202.697235383
1102	171.378780641
1103	146.372853017
1104	174.969143486
1105	172.708209704
1106	164.831116409
1107	133.847279867
1108	87.9322366317
1109	199.115916273
1110	207.535633675
1111	87.6790120481
1112	115.967815523
1113	205.735930385
1114	197.578481301
1115	157.930746508
1116	164.270404832
1117	145.088642629
1118	169.778039523
1119	152.811992427
1120	199.685671586
1121	86.6208950384
1122	123.293240975
1123	173.856764065
1124	116.438089749
1125	138.396278636
1126	236.394192463
1127	73.9325346564
1128	93.1504717995
1129	213.495455123
1130	201.485374876
1131	106.345281349
1132	154.49412716
1133	169.479596264
1134	116.546614571
1135	166.061064387
1136	171.261212084
1137	188.390046413
1138	138.911771538
1139	156.990198055
1140	134.851134466
1141	178.731337298
1142	170.492494598
1143	102.438387774
1144	141.263142671
1145	185.830669372
1146	167.70702418
1147	227.106276488
1148	146.635121336
1149	100.855734127
1150	159.766624739
1151	180.241641064
1152	187.548979046
1153	61.5878362092
1154	235.969136912
1155	182.122737971
1156	112.377452678
1157	146.390940487
1158	174.046682503
1159	135.357583633
1160	130.718147514
1161	96.3700415044
1162	90.4916136724
1163	137.338161626
1164	193.273663381
1165	198.17536782
1166	200.834225947
1167	134.227116742
1168	129.045056515
1169	159.685231123
1170	132.156101399
1171	191.727184675
1172	158.636157848
1173	128.601913494
1174	116.022077934
1175	242.679588375
1176	178.803687179
1177	167.480930801
1178	258.497081111
1179	231.637187786
1180	124.830675946
1181	128.873225548
1182	185.758319491
1183	150.849501904
1184	210.899903142
1185	210.375366505
1186	218.532815589
1187	81.429791076
1188	117.441944348
1189	170.085526518
1190	148.082118956
1191	166.440901262
1192	172.590641148
1193	148.525261977
1194	140.83808712
1195	102.366037893
1196	175.222368069
1197	156.99924179
1198	213.007093426
1199	146.191978314
1200	138.495759722
1201	150.740977083
1202	125.382343789
1203	184.736377422
1204	189.222070045
1205	145.812141439
1206	162.687751185
1207	136.388569438
1208	212.663431492
1209	196.140527416
1210	184.383671752
1211	158.337714589
1212	113.770187887
1213	205.555055683
1214	230.940820182
1215	260.450527898
1216	158.735638934
1217	111.961440862
1218	97.9798263568
1219	209.706130105
1220	150.433490089
1221	126.919778761
1222	133.774929986
1223	180.015547686
1224	204.361282646
1225	231.546750435
1226	193.463581819
1227	99.5986549444
1228	39.7562596146
1229	158.952688577
1230	140.630081212
1231	108.633346335
1232	162.651576244
1233	117.631862786
1234	203.511171544
1235	170.709544241
1236	183.307467272
1237	243.366912245
1238	258.05393809
1239	195.462247282
1240	270.977435585
1241	240.038817719
1242	204.949125429
1243	184.437934163
1244	95.5651490782
1245	217.375217492
1246	120.987088518
1247	196.999682253
1248	142.529265588
1249	190.913248513
1250	246.450825923
1251	199.776108937
1252	210.131185656
1253	117.134457354
1254	219.798938506
1255	148.217774983
1256	148.172556307
1257	219.482407777
1258	167.263881158
1259	173.901982741
1260	121.574931301
1261	174.5350442
1262	147.946462929
1263	154.584564511
1264	147.322445205
1265	202.914285026
1266	54.6512913674
1267	143.605470068
1268	148.272037393
1269	244.831997335
1270	165.762621127
1271	175.62933615
1272	173.766326714
1273	120.589164172
1274	229.113985686
1275	146.752689892
1276	162.570182628
1277	114.159068498
1278	266.256605849
1279	180.63956541
1280	206.983965832
1281	222.457796633
1282	165.20190955
1283	185.143345503
1284	77.8213407606
1285	180.793308907
1286	156.420442742
1287	123.998652315
1288	158.527633026
