2
3
4
5
6
521
11
524
525
529
533
819
802
540
544
546
547
548
37
559
905
51
569
575
65
578
523
581
865
585
586
77
867
596
88
601
602
92
698
607
96
611
100
613
614
746
600
619
109
625
626
115
629
631
632
633
634
637
686
640
897
131
277
648
140
654
655
144
657
658
659
660
878
153
154
155
668
787
163
677
169
171
172
685
174
807
178
627
694
695
696
186
189
702
704
705
194
707
708
741
711
201
203
716
717
207
720
721
722
724
213
214
727
729
731
733
734
549
367
227
228
229
230
744
745
234
235
748
752
417
754
243
757
758
760
249
762
764
253
766
725
771
772
773
774
775
777
779
782
783
784
273
275
691
791
793
378
796
797
798
799
288
801
290
803
804
805
806
616
808
810
813
814
726
817
306
563
820
309
822
823
312
825
735
821
832
833
834
836
837
838
839
840
841
842
331
845
334
335
848
849
850
739
852
853
854
855
856
857
858
859
860
861
862
863
864
353
866
315
868
869
870
871
872
873
874
875
876
877
366
879
880
881
882
883
884
885
886
887
888
889
890
891
892
893
894
895
896
831
898
899
900
901
390
903
904
393
906
397
400
387
407
412
666
240
418
667
421
424
327
430
431
432
755
577
370
442
343
816
449
843
453
455
262
461
462
612
466
846
902
761
473
847
476
800
344
482
483
484
715
491
765
496
497
851
500
501
681
818
508
341
