1	56.0470181946	56.6175658587	23.6547635132
2	52.6628480636	10.6470796405	2.11501707632
3	55.7243803864	10.2592606432	1.91253001819
4	75.2489812927	13.0251429004	1.27100944452
5	48.1605472065	11.7285074182	0.44426197156
6	41.7325889228	13.276767002	1.66281014274
7	56.9902982855	13.6233819646	1.37499557883
8	68.3406156488	14.5654381848	0.816647262252
9	50.9668253284	15.9096769716	1.19430115451
10	65.4343220617	18.5792176998	1.73928934533
11	31.5568713768	19.0724163431	2.02563658535
12	57.2669434618	19.0984485798	1.49445526953
13	77.2557953945	19.145717697	1.5880393173
14	63.450980345	21.096179853	1.0644882753
15	66.547776541	21.5802421757	0.89152190913
16	41.7971966716	23.2367781044	0.957408720185
17	49.8614143835	23.2631783849	0.49303658445
18	59.3035761172	23.769151944	1.2036381032
19	54.1174325619	24.8587048473	1.67996395017
20	77.9746739547	26.7096272851	0.761337047932
21	62.4158820288	25.2437526294	2.36687621805
22	26.5891719162	26.2582171642	0.355652262432
23	70.8164949492	26.4248852979	1.13336451301
24	37.2871762415	27.4696234972	1.28373805409
25	47.6123328648	27.7770028416	2.62503917951
26	88.0951783444	29.20860639	1.24043713904
27	59.1507803672	29.0251160382	1.14999192231
28	65.0774392705	29.7984032592	1.27574159511
29	28.6446232687	32.2195347556	1.81886315878
30	81.4440274	31.1179590649	2.02232599995
31	23.1274145958	33.1182232556	2.68117659567
32	38.9954124858	34.1367828461	0.646208015465
33	54.4272714538	32.4069361568	2.25750299893
34	43.7197634885	34.8404221686	2.72315276603
35	31.4982702833	34.1816121047	0.523935306018
36	49.5014206553	34.9297035155	0.579404517531
37	15.409121348	35.7480358408	1.04351727586
38	90.7844690518	34.5085862853	0.696426101482
39	61.3671621708	35.362280679	1.99779682831
40	68.9487974717	36.6811741677	1.4477389505
41	77.0702263271	35.5809903014	1.2047871946
42	36.6561681421	34.6246962124	0.862165345143
43	82.2058067171	36.2509933248	2.59737465334
44	19.6237410881	37.7337322392	1.64613675377
45	40.8938445358	39.4759514187	1.34553993845
46	88.4841805649	39.6274112957	2.15915690454
47	28.5647266531	39.9103830059	0.887922015138
48	93.8259282002	39.922183913	1.65413324718
49	33.7388971071	39.4764230582	1.48983177594
50	47.8138674103	41.2866379179	1.40537305849
51	98.5114813775	40.1871582365	0.716535006583
52	81.7303932734	40.8209830623	1.06669008443
53	70.1064663241	42.8269989129	1.19091210774
54	86.0686526532	43.2956245546	2.04438191171
55	31.36753863	43.0237821319	1.41612693899
56	36.3705943196	44.0404297261	1.95145661711
57	17.1349610929	43.7780777909	1.67032815607
58	58.1333409812	44.8475107243	1.3809927933
59	76.3130913321	43.7565651276	2.6102636208
60	62.7751676625	42.8231321799	3.554688617
61	40.6531941038	45.8436465966	2.54421340226
62	26.8315641434	46.1093644152	1.5855432953
63	69.6335835372	47.7590157528	1.2770962176
64	96.0442585667	47.1749190405	1.77023117223
65	100.580612123	47.1124124038	0.635487613552
66	45.0648328561	46.8215654413	1.33710860091
67	52.5697495489	47.2617209175	3.30443133704
68	16.1980515725	48.3291142617	0.809724733775
69	81.3351806029	47.4331687073	2.03120275966
70	31.8148051716	48.8453362481	2.09249293199
71	64.2066477859	49.7618404083	1.94404744869
72	21.8309285482	49.3245018938	0.844882886064
73	36.1636052722	50.728819556	2.08496692603
74	28.1704468358	51.5590079791	1.76009440418
75	42.4518180544	53.0521817054	4.27512947269
76	74.5783159276	53.424215297	1.52550296207
77	100.760135893	51.8802578187	2.47654327477
78	88.2139666879	53.9981713442	0.802890626228
79	97.3037989053	53.2931468878	0.762757685311
80	51.933131895	55.4622495099	2.24936252439
81	59.1103401197	51.9075475238	6.47325101647
82	83.3923450731	55.0663747841	1.38013609953
83	27.6481593229	54.8734689585	1.99993530858
84	78.4171458537	56.0730999157	0.901687146964
85	37.0009593277	56.9062932798	1.56920142622
86	66.8113015618	60.2861077238	3.28492388948
87	24.856533216	58.3394776221	2.31365444081
88	100.085583116	58.8153461884	0.818012407328
89	73.8227526648	61.8030170406	2.42861419499
90	44.1081012241	60.0895116935	1.69461625681
91	52.7857251438	60.9982765507	4.45446191805
92	12.6265787039	59.2121692679	1.30923432415
93	32.9430215294	61.1085381217	0.774864390684
94	20.9955237554	61.0549584999	1.85230346796
95	49.9791706466	63.1700948558	1.00252273483
96	12.5375766397	62.8270820444	1.06820874762
97	85.4496426843	63.3985571646	1.70582642175
98	38.2986966724	63.9854174375	2.23866694384
99	26.2599225376	64.5358804968	2.30351152235
100	99.8902389623	64.5489104233	1.83155419389
101	77.6364440283	65.7608796413	0.408528993621
102	81.6689828358	67.3630439393	0.607424059668
103	47.4928457602	66.769984472	3.06318223469
104	90.8459224702	66.8628603102	0.570152346624
105	53.6818421105	69.1655346948	1.41882649268
106	73.1898887902	67.4214611244	0.720569732476
107	21.1747124543	68.8430132497	1.55800879481
108	85.6628237559	69.0489763228	1.71939931299
109	15.0862760719	68.0909312018	2.34699810813
110	34.9365439183	69.2001709946	0.593041072729
111	29.8474794231	70.1229204226	2.1803577447
112	76.7157897471	68.9853275512	2.05438009696
113	37.4398732148	71.1709319304	0.472341494036
114	25.7488905986	70.8454334155	0.519079590443
115	92.7636908756	71.1569494489	1.58366360289
116	44.6674675201	72.5947698798	0.988901099195
117	72.2251874494	72.521427087	2.05278095839
118	50.0878202425	72.8443378429	2.23362405324
119	62.1518388971	74.1425303408	2.82294150436
120	84.7811940821	74.4070587661	1.59303804711
121	77.4076815376	74.480763985	1.61171264335
122	34.8937975331	75.6270596386	3.07404946701
123	39.4358724059	75.38114883	2.80803978902
124	81.8305985543	75.0576998671	0.494120619172
125	29.7693325527	75.5887244035	3.21757837499
126	65.083823116	76.9942981326	1.28125999667
127	32.0922120499	78.6794373105	1.08979680614
128	50.0503592744	78.6572367216	1.12236935743
129	47.133068854	78.0919038527	1.14349277218
130	71.7404406514	77.8649396497	0.922505293864
131	92.1434203702	79.0690318984	1.25014843373
132	78.1293731235	80.3421695423	0.977767994717
133	84.8309046459	80.8991287659	0.893811223742
134	28.6830170037	81.7991227672	1.01350316142
135	37.9267894361	81.4691928669	1.48590513821
136	60.6649865602	81.2647627978	2.02642638661
137	66.5448604133	80.8362968467	2.06440613416
138	54.0533435688	81.0379411604	2.19827950504
139	43.4395601624	82.6845753202	1.62506055316
140	23.789023586	82.2439528943	1.30773691666
141	71.1538619544	83.297440322	1.32090789774
142	31.5137405929	85.2070226368	0.707029000966
143	57.0684457977	85.8638140082	2.57418497946
144	85.2555323875	85.31811898	1.49888032427
145	74.6698073504	86.6187691853	2.00783908647
146	64.9883245716	86.2730736691	2.50076715539
147	37.9901954686	87.4042436473	0.993372583008
148	51.8350250066	88.1761513819	1.08799710991
149	44.4330026452	89.704197184	1.64699062987
150	67.9051563737	90.0719179815	3.38184908079
151	55.8095823647	91.6945697479	2.45559337492
152	63.0967376887	91.9948643378	1.77554593289
153	37.4552468216	91.9334127861	2.61029464558
154	74.2117472215	92.17538447	1.18997661441
155	55.440762886	96.6750969364	0.823218368684
156	45.4566768836	21.4037385963	3.29087737187
157	69.2924303463	31.6577286373	3.71180147611
158	26.1941241241	37.6285747909	2.55634349835
159	69.7658614441	54.5477926691	4.89344262987
160	91.5347814476	61.5590738377	2.02306960551
161	17.3325168959	64.0407153619	1.85976626771
162	95.6426806947	64.4284422975	2.01797418097
163	49.9475626318	95.3858856879	1.41106748521
164	21.9838063708	43.0765190482	3.04682601182
165	86.4638188744	49.3403767543	3.01470599358
166	81.3571825981	58.7585835856	3.07261618656
167	31.7103482391	65.5419072281	3.61223159674
168	88.4426456194	76.562193375	2.23228025846
169	81.703765861	16.7253723334	1.95680961271
170	36.7279638817	21.292284259	2.56692148723
171	87.4418944125	22.2656758859	2.53735208579
172	26.9834481097	22.6419565199	2.93104626693
173	83.9763816616	25.4322746153	2.40290637648
174	92.2316789939	27.767048918	1.96557241498
175	16.3191923664	56.7932896735	2.37338221741
176	68.5243863749	66.9212767417	2.40647917822
177	41.4414188483	70.058777916	3.34844312268
178	44.0926862917	94.1298643111	3.53682757936
179	80.7160322558	21.3118786918	2.30915482302
180	73.7862958053	40.0892252695	2.73357795163
181	91.1598117482	46.3068127609	2.18845104513
182	91.905471739	54.5762986838	3.33564327039
183	96.5810755058	56.9976674622	3.27976515801
184	29.8025853627	59.7098384318	2.9900440029
185	60.8181922606	62.5350336568	2.74548170835
186	24.8452076701	76.282266957	3.52752262025
187	79.9009128806	83.1021219985	3.47317285815
188	48.254026944	84.3828308653	1.84141979547
189	62.0994944796	10.3984516089	2.8965509499
190	72.9906392851	17.5755013297	2.6798005156
191	72.5543502888	22.7189362703	2.5927386504
192	46.8636438114	48.1444163988	6.17933762018
193	56.9345855453	75.1950452776	2.55241768364
194	36.6710959915	16.2050557742	2.73772601692
195	44.2739021042	16.9900620493	2.92433500006
196	20.559256427	53.9038863335	3.04708548464
197	53.8515182002	65.0120529851	9.07719978096
198	43.1355151109	76.4631960679	3.95159937337
199	33.0420043	82.8430521171	3.29467504563
200	30.5218469921	25.6352272744	3.06998532525
201	19.0004806955	30.633347177	2.70831799476
202	75.4785279039	28.7036233216	4.44254992839
203	12.260431976	51.5437029043	3.64199220658
204	78.5320902111	24.8986678785	2.90653393398
205	33.0579490825	35.3578761089	5.15484893447
206	53.2400022431	39.5964465165	4.02753346134
207	12.9818759361	43.5437564271	2.51326656223
208	81.2632018552	71.1267046113	3.64788667595
209	73.6810678468	79.9651260354	3.3507462889
210	61.841563154	15.2737578664	3.76949078888
211	66.5619994352	25.1743090979	2.94125369005
212	86.9212828468	59.2071694358	3.17100968006
213	97.6311890209	70.4667965857	2.47992192778
214	69.3327379969	11.4081058862	3.11109708326
215	38.4004349242	31.5341554684	3.44452988616
216	49.0817118788	33.1151653548	3.45234801187
217	75.3652621347	49.6721591359	4.66283885678
218	52.0893172485	21.4224158281	4.09927842413
219	72.7446349188	34.532812145	4.0206104595
220	85.445223547	35.0203703324	4.61030245367
221	90.8285734017	35.0557504534	4.16927386605
222	76.3651274774	39.3187829875	5.55228991151
223	67.5619851654	41.1672936598	7.23695244139
224	66.791717091	48.4584098069	4.13033514032
225	67.6629150923	73.3287711669	5.70251693918
226	51.0404474204	76.1161681154	5.13090043923
227	59.3277829947	95.4590075166	4.29839678103
228	66.4719126638	94.9092280244	3.15379018307
229	22.9252573739	26.9379530009	3.7194036866
230	95.3854344285	33.7017250306	3.32717134528
231	79.4875700377	65.1126670569	4.50156019612
232	91.7831188657	68.9914660633	4.8229874053
233	35.6532822244	69.3162404997	5.58840430837
234	79.3102172883	88.4811511021	3.69804984046
235	47.8982526884	12.2991063019	3.71458509652
236	33.9405024756	28.4063092876	4.28995756434
237	41.6071582371	27.6961560365	4.14390452197
238	58.2877827465	28.7583522232	4.57549358751
239	84.4026076655	40.9567224052	4.95255406893
240	32.7562951218	88.8053606697	5.5907304459
241	48.9240558033	90.2799925472	5.33809474974
242	38.9691900387	39.5571887723	4.73948397412
243	98.0681365064	39.5342488517	3.48980876793
244	57.9885698903	46.715312286	4.95210369646
245	33.2274957999	54.9389943903	6.52227483964
246	76.2208185519	58.3324572294	7.81626047119
247	43.706036128	62.0443787648	5.04682190935
248	23.8105199208	71.3481672008	5.10321383933
249	18.4970321376	73.6953920849	4.73339192522
250	71.3720981398	76.5121323461	4.80917334963
251	53.2845804556	26.2799437518	6.16598059181
252	28.3037209269	41.5272814332	5.26529613759
253	99.1589639777	44.8715942949	4.70525192796
254	81.6523240771	53.5622288805	7.81124519156
255	34.7869608384	60.9104650533	6.32824696122
256	87.0175304084	65.8192654875	4.41746429979
257	24.6690183791	66.1384912603	5.57755647731
258	59.2725530861	68.369064231	4.79097393999
259	45.9781079756	71.775137134	6.93402924382
260	78.4656242276	76.4359809427	4.93685898215
261	83.7984286686	78.8141121359	5.31157714054
262	22.601299915	80.3542612311	4.42179158835
263	55.5245328478	79.9078893371	5.46560240361
264	60.6437575739	89.3025960518	6.56581891006
265	53.0522216139	16.5007034402	5.24537194434
266	60.0026460427	21.9819599725	5.14145609762
267	78.632901616	43.7734671036	5.59483595476
268	29.7366104609	46.5953772909	5.63936663146
269	17.4423911687	47.5726797834	5.6564946219
270	33.8603988189	49.575352949	5.04392324961
271	38.2819484795	56.5285905123	6.59906731651
272	48.0371347555	56.350195394	5.73424039278
273	94.1839998632	75.3782706107	4.75972536244
274	69.3162243777	16.9086282677	5.31936464714
275	100.419378889	59.0321580263	4.77210507787
276	64.5740493054	69.4427164254	4.81509786644
277	88.453773886	81.5989839327	4.97654890072
278	71.8162137657	85.8002140897	6.46193264183
279	27.4075267663	29.451662074	5.51996026572
280	86.8691501692	29.3219232561	5.52101795856
281	64.2475846255	30.8730901073	5.80915993625
282	23.2625291034	47.9501296931	5.42815333638
283	95.2380766775	50.3917594468	5.84095656849
284	72.5561479016	68.5355425817	7.01953834885
285	40.3022061068	82.4506881235	5.90499353464
286	75.0809443528	83.5935362086	4.43842442322
287	49.2807544557	85.4934416651	6.71148233834
288	28.3907890152	86.0146373789	5.11623728636
289	69.24059654	26.1518645803	6.53419206039
290	15.8532711925	37.2544335229	4.45446186582
291	46.3812768825	42.2779777817	7.38288680135
292	70.4377549957	46.4902534523	6.71417102795
293	22.7203591487	59.8183174694	6.44596153031
294	87.906136528	73.6117858878	6.46135171399
295	61.8444742757	83.4785851971	6.54050550581
296	60.0519947703	36.1335630946	6.44027275985
297	92.6238330887	42.9286166446	5.67052172994
298	40.7801499273	47.7834935685	7.01639714671
299	26.1429049549	52.6759569256	6.23881777631
300	51.6158173525	51.1376179056	7.76871931248
301	20.1997249835	66.2074264871	6.24493079553
302	62.8294735905	78.6446434821	6.09846175788
303	47.9805885731	80.0547404479	6.00070648683
304	67.559613266	82.4566332708	6.7750857187
305	37.9780016555	86.677999045	6.00228759699
306	74.7507664082	13.8776532642	5.45077175731
307	66.774353386	21.6818434395	6.13681963821
308	82.0240576634	30.3467119162	5.80899896007
309	55.8594617506	11.7893903083	5.98960288977
310	39.8761301948	22.1807346952	6.12938112666
311	18.5237121075	62.4010246009	6.89610620706
312	84.0465761332	84.9177304925	6.28939790678
313	44.144369438	88.3562897483	7.55816346542
314	54.2590463301	89.6560751389	6.74068482325
315	51.3051753476	95.1301262157	5.41735660872
316	67.0805392914	36.8535330816	7.53445161123
317	89.6901913324	38.615552028	6.93579866461
318	88.6816426854	50.4719239493	7.17414948629
319	26.8059625214	58.7427605935	7.81382902823
320	65.4302975681	59.7593418402	8.02554944914
321	94.2349218115	61.8709648797	7.11433123252
322	68.732609475	66.7801212976	7.8016879244
323	87.2389531367	67.7070962539	7.432464236
324	54.2381851346	72.5427272732	8.61872971715
325	37.7990841572	72.2238321651	7.09944980021
326	82.6114026461	73.4669607355	7.50718395218
327	91.569912188	28.7747516012	6.35247157379
328	54.3196027346	31.3654471627	8.11563520282
329	38.4076642299	36.8742713575	7.73644637106
330	36.5170952053	45.4286701313	6.85454949529
331	13.1539638176	59.774235428	6.26320892989
332	58.7556139205	60.1643437465	8.80910342118
333	81.4938342539	62.4002148384	7.02610006239
334	72.2317169868	91.4572832929	6.343366527
335	41.5457764066	15.3522243072	6.10539961337
336	75.7462254245	21.6101519267	6.68157639878
337	76.8306243691	34.8079937401	8.01061839275
338	54.5648214005	38.009831117	8.26616826258
339	20.4714255579	39.1810205979	6.94215854413
340	83.3776834173	46.5551763302	8.33789160473
341	99.5326476936	48.883862812	6.74881905936
342	64.6390381088	53.8137321095	8.94361801147
343	97.9082730339	66.5639669237	6.71076848428
344	82.448571085	20.0695753986	7.10174307785
345	47.8156096447	26.1242214808	8.88219883678
346	80.9432111588	25.9157198299	7.64372526673
347	44.6637805364	36.0185210218	7.48028846045
348	79.6523974001	40.4045972774	7.72510598699
349	33.4918560888	41.3480016821	6.91013736036
350	30.2290040341	56.3132417536	7.92172021579
351	30.5283203278	81.832977217	6.66286640825
352	54.3423226464	83.1546200049	7.00143055579
353	78.8932737244	17.541918386	7.41806527439
354	36.8055930387	24.5506092575	8.0564344126
355	72.6577627411	29.9778734442	9.0262853675
356	78.8209927804	48.6239709804	8.23617983082
357	86.2773374023	56.9777886418	7.0295435669
358	37.6408508657	31.9049668866	8.26332172165
359	25.5176938212	40.9798843942	8.11747116882
360	87.1200300665	45.2656566727	8.00438275905
361	17.5162540796	53.6811840579	8.2307993874
362	18.5607271485	58.5168818749	8.51202537912
363	33.8918934157	64.4722691256	8.70989750122
364	29.7364907043	70.797504088	8.31614622698
365	60.98450701	73.7418142454	9.96730690562
366	40.0824965546	91.8313752343	8.71245202501
367	66.555127533	13.2687529074	8.16285757192
368	64.9051862366	18.6783816059	8.52740882537
369	58.4321534539	18.5216794001	8.47895036592
370	86.7934341278	23.7067651145	7.05089452164
371	79.6044167257	32.9079592906	8.6386835408
372	23.9763254665	35.1410798442	8.39626574384
373	88.9009491456	61.0346936134	7.82153869848
374	75.5818652607	66.094689092	8.15132694902
375	47.697566673	19.5678548769	8.3963746161
376	57.4557961836	24.4832055199	8.75595255764
377	28.6000455663	34.9867428135	7.18746653332
378	13.4842089569	45.8043407101	8.28556226641
379	31.7386390376	49.2978986606	9.60470137718
380	40.961244055	65.0803636953	8.53089596021
381	64.8243077516	66.6121799441	10.2758003408
382	74.3918827296	72.9722865471	8.72831099921
383	33.4872542968	77.225719836	8.40229549541
384	61.8070186655	26.865947463	9.0992850075
385	66.9577359015	30.1318499548	9.59775969728
386	61.8550121282	44.7835506391	9.1082683105
387	99.4678110294	53.9834229609	8.31108603111
388	47.0558039449	58.7965822821	10.3877241548
389	78.0115306033	71.351456682	9.10859282405
390	89.2925882223	78.8152116876	8.75294827492
391	45.2469832129	78.81523339	8.67454427099
392	65.1137721852	86.9889522024	10.0488827651
393	32.2001540549	21.931360062	8.09837350797
394	53.1319053937	22.862308229	9.03397093355
395	47.1976439249	30.6761629844	8.85172450936
396	28.0730435097	64.6566138565	10.2981044267
397	95.5339737601	70.7979669252	9.09382476702
398	38.8764821275	76.8263095506	8.73272216892
399	40.9126917222	28.2888846037	9.50915202538
400	95.6630009654	39.4604699229	8.37795910562
401	45.5743662059	52.6806529556	11.3759100689
402	68.580468804	56.0424636022	10.8673521113
403	41.3594684032	58.3260569827	10.6528894024
404	77.9526983409	63.6229751561	9.03212671392
405	49.591095334	70.1198102836	10.8224439318
406	43.4499987733	22.5735976713	9.56593176341
407	19.7231176965	33.5881136181	8.93733695481
408	53.5195453827	45.1139091677	10.3679740337
409	23.8688195502	53.3921824966	10.1560084309
410	92.4547851794	55.6961599794	10.0077835035
411	71.6029368181	62.5150982879	8.49412821863
412	15.8177139058	65.6209033116	9.3730830236
413	40.5352974618	68.0577863333	11.7730065987
414	23.7678965451	71.1283906787	9.80291878565
415	57.0794173181	77.7118303772	10.9073647114
416	72.1562852126	78.4117081713	9.04248531355
417	23.5736768418	80.4246940346	8.82944546196
418	50.5720355527	13.9442205525	9.09929126029
419	92.6061913798	51.2604430579	9.99921795595
420	80.8813346275	78.8640700238	9.98603377466
421	27.9671569385	26.5507125523	10.0479733263
422	61.8073462547	33.049357838	10.5268609629
423	80.9074823219	39.593679341	10.4059921325
424	15.9246504403	39.7518826747	8.47909309066
425	88.8203329095	40.338041643	9.70815930029
426	91.6179397178	45.6159827918	9.70614070111
427	22.794000378	48.0047986867	10.01651676
428	47.1098357667	63.8468756265	11.7250141648
429	77.1603521329	81.6176009965	8.77403333607
430	58.6391293946	13.2725123206	9.24490512611
431	44.2152093705	16.3359771132	9.16832578057
432	38.1276860091	19.3830047254	9.87355303076
433	70.3041916136	34.3599860292	11.3060051205
434	62.3012817878	39.2075063319	13.9114871478
435	37.2583950751	42.5015051041	12.5045238176
436	77.6021392077	43.6959435451	11.7261067374
437	67.325226345	48.9219807522	11.491515567
438	37.2626914684	51.40089869	10.9657123429
439	91.8693237749	65.5242072788	10.1201846653
440	82.3376499681	66.5955995984	10.8604323895
441	55.8134030796	83.7328631517	10.1477574382
442	77.1112807505	87.7251185789	10.1018792384
443	49.9335921919	35.3493738021	13.1372513811
444	21.640212829	43.2604920335	11.2469875919
445	63.6171769262	79.6207813519	11.4945044633
446	35.3118298881	28.7624252413	11.2679940076
447	32.1139274592	32.1148249374	11.0532233547
448	53.0850249833	58.1456395301	12.0792834276
449	98.7063228959	60.1931190272	9.78063858426
450	90.2212660278	70.8164733169	10.1747354431
451	51.9284071433	80.0547114889	11.630457013
452	54.2925828052	89.4699992181	10.8325345388
453	63.9454572224	93.0744216644	10.0963482942
454	42.1543931306	32.8783450843	11.1523428762
455	91.9755585575	35.4029179363	10.9617323851
456	73.5967760205	45.4980491696	11.7517460671
457	28.173807666	47.5516220513	11.3846749978
458	67.4298378885	71.4026807169	11.8000882422
459	28.1631561989	76.9134396868	10.7065902916
460	40.7961731191	78.6505799469	11.8635218527
461	56.5487810895	94.0115287564	10.7567798342
462	85.8454034032	25.5646337829	10.4702263453
463	84.0026050396	31.8597419355	10.5180106691
464	85.9730010649	35.552125434	10.3973620619
465	73.1643070489	38.4586607398	11.7522709192
466	97.387253629	47.4140403496	10.6338943062
467	62.2664077624	53.9126091232	12.7445680098
468	24.8857422455	59.4381227179	11.3492412026
469	55.613450642	70.4210031585	12.376418171
470	45.3204180457	71.7125073906	11.2365942021
471	85.3111458594	74.6657374208	11.4048065469
472	71.6906295683	84.126260755	11.1938043952
473	80.909126489	84.9396040793	10.6490701079
474	61.7779140501	21.9090238051	11.5686597872
475	72.5777242598	23.0098350775	9.95831623187
476	23.6660281397	30.7122640812	10.9321280499
477	31.4323693737	41.7363475598	11.5154358098
478	78.3425022284	50.8558641344	11.7303835861
479	89.2269377616	53.3030562209	12.4616374141
480	81.6109310746	59.7014264265	12.3501101055
481	22.3350256763	64.2076275605	11.8924664717
482	91.6388074378	75.5284532253	10.6171371747
483	84.0388845737	82.4231851079	11.3849414549
484	47.6490948747	93.4252241942	10.3755009001
485	55.5439946377	20.4391485161	11.4398610683
486	51.0096621601	20.566848729	11.4360311371
487	48.0293840357	22.5086021702	11.8211137549
488	58.0824082491	54.7640181961	13.7169625327
489	91.8680936754	61.7774529349	12.186537454
490	59.0797258617	67.5783571144	12.8304487261
491	73.8516563611	17.5696108507	10.9136843605
492	67.112084145	24.8107073829	12.1922930113
493	78.3280748384	28.0360333366	11.5169589179
494	85.1674136465	40.9191605156	12.1205590669
495	67.4837029494	74.5764172494	13.9343930753
496	29.2301601685	83.9516991509	11.948983413
497	89.5192670323	31.1583562019	11.3712932537
498	37.9864813221	37.055282572	12.7233605924
499	53.2694311625	40.6201867939	13.0347863505
500	96.8704398484	65.3365424703	11.7776688488
501	18.7719850731	70.3516014969	11.0927610019
502	46.005587428	81.2068642596	12.6077215841
503	54.635966922	29.7284934368	12.9032328635
504	88.6162663053	49.8153823917	12.7737796605
505	29.33885199	54.068542568	12.8554539103
506	35.5367902417	74.6083350997	13.1681373193
507	49.8809447836	77.0400194232	14.1949022547
508	64.5748136388	15.0600999551	11.2759247222
509	29.0436695694	34.2553816054	12.1154756652
510	26.3392490028	38.8381086857	12.7209671251
511	34.8233545919	46.0079832165	13.6030419544
512	52.0635924009	53.4453739731	14.4317559536
513	88.3034906868	58.4004828625	13.443152905
514	29.6956382005	58.935704283	12.8897837869
515	61.6804700768	59.9803262482	13.6419241489
516	42.4483933507	73.651136562	13.3744729503
517	77.6848789877	76.4723890612	13.3292850623
518	36.3135820669	82.4695263843	12.8362976598
519	41.7042199564	84.764240422	13.4896051652
520	57.0231209961	34.6860764954	14.3264676026
521	16.9775549475	43.4228335786	12.4714966684
522	52.9547592883	47.2233866984	14.0057207592
523	14.7762794825	49.4230208883	11.2900421289
524	97.0171818105	54.1536677456	12.3600492889
525	14.8334272364	54.3207072293	12.429480737
526	33.1654997523	60.9822728628	13.1066949711
527	88.1039707683	67.3881862323	13.0929847164
528	85.846358046	70.8388356102	13.1376506138
529	22.0227665836	75.7305186021	12.4406215845
530	43.4720740944	25.3436866177	12.8493723772
531	72.6172610022	27.4867532723	13.1152708694
532	61.3657003301	28.139334172	12.6842008818
533	94.4078859846	42.7723219768	12.5282374888
534	74.0206507502	56.1364844128	14.6413434261
535	21.0611298628	57.1165515623	13.017176514
536	31.4849069292	67.410297963	13.2614392861
537	75.1301435044	79.7870799576	13.7020016218
538	61.9905272844	84.8156940316	13.8195426067
539	48.361050363	87.1397091531	12.6619719474
540	79.5178283735	22.505102079	12.7316846247
541	59.0103450147	24.1644351808	13.8195390007
542	73.650462	51.7257149795	14.8552016815
543	20.8881110802	51.7106771071	13.1563257028
544	15.5109317931	59.3039430497	12.9315872561
545	75.1913049972	69.8584177208	13.6507115624
546	35.9597532012	88.6296573403	12.8432735267
547	73.1678108634	88.5645287884	13.2156508483
548	47.8590271207	17.4850008335	12.9353238793
549	69.8098212688	18.5685207692	13.1308829898
550	81.0110175036	35.1002441962	13.7054526599
551	32.8280930667	36.5545517192	14.5614836714
552	67.9661125333	37.2794046184	14.9482477739
553	87.2119329629	44.5604993651	13.2983658344
554	37.4700328236	58.9319293997	14.2160664639
555	35.5490623157	64.2142556798	14.8683068842
556	35.9309245764	70.2580265116	14.3227228433
557	81.6452016332	73.8675895667	13.3832322307
558	69.2551534234	81.2389772273	14.3562206274
559	54.1024747965	16.3191928025	12.8816451552
560	63.3810467286	32.3376609497	13.8169197047
561	23.7954741533	45.653401403	13.8738260172
562	78.2615963852	62.4638815944	15.0354814682
563	36.2941666518	24.1596412478	13.4819499353
564	44.1875257811	35.7313735913	14.1079420043
565	64.9266693687	46.1929461557	17.0675812667
566	41.3115122878	47.6783115406	14.7126475669
567	87.9508693546	63.4353336344	13.6887788346
568	32.0987811591	78.5275743303	14.6289035097
569	50.7199595605	92.0977366004	12.8164203969
570	67.4228797484	27.8905840902	14.1640821403
571	58.939106605	43.1345043597	15.3927910061
572	82.7895668854	48.3250154867	15.2220834829
573	46.5584160152	49.423815637	16.1926187681
574	68.2452798567	61.7315999274	15.2235201174
575	93.3812430066	68.8738902618	13.9346872296
576	56.6068053554	86.8960003923	13.9634350387
577	67.3371749932	90.5123700192	13.12807325
578	43.0676394033	20.9446257097	14.3604882347
579	52.2446011194	25.3700145838	14.5914740377
580	69.4781175151	31.2250566411	15.3530987344
581	20.0457197306	39.5560509122	14.4692651193
582	27.9064152397	42.885642747	15.2659910815
583	69.5229828382	68.5942005039	15.2317318294
584	26.8644841173	71.0984686889	14.6307807553
585	92.7721721368	72.0732976912	14.2773609125
586	59.8200637922	17.706271277	14.3226259187
587	45.0207747949	29.522722803	15.3485427163
588	69.9819015119	46.2106406801	15.9025912044
589	30.8424769341	56.8777078521	15.7622534323
590	61.3011139352	65.3186932965	15.8346004315
591	61.1924746625	74.7214183605	15.2319707266
592	38.7035818886	32.1468307062	15.3197558465
593	75.0150485024	32.8793793501	14.8332345053
594	69.0995760254	40.952013578	15.193308962
595	85.0484784073	50.8055012092	15.5648546285
596	95.3179961122	59.9098358663	14.7175512042
597	73.2625778695	63.612203518	15.4044386237
598	84.2542269166	64.9092336981	16.3102625184
599	53.7148693747	67.4085792488	18.1788794806
600	88.9270302953	75.3551299774	15.0326711091
601	31.3701908696	28.0231484861	14.6274578175
602	22.2130301832	36.3873689523	14.423721453
603	43.1366869676	41.7173157269	13.254344068
604	81.6927834924	43.063740732	15.8508368359
605	24.5666628316	56.3182540028	15.5389460223
606	25.4704356098	63.0561140998	15.7120952969
607	85.0374030552	78.9126748023	14.7619397571
608	40.3520078222	55.376074635	16.224600906
609	43.8481597549	59.6331950069	17.6452499542
610	80.9798282128	70.4716384487	16.0800062133
611	25.3887557961	78.9972985709	14.7680905096
612	49.5709491809	93.1762777799	15.0992123855
613	65.6969175466	20.1133688402	15.0942930457
614	84.1149791739	28.972507648	14.4464482688
615	78.2842682196	38.0405903403	15.824239287
616	93.207373119	47.8570800684	14.9990541452
617	27.0908616461	48.1973621713	16.0367944573
618	36.2306713299	52.2769182538	16.8459029873
619	94.4378671554	56.2646760426	15.6358009427
620	40.6584852412	64.0305580844	16.8425552938
621	58.0330218037	76.6735989702	17.4666448448
622	73.4833655863	76.0136512318	16.0702713123
623	48.9217143502	85.8404386307	15.489888275
624	60.6446684833	29.2409080065	17.0496977866
625	26.7225430415	33.7619794434	15.8395072818
626	86.653605566	34.5025872384	15.7539204794
627	91.6778791687	42.024577294	14.8357559784
628	49.7404162552	43.9451065455	17.4919472547
629	94.0081793914	51.4379750063	15.1758128439
630	27.5107378112	51.8597030679	16.4271280877
631	18.848810567	64.3234517532	15.7017725701
632	76.621433971	84.4900166615	15.5511775251
633	45.2883722386	90.2794165787	16.386145762
634	18.8569325971	47.3543732503	16.1340812268
635	68.6778435951	56.9136913781	17.2670577873
636	30.0229422802	65.0449973177	16.4685127726
637	94.0771935691	65.3802652868	15.7803942646
638	54.3595796249	73.0221568098	17.2997460256
639	59.7911434721	82.0784060329	17.0833503625
640	72.6652641721	23.6146288913	16.3530985549
641	70.5638896893	35.0870882313	17.8852331893
642	55.4330363959	49.8783685728	17.4558045177
643	68.2992172951	52.8807886085	17.7995383002
644	80.6010084839	54.91545373	17.5355857582
645	86.3031071675	54.9891534318	15.9084840132
646	46.2190036971	66.0210362412	16.9260068166
647	31.1042292616	73.7645032741	16.9074249333
648	61.1203778537	90.2825277206	16.2083478987
649	34.6763546027	38.9796008416	17.1389442341
650	84.3655283405	58.9922336973	16.8905905172
651	41.2369072529	68.0013945823	17.6435105045
652	54.8897375556	82.6057537468	17.7022601942
653	51.680056827	29.5266013174	17.5748992771
654	87.8883291833	39.80090876	16.8322482999
655	21.8215579563	69.1955580176	16.9411063013
656	61.9131920214	70.9015204699	18.079347345
657	79.5594540109	81.7485755568	16.358990674
658	30.0199549901	83.1275926474	15.6814630104
659	39.3564749834	88.4159455608	16.8033461688
660	48.9236004293	20.2187380336	15.9258149431
661	32.1601345828	50.9298533737	17.8859279579
662	47.4128688846	56.5034563252	19.3376744527
663	57.1211622545	61.9611835942	19.5391055054
664	38.3345672638	79.1625672034	17.7909823764
665	65.9885910551	80.0040329243	17.5030977011
666	71.1439982721	86.0579675934	17.5425426913
667	53.2014453031	90.9962421941	16.526756023
668	79.3337421784	29.1269038315	17.1505330856
669	65.1744038801	34.8901043886	19.0116335751
670	50.3420941623	37.2285240687	18.6313557217
671	54.6102636005	39.3287910451	18.3930681334
672	76.6173140696	44.0749098545	18.2265074046
673	62.2817602402	50.0662888332	18.4043788064
674	47.5135549458	71.7838552498	17.5518860681
675	42.4290890784	79.9852174156	18.024983276
676	50.3299273094	82.6946073839	18.2862176122
677	62.4985404549	21.9427263181	17.4906193868
678	46.8881995666	46.148412919	19.9473033463
679	67.226302751	66.5034691231	18.3678126934
680	77.1748488007	69.1571009649	18.738477934
681	32.9725761458	31.3248846799	17.9262067962
682	40.3644962674	38.6049545077	19.0373054467
683	49.7883230648	60.8107636343	19.3943160303
684	46.8435928291	82.1029547058	18.76774046
685	38.71108143	27.1498763946	17.3875272055
686	73.7813848062	27.9597849973	18.8452902983
687	73.3586970911	40.9449014717	18.1590667883
688	78.8068994246	49.5013510336	17.9648877728
689	58.6532352655	53.1012486377	20.9186215654
690	43.319102225	53.5397377387	18.3300064698
691	18.5547501208	55.9462083117	17.3389276033
692	64.384084651	57.3828162604	19.7788716809
693	43.2665278285	73.9333633524	18.233208547
694	66.8612165517	86.8048760868	18.3915071009
695	54.2810939823	21.8936156942	17.8921656926
696	89.3610560939	46.4401836985	17.8334729599
697	32.5657431251	60.887307498	18.85916581
698	90.3526746958	70.3768445668	17.633597039
699	70.5178827802	75.3347333991	19.0043730317
700	38.1527089491	44.1572453133	19.8074985444
701	33.5147075591	46.7512579243	18.5988364723
702	90.8996725484	56.498611208	18.74298974
703	34.7881056898	56.7338368574	19.766166752
704	85.8704187043	74.4398054208	18.2753577737
705	46.3800514602	24.6063145157	18.5882896886
706	47.4469053494	33.5124121122	19.6153433931
707	90.4194498303	51.5702705544	18.3290000094
708	91.4390249737	59.9036632635	18.5410357815
709	62.4299410448	61.0361764251	20.7568306036
710	32.1877264732	70.772558939	18.8734653468
711	34.0168800963	85.0415639631	18.0689853681
712	60.1292881416	42.9036499603	20.2826277207
713	55.9759576188	46.7839298385	20.5391001678
714	49.5126396584	50.7241428518	19.836592016
715	91.2848826562	64.737064492	18.6287854561
716	25.1611931542	74.0389304633	18.6655876247
717	80.0618126369	77.6262694833	19.2067095555
718	40.210499094	49.7850004673	20.2164723787
719	37.9970147868	75.1839282466	19.5134116225
720	59.2531011753	25.0206570344	19.8011958699
721	83.3557577122	37.0068129213	19.1726155323
722	24.0274657931	41.3422898029	18.5352251223
723	79.7459647789	61.7638571867	20.0379360823
724	22.013882763	60.7766989412	19.1539555703
725	75.1984537219	81.2495796967	19.7478451398
726	54.4072296738	89.2492294112	19.3640683801
727	65.7336056894	26.0503102492	19.3546245066
728	57.5219374927	33.4871346728	20.364793978
729	28.3303005084	39.2601136714	19.437400543
730	73.0650958352	47.075962643	21.0798828621
731	22.2750095086	48.5690856525	19.1341483858
732	61.778414874	67.5981101672	20.8042397624
733	86.3535205766	69.2089695929	20.288745776
734	69.4075100785	29.2591590678	20.5388143169
735	31.0052599615	36.0612685201	19.8217210731
736	52.7128475436	54.3305051043	22.2551615347
737	38.0508606515	61.6022688939	21.2925827497
738	76.0986851883	62.8650277955	21.1753162057
739	77.5124064093	35.3242065188	20.673930213
740	46.0987007395	39.4461958964	21.1951904149
741	85.2420527839	44.8275135501	20.176688033
742	73.0429167641	68.2415196175	21.1271828335
743	63.6819976498	75.9334557851	21.3289119962
744	30.5822615954	79.1641866755	20.2715972654
745	60.1241269712	87.4964163837	20.655441104
746	74.7660332031	32.4250102502	20.7829253774
747	61.5528578704	37.8894901359	21.5302654312
748	24.5296332972	53.6910542221	20.6583420022
749	36.4772124511	68.3176958844	20.5383946519
750	52.2365796547	77.5282933035	21.4376306194
751	60.553055591	79.8867626833	20.2551567776
752	25.7881999788	59.6889238108	21.0684806752
753	43.3024628351	77.1231622548	20.9574654478
754	65.1489919109	84.4672615701	21.6883699653
755	41.9938557762	29.7820933566	20.7812991996
756	66.9600251619	42.4964942484	22.0361884642
757	27.8830480574	45.9614764914	21.308272915
758	86.7843936403	54.7175268318	21.2655594713
759	55.591485673	57.3550470159	21.8969054999
760	49.1571393122	87.3689165236	21.4646170377
761	87.5616052349	62.1211187421	21.0671931808
762	25.9693801652	66.9407994539	20.8472478604
763	67.6765402499	72.9961852789	21.0738863613
764	80.8722731167	73.7393650213	21.5527190253
765	35.0408310504	81.5633750419	21.3949429121
766	36.7717800146	34.1621255741	21.7951786298
767	44.2535810831	44.876631931	22.8210265044
768	74.4088422889	58.5541788432	21.2294000614
769	68.7627137055	64.1837256029	23.2322215621
770	47.8280433647	75.2219734893	22.3088181344
771	43.4253528126	86.0388084465	21.35386278
772	52.369319488	26.7503762602	21.7208216222
773	79.7472515359	40.5357035896	22.291895664
774	84.866445814	51.1068779757	22.0064011578
775	29.2441115497	65.0514856999	22.5124091699
776	46.9207515166	67.1303079023	23.1042771168
777	39.666081515	83.6801140956	22.2424502429
778	72.222175022	54.3972115434	23.0354273588
779	82.8414493656	68.0713405496	22.4741836047
780	41.6357020268	68.2606550412	22.7847583469
781	66.8782771189	70.2536337327	23.408270203
782	55.9824462625	28.0984029415	22.6277150527
783	47.6016414349	27.7160640495	21.8384555315
784	33.7270528685	40.3816713674	22.854572177
785	68.6610012451	48.8755926248	23.3958406974
786	54.362937041	72.7284608201	23.3746387004
787	29.0598428019	73.0578679414	22.3043769319
788	57.4701227382	75.4414957962	22.8958067082
789	55.4259106977	38.9761806072	23.3804753957
790	41.1786643902	55.9068399765	23.0995063374
791	84.0695022644	61.3243593267	23.1792308618
792	50.949334395	69.7299479213	23.7405103033
793	82.7545834666	46.3866439196	22.4295940146
794	51.7893034779	42.938906195	24.0948082655
795	45.5009524689	51.2550390189	24.441929862
796	29.4329435662	52.235094969	23.0359747834
797	29.5990243111	57.1060020464	22.6701401943
798	69.9642492393	81.0249039271	23.0601600605
799	56.1476367779	85.1740065924	23.2909723471
800	60.4769922471	29.4859246893	23.6961839627
801	44.3871134189	33.0448301234	23.7342842617
802	69.3039081034	33.8341216875	23.5927087875
803	76.4555121939	74.3470286051	23.3795497984
804	81.476332334	57.3618944152	24.5077508521
805	64.0903755526	82.1729398936	24.064246504
806	50.416514854	30.9195485231	24.1527770223
807	63.9831114808	31.3651461298	23.8536696843
808	32.384015479	46.6134600738	23.8833848661
809	67.0723574233	59.6406389858	24.804398801
810	75.7147859199	41.3511577123	24.4972258868
811	64.7886842551	52.6475639438	25.2166590751
812	59.2195089604	69.1930012951	24.8150577386
813	73.0310808323	76.889528955	24.157012588
814	71.4459054943	37.2851252314	24.3195807992
815	45.0990252811	60.1775218082	24.5040444824
816	34.0045468804	75.0828163156	23.9259922587
817	37.8373346164	77.5490612415	24.7034938386
818	45.2325206625	82.5161064643	24.3697299122
819	50.7156799298	83.2338157974	24.4485955127
820	41.6154939683	37.242035884	25.5113263605
821	80.2555508353	53.8580236687	24.6810902903
822	34.4422110371	54.8784191885	25.2885898927
823	33.1645970698	68.9138461102	25.2928233684
824	59.0632461083	43.2419056643	24.9097917944
825	78.670125306	46.3348122331	24.5119105215
826	53.8048222471	47.6605564598	25.5427641452
827	62.2868003285	48.1376551368	25.0323554866
828	50.0624570031	54.6807572636	26.228002334
829	52.6449685266	63.5544657245	25.4590950749
830	61.796389413	64.7775848711	25.7456449483
831	55.2352362394	32.1124269587	25.4056612072
832	79.1240675639	50.2100212157	25.1931668654
833	32.9699449062	61.8100878543	25.1258945386
834	77.8343347612	68.374985565	25.585173121
835	56.3408177729	60.2131520511	26.4829303391
836	34.2176295723	50.3945568341	25.3742500298
837	80.0859883428	63.1135423266	25.6179447028
838	42.9228876011	78.5908740091	25.8187246211
839	57.5123359597	80.8139521018	25.8639332209
840	37.3475341211	43.2632917258	25.8217397186
841	35.8801432398	64.8286073842	26.8109503589
842	65.5109508058	37.405134741	26.8495787353
843	38.6342512982	50.3696398584	26.5278355396
844	58.9608516638	54.2703557772	26.7841769476
845	49.5312905027	34.0168032158	25.8076087491
846	72.907784058	42.3309894615	26.4460727905
847	77.3743401292	57.0007582964	26.6499134667
848	63.1753306281	79.2082789099	26.6870327849
849	63.8403531717	34.0846590023	25.8126111483
850	48.6639930744	37.533886658	26.8867050322
851	76.8083960208	63.0631259367	27.4093572374
852	72.7829787173	72.4505007673	26.5323055482
853	50.129375873	79.5601118335	27.1192455414
854	59.1820151001	35.8515242733	27.6939691445
855	41.5367495273	43.0536221023	27.6751465891
856	37.2666728951	57.5724052392	26.9673788621
857	39.0356962025	71.5768486805	27.193792375
858	53.7955932005	35.4830294539	27.1636901676
859	66.9144705542	41.7025261091	28.2459598883
860	74.5068206764	49.9334752845	27.66225604
861	67.8794505017	76.3864811487	26.910413293
862	71.1802241072	67.6405467042	28.5149710245
863	45.6448976146	74.2936390637	27.6897826742
864	39.0772095438	60.53184397	28.0160265118
865	61.3001404617	76.103172455	28.3550178091
866	54.9708758301	76.5546161668	28.6760173083
867	70.0677060123	46.0121670168	28.861879766
868	46.7554263108	41.2112292137	28.6325541464
869	74.8535225381	57.1886785974	28.3583510817
870	40.8000751077	65.7906267338	28.7040882862
871	45.7838246832	69.5717915895	28.9525113517
872	72.0998815339	61.7055153548	28.8733697558
873	66.0621037256	72.0465487696	29.0270436345
874	45.2122093308	46.5296453458	29.6797968036
875	51.5961781508	40.0307162381	29.0895501249
876	60.8872168534	40.5739322039	29.6551838841
877	42.1066475798	54.2906066738	29.6685256243
878	58.5703485592	72.738352008	29.4408550303
879	51.2706123648	73.6821092832	29.4040679297
880	68.672292917	51.1158616183	30.11842835
881	70.9023627366	55.287771922	29.7680938286
882	41.2473765645	48.9930063143	28.7154224578
883	43.8592342095	60.9741259995	29.9961093628
884	51.2165137909	45.0514558876	30.5247996075
885	61.0304192492	45.8591515618	30.5361078719
886	65.0486831178	47.6075084795	30.8569020128
887	47.3583492855	51.4575153135	31.0428512121
888	67.6249947473	57.5696928532	30.68928033
889	65.8848198894	62.6256348306	30.6680877034
890	48.5485089511	63.7380311372	30.0811930213
891	64.861030237	66.6639974781	30.5008392412
892	50.2450508716	67.3824376894	30.1417055131
893	55.1487806025	69.1990361543	30.3775737875
894	60.6649906864	69.2802239471	30.7299996889
895	56.1500386984	41.9096089547	30.5177540724
896	47.4370299522	57.9462184983	31.0282102927
897	55.6355170603	48.3799213326	31.6110161393
898	64.6325552371	56.0588468197	31.5398782988
899	50.6846986353	48.5588158077	30.985263486
900	61.2436109897	51.1870155016	31.8900913327
901	52.0129641058	53.9091024871	31.7696543869
902	57.5561354147	64.3689377224	31.6960313095
903	58.7629318721	56.6157105876	32.1736050428
904	53.6267011384	59.1747029576	31.984686418
905	60.4999163937	60.8138929109	32.0469943656
906	56.1761344546	52.4223518729	32.0231202282
