1	2	3	4	5	6	520	12	514	941	921	515	601	516	943	28	541	517	545	546	518	550	40	775	556	558	888	565	567	61	949	581	586	525	595	86	599	600	89	783	605	606	607	609	955	615	907	110	115	958	630	633	634	969	874	638	129	131	644	134	135	649	987	139	141	142	143	144	657	146	843	148	622	537	153	666	667	669	670	965	160	880	162	163	165	678	167	680	540	170	172	173	983	689	690	694	695	696	185	699	700	189	190	704	705	961	195	196	709	978	972	202	973	209	723	724	974	730	220	221	979	962	225	226	911	742	721	714	746	235	237	750	752	753	755	756	247	248	249	250	763	980	963	767	257	258	771	263	777	778	912	268	782	759	784	984	788	789	278	279	792	981	795	796	798	799	288	289	290	879	804	805	806	297	810	809	812	733	919	818	819	820	821	822	823	825	316	317	830	319	832	833	834	835	836	884	328	841	842	761	738	334	848	340	853	854	855	858	655	348	861	863	864	656	866	867	356	869	872	873	362	363	877	573	368	369	882	883	674	886	887	376	890	891	892	894	895	896	897	899	901	903	393	906	663	909	910	749	400	920	985	915	968	405	918	665	408	409	922	923	924	925	926	415	930	419	932	933	934	935	936	937	426	939	940	429	942	431	944	945	946	947	948	811	950	951	952	441	442	927	956	957	446	959	960	449	450	451	964	453	966	967	456	697	970	459	460	461	462	975	976	953	954	931	468	846	982	471	977	868	986	591	988	800	488	489	743	971	495	681	852	508	938
2	1	259	4	7	3	250
3	1	2	5	7	297	302	145	376	250
4	1	2	289	8	9	250	190
5	1	3	6	297	10	145	243
6	1	5	225	297	10	363	14	243
7	2	259	13	302	145	3	376	250
8	289	259	4	327	9	11	15	244	250	190
9	4	8	173	15	244	190
10	225	5	6	145	232	14	17	243	218
11	320	418	259	389	327	8	233	13	15	16	264	244
12	1	225	14	408	218	221	191
13	320	259	164	7	11	270	16	145	18	302	21
14	225	6	10	12	17	19	218	191
15	8	9	11	173	16	244	23	25	233
16	320	389	264	233	11	13	206	15	21	22	23
17	227	166	243	200	10	14	232	18	19	24	218
18	164	145	200	13	270	17	178	24	232
19	166	14	17	275	218	27	29	191
20	219	36	237	25	251	28
21	320	164	13	206	16	22	285	31
22	32	264	206	16	21	23
23	32	34	264	233	266	15	16	337	22	25	314	222
24	33	227	166	200	17	18	29	30
25	34	35	36	251	233	266	173	15	20	219	23	260	207
26	155	167	335	154	27	220	221	191
27	39	275	19	154	26	29	191
28	1	36	364	332	237	207	148	309	248	20	251
29	33	227	166	38	39	275	41	238	19	245	24	27
30	33	227	37	168	200	178	24	261
31	32	164	201	206	285	21	157
32	34	264	42	331	206	285	22	23	157	222	31
33	227	166	38	168	238	24	29	30
34	32	35	42	174	239	23	25	266	222
35	34	266	43	174	239	25	207
36	203	332	207	208	50	148	25	251	28	20
37	261	168	201	44	49	178	252	200	30
38	33	168	41	238	47	29
39	275	41	46	48	179	245	154	27	29
40	1	290	235	45	167
41	291	38	39	46	47	238	29	245
42	32	34	234	174	239	370	51	53	271	157	222
43	35	234	174	207	208	52	54	303
44	37	201	49	51	149	252	157
45	290	315	167	40	235	179	57	155	158
46	291	39	360	41	47	48	179	245	55	56	286
47	291	38	168	41	46	49	238	310	169	56	245
48	39	46	286	179	245	55	59	158
49	66	37	168	169	44	205	47	149	310	252	62
50	148	36	203	208	146	180	52	60
51	67	42	44	271	240	53	157	149
52	192	203	228	234	43	303	208	50	180	54	58	282
53	64	67	228	391	42	271	240	51	276	54	287	234	63
54	228	234	43	52	53	58	63
55	65	294	360	46	48	56	59	286
56	65	291	294	295	72	169	343	46	47	360	55
57	290	315	69	70	235	45	283	158
58	192	68	228	180	54	52	63
59	65	294	70	75	333	304	48	286	55	158
60	68	146	73	203	204	77	242	241	50	180
61	1	165	81	328	204	209
62	321	66	169	205	78	49	82	213	310
63	64	192	228	74	76	305	84	53	54	276	58
64	67	391	74	240	276	53	215	287	63
65	294	295	72	75	333	85	55	56	59	255
66	354	452	71	492	205	79	49	82	149	310	440	474	252	62
67	64	71	74	395	79	240	51	53	215	287	149
68	192	76	77	242	180	58	60
69	197	70	170	235	80	214	57	283	158
70	304	283	69	75	80	214	57	59	158
71	149	66	67	82	79
72	65	295	169	75	321	306	213	343	56	255	85
73	96	262	241	204	77	81	146	88	60	280
74	64	67	300	305	84	215	276	90	63
75	65	294	70	72	333	304	80	83	85	214	59	255
76	192	68	77	242	84	183	63
77	267	68	73	183	76	399	241	242	87	88	60	280
78	355	205	82	213	91	62	85
79	384	641	774	395	787	149	790	768	801	434	181	440	66	67	452	198	71	82	215	603	92	739	623	498	246
80	197	69	70	75	83	214	184	95
81	96	262	73	204	209	86	280	61
82	97	66	355	71	205	78	79	498	434	181	440	91	92	62
83	347	75	396	333	80	85	214	184	255	223
84	192	193	98	300	74	76	305	183	90	63
85	65	72	75	255	78	175	296	306	83	213	91	93	223
86	96	1	262	81	202	209	185	348
87	193	267	77	150	183	88
88	96	100	262	73	202	267	236	77	150	87	280
89	1	99	356	197	170	110
90	193	98	198	103	105	74	300	194	272	467	84	215	94
91	224	97	213	355	101	306	78	175	82	85	284	181
92	198	102	199	106	79	273	82	181	246	94
93	296	217	223	85	175
94	102	198	199	105	467	90	92
95	336	99	197	109	80	312	323	214	151	184	374
96	100	262	73	202	81	210	115	86	88	185
97	224	101	107	82	181	91	253
98	193	103	104	272	84	150	90
99	449	356	197	109	110	336	312	89	95
100	96	322	104	202	236	210	114	150	88	313	186
101	224	97	107	175	176	116	91	156
102	199	105	106	273	147	117	281	122	92	94
103	98	104	105	194	272	90
104	98	100	229	103	194	269	272	114	150	119	186
105	194	102	103	199	467	147	90	94
106	580	502	102	561	107	463	273	434	211	117	246	375	92	253	254	181
107	224	97	101	106	211	181	375	156	253
108	175	176	113	277	182	217	111
109	336	99	323	279	110	112	274	195	151	95
110	1	99	356	449	109	336	279	89
111	195	108	112	274	323	277	182	151	120	217	349
112	195	109	111	274	151	120
113	108	175	176	116	277	182	159
114	100	229	230	104	210	119	186
115	96	1	196	202	268	334	210	185
116	224	101	176	113	338	216	121	156	159
117	102	106	273	211	281	122	254
118	256	194	324	229	231	298	269	147	119	124	318	127
119	128	229	230	104	269	114	118	186	318	127
120	129	195	392	458	349	111	112	274	212	341	182	125
121	130	132	188	330	116	216	292	123	156
122	324	102	344	147	117	152	281	187	124	254	211
123	132	292	188	211	121	156	126
124	256	324	133	147	118	152	122	127
125	130	293	136	216	307	212	182	120	159
126	161	187	132	326	361	330	299	211	292	123	188
127	128	256	133	231	177	118	119	124	318
128	196	230	135	231	340	119	318	127
129	288	1	131	134	195	212	341	120
130	132	293	136	138	330	307	216	121	188	125	357
131	288	1	195	129	341	249
132	161	130	137	121	123	188	126
133	256	162	325	231	171	177	152	124	127
134	288	1	257	136	129	212
135	128	1	196	231	362	139	340	278
136	257	130	163	134	138	125	307	212	189
137	161	132	326	265	138	172	153	188	351
138	393	130	163	357	136	137	172	307	265	188	189
139	1	231	135	142	177	278
140	153	301	171	141	161
141	1	162	171	140	258	143	301	247	153
142	160	1	139	278	177
143	160	1	162	141	247
144	1	258	172	153
145	3	5	7	232	297	10	13	270	18	243	302
146	1	165	358	263	73	203	204	462	241	50	148	309	316	60
147	194	324	102	199	105	298	118	329	281	122	124	445
148	1	36	263	203	332	146	50	309	248	28
149	66	67	452	455	71	492	395	44	354	79	240	49	51	440	252	157	287
150	193	98	100	104	267	236	322	272	372	87	88	313	186
151	323	428	109	111	112	274	184	217	347	223	349	95
152	256	324	133	171	342	344	122	187	124	350	325
153	1	258	161	488	137	140	141	301	144	172	265	351	319
154	155	39	275	365	335	179	245	26	27	191
155	290	167	45	335	179	365	397	26	315	220	154	442
156	224	292	101	107	338	211	116	470	375	216	121	123	253
157	32	201	42	331	44	271	240	370	51	149	346	252	285	222	31
158	480	304	283	69	70	427	45	48	179	315	57	59	286	383
159	293	176	113	339	116	277	182	216	412	125
160	1	162	142	143	368	177	278	247
161	299	132	326	137	171	140	301	350	361	153	187	188	126	351
162	160	1	450	133	437	171	141	143	368	177	301	247	605	325
163	1	257	136	393	138	307	189
164	320	200	201	178	270	13	18	308	21	285	31
165	1	263	328	204	146	316	61
166	352	33	227	232	275	238	17	19	24	218	29
167	1	290	40	45	26	155	220	442
168	33	227	37	38	200	238	47	424	49	291	382	310	378	252	30	261
169	321	291	72	205	47	49	213	310	343	56	62
170	1	356	197	235	89	283	317	69
171	161	162	133	140	141	301	177	437	342	152	187	350	325
172	1	137	138	144	265	153	189	319
173	1	226	260	9	388	429	15	369	244	233	25	219	190
174	34	35	42	43	207	208	303	345	266	239	234
175	224	101	296	108	366	176	113	306	85	217	91	284	93	277
176	224	512	101	412	108	562	366	175	113	338	339	116	277	216	284	509	159
177	160	162	171	133	325	231	139	142	368	278	127
178	386	164	37	200	201	424	18	308	404	30	261
179	315	39	45	46	365	48	286	245	397	154	155	158	383
180	192	68	358	203	242	241	50	371	52	406	58	60	282
181	224	97	355	618	284	106	107	434	79	498	82	483	246	457	91	92	253
182	293	341	392	108	111	113	339	212	277	349	120	412	125	159
183	192	193	359	267	76	77	399	305	242	84	87
184	336	323	374	333	494	499	80	83	214	151	312	347	95	477	223
185	96	1	262	202	268	400	115	86	348
186	322	100	229	104	210	269	272	401	114	150	119	313	367
187	161	299	171	344	211	350	254	152	122	126
188	161	130	132	293	326	292	137	138	265	121	123	330	126	357
189	1	163	357	136	265	138	471	172	393	319
190	1	226	4	289	8	9	173	369	244
191	451	422	275	12	14	221	408	335	19	218	26	27	220	154
192	180	68	228	276	359	311	76	305	242	371	52	433	183	84	58	282	63
193	577	98	267	359	87	300	399	272	305	84	150	183	372	90	476
194	103	104	105	298	199	269	467	272	402	147	118	329	90	444	445
195	1	131	421	441	129	458	109	111	112	274	545	341	279	120	249	349
196	128	1	230	135	334	210	115	340
197	99	356	69	170	80	373	214	312	89	374	283	317	95
198	384	199	380	79	273	467	246	215	90	463	92	94
199	194	198	102	105	467	273	147	380	246	329	281	92	94
200	386	227	164	37	168	178	270	424	17	18	308	24	232	30	261
201	164	37	44	398	285	178	308	261	404	346	252	157	31
202	96	1	100	262	385	268	236	400	210	115	86	313	88	185	348
203	180	36	358	332	146	462	208	241	50	52	309	148	282	60	413
204	387	165	262	209	328	73	241	81	146	316	280	358	60	61
205	321	66	355	481	169	78	49	82	213	310	440	474	379	62
206	32	320	389	438	264	331	16	21	22	285	31
207	353	35	36	260	364	266	43	332	174	208	345	25	251	28
208	353	203	36	417	43	332	174	207	50	52	345	282	303
209	1	387	456	262	328	204	81	86	348	61	415
210	96	196	229	230	202	268	334	114	115	313	100	186
211	187	292	106	107	254	478	117	502	375	344	299	122	123	156	126
212	288	129	293	134	257	136	392	307	341	182	120	125
213	321	355	379	72	169	205	78	306	85	91	284	62
214	304	197	69	70	75	333	494	80	83	373	374	184	283	95
215	64	384	67	625	198	391	524	74	395	300	79	529	467	276	439	90	635	476	287
216	130	292	293	412	330	509	176	338	435	116	121	156	125	510	159
217	323	296	428	108	175	277	349	151	111	411	93	223
218	352	225	227	422	166	243	232	275	10	363	12	14	17	19	408	453	191
219	226	260	388	173	237	20	431	377	25	251	429
220	1	451	516	167	335	26	155	442	221	191
221	1	451	12	335	408	26	220	191
222	32	34	264	42	331	239	370	23	266	314	157
223	411	296	428	396	83	85	151	184	217	347	93	255
224	97	101	284	107	366	175	176	338	116	181	470	457	91	156	253
225	1	453	6	10	363	12	14	243	408	218
226	1	173	237	369	431	429	219	190
227	352	33	386	424	472	422	166	423	168	394	238	17	232	275	382	24	218	200	29	30
228	192	391	234	303	52	53	54	311	276	58	282	63
229	230	104	298	114	269	210	403	118	119	313	186	367	318
230	128	196	229	459	210	334	367	114	340	119	313	318
231	128	256	278	515	133	325	135	298	139	495	177	340	469	118	436	362	318	127
232	352	386	227	166	145	200	10	423	461	270	17	18	243	302	430	472	218
233	260	389	327	264	519	266	11	173	15	16	337	388	244	23	25
234	228	391	42	43	174	239	303	370	52	53	54	271
235	1	290	69	40	170	45	405	57	283	317	426
236	385	322	100	262	202	267	280	150	88	313	443
237	1	226	251	364	431	419	20	248	409	219	28
238	33	227	38	166	168	41	394	291	47	275	245	378	29	382
239	34	35	454	314	234	557	174	271	370	532	345	266	303	42	222
240	64	354	67	452	391	455	492	271	496	529	647	51	53	661	504	346	287	252	157	149
241	387	358	328	73	203	204	77	242	146	180	406	407	280	60
242	192	387	68	358	359	407	76	77	399	241	371	180	406	183	280	60
243	352	225	5	6	145	232	297	10	363	461	302	17	430	218
244	289	388	389	327	8	9	11	173	15	369	233	429	541	190
245	291	39	275	41	394	365	46	47	48	360	378	179	238	381	154	29	286
246	384	198	199	380	106	79	273	434	181	463	92	253
247	160	1	162	258	141	368	450	301	143
248	1	263	364	237	148	309	409	28
249	288	1	131	195	341	279	441
250	1	2	3	4	7	8	489	289	259	376	446
251	353	419	36	260	364	237	207	20	431	377	25	219	28
252	66	37	168	201	44	354	398	240	49	149	310	346	157	382	261
253	224	97	580	470	679	712	457	106	107	498	561	434	181	246	375	156	618
254	390	106	273	211	117	502	375	344	281	122	187	478
255	65	295	72	75	396	333	296	306	83	85	410	414	223
256	448	324	133	325	231	298	436	342	118	152	124	127
257	288	1	546	163	518	134	136	393	464	307	212	341
258	1	450	488	301	141	144	247	153	351	319
259	320	289	2	581	7	8	489	11	13	302	418	376	416	327	250	446
260	353	251	388	233	266	173	207	377	25	219
261	424	37	168	201	398	200	178	404	382	575	252	30	549
262	96	385	514	387	209	456	73	202	487	204	81	236	86	88	185	348	280
263	1	165	556	462	146	148	309	248	409	316
264	32	320	331	389	438	233	11	206	16	337	22	23	314	222
265	357	326	137	138	555	172	465	599	471	153	351	188	189	319
266	353	34	35	260	454	425	519	233	388	548	174	207	337	345	23	25	314	239	222	377
267	193	322	87	236	77	399	280	372	150	183	88	443
268	1	202	334	400	210	115	468	185	313
269	194	229	104	298	322	367	272	401	403	118	119	186	444
270	320	416	386	164	200	13	302	432	145	18	308	430	420	232
271	496	240	391	234	239	157	370	51	53	504	559	346	303	42
272	193	98	467	103	104	300	194	402	269	401	322	403	372	552	150	90	444	186
273	102	198	199	380	106	502	463	117	246	535	281	92	254	390
274	336	195	421	458	279	109	111	112	323	151	120	508	349
275	394	19	408	154	27	29	422	39	191	451	335	218	485	352	227	166	490	423	365	238	245	381
276	64	192	228	439	391	74	311	300	559	305	53	433	215	63
277	512	392	411	534	296	521	108	366	175	176	113	339	182	543	217	111	349	159
278	160	1	515	325	135	362	139	142	495	368	177	231
279	1	195	421	449	109	110	336	274	545	441	249	508
280	385	482	387	487	262	241	73	267	236	77	399	81	242	204	407	88	443
281	448	627	324	390	102	199	329	273	147	117	535	344	122	380	445	254
282	192	417	491	228	358	513	203	332	303	208	371	180	406	311	576	52	507	413
283	480	290	427	197	70	405	170	235	565	304	520	373	214	57	315	426	317	158	69
284	224	355	379	457	466	366	175	176	306	483	213	91	181
285	32	320	164	201	331	206	308	21	438	503	420	404	346	157	31
286	304	475	294	360	365	46	48	179	245	55	505	59	381	158	383
287	64	67	452	391	395	240	529	53	215	149
288	1	131	518	134	129	257	212	341	441	249
289	1	259	4	327	8	369	244	446	250	190
290	1	283	167	40	426	235	45	57	442	155	315
291	321	168	41	343	46	47	528	360	238	310	169	56	378	539	382	245
292	553	156	330	299	338	211	478	470	375	216	121	123	188	126	479
293	130	554	357	326	392	412	330	435	464	563	307	212	341	182	216	188	125	510	159
294	65	343	427	295	360	75	333	304	475	55	56	505	410	59	286	383
295	65	294	321	72	396	333	306	343	56	410	447	414	255
296	578	411	277	396	626	366	175	306	85	217	223	590	93	414	255
297	1	3	5	6	363	460	461	302	145	243	376
298	256	448	194	324	229	231	403	269	593	147	436	469	118	444	445	318
299	161	292	361	330	211	350	344	478	187	126	479
300	193	359	372	74	439	272	305	402	467	84	215	276	90	476
301	161	162	484	488	361	258	171	140	141	450	465	690	437	598	247	153	604	350	351
302	320	416	3	566	536	7	232	259	460	13	270	461	432	145	243	430	489	297	376	606
303	417	228	391	234	43	557	174	239	208	497	370	52	496	311	345	282	271	559
304	480	59	294	70	75	333	494	383	286	214	475	283	427	158	373
305	192	193	359	74	439	300	493	433	84	183	276	570	476	63
306	321	355	295	72	379	447	590	366	175	296	466	213	414	568	91	284	85	255
307	257	130	163	293	136	393	138	546	464	554	212	341	125	357
308	320	386	164	200	201	270	432	178	404	420	285	574
309	358	263	364	203	332	462	146	148	248	409	28	413	556
310	588	321	66	291	651	549	168	169	354	492	205	398	47	49	382	474	539	252	736	62
311	192	417	228	497	391	303	433	371	276	282	559
312	449	99	356	197	336	499	374	184	95
313	385	322	100	229	230	268	202	236	525	334	367	400	401	210	468	501	150	500	186
314	454	264	266	331	239	337	370	532	23	473	222
315	480	290	155	426	565	45	622	397	179	542	57	442	283	158	383
316	1	165	358	263	328	204	462	146
317	1	356	197	520	170	235	373	283	540	405
318	128	515	229	230	231	298	459	517	367	531	403	340	469	118	119	655	362	127
319	1	258	488	265	172	471	153	189	351
320	416	432	418	259	164	389	264	11	13	206	16	270	302	308	21	438	420	526	285
321	539	481	291	295	72	169	583	205	528	306	560	213	310	343	474	379	62	447
322	385	100	552	267	236	269	399	272	401	372	150	313	186	443
323	421	428	109	111	336	274	499	151	184	217	347	349	95
324	256	448	342	390	298	344	147	118	152	281	122	124	445
325	256	448	162	342	133	231	586	171	495	368	177	436	437	278	152	605	511
326	161	484	293	357	137	330	555	361	465	435	563	265	188	554	126	351
327	289	418	259	388	389	519	8	233	11	369	244	609	541	446
328	1	387	165	358	241	204	462	209	558	316	61	415
329	194	199	444	642	467	653	592	402	147	535	281	380	445
330	130	292	293	326	361	299	484	563	338	435	553	216	121	188	126	479
331	32	264	206	157	337	370	438	503	473	314	346	285	222
332	353	491	36	513	417	425	522	203	364	207	208	148	309	345	282	507	28	413	556
333	544	65	347	294	295	75	396	494	304	83	373	214	184	410	59	427	475	255
334	1	196	230	459	268	525	367	210	115	340	313	468
335	442	451	516	485	490	365	397	275	154	527	26	155	220	221	191
336	449	99	421	109	110	499	312	274	323	279	184	508	95
337	547	389	454	519	264	233	266	331	438	23	473	314
338	224	512	292	553	412	330	366	176	562	435	116	470	457	216	156	509
339	512	392	521	366	176	562	277	182	543	412	159
340	128	1	459	196	517	230	231	362	135	334	318
341	288	129	131	293	518	257	392	307	458	464	195	212	629	182	441	120	249
342	256	448	324	325	171	533	344	437	152	612	350	511
343	321	291	294	295	72	169	528	360	560	56	505	410	539	447
344	448	324	502	390	361	299	484	211	350	342	478	152	281	122	187	254	533
345	353	507	454	207	425	266	523	332	557	174	303	208	417	532	239
346	354	571	455	201	331	398	157	240	370	404	503	504	271	252	285
347	544	323	551	428	396	333	494	499	83	151	184	411	477	223
348	1	514	262	385	456	202	400	209	86	185
349	534	195	421	392	521	458	683	428	111	274	323	596	277	182	151	120	217	411	543
350	161	299	484	598	361	171	301	344	437	342	152	187	533
351	161	258	484	326	488	137	471	301	465	265	153	361	319
352	227	422	166	243	232	363	461	423	275	472	218	453
353	425	260	364	266	332	207	208	377	345	251	522
354	66	455	588	492	398	240	149	310	346	252
355	481	603	379	306	205	78	498	82	483	213	440	91	284	181
356	1	99	197	550	449	170	110	373	374	312	89	540	317
357	599	555	130	554	293	326	265	138	471	669	307	393	188	189
358	387	486	328	203	204	242	462	241	146	180	309	406	407	282	558	316	413	491
359	192	193	433	407	300	493	399	305	242	371	577	183	476
360	560	291	294	343	365	46	528	410	245	55	56	505	378	381	286	383
361	161	484	326	330	299	301	350	344	478	479	126	351
362	1	515	517	231	135	340	278	318
363	352	1	453	6	225	297	461	243	218
364	353	419	537	513	556	522	567	332	237	207	309	409	248	377	251	28
365	451	516	179	360	485	397	335	542	275	245	527	505	154	155	381	286	383
366	224	512	672	296	457	626	338	590	175	176	466	306	339	277	411	284	509
367	229	230	459	269	334	525	531	401	403	468	501	313	186	318
368	160	1	162	325	586	450	495	177	278	247	605
369	1	226	289	327	173	429	244	446	541	190
370	496	616	234	331	557	271	157	303	532	503	504	473	314	239	346	42	222
371	192	417	676	614	359	407	493	687	433	242	497	180	406	311	576	608	282	507	572	570	671
372	193	322	577	552	648	267	300	399	272	401	402	150	443	476
373	356	197	520	427	333	494	304	530	214	569	374	283	540	317
374	449	356	197	550	649	494	312	499	373	214	184	569	540	477	95
375	707	292	502	553	106	107	654	561	211	478	470	156	253	254	479
376	1	259	7	297	460	302	3	489	250
377	353	251	260	425	266	364	429	431	657	548	419	537	600	388	219	522
378	538	291	485	168	394	238	528	360	564	245	505	506	539	381	382
379	321	355	481	205	466	306	483	213	284	447
380	384	198	199	329	653	463	273	467	246	535	281
381	538	602	485	360	394	365	527	275	245	505	378	490	286
382	291	261	423	168	394	238	424	227	564	398	310	378	539	252	506	549
383	480	475	294	360	427	365	397	304	179	158	589	505	542	315	636	286
384	641	198	395	524	79	434	467	660	246	215	463	380
385	322	579	262	487	681	202	236	514	400	401	500	280	313	443	348	573
386	718	432	227	582	423	200	620	658	270	424	232	178	308	430	566	472	404	574
387	482	456	358	262	241	328	486	487	204	558	209	242	595	407	280	415
388	260	389	327	233	266	519	548	173	429	244	431	600	377	219	541
389	320	418	547	388	327	264	233	11	206	16	337	244	519	438	526
390	448	324	273	627	533	502	535	344	281	254
391	64	496	228	439	625	234	311	271	240	529	692	276	53	215	559	303	287
392	293	521	458	629	464	339	212	277	182	120	412	349	341
393	1	546	163	357	257	138	669	554	307	471	699	189
394	506	538	227	485	423	490	238	275	245	632	378	381	382
395	384	641	67	452	727	524	79	529	434	149	215	623	765	287
396	544	578	347	295	296	551	428	333	83	410	223	411	414	255
397	155	516	365	622	335	179	527	633	442	315	542	383
398	354	261	455	201	588	404	310	575	346	571	252	382	549
399	193	322	611	407	359	552	267	77	493	584	242	372	487	577	183	280	443
400	1	514	385	202	268	500	468	185	313	348	573
401	385	322	587	552	585	500	269	367	272	531	403	372	501	313	186	443
402	592	194	552	329	650	300	476	653	272	648	467	372	444	445
403	229	593	552	298	587	269	597	367	272	401	531	469	444	318	501
404	386	420	261	424	201	398	432	178	308	438	503	346	571	285	574	575
405	1	520	426	235	565	283	317
406	576	486	358	491	614	241	242	371	180	407	282	572
407	482	387	486	358	359	584	487	493	399	241	242	371	406	280	572
408	1	451	644	453	422	225	490	12	275	601	218	221	191
409	1	419	263	556	364	237	309	567	248	537
410	544	688	475	294	295	360	396	333	560	702	343	568	505	447	414	255
411	512	578	296	428	396	366	626	277	534	543	217	347	349	223
412	464	293	392	521	562	176	338	339	182	216	509	510	159
413	513	491	486	358	556	203	332	462	309	282
414	544	640	578	295	296	551	396	590	306	568	410	447	255
415	1	387	209	328	558	456
416	320	418	259	420	581	489	302	432	270	536	526	634	606
417	425	523	332	557	303	208	497	371	311	345	282	507
418	320	416	259	389	327	519	489	11	526	656	547	609	634	446	581
419	1	537	364	237	431	377	409	251
420	320	416	620	270	432	594	404	526	438	536	308	285	574
421	545	323	458	428	499	336	689	274	195	596	279	508	349
422	352	227	453	582	423	490	472	275	408	601	218	191
423	352	386	227	582	422	232	632	394	424	658	275	472	601	506	490	382
424	386	227	261	582	423	168	658	718	200	178	675	404	574	564	506	575	382	549
425	417	548	613	454	353	266	523	332	513	377	345	507	522
426	1	290	315	235	622	405	442	283	565
427	480	565	475	294	520	333	494	589	304	530	373	283	158	383
428	673	578	323	421	646	551	396	477	499	596	534	151	217	347	411	349	223
429	1	226	388	173	431	369	244	600	377	219	541
430	386	630	232	460	461	302	591	432	243	270	566	472
431	1	226	251	388	237	429	419	537	600	377	219
432	320	416	386	420	620	460	302	594	404	270	566	430	536	308	574
433	192	497	359	439	493	559	305	371	276	311	570
434	384	641	580	679	623	106	395	684	498	79	82	181	246	463	253
435	293	326	553	330	562	338	563	216	509	510	479
436	256	448	674	515	325	231	298	517	495	593	469	714	511
437	162	612	325	171	598	301	450	690	723	533	342	759	605	350	511
438	320	610	547	420	389	264	331	206	337	594	404	526	503	473	285	574
439	625	391	300	559	305	276	433	215	570	635	476
440	481	66	355	452	652	492	205	79	498	82	149	474	603
441	288	1	195	518	545	458	615	341	279	249
442	1	290	315	516	167	426	397	622	335	633	155	220
443	385	322	579	487	552	585	267	236	399	624	401	611	372	577	280	500
444	592	194	682	552	329	298	269	272	593	402	403	597	445
445	448	627	194	324	677	329	298	642	592	593	402	147	535	281	444
446	1	418	259	581	327	489	289	369	609	250	541
447	321	295	583	466	528	306	481	560	343	568	410	379	668	414
448	256	674	324	325	390	714	298	533	612	593	677	627	436	469	342	344	281	445	798	511
449	1	99	356	550	649	110	336	499	374	279	312	508
450	1	162	488	258	301	368	690	437	247	605
451	1	516	485	490	365	335	275	408	644	527	220	221	670	191
452	768	66	739	647	623	652	395	492	79	240	529	149	661	440	603	287
453	352	1	422	225	363	461	472	630	408	601	218
454	547	548	645	519	425	266	523	621	239	337	532	473	631	345	314
455	354	647	588	492	398	240	149	504	346	571
456	1	482	387	262	487	514	558	209	595	348	415
457	224	512	706	483	618	466	366	509	338	181	470	698	672	284	253
458	545	195	421	518	615	392	521	683	274	596	341	120	441	666	349	629
459	1	517	230	525	334	367	531	340	655	318
460	1	297	461	430	591	432	302	566	489	376	606
461	352	1	453	232	297	363	460	302	591	243	430	630	472
462	1	491	486	358	263	328	203	556	558	146	309	316	413	607
463	384	641	580	502	198	106	684	653	273	434	467	660	246	535	729	380
464	257	546	293	518	392	521	554	619	307	341	666	412	510	629
465	484	326	488	265	599	555	301	694	471	604	351
466	672	481	668	483	639	457	706	366	306	590	568	379	284	447
467	384	648	650	524	653	272	402	660	300	194	198	199	329	463	592	215	90	476	94	105	635	380
468	1	268	525	334	367	400	500	501	313	573	638
469	448	515	517	231	298	655	531	593	403	436	597	714	318
470	224	717	707	292	553	712	457	618	562	509	561	338	375	728	698	156	253
471	1	357	488	265	599	555	669	465	393	319	189	351
472	352	386	227	453	422	423	232	630	582	461	430	566	601
473	610	547	454	664	331	621	337	370	532	438	503	631	628	314
474	736	321	66	603	651	481	652	583	492	205	693	310	440	793	539
475	480	544	294	427	333	494	589	304	530	702	662	560	505	410	636	637	286	383
476	193	617	359	648	524	650	439	300	493	305	402	467	372	577	215	570	635
477	544	646	551	428	494	499	659	374	184	569	347
478	741	707	292	553	361	299	654	720	561	211	708	533	502	375	344	484	764	254	479
479	643	292	553	361	330	299	720	563	435	375	484	764	478	735
480	283	667	520	427	565	622	589	304	530	542	475	315	636	158	383
481	321	603	355	583	639	205	751	466	483	693	440	474	379	668	447
482	704	387	678	486	487	456	558	584	595	407	280	572
483	481	603	355	457	618	498	760	466	181	706	770	379	284	639
484	643	533	792	799	811	555	301	351	563	350	479	821	708	326	330	465	598	344	604	478	735	864	741	361	764
485	490	538	451	602	394	365	335	275	724	632	644	378	527	381	670
486	482	387	614	358	680	491	462	678	558	406	407	572	413	607
487	611	385	482	387	262	456	681	514	399	584	595	579	407	280	697	443	704
488	1	258	599	301	450	465	690	694	471	153	319	604	351
489	416	1	418	259	581	460	302	606	376	250	634	446
490	451	644	485	422	423	394	582	335	632	275	724	408	601	721	381
491	576	513	486	358	680	556	332	614	462	406	282	413	607
492	736	66	452	455	652	647	588	354	240	149	310	440	474
493	577	611	617	433	584	572	359	399	305	371	407	676	570	635	476	671
494	544	475	374	427	333	662	637	304	530	659	373	214	184	569	347	477
495	1	674	515	325	231	586	368	436	278	511
496	391	616	557	686	303	240	529	370	692	661	504	559	271
497	608	417	557	303	433	371	311	559	570	507
498	641	770	355	774	679	618	844	434	79	760	82	483	181	790	440	603	253
499	449	323	421	550	689	649	428	646	336	312	596	374	184	569	347	508	477
500	385	579	585	400	401	638	468	501	695	313	443	573	624
501	585	587	500	367	531	401	403	468	665	313	525	573	638
502	627	580	390	561	106	535	654	463	273	211	478	375	344	729	254	533
503	610	616	331	532	628	370	404	438	504	473	346	571	285	574
504	647	781	271	661	240	807	808	686	571	828	455	715	588	845	722	346	865	616	496	370	628	503
505	560	538	602	710	294	360	637	365	527	528	410	542	343	740	378	475	636	381	286	383
506	423	424	394	658	564	632	378	538	382
507	576	417	613	513	425	523	332	557	687	497	371	345	282	701	608
508	1	421	449	649	336	689	274	499	545	279
509	512	457	562	366	176	728	338	435	470	553	216	698	412	510
510	293	521	554	619	719	464	563	562	435	216	412	509	734
511	448	674	612	325	586	495	723	436	437	342	605
512	672	457	626	562	366	176	338	339	277	713	728	698	411	509	543
513	576	613	746	332	522	491	364	567	425	696	282	507	413	556
514	1	262	385	456	681	487	400	595	348	573
515	1	674	517	231	362	495	436	469	278	714	318
516	1	451	397	365	670	527	633	442	335	220	542
517	1	515	362	459	655	436	469	340	714	318
518	288	1	546	257	458	615	464	341	441	666	629
519	609	418	547	388	389	454	327	233	266	621	337	663	600	548	541	709
520	480	1	667	427	565	530	405	283	540	317	373
521	683	392	458	619	629	464	776	562	339	277	719	412	349	510	543
522	353	537	613	513	425	567	332	548	657	377	696	364
523	417	548	613	454	425	557	621	532	345	507	701	645
524	384	641	625	395	727	529	467	660	215	635	476	765
525	1	459	334	367	531	468	501	665	313	655	638
526	320	416	418	547	420	389	743	610	656	594	438	536	634
527	451	516	485	397	365	644	724	670	505	602	335	381	542
528	321	291	773	710	583	360	745	651	560	343	505	378	539	538	447
529	768	496	452	391	808	395	524	559	240	625	692	661	215	623	765	287
530	480	705	667	520	796	427	589	494	659	756	373	662	569	475	540	637
531	587	763	459	525	597	367	401	403	469	665	655	318	501
532	523	645	454	616	503	557	239	664	370	628	473	631	345	314	731	621
533	448	484	502	390	598	654	726	612	627	708	437	342	344	478	350	741
534	673	578	646	551	683	428	626	596	277	758	411	349	543
535	642	390	329	653	654	463	273	627	502	729	281	380	445
536	416	420	742	620	526	432	594	302	566	634	700	606
537	1	419	548	522	567	364	431	657	377	600	409	663
538	602	485	710	745	394	651	381	528	564	632	505	378	539	506
539	321	538	291	549	583	651	528	564	310	343	378	474	382
540	1	356	550	705	520	530	373	374	569	667	317
541	1	388	709	327	519	429	369	244	609	600	446
542	480	749	516	397	622	365	771	670	633	527	505	602	315	636	589	383
543	512	758	776	521	683	626	797	562	339	277	534	713	754	411	349
544	640	475	551	396	333	494	688	659	702	662	568	410	347	477	414
545	1	195	421	615	458	689	596	279	441	730	508
546	1	518	257	393	554	619	464	307	666	699	733
547	609	418	389	454	519	743	610	526	621	656	337	594	788	438	631	473	709	703
548	738	388	613	454	519	425	266	523	663	621	657	709	537	600	377	522	645
549	736	675	261	424	651	588	398	744	722	564	310	539	382	575
550	1	356	449	649	499	374	569	705	540
551	544	640	578	646	673	396	428	659	534	347	477	414
552	577	322	648	585	682	587	685	399	272	401	402	403	372	597	592	624	443	444
553	707	292	330	562	717	720	563	338	435	470	375	509	478	479
554	546	619	293	326	393	555	748	719	464	563	307	643	734	841	820	699	669	510	357
555	643	484	357	326	265	554	599	465	563	694	471	604	669
556	576	1	263	680	364	746	491	332	462	513	309	567	696	409	413	607
557	608	417	507	772	645	731	616	523	686	303	496	497	370	532	345	239	701	559
558	704	1	482	387	486	358	328	462	678	456	595	607	415
559	608	625	772	529	391	840	439	557	686	303	496	433	497	276	311	692	570	271	732	762
560	321	740	773	710	583	360	688	528	343	568	505	410	475	636	637	702	447
561	737	707	580	470	712	106	654	502	375	253	478	741
562	512	720	776	521	713	435	717	176	563	338	339	734	470	553	728	754	719	412	509	510	543
563	643	484	293	326	553	330	555	748	754	720	562	435	734	735	554	510	479
564	506	675	549	785	424	745	651	744	658	632	826	378	539	538	382
565	480	1	315	667	520	426	427	622	405	283
566	386	582	620	460	430	591	432	536	302	630	472	700	606
567	1	513	556	522	364	657	409	696	537
568	544	640	583	306	590	560	466	410	688	668	414	447
569	705	646	550	649	494	752	530	499	659	373	374	540	477
570	497	608	732	433	617	711	493	559	305	371	625	439	635	476	671
571	675	455	715	588	398	722	404	503	504	628	346	703	574	575
572	704	482	676	614	486	584	617	493	750	678	371	691	406	407	767
573	1	514	579	385	681	400	468	501	695	500	638
574	386	675	420	424	715	620	610	718	432	628	594	404	438	503	308	571	703	575
575	675	261	424	588	398	722	404	571	574	549
576	513	613	614	680	746	491	556	687	371	406	696	282	507
577	193	769	611	685	359	552	617	648	711	716	493	399	624	635	691	372	443	476
578	640	673	551	296	396	428	590	626	725	534	411	414
579	385	611	487	681	775	624	500	695	443	573
580	737	679	712	106	684	654	463	561	434	502	729	253
581	416	1	418	259	609	489	656	634	446
582	386	630	422	423	424	490	620	632	658	755	566	472	601	721	700
583	321	779	740	773	481	688	651	751	528	693	560	568	793	474	539	668	862	447
584	704	482	611	487	617	493	399	784	691	407	697	572	767
585	753	552	587	685	624	401	500	501	775	695	443	638
586	1	674	325	495	368	723	605	511
587	806	753	552	585	682	403	685	401	531	501	665	763	638	597
588	736	354	675	549	455	744	652	647	492	786	398	813	722	310	504	571	575
589	480	667	427	749	622	530	756	475	636	637	542	383
590	640	672	578	296	306	366	688	466	757	626	568	706	802	668	414	725
591	1	630	460	461	430	566	700	606
592	642	650	682	552	329	648	747	653	593	402	467	444	445
593	448	642	677	682	714	777	298	747	655	592	403	436	469	444	445	798	597
594	800	610	547	420	742	743	620	526	432	438	536	634	574	703
595	704	1	482	387	487	456	681	514	558	697
596	545	804	421	646	615	458	683	428	758	689	499	629	534	673	730	349
597	552	777	682	587	403	655	593	531	469	763	444
598	833	484	811	301	690	708	533	726	759	612	799	604	350	437
599	1	357	488	265	555	465	694	471	669
600	1	388	709	519	663	548	429	431	537	377	541
601	1	644	453	422	423	490	582	472	630	408	721
602	771	485	710	782	527	819	724	670	632	505	538	636	381	542
603	481	770	355	452	837	844	652	79	760	498	483	693	790	739	440	474	794	639
604	643	484	694	488	555	301	465	690	598	792	708	799
605	1	162	325	586	450	368	690	723	437	759	511
606	416	1	742	489	460	302	591	566	536	634	700
607	1	678	486	680	491	556	558	462
608	701	772	762	557	559	497	371	570	507	732	687	671
609	1	418	547	581	519	327	656	541	446	709
610	547	631	526	594	628	438	503	473	574	703
611	577	579	685	487	584	617	761	716	493	399	624	775	691	681	697	443	784
612	448	674	836	342	780	723	726	677	627	533	598	759	511	798	437
613	576	513	738	843	548	645	425	522	523	746	687	657	789	696	507	701
614	576	676	678	486	680	746	491	750	687	371	406	572	671
615	1	518	545	458	783	596	629	441	666	730
616	772	557	686	781	496	664	370	532	503	504	628	731	828
617	577	611	676	711	584	476	716	493	691	570	635	572	671
618	706	483	679	712	457	770	498	181	470	698	253
619	546	521	554	719	464	818	629	841	666	699	733	510
620	800	386	420	742	582	834	658	718	432	594	755	566	536	700	574	703
621	738	547	548	645	454	519	778	523	532	631	664	473	709
622	480	1	667	426	397	589	749	565	633	442	315	542
623	768	641	452	395	79	529	434	787	790	727	765
624	577	579	775	552	585	716	685	611	500	695	761	443
625	769	829	391	840	215	524	711	559	529	692	814	439	570	635	732	765	849
626	512	672	578	758	673	296	713	802	366	725	590	534	411	797	543
627	448	642	612	677	390	729	780	653	654	726	838	533	502	535	281	445	831
628	610	715	731	616	631	781	664	532	503	504	473	571	574	703
629	733	683	518	615	392	521	458	619	719	464	776	818	596	341	666	783	730
630	1	453	582	461	430	591	721	755	566	472	601	700
631	610	547	709	454	809	778	621	656	628	532	788	664	473	703
632	506	602	485	582	423	745	490	710	721	658	819	564	825	724	538	785	394
633	1	516	397	622	749	670	442	542
634	416	1	418	581	742	743	489	526	656	594	536	606	800
635	577	769	711	648	617	650	215	524	493	727	829	791	625	467	660	439	570	476	765	849
636	480	771	740	805	710	589	749	560	756	505	602	475	637	542	383
637	740	805	796	589	494	560	530	756	662	505	475	636	702
638	1	695	585	587	525	753	468	501	665	500	573
639	481	706	483	751	466	693	760	794	603	668
640	544	673	578	835	646	551	796	590	688	659	702	662	568	795	757	414	725
641	384	801	803	774	679	623	684	395	524	498	463	434	787	660	727	79
642	816	677	682	329	650	747	780	653	592	593	627	535	445
643	484	554	555	748	563	821	694	792	735	604	669	479
644	1	451	485	490	527	721	724	408	601	670
645	738	843	548	613	454	778	523	812	557	621	532	664	772	731	701
646	640	673	804	659	551	649	428	752	689	499	596	725	534	569	795	477	830
647	768	865	652	739	452	870	845	455	808	588	908	492	786	813	240	904	722	661	504
648	577	829	769	552	650	747	716	685	815	592	402	467	372	791	635	476	682
649	1	646	550	449	752	689	499	374	569	705	508
650	816	642	648	747	653	815	592	402	467	660	791	635	476	829	766
651	736	549	583	744	745	826	528	564	310	793	474	539	538	862	773
652	736	739	452	647	588	492	813	693	440	474	603	794
653	627	816	642	838	780	329	650	747	684	463	592	402	467	660	535	729	380	766
654	737	580	726	729	375	561	627	533	502	535	708	831	478	741
655	1	517	777	714	459	525	593	531	469	665	763	318	597
656	1	418	547	581	609	743	526	788	631	634	709
657	1	738	548	613	522	663	789	567	696	537	377
658	386	675	582	423	424	620	718	848	721	755	564	632	825	506	785
659	544	640	646	551	494	752	530	662	569	705	795	796	477
660	384	641	859	815	801	684	650	524	653	463	816	467	727	787	635	829	766
661	768	496	452	647	808	686	240	529	692	504	828
662	544	640	835	805	494	530	659	756	855	475	796	637	702
663	1	738	548	709	519	657	600	537
664	645	616	809	778	812	621	781	628	532	788	631	473	731	703
665	1	587	525	655	753	531	501	763	638
666	1	546	518	615	458	619	783	464	629	733
667	480	1	705	520	589	622	749	530	756	565	540
668	481	706	583	779	802	590	751	688	856	466	757	568	639	447
669	1	643	357	393	554	555	748	599	820	821	694	471	699
670	1	451	516	485	749	782	527	644	771	724	633	602	542
671	608	676	614	711	617	810	493	750	687	371	854	570	732	858
672	512	706	457	626	590	466	366	713	698	802	850	797
673	640	578	804	758	646	551	428	626	596	725	534	797	830
674	448	1	515	612	586	495	723	436	714	798	511
675	549	785	424	715	588	722	718	744	658	564	807	571	574	575
676	832	614	711	617	810	493	750	371	691	854	767	572	671
677	448	642	612	777	747	780	593	627	823	868	445	798
678	704	1	482	614	486	680	558	750	767	572	607
679	641	770	803	580	774	712	618	684	434	498	253
680	576	1	614	486	746	491	556	750	678	607
681	611	1	514	579	487	761	385	775	595	695	697	573
682	642	747	806	552	777	648	587	685	592	593	597	823	791	763	444	853
683	758	776	521	458	842	783	596	629	534	730	863	349	543
684	641	803	580	679	712	653	463	434	660	729	827	801	766
685	577	866	611	822	806	753	552	585	682	587	716	624	648	853	775	791	761
686	772	616	557	559	496	692	661	504	828
687	576	608	613	614	746	810	858	750	371	852	789	762	507	732	701	671
688	544	640	740	583	779	590	751	560	856	883	757	568	410	668	702
689	1	804	421	646	545	649	752	499	596	730	508
690	1	450	694	488	811	301	437	598	759	792	604	605	799
691	832	577	611	676	711	584	617	716	784	572	767
692	772	878	625	808	391	686	559	496	529	661	840	762	828	765
693	736	481	875	583	779	652	751	793	474	603	794	639
694	1	643	488	555	465	690	821	599	792	604	669
695	1	579	775	585	624	753	500	681	573	638
696	576	1	613	513	522	556	657	789	567	746
697	704	1	611	487	584	681	784	595	761
698	512	672	706	712	457	618	876	717	850	470	713	728	857	770	509
699	1	546	393	554	619	733	820	841	669
700	1	630	582	620	591	742	755	566	536	606
701	608	843	772	645	523	557	687	852	789	762	507	613
702	544	640	835	740	805	688	883	560	867	757	662	855	888	410	475	637
703	800	610	547	743	809	874	715	620	781	718	873	807	594	628	631	664	788	571	834	861	574
704	1	482	678	487	584	558	784	595	697	572	767
705	1	550	649	752	530	659	756	569	667	540	796
706	672	770	483	881	457	618	850	802	590	751	856	466	760	857	698	668	639
707	737	741	839	712	553	871	717	847	720	561	470	375	860	478
708	864	833	484	726	764	811	654	817	533	598	799	604	478	741
709	1	738	547	548	519	809	778	631	663	621	656	788	609	600	541
710	560	771	740	773	745	782	528	819	846	632	505	538	636	602	805
711	832	577	676	769	617	716	814	625	691	854	570	635	732	671
712	737	770	707	580	902	774	679	876	618	871	684	717	900	561	803	470	857	729	698	827	253
713	512	672	626	562	851	857	728	754	698	850	797	543
714	448	1	674	515	517	777	655	593	436	469	798
715	675	807	781	718	845	722	628	504	571	574	703
716	832	577	866	611	711	648	617	685	624	691	822	791	761	769	784
717	707	839	712	553	871	876	754	847	720	562	470	728	857	698
718	880	386	675	742	785	424	715	620	834	848	744	658	755	807	907	861	574	703
719	734	776	521	554	619	754	783	562	884	629	841	824	818	510
720	707	741	839	553	748	717	847	562	563	754	735	764	478	479
721	1	644	582	490	658	755	724	630	825	632	601	819
722	675	549	870	647	744	715	588	845	807	786	504	571	575
723	1	674	612	586	437	759	836	605	798	511
724	1	644	485	490	782	527	721	819	632	602	670
725	640	673	578	835	646	802	590	879	626	757	795	797	830
726	833	708	741	780	877	654	817	627	533	598	759	836	612	890	831
727	641	898	859	829	395	524	623	849	787	660	885	635	765
728	512	713	876	717	847	562	851	470	857	754	698	509
729	737	580	741	838	871	712	684	653	654	463	627	502	535	889	827	860	902	766	831
730	1	804	615	545	683	783	689	596	629	758	842
731	772	645	616	809	843	812	557	892	781	628	664	532	828	869
732	608	769	911	897	711	840	858	814	687	625	854	570	559	762	671
733	1	546	841	619	783	818	629	666	699
734	776	841	554	748	754	909	719	562	563	820	824	882	510
735	864	643	484	839	872	748	720	563	821	792	764	479
736	652	549	744	492	651	588	813	893	913	786	693	310	826	793	474	794
737	707	580	741	871	712	654	561	729	860
738	1	548	645	778	843	812	621	657	709	789	663	613
739	768	452	837	647	652	813	79	790	794	603
740	688	867	773	710	583	779	846	560	920	883	888	505	636	637	702	805
741	737	707	484	817	860	839	654	720	561	533	726	729	708	764	478	831
742	800	1	834	743	620	718	594	755	536	634	700	606
743	800	1	547	742	526	656	594	788	634	703
744	736	675	549	870	807	651	588	786	718	880	785	722	564	826	893
745	896	773	710	922	651	846	528	785	819	564	887	632	825	538	826	862	901
746	576	1	613	614	513	680	810	556	750	687	789	696
747	816	642	868	677	903	648	777	650	823	780	653	815	592	593	853	791	682
748	643	839	872	554	882	847	720	754	563	820	821	824	669	734	735
749	1	771	805	589	622	756	670	633	667	636	542
750	1	676	614	678	680	746	687	854	767	572	810	671
751	481	706	875	583	779	688	856	693	760	794	668	639
752	1	804	646	705	649	689	659	569	795	796
753	1	806	775	585	587	685	695	665	763	638
754	776	713	748	717	719	720	824	562	563	728	851	847	797	734	543
755	1	834	742	582	620	718	848	721	658	630	825	700
756	1	805	705	796	589	749	530	662	667	636	637
757	640	802	835	915	590	879	688	883	725	855	856	668	702
758	673	804	886	776	842	683	626	596	534	730	863	797	830	543
759	1	612	726	833	811	690	723	437	598	836	605
760	706	483	900	837	875	770	751	881	498	916	856	794	603	639
761	1	611	775	681	716	685	624	822	697	784
762	608	897	891	772	840	687	692	852	858	559	732	701
763	1	806	777	682	587	655	753	531	597	823	665
764	864	912	708	741	839	872	720	817	484	479	860	478	735
765	768	625	808	905	395	524	878	623	840	529	787	692	885	727	635	849
766	801	859	838	650	684	653	816	660	889	729	827
767	704	1	676	678	584	750	784	691	854	572	832
768	739	452	647	808	905	908	813	878	623	529	787	661	790	79	765
769	832	577	866	711	648	716	814	625	854	791	635	732	829	894	895
770	706	483	900	837	774	679	712	618	844	881	498	760	857	698	603
771	1	846	805	710	749	782	542	602	636	670
772	608	891	645	616	892	843	557	686	559	840	692	852	762	731	828	701	933
773	560	779	740	901	710	583	745	651	846	528	920	867	888	922	862
774	641	770	803	900	679	712	844	914	79	498	917	790	801
775	1	611	806	681	695	685	624	753	579	822	585	761
776	863	818	521	683	754	719	562	851	884	629	758	824	783	797	734	543
777	1	868	677	682	747	655	593	597	823	763	714	798
778	1	738	645	809	812	621	631	664	709
779	740	773	583	875	751	688	888	920	883	693	856	793	668	862
780	642	899	612	677	838	747	653	816	627	726	868	836	890	798	831
781	939	932	869	807	616	809	874	715	845	892	664	628	504	788	731	828	703
782	1	771	710	846	819	724	602	670
783	1	733	615	776	842	683	719	818	629	666	730	863
784	704	1	611	832	584	716	691	822	761	697	767
785	880	834	675	870	807	744	745	906	907	718	848	658	564	887	632	825	826
786	736	870	647	744	588	813	722	893
787	768	641	898	859	929	801	905	623	660	885	790	727	79	765
788	800	1	547	709	743	809	874	781	873	656	631	664	703
789	1	738	843	613	746	810	687	657	852	696	701
790	768	801	739	837	774	929	905	79	844	813	623	928	913	498	787	603	908
791	769	866	829	903	648	650	747	716	685	910	815	853	635	682	895
792	864	1	643	484	690	821	694	799	604	735
793	736	651	583	779	893	913	693	826	875	474	794	862
794	736	739	837	875	652	813	751	913	916	693	760	793	603	639
795	640	1	835	804	646	752	659	725	796	830
796	640	1	835	805	705	752	530	659	756	662	855	795	637
797	672	673	802	923	886	776	713	754	879	626	851	884	725	758	919	863	850	830	543
798	448	1	674	899	612	677	777	714	780	593	723	836	868
799	864	1	484	811	690	598	792	708	604
800	1	834	742	743	873	620	594	788	634	861	703
801	641	898	803	774	929	844	859	684	79	914	787	660	917	790	827	766
802	672	706	941	930	850	590	879	881	626	915	725	856	923	668	797	757
803	641	900	902	774	801	712	679	684	914	917	827
804	1	646	673	842	752	689	596	758	730	795	830
805	1	771	740	710	796	749	846	867	756	662	855	636	637	702
806	1	775	682	587	685	753	853	822	823	763
807	675	870	935	744	873	874	715	907	781	718	845	880	785	722	936	504	861	703
808	768	865	647	905	908	878	529	692	661	504	828	765
809	1	709	778	812	781	788	631	664	869	731	874	703
810	1	676	746	750	687	852	789	854	858	671
811	864	1	484	833	877	817	690	598	759	708	799
812	1	738	645	809	778	843	664	731	892	869
813	736	768	739	837	870	647	904	588	908	652	928	913	786	790	794	893
814	897	769	711	840	911	625	894	854	858	732	829	849
815	931	927	903	648	650	747	910	816	660	791	953	859	829	895
816	642	899	868	838	903	650	747	780	653	942	815	931	660	918	953	889	859	766
817	864	833	708	741	860	811	877	912	726	764	831
818	1	776	841	619	719	884	629	783	733	863
819	896	1	710	745	782	721	724	846	887	632	825	602
820	1	841	554	748	882	821	699	669	734
821	864	1	643	484	872	748	882	820	694	792	669	735
822	832	1	866	806	775	716	685	784	853	761
823	1	868	677	806	903	777	682	747	853	763
824	776	841	748	882	909	719	754	851	884	847	734
825	1	785	745	848	721	658	755	887	632	819
826	736	896	870	744	745	906	651	921	785	946	564	887	793	922	893	862
827	801	803	902	712	684	914	889	729	859	766
828	865	772	878	616	937	781	686	845	840	808	692	661	504	932	731	892	949	933
829	769	898	648	650	910	660	791	927	931	814	815	952	953	955	849	727	859	625	885	635	894	895
830	1	835	804	886	646	673	842	879	725	758	795	797
831	741	838	924	951	780	877	654	902	912	817	627	726	889	729	890	943	860	925
832	1	866	676	854	711	716	784	691	822	895	769	767
833	1	708	598	811	877	817	726	759	836	890
834	800	1	742	620	718	848	785	755	880	861	703
835	640	1	830	879	883	757	662	855	795	796	702	725
836	1	899	612	833	780	723	726	759	890	798
837	928	770	739	900	844	813	913	916	917	790	760	794	603
838	899	780	653	816	627	918	889	729	890	924	766	831
839	912	707	741	871	872	860	748	717	847	720	945	764	926	735
840	897	772	933	849	828	911	940	938	814	559	625	692	878	949	762	891	732	765	885
841	1	909	554	619	882	719	818	820	824	884	699	733	734
842	1	804	886	683	783	758	730	830	863
843	1	738	891	772	613	812	852	789	731	892	701	645
844	928	801	770	900	837	774	929	498	917	790	603
845	865	939	932	869	870	807	904	874	715	647	781	936	722	504	828	958	965
846	896	1	771	740	773	710	745	782	819	901	867	805
847	945	707	934	839	872	876	871	748	717	909	720	824	754	851	950	728	857	882	926
848	1	834	718	880	785	658	755	887	825
849	911	840	927	940	814	765	625	878	727	635	829	894	885
850	672	802	963	966	713	706	941	944	881	851	919	857	698	923	956	797	930
851	934	941	776	713	850	909	847	944	824	754	884	919	728	857	797
852	1	772	897	810	843	858	687	789	762	891	701
853	1	866	806	903	682	747	685	910	823	822	791
854	832	1	895	676	711	810	769	750	911	814	858	767	732	894	671
855	1	835	805	867	757	662	888	883	796	702
856	706	875	779	802	751	688	881	920	883	757	760	915	668	957	930
857	962	706	770	900	934	712	713	876	717	847	944	881	850	851	728	698	963
858	1	897	810	814	687	852	854	762	911	732	671
859	801	898	955	964	975	942	815	816	953	914	787	660	974	727	889	827	829	766
860	960	737	707	741	902	839	871	945	943	912	817	729	764	925	831
861	800	1	834	807	873	907	718	880	703
862	651	773	583	745	779	922	954	920	946	948	875	793	826	893	901
863	1	886	776	842	683	783	818	884	758	919	797
864	1	484	872	811	877	912	817	821	792	708	799	764	735
865	932	965	647	808	937	908	845	878	904	949	504	828
866	832	1	769	716	685	910	853	822	791	895
867	1	740	773	846	855	888	901	702	805
868	1	899	677	903	777	747	780	816	918	823	798
869	1	932	809	874	939	812	781	845	731	892
870	907	845	807	744	947	906	647	972	786	813	785	722	936	935	921	826	904	893	958
871	960	737	707	902	839	712	969	876	717	847	945	950	729	860
872	864	1	839	748	847	912	882	821	764	926	735
873	800	1	807	936	874	907	788	861	703
874	1	869	807	936	809	939	781	845	788	873	703
875	913	881	957	970	779	954	751	856	920	979	916	693	967	760	793	794	948	893	862
876	962	900	934	902	871	712	969	717	847	944	950	728	857	698
877	864	1	833	811	912	817	726	890	924	925	831
878	768	865	961	849	808	905	938	940	908	840	692	885	959	828	765	949
879	1	802	835	930	883	725	886	923	915	797	830	757
880	1	834	807	744	906	907	718	848	785	887	861
881	706	963	900	966	970	875	802	856	850	916	760	857	770	956	957	930
882	1	926	872	841	748	909	847	820	821	824	734
883	1	835	740	779	879	688	888	920	915	757	855	856	702
884	1	776	841	909	719	818	851	919	824	797	863
885	898	959	840	905	938	940	878	765	849	787	727	952	955	829	927
886	1	842	879	758	919	923	797	830	863
887	896	1	880	745	906	848	785	819	921	825	826
888	1	867	740	773	779	883	855	920	702	901
889	859	964	902	838	942	975	816	914	918	951	729	827	924	766	831
890	1	899	836	838	833	780	877	726	924	831
891	1	772	933	897	840	938	843	852	762	892
892	1	891	772	869	937	843	812	781	932	731	828	933
893	736	977	870	913	744	875	972	813	904	786	947	948	921	793	826	986	862	946
894	1	769	814	911	849	854	927	829	895
895	832	1	866	769	910	815	854	791	829	894	927
896	1	901	745	846	946	819	887	921	826	922
897	1	840	938	814	911	852	762	891	732	858
898	801	955	929	905	973	974	975	914	787	885	727	953	981	859	829	959
899	1	836	838	780	816	918	868	890	924	798
900	770	803	837	774	712	876	970	844	962	881	914	963	916	917	902	969	760	857	985	982
901	896	1	867	773	745	846	920	888	922	862
902	960	803	900	871	712	969	951	876	943	968	914	917	982	889	729	827	860	831
903	1	931	868	942	747	910	815	816	791	853	918	823
904	865	965	870	647	972	908	813	845	976	913	978	986	893	958
905	768	929	898	961	808	971	908	973	878	787	885	790	981	987	765	959
906	1	870	935	907	880	785	887	921	826
907	1	870	807	936	873	906	935	718	880	785	861
908	768	865	961	928	965	913	647	808	905	971	813	878	976	904	949	790	987	929
909	1	934	841	847	882	851	884	926	919	824	734
910	1	866	931	903	815	853	791	927	829	895
911	1	897	840	938	940	814	849	854	858	732	894	927
912	864	1	945	839	872	764	877	943	817	860	925	926	831
913	736	928	837	967	904	875	908	813	986	976	977	978	979	916	790	793	794	948	980	893
914	801	898	803	900	902	774	929	968	827	974	975	917	982	951	984	889	859
915	1	802	930	879	920	883	757	856	957
916	928	900	837	913	970	875	881	979	980	917	967	760	985	794
917	928	801	803	900	837	774	929	844	984	914	916	902	983	982	985
918	1	899	868	838	903	942	816	951	889	924
919	1	934	909	941	944	850	851	884	886	923	797	863
920	1	875	740	773	779	957	888	883	856	922	915	954	862	901
921	896	1	870	935	906	946	947	887	826	893
922	896	1	773	745	946	948	920	826	954	862	901
923	1	802	941	930	879	850	886	919	797
924	1	899	838	877	943	918	951	889	890	925	831
925	1	860	877	943	912	924	831
926	1	934	839	872	909	847	912	945	882	950
927	1	931	940	910	815	849	885	952	911	829	894	895
928	929	987	837	844	908	813	976	913	978	916	917	790	983	980	985	988
929	928	801	898	905	908	844	974	914	787	917	790	983	984	987	981
930	1	802	966	941	879	881	850	915	856	923	956	957
931	1	903	910	815	816	942	952	953	829	927
932	1	869	865	936	892	939	781	845	937	828	958	965
933	1	772	840	828	938	949	937	891	892
934	1	876	909	847	944	851	950	919	857	926
935	1	870	807	936	906	907	972	947	921
936	1	939	932	870	807	873	874	907	972	845	935	958
937	1	932	933	865	892	949	828	965
938	1	961	933	897	840	940	878	911	885	891	949
939	1	932	869	936	874	781	845
940	1	961	840	938	878	911	849	885	952	959	927
941	1	802	966	930	944	850	851	919	923
942	1	931	964	903	955	816	953	918	951	889	859
943	960	1	902	860	912	945	951	924	925	831
944	1	962	963	966	934	876	941	850	851	950	919	857
945	960	1	871	969	839	847	912	950	943	860	926
946	896	1	922	977	947	948	921	826	893	862
947	1	870	935	972	977	946	921	893
948	1	977	967	957	875	954	913	946	979	922	893	862
949	1	961	933	865	840	937	938	971	908	878	828	965
950	1	962	934	871	969	876	847	944	945	926
951	960	1	964	902	968	942	943	914	918	889	975	924	831
952	1	931	959	940	885	953	955	829	927
953	1	898	931	964	955	942	815	816	952	859	829
954	1	875	948	920	922	957	862
955	1	898	964	974	973	942	885	952	953	859	829	959
956	1	930	963	966	970	881	850	957
957	1	930	881	970	875	920	915	948	967	856	954	956
958	1	932	965	870	904	972	845	976	936	986
959	1	898	961	905	940	973	878	885	952	955
960	1	902	871	968	969	943	945	951	860
961	1	908	938	971	940	973	878	949	905	981	987	959
962	1	963	900	982	969	876	944	950	857
963	1	962	900	966	970	944	881	850	982	985	857	956
964	1	955	975	942	889	974	951	953	859
965	1	932	865	904	937	971	908	845	976	949	958
966	1	930	963	941	944	881	850	956
967	1	970	875	913	979	948	916	980	957
968	960	1	902	969	975	914	982	951
969	960	1	962	900	982	902	871	968	876	945	950
970	1	963	900	967	875	881	916	985	980	956	957
971	1	965	961	905	908	976	949	987
972	1	977	870	935	904	936	947	986	893	958
973	961	898	1	905	974	981	955	959
974	1	898	859	964	929	973	975	914	981	982	984	955
975	1	898	964	968	974	914	982	951	889	859
976	928	1	965	904	971	908	913	978	986	987	958
977	1	972	978	913	946	947	948	986	893	979
978	928	1	913	904	976	977	979	980	986	987	988
979	1	977	967	875	913	978	948	916	980
980	928	1	967	970	913	978	979	916	983	985	988
981	1	898	929	961	905	973	974	983	984	987
982	1	962	963	900	902	968	969	974	975	914	917	984	985
983	928	1	929	980	981	984	985	987	988	917
984	1	929	974	914	981	982	983	985	917
985	928	1	963	900	970	916	917	982	983	984	980
986	1	977	904	972	976	913	978	893	958
987	928	1	929	961	905	971	908	976	978	981	983	988
988	928	1	978	980	983	987
