1	333673.950899
2	156.419332108
3	27.6354332773
4	6.53243267744
5	13.6323993996
6	80.7288222727
7	147.246128774
8	101.333782792
9	64.501981526
10	50.0124898958
11	77.4278589516
12	31.2259547844
13	19.7941975989
14	19.8289445812
15	149.57417659
16	61.3863354441
17	32.1872879621
18	15.3002545512
19	87.7129657204
20	42.0554309429
21	144.327382258
22	52.5258549507
23	106.789059018
24	122.436783392
25	58.6297415128
26	113.807949448
27	66.0887603856
28	33.9014724235
29	2.66393531172
30	19.2266635542
31	13.1806886293
32	39.4957365782
33	85.2806769575
34	139.254322839
35	28.5736018001
36	105.723484893
37	37.0750301427
38	75.4125339767
39	110.889202932
40	97.5695263737
41	47.6728597524
42	130.521247947
43	83.0916170709
44	102.596256484
45	152.805645946
46	16.0415235076
47	77.5668468809
48	100.163967721
49	64.9073629865
50	134.737215136
51	105.248609468
52	37.6193995325
53	172.287120704
54	194.756835942
55	6.91464948304
56	103.082714236
57	139.138499564
58	59.9037975315
59	47.9740002659
60	25.9212488158
61	28.6430957648
62	24.3576346111
63	41.3952382787
64	44.4993020332
65	10.424094698
66	80.3929347768
67	9.25427962638
68	40.4454874284
69	44.3487317765
70	30.7510793592
71	94.2222337429
72	16.655386862
73	338.864153979
74	19.8868562184
75	113.622632209
76	82.5009183713
77	98.7045944631
78	68.4052258741
79	105.051709901
80	37.8394637539
81	39.0671904628
82	36.9476245409
83	207.08043234
84	107.194440478
85	229.538565251
86	39.9937766582
87	69.818269822
88	35.8820504162
89	92.6817841931
90	52.4216140037
91	44.9046834937
92	122.610518304
93	60.1238617529
94	183.08184988
95	232.920604864
96	274.894959515
97	61.7569699222
98	92.5891255736
99	395.316417932
100	23.0951609199
101	196.528932041
102	23.5468716902
103	63.9460298088
104	188.525543778
105	225.229939443
106	34.4226771584
107	21.7747755915
108	404.767597125
109	33.9362194059
110	71.5787835933
111	48.2403937971
112	39.9242826935
113	143.95674778
114	31.60817159
115	30.797408669
116	175.935553848
117	17.7441256416
118	26.4308712233
119	345.987285356
120	79.2926136698
121	99.0636466138
122	112.557058084
123	202.771806532
124	184.518058483
125	29.6739229071
126	42.1249249076
127	180.151521037
128	40.8971981987
129	83.7402274077
130	133.4979061
131	36.7738896292
132	111.44515465
133	15.6013950647
134	109.580399931
135	32.6969103695
136	76.9761481814
137	141.038001265
138	89.79778466
139	84.1108618858
140	168.071153515
141	128.853392795
142	62.301339312
143	43.1094227402
144	91.6625393782
145	26.0949837275
146	65.3474914293
147	37.2371827269
148	227.465328639
149	100.34928496
150	11.837138646
151	120.595193329
152	98.9478233394
153	26.3382126037
154	59.0582876282
155	71.7641008324
156	79.0841317759
157	31.3417780588
158	111.120849481
159	132.524990595
160	34.4921711231
161	45.0089244407
162	75.6325981981
163	84.4467493816
164	98.2644660203
165	25.2958031339
166	4.72558959645
167	74.3237951971
168	117.977587327
169	132.837713435
170	19.4814747579
171	48.2172291422
172	94.4654626192
173	58.3749303091
174	33.8435607863
175	27.9481561182
176	81.8870550169
177	64.7336280749
178	148.346449881
179	143.713518904
180	36.0673676553
181	76.6981723228
182	36.9823715232
183	40.225423207
184	66.8763586517
185	21.1493299096
186	38.1058572851
187	115.38314598
188	72.5169521161
189	39.1830137372
190	176.259859017
191	160.125676889
192	84.3425084347
193	110.333251215
194	89.7398730228
195	238.758097895
196	149.93322874
197	214.817427072
198	376.21715998
199	141.999334442
200	111.109267154
201	139.682868954
202	163.820439344
203	92.2184910954
204	206.524480623
205	129.339850548
206	301.314248411
207	163.391893228
208	252.22834471
209	205.123019003
210	126.201039811
211	137.134756917
212	98.6003535161
213	220.249538642
214	78.8640675545
215	155.330593328
216	198.289445812
217	140.609455149
218	123.595016137
219	161.851443678
220	113.066680492
221	222.79765068
222	126.490597997
223	88.7437928627
224	100.430361252
225	191.282137709
226	152.828810601
227	155.05261747
228	161.422897563
229	129.664155716
230	110.229010268
231	204.474408666
232	121.985072622
233	128.702822539
234	163.658286759
235	163.403475556
236	192.915245879
237	141.848764186
238	169.750590994
239	172.738831474
240	226.272348912
241	254.602721836
242	169.669514702
243	317.147290024
244	214.435210266
245	303.607549244
246	265.188969118
247	138.443559918
248	128.33218806
249	154.878882558
250	164.179491494
251	90.9907643865
252	195.150635075
253	83.6823157705
254	88.5121463139
255	147.53568696
256	177.753979257
257	154.809388593
258	185.850026139
259	211.261652547
260	216.195724038
261	196.957478156
262	186.730283024
263	110.124769321
264	107.854633142
265	94.5928682211
266	138.501471555
267	351.280408997
268	82.2576894951
269	126.43268636
270	148.219044279
271	213.450712434
272	231.252749713
273	179.201770187
274	130.451753982
275	166.484374655
276	190.506121771
277	241.340956915
278	291.94414551
279	134.505568587
280	173.804405599
281	132.640813869
282	115.267322706
283	185.0740102
284	118.96208516
285	115.591627874
286	179.908292161
287	137.505391395
288	132.258597063
289	163.287652281
290	94.303310035
291	222.65866275
292	121.99665495
293	153.778561451
294	153.280521371
295	190.343969186
296	190.286057549
297	208.910440076
298	136.659881491
299	165.546206132
300	161.724038077
301	194.189301897
302	182.479568853
303	124.463690695
304	142.636362452
305	162.129419537
306	164.747025539
307	135.779624606
308	73.1192331431
309	144.825422338
310	176.966380991
311	168.812422471
312	174.348774989
313	183.406155048
314	155.712810134
315	119.135820071
316	123.641345446
317	133.521070755
318	156.535155382
319	94.6507798583
320	235.572957848
321	161.272327306
322	194.270378189
323	146.759671021
324	99.6543453134
325	208.064930173
326	104.391517237
327	175.935553848
328	113.205668421
329	117.224736043
330	139.416475423
331	200.443758716
332	137.377985793
333	222.172204998
334	276.481738375
335	364.519009263
336	166.125322505
337	107.4145047
338	171.696422004
339	90.4116480144
340	245.232618935
341	175.194284892
342	108.711725373
343	124.915401465
344	178.796388726
345	225.635320903
346	192.220306232
347	241.526274154
348	95.8785065672
349	153.187862752
350	264.088648011
351	580.876885885
352	236.24473284
353	231.403319969
354	158.9906088
355	93.5852057336
356	191.18947909
357	141.200153849
358	145.798337843
359	298.360754913
360	195.521269553
361	294.561751512
362	239.128732373
363	242.394948712
364	212.327226672
365	141.304394796
366	160.62371697
367	101.171630208
368	209.640126705
369	102.179292696
370	109.198183126
371	159.789789394
372	134.934114703
373	197.582923838
374	354.442384389
375	244.236538775
376	150.257533909
377	112.985604199
378	129.339850548
379	136.219753049
380	115.823274423
381	136.080765119
382	149.910064085
383	147.327205066
384	127.579336777
385	140.076668087
386	161.642961784
387	65.7992021996
388	121.788173056
389	93.098747981
390	151.797983458
391	247.931301229
392	208.678793528
393	90.2379131028
394	112.638134376
395	188.618202397
396	247.989212867
397	128.135288494
398	108.051532709
399	182.08576972
400	132.108026807
401	198.20836952
402	172.402943978
403	89.0217687213
404	187.008258883
405	142.671109434
406	135.03835565
407	97.8590845598
408	104.403099565
409	209.651709033
410	116.715113636
411	192.428788126
412	112.244335243
413	94.9287557169
414	144.165229674
415	302.009188057
416	180.730637409
417	321.432751178
418	127.590919104
419	96.3302173374
420	119.610695496
421	167.665772054
422	168.99773971
423	121.243803666
424	149.122465819
425	220.620173121
426	128.725987193
427	135.582725039
428	193.390121304
429	193.783920437
430	68.1388323429
431	229.31850103
432	157.49648856
433	269.092213466
434	183.834701164
435	144.466370188
436	137.493809067
437	131.216187594
438	176.838975389
439	103.708159918
440	179.665063285
441	131.644733709
442	151.010385192
443	137.053680624
444	127.463513502
445	213.543371053
446	186.452307166
447	218.338454614
448	267.876069085
449	137.505391395
450	175.912389193
451	180.869625339
452	157.867123038
453	122.575771322
454	158.272504499
455	226.897794594
456	125.425023872
457	142.624780124
458	206.663468553
459	107.622986594
460	193.644932507
461	201.19661
462	100.048144446
463	87.0527730562
464	156.488826073
465	117.166824406
466	154.693565319
467	158.121934242
468	110.761797331
469	143.968330108
470	135.131014269
471	155.573822205
472	165.349306566
473	169.217803932
474	88.8017044999
475	200.385847079
476	146.389036543
477	215.164896895
478	180.383167586
479	179.746139577
480	249.946626204
481	287.95982487
482	110.90078526
483	126.733826873
484	232.909022537
485	150.500762785
486	101.831822873
487	173.491682758
488	128.054212202
489	168.349129374
490	149.423606333
491	207.346825872
492	168.45337032
493	127.799400998
494	218.396366252
495	165.048166052
496	193.899743711
497	228.936284224
498	181.715135242
499	115.892768387
500	117.711193796
501	138.501471555
502	110.298504233
503	156.303508834
504	149.655252882
505	188.919342911
506	132.582902232
507	235.098082423
508	278.879280155
509	146.829164986
510	166.310639744
511	99.8628272073
512	154.346095496
513	174.823650414
514	84.7594722226
515	211.562793061
516	204.555484958
517	175.831312901
518	150.095381324
519	140.493631875
520	97.0367393114
521	161.828279024
522	227.743304498
523	95.8437595848
524	107.91254478
525	171.476357783
526	216.867499029
527	156.847878223
528	184.969769253
529	225.496332974
530	164.353226406
531	225.670067885
532	99.7006746231
533	109.534070622
534	207.462649146
535	146.528024472
536	217.110727905
537	160.959604465
538	113.715290828
539	116.529796397
540	156.569902365
541	226.758806665
542	184.969769253
543	143.539783992
544	140.482049547
545	162.859106166
546	99.017317304
547	140.273567653
548	166.438045346
549	110.35641587
550	189.533206265
551	225.079369186
552	147.385116703
553	187.089335175
554	223.365184724
555	82.3503481146
556	175.889224538
557	151.242031741
558	229.81654111
559	215.628189993
560	283.141576654
561	126.687497564
562	202.69073024
563	135.327913836
564	229.017360516
565	127.97313591
566	111.410407667
567	232.75845228
568	81.2500270076
569	104.993798264
570	200.432176389
571	153.407926973
572	189.950170053
573	229.469071286
574	215.037491293
575	118.243980858
576	194.455695428
577	128.772316503
578	102.063469421
579	170.607683225
580	141.698193929
581	130.498083292
582	111.051355517
583	103.140625873
584	141.234900831
585	174.510927573
586	128.227947113
587	233.557632874
588	162.418977723
589	161.364985926
590	146.029984392
591	200.490088026
592	155.353757983
593	202.493830673
594	236.24473284
595	168.99773971
596	108.121026674
597	150.037469687
598	131.609986727
599	109.337171055
600	113.518391262
601	127.718324706
602	217.77092057
603	63.9228651539
604	245.614835741
605	110.472239144
606	241.595768118
607	182.954444278
608	164.260567786
609	126.027304899
610	100.001815137
611	133.069359984
612	130.833970788
613	107.715645213
614	286.685768851
615	112.765539978
616	114.155419271
617	201.810473354
618	119.772848081
619	127.451931175
620	113.078262819
621	206.13068149
622	259.490464017
623	124.706919571
624	169.970655215
625	137.215833209
626	270.180952246
627	142.891173655
628	129.444091495
629	136.717793129
630	163.160246679
631	154.670400664
632	117.398470955
633	145.40453871
634	100.198714703
635	142.381551248
636	177.255939177
637	165.766270354
638	119.355884293
639	126.38635705
640	225.229939443
641	180.719055082
642	85.1648536831
643	133.439994462
644	158.44623941
645	212.002921503
646	190.228145912
647	154.438754115
648	141.084330574
649	131.146693629
650	170.167554782
651	183.614636942
652	286.01399386
653	222.484927839
654	54.8307381117
655	127.38243721
656	168.534446613
657	186.776612334
658	111.920030075
659	231.797119102
660	120.988992462
661	64.9073629865
662	185.212998129
663	256.189500696
664	147.350369721
665	200.177365185
666	193.204804065
667	125.48293551
668	100.592513836
669	218.234213667
670	176.433593928
671	173.329530174
672	233.928267352
673	186.730283024
674	129.675738044
675	135.605889694
676	177.916131841
677	128.031047547
678	164.909178123
679	213.705523637
680	180.174685692
681	121.869249348
682	111.94319473
683	174.151875422
684	207.196255615
685	159.743460084
686	133.416829808
687	109.40666502
688	151.323108033
689	145.04548656
690	162.47688936
691	154.473501098
692	141.686611601
693	281.288404263
694	124.89223681
695	231.577054881
696	132.223850081
697	146.609100764
698	185.294074422
699	137.296909501
700	108.873877957
701	205.007195728
702	260.984584257
703	172.194462084
704	226.990453214
705	208.655628873
706	208.71354051
707	145.427703365
708	219.241876155
709	199.273943644
710	126.085216537
711	121.533361852
712	184.57597012
713	175.124790927
714	250.641565851
715	134.887785393
716	209.744367652
717	157.114271754
718	168.719763852
719	110.576480091
720	136.381905633
721	182.942861951
722	109.001283559
723	177.383344778
724	182.653303765
725	157.288006666
726	103.696577591
727	234.970676821
728	147.512522305
729	137.737037944
730	137.725455616
731	73.3624620194
732	183.12817919
733	168.09431817
734	154.380842478
735	143.840924506
736	121.197474356
737	175.877642211
738	140.157744379
739	96.1796470807
740	140.817937043
741	131.540492762
742	123.791915703
743	158.284086826
744	145.196056816
745	96.4460406118
746	172.518767253
747	203.0961117
748	164.214238477
749	183.57988996
750	175.078461617
751	144.223141311
752	198.057799263
753	141.385471088
754	172.889401731
755	264.41295318
756	156.789966586
757	111.468319304
758	173.248453882
759	144.338964586
760	192.938410533
761	163.878350981
762	181.969946446
763	74.2890482148
764	138.640459484
765	83.7286450802
766	238.758097895
767	193.899743711
768	272.393176787
769	134.806709101
770	204.706055215
771	232.179335908
772	237.889423337
773	122.552606667
774	193.888161384
775	111.144014136
776	133.799046613
777	243.21729396
778	120.016076957
779	172.159715102
780	243.30995258
781	142.995414602
782	187.320981724
783	146.296377923
784	188.131744645
785	129.91896692
786	130.752894496
787	125.39027689
788	134.829873756
789	152.42342914
790	112.255917571
791	124.255208801
792	190.031246345
793	102.376192262
794	152.759316636
795	175.842895229
796	163.287652281
797	106.337348248
798	131.969038877
799	190.401880824
800	122.008237277
801	176.410429273
802	193.783920437
803	176.989545645
804	125.262871288
805	131.262516903
806	100.939983659
807	203.177187992
808	61.0388656208
809	139.300652148
810	146.365871888
811	165.314559584
812	181.08968956
813	151.832730441
814	202.679147912
815	148.346449881
816	156.303508834
817	178.00879046
818	127.787818671
819	204.13852117
820	256.409564917
821	260.33597392
822	79.6400834931
823	270.528422069
824	101.773911235
825	101.009477624
826	157.832376056
827	186.498636476
828	131.41308716
829	167.619442745
830	136.914692695
831	136.89152804
832	220.458020536
833	174.221369387
834	123.085393729
835	188.247567919
836	114.502889094
837	178.228854682
838	155.00628816
839	89.6703790581
840	79.8717300419
841	225.994373054
842	163.554045812
843	165.10607769
844	139.47438706
845	161.179668687
846	204.300673754
847	130.845553115
848	177.267521504
849	127.370854883
850	99.5269397115
851	172.958895696
852	127.220284626
853	142.856426673
854	176.56099953
855	206.119099163
856	214.724768452
857	115.915933042
858	114.769282626
859	137.806531908
860	155.05261747
861	208.551387926
862	274.96445348
863	145.230803799
864	205.806376322
865	98.3687069673
866	86.0914398784
867	161.388150581
868	97.4768677542
869	185.131921837
870	144.060988727
871	159.048520437
872	184.483311501
873	160.415235076
874	129.849472955
875	192.614105365
876	128.216364786
877	237.356636275
878	134.632974189
879	197.455518236
880	128.448011335
881	169.125145312
882	121.162727374
883	248.846305097
884	154.10286662
885	163.61195745
886	145.462450348
887	242.568683624
888	158.735797596
889	140.748443079
890	118.730438611
891	155.191605399
892	132.884042745
893	222.496510166
894	239.846836675
895	222.484927839
896	234.055672954
897	108.422167187
898	154.427171788
899	135.837536243
900	232.80478159
901	134.644556516
902	189.961752381
903	101.078971589
904	214.041411133
905	185.502556316
906	158.758962251
907	110.032110702
908	184.402235209
909	147.58201627
910	179.850380524
911	131.633151381
912	117.908093362
913	130.752894496
914	238.213728505
915	228.484573454
916	186.799776989
917	225.009875221
918	111.271419738
919	127.243449281
920	183.811536509
921	174.07079913
922	192.961575188
923	189.405800664
924	134.019110835
925	104.704240078
926	172.391361651
927	180.742219737
928	146.724924039
929	151.890642078
930	116.031756317
931	176.862140044
932	197.525012201
933	59.8227212394
934	150.419686493
935	211.887098229
936	130.86871777
937	164.214238477
938	123.027482092
939	223.179867485
940	135.779624606
941	175.530172388
942	147.327205066
943	202.030537576
944	85.8945403119
945	152.678240344
946	103.754489228
947	162.094672555
948	78.0880516158
949	140.794772388
950	69.9340930965
951	191.316884692
952	151.265196396
953	164.492214335
954	153.396344646
955	123.502357517
956	174.302445679
957	180.858043011
958	86.8558734896
959	70.4437155039
960	221.894229139
961	177.846637876
962	82.4545890616
963	86.7168855603
964	80.6940752903
965	182.03944041
966	158.515733375
967	169.565273755
968	132.548155249
969	115.278905033
970	172.113385792
971	213.844511567
