1	55.7022350751	56.5526545704	21.5879173136
2	39.9531162644	7.10228613228	2.39169036604
3	51.5453563915	7.89551235239	0.623527982174
4	60.5801500718	9.11613354043	0.360536466212
5	35.7899740241	9.21043553144	0.667393117234
6	65.3238038571	12.0237721756	1.38750296416
7	32.3427892726	11.8684244976	1.74221151541
8	40.2448267172	11.9017396667	1.50083898257
9	46.0818353687	12.7525867812	1.26615363673
10	24.2751248407	13.3567106477	0.791109560058
11	52.2606328602	14.2924384398	1.36779258701
12	62.0775172231	14.8035301796	0.903660838806
13	19.782505137	15.3112921692	0.716007319892
14	31.6690832459	16.1893512345	0.527405269199
15	58.6082550633	17.2104235181	2.22487537772
16	42.1176215249	18.3821414705	0.936605167337
17	33.4827067404	18.7509385955	0.769808652614
18	25.5934596672	20.4800552264	0.540302507334
19	46.820304161	20.794457631	1.88939688174
20	85.400014422	21.6193601532	1.07038167539
21	74.0820613017	21.3346765921	2.43595697246
22	15.7567128572	21.7243816846	1.05441925478
23	62.177281785	22.3345842814	1.49944618367
24	50.8212399524	21.5229224075	2.23374756614
25	8.45012160178	23.6551074861	0.914386446476
26	28.0362780256	23.7039815153	1.28795990211
27	43.0244246756	22.5279165756	1.90119486737
28	83.0690774107	24.3348275287	0.902881157725
29	61.9423921748	25.013029753	0.396643783371
30	73.975158517	25.0295809502	0.64574085817
31	66.4115938621	25.7820916729	0.639845381653
32	22.8192080729	27.1889615228	0.718250325613
33	48.1205241243	27.4006997864	1.56170285181
34	59.0647548725	27.7417776662	2.64862000034
35	87.932026022	28.2845277755	0.814421649242
36	92.8143028432	29.0800921402	2.13033997652
37	37.8807190112	26.6980672649	0.751421459649
38	63.6124787009	30.2417049655	1.52451147025
39	6.97548166501	29.600784792	1.62106281613
40	15.3835624476	30.0678471679	1.66455775566
41	34.9894201534	29.7884372427	1.60072576716
42	79.1024462886	30.1550383038	1.81875821584
43	44.980872566	30.7560744615	1.80309731381
44	27.637843971	31.8261903261	1.57432952085
45	73.3603832801	29.9066849686	2.834847854
46	69.377558557	31.4317378949	0.661459843795
47	96.3698125483	32.6367318866	1.53275174135
48	83.2879808012	32.3106014617	1.92955763233
49	24.9188929445	33.6697368825	1.50363182083
50	48.8339907689	33.2460327797	2.16072673189
51	67.0227491695	34.0302899521	2.09297809693
52	33.192274478	33.5280342845	1.34465019172
53	38.4414910622	34.1740764569	2.00638810649
54	16.4379761868	35.0954004327	2.20182645919
55	21.285533205	34.1251387256	0.336183843193
56	74.4608111301	35.2593319768	1.96847085188
57	54.0474664955	36.495116228	2.87381191152
58	58.8328919263	36.705952243	1.04421921005
59	79.3898587208	36.8491153523	1.33599774934
60	43.2397595122	35.8555734042	0.572079509719
61	88.914531642	37.0926486605	0.621784524947
62	65.0012326829	37.8496968944	0.695335204643
63	95.1594941551	37.6052551487	1.05319479301
64	23.689128396	38.9444255878	0.965044464088
65	36.330362497	38.5434290557	0.614855853083
66	71.0199673805	39.0145906677	1.2574737901
67	102.837452688	39.7027940144	0.394213912358
68	20.3979317601	40.1721462682	0.939189324973
69	78.2937222036	39.4776798079	1.23341163454
70	83.2983705508	40.364022234	1.12350953705
71	7.83493490817	42.2571050113	1.40092767421
72	34.3682031213	41.1841367397	0.666964607918
73	62.8657597792	42.6826860334	2.1885969883
74	37.0709808781	42.235438114	0.68442724996
75	17.1174052477	42.863941249	1.66852562492
76	97.3012292308	43.0983812038	1.31954682586
77	81.7054994343	44.100508647	1.88875764059
78	86.2256191405	43.5359444975	1.51109143275
79	26.7401818337	45.3876878523	1.8140267398
80	78.6325860872	45.7036065081	0.909076777456
81	23.1998912015	45.9868614837	0.72598679591
82	90.7447550164	45.5645859344	1.19803633816
83	53.7597057513	47.0294674978	1.92018812003
84	30.6239557584	47.1944842279	2.25635714867
85	46.2791829084	49.4278459208	2.43050261535
86	93.1700633599	48.7093047481	0.977329387456
87	34.9270589892	48.6362737065	1.26739726766
88	16.1585253776	48.8775062198	0.916744308871
89	68.7178935739	48.391945279	1.11750455738
90	9.86999724943	48.3752597771	0.981671915911
91	75.0667333976	49.7507763235	0.982525684179
92	97.7886484207	50.2601573533	1.60551951139
93	84.7506071601	50.6728102292	1.11670653786
94	51.6937441942	52.6025137482	2.11760735058
95	78.4267391591	50.9908066691	3.13971494729
96	60.3999725402	52.2622853267	2.12364323234
97	12.6267010785	51.2710378098	1.65066543644
98	25.4573571691	51.5656325016	1.57039062769
99	65.6463858844	52.7869237174	5.17523745415
100	104.433383729	53.6516131023	0.49098356936
101	38.4462035423	56.6689000209	2.76024110128
102	82.0809220163	55.5835731642	0.635079816454
103	78.4495815371	56.5192448561	1.31899305648
104	69.4883969825	57.8811873431	1.84213958357
105	55.3270781252	58.519709605	2.02819579736
106	98.5750613502	57.5125829058	0.819336895046
107	12.6086782085	56.6043428392	0.716901436121
108	61.7762135473	60.6650369256	3.47738552835
109	33.4015021059	58.9472094847	0.806500713793
110	30.2695028761	59.564988151	1.15324804944
111	85.9938172649	59.3758584017	1.12912533434
112	25.5574407201	59.9299497662	0.989268707169
113	75.6269405878	62.4316971643	1.47088463395
114	40.3248412629	62.208903995	0.740806907241
115	91.8243003368	61.9272653756	1.08606565205
116	67.7400476988	64.5358028352	2.07974459554
117	88.2815029574	63.2573611905	0.673366458609
118	18.8196753845	63.8729339207	0.981336130122
119	56.4223782244	66.4324609833	3.46512618196
120	15.7741332694	64.960485447	1.56440773659
121	25.9816350658	64.8583756638	1.69696549644
122	84.3150810823	65.5755083527	2.13208224469
123	38.2298619274	63.3052877539	2.80440890522
124	44.154485549	63.7420544342	2.74067882656
125	97.5433738447	65.2773691735	1.13636838717
126	93.2474108399	66.0815879594	0.888807985842
127	79.9053809456	66.6723421889	3.26382539322
128	49.8313394432	67.5216086398	1.09131284889
129	31.4428317345	67.716471811	1.35291420661
130	63.4646341224	68.4629681989	1.71830070166
131	74.7044346067	68.1597120088	0.818141499626
132	88.7655063394	67.2930733828	1.83161740955
133	102.110626592	67.8088265465	0.604016586224
134	20.6312029947	68.6349014185	2.0483799801
135	47.1495102871	68.7325027269	1.05452213041
136	95.7154376386	67.8883379467	2.39293610747
137	26.4793895608	69.121970129	2.77375319152
138	38.756848367	70.5360979266	1.63574127741
139	16.8826411029	71.1363821856	1.57191853367
140	69.795571691	73.718022973	1.65166387928
141	49.9503172027	72.2598089832	2.14627117765
142	36.0427456652	71.7816849679	1.81856290416
143	60.7482386854	73.4026144496	0.633209341973
144	28.2415269313	73.8491351483	1.11106210787
145	78.18715327	72.8515713189	0.631246160347
146	89.437091229	72.847700918	1.29525851981
147	94.7988685263	73.560462825	0.738367158791
148	55.6009584589	74.9086532212	3.00909533422
149	33.4329302668	75.2781365797	1.84946103169
150	21.1490928332	75.7636350159	0.630957350116
151	42.8177677159	75.4877001811	1.77187058473
152	49.227895286	76.9402477072	1.46747716646
153	59.4251655197	77.2527055165	1.00273597478
154	76.1278584162	77.5638137169	1.4661973624
155	38.5330707751	78.1658659427	1.48469181857
156	24.2847405359	78.3555965492	1.78040722007
157	91.6219808733	78.1930688736	0.746748615812
158	85.5452421954	77.9075259786	1.64515911087
159	67.8166660134	79.9641181503	1.87579478692
160	45.2942855425	80.6627053598	0.907250275489
161	53.3431578309	80.8971121653	0.788178697686
162	95.5474975985	79.6411120744	1.32746511237
163	59.4692339131	80.0726801823	1.69276608495
164	73.0870806232	80.91354899	1.81458945261
165	48.7953474905	81.3073422732	0.842127247944
166	84.0058637875	82.4311878868	0.447196422429
167	28.5717851324	82.1804644339	0.915737585888
168	38.9562655005	83.5938996872	1.98446295034
169	61.5568227393	84.2103310303	2.05663071685
170	88.6255154602	83.3227748005	0.483858748818
171	46.5922519697	84.1137065741	1.07805450514
172	68.7884841473	85.7428111147	1.38766581667
173	52.1042579704	84.9276407343	1.83908968327
174	23.8581702334	84.3154707324	0.875176882731
175	72.4741672639	87.7942111392	0.722708903259
176	78.9795671481	88.1852349693	1.85305107479
177	38.1035646142	88.402082416	1.07017362128
178	54.3691739503	87.7844981684	2.39577151399
179	84.4628069365	90.124349015	1.89344526779
180	61.1499219249	90.4881159472	0.649679670223
181	31.7427540808	90.0701708461	1.49069123236
182	74.0786500951	91.3088059753	0.905107808835
183	50.4025901639	93.1396040529	0.85792018045
184	56.0961346833	93.4814101365	1.31595738658
185	69.9152597404	93.0827360892	0.78438154532
186	62.8691421274	94.1062978492	0.922350669507
187	44.9411813054	95.868109886	1.41646474516
188	72.4935062289	96.3092368227	1.24396685103
189	63.8126442244	98.553634549	1.0331763101
190	18.0457022999	11.5214559878	2.17076123709
191	89.2215576174	26.4628760682	3.63661986412
192	19.2659644176	46.9701840481	2.05579322191
193	64.9281070206	17.7646221197	2.60477375522
194	27.8495967056	39.0969003112	2.32671487975
195	54.1853753809	41.5959332797	2.67222224163
196	90.0288922642	50.0240543645	2.84898785151
197	73.2510584421	53.8453490709	3.37437951179
198	44.8156834033	56.2690334101	3.73402744886
199	35.6709577763	80.7007810821	3.03904928458
200	82.9430541004	85.8480375431	2.79642386978
201	17.6744703215	26.4103964446	2.63026204772
202	31.3595152697	29.3121570704	2.39489978817
203	91.9380083106	34.2536369606	1.84460675744
204	48.46126283	38.4625464498	3.30573814173
205	31.2046991847	42.0749784996	2.75591558395
206	41.469642659	45.6691027085	4.64044378119
207	90.1258590265	59.1403903896	2.9216276786
208	81.514693039	60.918437828	4.05337558483
209	31.5568886142	6.45952231235	2.23954623401
210	21.2335810839	18.4224368668	2.39126440803
211	79.0883350073	24.2777015604	2.71490292231
212	68.3571808	28.5412223128	2.43438230748
213	72.5908254077	44.3986881285	2.79463355153
214	85.8176606933	48.2871358826	2.42749975014
215	51.0363819046	64.9440838193	2.86447096632
216	82.7596786881	71.2520951262	2.92324992881
217	76.1967007462	71.6267202887	2.57877699538
218	43.4188243705	91.1507883038	2.14757110879
219	37.8501905961	92.8529743773	2.87085328365
220	45.3173682699	7.93740088783	1.79157768368
221	78.9122628393	18.673828712	2.29918529565
222	34.8837245141	24.7549582487	2.18462604301
223	102.082322744	44.3464398856	1.82671711771
224	102.327202953	59.4318797773	1.90192992147
225	95.5675155702	60.6518060809	3.14398645402
226	80.4336860146	75.8599825247	3.15256380516
227	80.3435193921	82.5782034417	2.13080577821
228	46.1118015613	86.596243475	2.64944260781
229	68.6407880458	19.5929922026	3.51826700104
230	55.8556089975	22.7717982722	1.76951367873
231	84.3792611618	36.5830991618	3.62351891666
232	99.8324432589	38.6391824742	1.96718333503
233	16.1458408492	58.5105519949	2.13517101457
234	21.4913106523	62.1535227878	2.7453712689
235	63.9211049299	77.0103314785	3.04135542174
236	11.7226881048	19.4930207617	2.76595192668
237	38.3507567032	22.5525220113	2.71304838745
238	21.7099337514	22.346874373	3.12102581782
239	69.3282182993	23.8658341485	2.91530227289
240	53.7631587335	29.1701377732	3.58212184736
241	8.52230148472	34.1857899107	2.66076592676
242	41.5530210049	39.5201795224	2.85468135346
243	47.4721860618	44.3560721786	4.40037813897
244	30.4877150737	52.8367778391	3.30658508931
245	50.7692740989	58.9593968673	4.98082069969
246	43.517754366	68.8276409653	3.71637410769
247	52.3360806082	96.7294736382	2.6070298883
248	48.7413566846	16.7967388464	3.16405658836
249	62.3828973205	36.6875703554	3.86107435252
250	32.4254748037	37.3956664274	3.09066102553
251	102.543909409	48.7262878724	2.03277414514
252	21.1495557972	50.9456776196	3.15994433638
253	35.0067011769	53.7448636801	3.39393009933
254	65.707306374	91.3932268411	2.75371827411
255	87.5510788569	31.4772675821	3.66424568913
256	92.5007544996	41.2047626297	3.07725361732
257	74.1036005869	61.4939244942	4.51188355841
258	69.3823520835	69.4671939585	4.57126320462
259	70.02736098	15.1941363107	3.25434344171
260	26.9076287577	16.8286321752	3.2710161097
261	42.2284950742	27.8551530988	3.43697402562
262	58.6419882112	34.4251393009	3.51249126152
263	15.0444171711	53.0833307091	2.78854838089
264	82.65689282	55.3901773284	3.57238785606
265	93.3726357455	71.3997767225	3.41232948715
266	99.7100666149	70.2543582113	2.44181505074
267	62.3435946297	72.529508912	5.79461490146
268	90.2161030688	77.1432037539	3.17437013958
269	86.5589662086	81.7793479242	3.41628018475
270	62.1495563053	87.7429489928	3.11921559986
271	59.8486918923	97.1246604818	3.29705875766
272	26.0637257645	9.58748700454	3.50977270779
273	57.2282483873	11.3605761762	2.27347098765
274	21.1422473528	30.7941996926	3.74219379531
275	21.3571276748	36.0340129101	3.59614755327
276	11.3084871423	38.9692655382	3.14170111306
277	63.3601717632	46.4740881017	5.4318772306
278	39.3086396648	50.5449316695	3.95992350822
279	46.9679566625	61.9109576049	4.45731568221
280	100.46741201	63.6952584852	3.18426645962
281	77.6981093861	79.9854734709	4.59303741273
282	21.4679659004	80.659548753	2.88411893246
283	32.9766051225	85.7232087312	3.07935790841
284	88.8865472033	86.0200359991	3.026178917
285	74.4816273307	88.315983278	3.461754534
286	77.144903287	93.0557217783	3.00091563317
287	54.3121117752	18.3583865774	3.96176482666
288	35.690528257	45.4550815626	4.40794881318
289	11.9756123357	45.4799434354	2.97008396704
290	94.8918365501	46.2227116143	3.34496437087
291	94.859554306	53.9525099368	3.61508237049
292	27.2291711541	61.4920542841	4.75942513346
293	96.611637143	74.9429387089	3.54639209385
294	31.9272677798	77.8355697303	4.92806310057
295	57.2190719555	82.692602277	4.71686572811
296	50.7439749541	91.3194082032	3.74275000847
297	16.2706661121	16.4684179143	3.64271533568
298	64.1167365079	26.8552320776	4.29347464146
299	75.6094686913	28.1343301062	5.0956363132
300	83.9659597104	27.6274774568	3.87517359723
301	70.5123393198	34.2214793262	4.98758259499
302	25.4659865464	55.9034701548	3.63347343454
303	28.1382324785	75.3071099453	4.16371553744
304	74.3936790797	83.7004201046	4.23481337273
305	66.6542803152	95.9476371006	3.47879007118
306	49.8438011293	11.1752102188	3.63302449036
307	43.6162219344	17.182219006	3.89422219219
308	64.0782924982	22.2399908261	3.89088514094
309	23.0665114278	44.2386368827	4.4815516837
310	71.2607703688	48.116573124	5.28990569196
311	101.441876945	53.932864765	3.36900642868
312	74.1688416618	66.9937371088	5.61115453008
313	32.5746567057	71.6097817039	4.93263487937
314	23.2524817992	73.1696706117	3.50108915942
315	29.3798602846	81.7904001965	4.10557591211
316	66.9130867856	39.0202713073	4.47488695855
317	86.7571558424	42.1476834228	3.95819917045
318	82.1144223141	50.1250609256	5.6577674886
319	29.4599657024	59.1811856648	4.89348806749
320	33.8573169674	63.006362977	4.64745191352
321	62.7369158961	66.8499513935	5.60423515281
322	19.5087822545	75.3588863133	4.23124289746
323	49.5005968186	75.8328189161	5.23213628695
324	35.6781025126	15.0181024134	3.48952558302
325	37.9141780181	17.7791635751	4.2935989965
326	85.4340705386	23.7631696345	4.97551961212
327	43.6238083174	34.7991571104	5.07529434792
328	78.6956636773	35.1295131035	4.61153556999
329	25.0698702327	40.8882593027	4.78904790356
330	36.7969018544	68.3167077721	5.86388951088
331	68.4394776604	84.2200417094	5.24034117726
332	68.7388571658	90.3213282491	4.20873112943
333	59.2961060825	91.7483753971	4.52069032477
334	31.0525386017	19.1013660758	4.66428799952
335	11.8528894869	26.0345044395	4.65143883778
336	52.4512466239	25.9804403032	5.5243435964
337	23.1266085801	28.1846260831	4.32891446236
338	54.0367426783	34.0155035277	5.18976738577
339	89.9452904823	38.1840697797	4.57930294404
340	78.3240209064	44.5706426372	6.18934313239
341	35.0199609094	56.8180115304	6.05217557558
342	31.2496792015	66.56278295	5.63234884119
343	90.3814518122	68.9957466386	4.2959755243
344	38.9852899868	74.4072941732	5.69982984484
345	73.7078774254	75.7024368056	5.73970148626
346	92.3999471774	81.4216420697	4.11503333692
347	37.5765070881	40.6420129505	6.10413686378
348	14.9618998246	42.0972851114	5.08456037284
349	89.4519540674	55.7656684629	5.18681898982
350	76.5262595727	56.3102298707	7.65069228995
351	70.1741695716	60.2975173372	9.43122381644
352	43.6757118235	78.9061719492	5.33695615712
353	26.4469224566	85.2039234287	4.81954990875
354	39.3556015654	87.9674234647	4.87201120975
355	70.6460645251	94.5700918988	4.56684082536
356	25.9897860203	24.5880737281	5.32063148341
357	96.35181916	37.2664609855	4.92918462396
358	71.9414746167	39.9088904607	6.94404320637
359	56.6499714256	49.2761812371	6.8077157998
360	85.3812425713	55.9374193519	4.88254017326
361	87.0738037149	62.8663130362	7.49077292493
362	43.7869355667	71.8422194273	7.39368445382
363	53.6946164643	79.568977674	6.93822428778
364	48.6891194586	82.1382503778	5.55597093035
365	22.7784124862	12.7609203865	4.73783812421
366	81.2192509102	40.8201021145	6.52274538912
367	32.8850558702	89.8095878791	4.98468658315
368	38.180709309	32.7192387759	5.50403166975
369	62.6797682281	34.3551269013	6.44324302147
370	88.292542844	34.7393741533	6.22661677305
371	92.5656818422	46.9523219703	6.66297215166
372	34.9681576889	50.4263549721	6.97213668914
373	22.302852455	55.3041371595	5.17953848403
374	55.3867200446	57.5078196899	7.94780852771
375	49.4254618807	69.6602543618	7.74593721364
376	62.3711584725	14.7490665762	5.15582366929
377	41.5789145755	21.2340766071	6.25518556433
378	59.9135212482	20.9514458864	6.13277265217
379	27.8294799316	36.9828680243	6.21075038452
380	98.3674162053	43.5496281994	5.36250600185
381	18.1082199137	61.0182784553	5.41068346557
382	23.9925127989	67.3597394026	6.53105537177
383	85.6153486342	72.8885605103	5.80920254128
384	25.9381788819	78.4292294742	6.30863562614
385	44.8048119481	89.3014387101	6.25917081355
386	73.8972261086	18.7575412737	6.49945469034
387	28.0533539032	29.0105451115	6.17865873886
388	28.1214714798	32.1745088092	6.11851600119
389	16.0738611284	47.2177048692	5.24297674688
390	71.1794030081	65.6740471588	8.64243946546
391	55.2833876027	72.2527832302	7.95247214108
392	36.9087101635	10.467549109	6.07625269886
393	35.2398412873	23.7960046573	6.65048681191
394	31.7621677085	26.0010896588	6.28613368084
395	46.5668441864	27.0484242583	5.55951227713
396	75.5938612428	40.7751641303	6.79302192464
397	88.1245885703	49.5735344621	6.37559635994
398	18.3354825442	54.5180395028	6.32609698983
399	92.4990369284	62.9901105973	6.91358072549
400	88.9165199334	75.4332575838	6.3172725505
401	63.6040012609	81.9388930836	7.89683521823
402	42.3274496627	82.9691871479	6.74648699432
403	72.937726107	88.1403289325	6.7786665398
404	45.7880948189	94.4697062068	5.67023967241
405	59.1344093647	26.7971780081	6.95150083273
406	75.1660484397	35.4243919025	7.85222136874
407	14.2602155631	36.4857776168	5.96740838273
408	18.3739891922	40.1128627907	6.44918205619
409	57.9116003234	43.720863859	8.13341248294
410	84.1145293786	66.5419113005	7.6496773551
411	66.6032831506	76.8774104422	7.34152942689
412	78.3283181068	85.0109071699	7.32721996106
413	80.1130370092	90.2232354422	5.76092339709
414	98.8398009194	49.4568788881	6.34800288217
415	49.8409131797	52.0812125157	10.0555273737
416	43.6305794506	52.2183953691	8.37295311972
417	61.5884073371	56.6769060136	9.15601700539
418	41.4103971539	60.3011244554	7.84361167606
419	23.3601042314	60.9264927321	6.70365217766
420	39.0603455336	65.9306279591	8.34583898754
421	18.5753531401	67.9505979749	6.27993173405
422	56.0422703681	89.3392262286	8.46125879973
423	70.1877398094	26.8427514751	7.20492228701
424	63.0627040163	29.6550198552	8.43219607527
425	14.9441669194	30.9437192431	6.87904649109
426	49.0216002621	32.7347500103	7.29082349946
427	92.5577230529	33.3019040832	6.79247441037
428	78.1313293953	63.3932812914	8.67147332022
429	77.3519210006	70.3809514102	8.69524852904
430	86.1226459758	79.5689260963	7.43686246221
431	42.7393718125	13.2797023614	6.56402384127
432	51.4536173304	15.4849105623	6.95476237136
433	17.4172123769	21.5688952049	7.3322608149
434	79.5507908485	27.5821098538	8.18497309036
435	35.0803872386	30.296208197	7.50628781992
436	48.5624547276	38.6698609313	8.28263948247
437	89.440962191	40.8339837704	7.86161924223
438	27.272536551	49.9209895015	7.43098438705
439	18.8376702331	49.9379235768	7.06059554209
440	98.95413371	57.571215416	6.66910721607
441	61.8724971131	86.0158412071	7.49078629318
442	73.9562129566	23.8588840555	7.82063000163
443	66.8441459366	32.5678382398	8.07385077914
444	31.8300482259	34.439886885	7.64069719002
445	52.1843362938	67.0861119354	9.63988318684
446	70.68117604	71.3066886287	8.52617170431
447	82.16881377	76.0499100027	8.00436410666
448	59.6512253055	77.521342218	8.88498565772
449	53.9039922183	95.6051375319	6.92495420527
450	32.0089659458	11.5890455117	7.11755477851
451	49.2936421513	22.537345293	7.64262309273
452	56.3031579979	23.0538405395	8.51307575422
453	43.6888106425	41.7588716333	8.21384737923
454	69.7332848404	45.3320913634	9.15978875878
455	29.8487402742	44.7917058536	8.63355387475
456	19.8901209304	45.0649969268	7.755567601
457	35.020334561	45.736647942	9.06387057889
458	84.1648590681	47.4364122277	8.63077869769
459	67.5553589331	48.1098300288	9.15334590186
460	92.4695898396	55.9172986402	8.85132926378
461	66.399162803	66.3248386044	10.3984421665
462	29.6621228536	67.6862957337	8.48137788812
463	94.6799111375	74.9829493165	6.85606378906
464	37.8298927014	77.8940537166	8.30897952375
465	82.4066370497	81.6503787961	8.18026314877
466	37.3224266803	84.1809844931	8.43878702604
467	86.34864552	86.3842343996	6.77165874113
468	42.8636618606	25.8854899761	8.23752364284
469	67.3025220486	38.0654609053	9.06030669255
470	79.710134032	51.9272703742	9.31304297519
471	31.3537731938	55.2672134578	8.78975635698
472	96.2394169423	69.0841979509	7.43927976287
473	33.0638342694	81.9603156024	8.81076028448
474	46.2840586848	87.6949139916	8.95785212759
475	22.891960751	17.9515323895	8.40135042018
476	38.6105157576	28.3982898213	8.49508954425
477	71.7292443301	31.7688901103	11.0970937712
478	58.0125308824	33.5896039899	9.69535251889
479	80.2770874728	34.0930683306	8.3302801552
480	52.9949520108	42.3422305131	10.3011158206
481	72.3143064202	52.330175047	10.6436771979
482	97.2350987014	64.5269271634	7.9668419365
483	90.1528092603	69.7933979797	8.64211076518
484	56.3985572523	84.3033728844	9.6459218772
485	75.4762981265	91.8253853479	7.88657624636
486	40.9302827493	92.5396316231	8.56745870711
487	80.5774191261	22.6128735032	8.32759337989
488	19.3758502634	33.7015059029	8.32851775833
489	61.9507127529	70.032214873	10.2763673255
490	72.589901843	79.9467431844	8.9386157801
491	51.2317229258	88.0556782541	9.43995074032
492	66.6263927157	88.3253333493	9.22731111985
493	63.5568412018	94.3337315421	8.38576675033
494	58.3329626313	17.4665922646	8.75824002764
495	65.8477035393	18.72290377	8.97721274562
496	20.7859682814	26.2228933019	9.16353396263
497	62.7327719367	64.8963503223	11.7334129724
498	28.0866466589	15.9495518759	9.25005886875
499	55.0547014709	29.147341392	10.0201928704
500	22.1088865034	36.3348346125	8.68652597018
501	33.7229750851	39.7953228681	8.9410350817
502	94.891975662	40.3825679474	8.86102742556
503	83.6217424596	41.3296251661	9.99112902867
504	65.7403209325	42.1080370939	9.51774627588
505	48.7550442985	46.3856673599	10.2565161601
506	44.0916176882	59.1506934767	11.1062949314
507	45.0880373513	64.4143850824	10.4808246326
508	56.3126432993	66.2970079186	11.9197603173
509	33.7480656652	73.1014899765	9.41499757706
510	49.6415448301	76.015396167	10.1675354646
511	91.3781103119	79.5473295385	8.57207388687
512	35.3381130686	89.5167091475	9.03233343436
513	58.255812603	39.1613287859	10.7526976836
514	96.6214626578	45.7267263672	8.91734341536
515	86.4885528198	55.8437299734	10.5372398188
516	27.1897639144	72.2452655078	9.69515910685
517	44.5564002669	18.2506903714	9.09957610302
518	80.4272628316	57.8923754689	10.9908221804
519	26.5733335011	65.071947265	10.3166055026
520	77.0323720442	77.4558573159	10.0348756703
521	29.5057646546	85.1591394467	9.72668592693
522	34.5405481315	17.1663653375	9.89999778822
523	49.0568725198	32.5257938068	10.6697530916
524	23.4953794117	39.8658897128	9.26787687713
525	88.3481463833	44.6470673841	10.4050657938
526	76.4531563898	47.4212270434	11.3808015074
527	34.0385855466	60.2739086123	11.5657563017
528	31.7427194576	64.5907988485	11.1271908143
529	67.7161550989	25.1907323588	10.9257470989
530	83.5603199387	32.6537533088	10.2267915254
531	43.6729771633	37.370895578	10.7494664277
532	53.3535768345	38.6412272445	11.3153496758
533	85.8017242501	67.4173757869	9.88105660934
534	22.0885006138	72.9015371211	10.2158990481
535	24.2900246589	79.8100785419	9.56190821524
536	62.1461150065	25.1143873105	10.9160416308
537	23.7157227093	47.8518206016	9.94035726903
538	21.0591858587	56.3820100904	9.99776354396
539	92.8673440347	74.2564603386	10.2008844846
540	29.9829177989	76.2848449493	11.2583065266
541	66.7619929619	80.5681449014	11.9831416102
542	83.1997220247	86.4170637822	9.85789606667
543	68.6521517719	93.32440707	9.75242703581
544	24.8362214237	29.2818432336	10.0498694132
545	88.1563891047	30.5140449611	10.357289696
546	26.1366688783	33.2228763953	10.3137407765
547	37.7939008132	36.2856791566	10.9424801198
548	85.9552012298	37.8038643795	11.5871978595
549	59.0739123437	47.1155016957	11.1807702118
550	39.8981091518	56.1342633236	12.0524593657
551	28.1250804297	57.8255549028	11.4281980956
552	21.3508373505	64.6691464721	10.4516559727
553	70.5003824722	76.6810829801	12.604167935
554	27.6590653386	23.0039818994	10.3941341557
555	46.0890051157	26.9810975872	10.7115152601
556	61.2418088716	41.075034629	12.8431457316
557	63.7595766731	49.0909249994	12.2567840307
558	55.3172509412	53.9947743715	13.0901722872
559	48.8874840091	58.9436330716	12.8171875594
560	38.5956415795	61.7674312655	12.8812210817
561	35.8685240464	67.6443386574	11.6041409931
562	49.2404994293	82.4067471325	11.4391494526
563	77.891309495	82.8489535865	11.2995808681
564	72.2127415534	85.2631207109	11.1256566275
565	42.1437163117	86.1291166026	11.1780905121
566	67.3123026575	31.5396246574	11.6880458488
567	44.3635880809	31.6731752134	11.9414529556
568	52.5611909528	34.4682190146	10.9309414136
569	26.1309781312	41.8218497402	10.4211392126
570	89.5792841385	50.6771997649	11.9306377381
571	39.817367587	50.0093081116	12.3325828629
572	33.7081422015	50.6009595864	11.141067045
573	95.6292053894	51.1458228089	11.0200473556
574	68.0823195732	53.0532217053	13.0072554911
575	22.3537665686	60.1741615056	11.1778383945
576	50.5465816151	62.9493621879	13.220306991
577	58.0309495263	63.5423571604	13.6399443425
578	42.0019493975	75.9796259095	12.0892667558
579	44.4887074256	79.9875557881	12.2973561033
580	53.5034948891	20.437360119	11.4945225535
581	38.5070199003	21.171976382	10.5526389957
582	74.2198730268	21.3977235873	10.9639242035
583	34.0561533606	22.0838694767	10.7156250211
584	91.5055150365	36.6549472569	10.8809139896
585	95.906507401	59.7602073856	11.1626143147
586	80.2265050322	67.2995659061	12.6995628735
587	80.0261470773	71.5169105876	13.1076998877
588	88.8428897082	80.3865781699	11.203127641
589	59.8989245222	87.9913187957	12.1249538386
590	51.8240503524	93.4379251195	10.6650074291
591	58.3700557788	93.9316318545	10.8275672611
592	31.7874206709	26.9928485527	11.2778158811
593	83.3093823235	27.6783613802	12.1683108176
594	40.9456352394	44.0964194228	12.4828760372
595	53.9018740338	49.6651131497	13.2114339827
596	45.5429497142	53.789398319	12.0569546099
597	85.9429048399	72.7686569406	12.2150600085
598	34.6785521937	78.913560595	12.4255287751
599	82.0898461468	78.7785032404	11.6201093166
600	72.4079517676	91.1566167635	11.6082733375
601	48.3283576268	21.1952181056	11.3375085966
602	63.8730425716	35.5760312099	13.2245307394
603	27.8911222682	36.6384416659	11.2598950959
604	67.2768108768	59.9391207172	14.4301648456
605	31.3076566283	31.3046629061	11.8255383965
606	82.1108757806	60.8658340965	14.1431349929
607	38.7812846599	73.7759512086	12.4727919477
608	47.337202475	92.0500232374	12.0989646142
609	42.1303970059	24.194528763	11.9010536465
610	59.0599099531	32.5831743215	13.4570384729
611	75.958723747	36.2504510877	12.1341888146
612	92.9168094847	43.4381696163	12.5101098878
613	88.8912758419	67.7195154908	12.4713986438
614	65.637567421	75.0884713516	15.2581143261
615	41.4900873493	90.8892074418	12.1910230643
616	54.5247628715	26.1848269939	12.4392657781
617	74.1456326745	28.7744382185	13.431667256
618	78.1254212228	31.5640805374	12.6321200525
619	46.7654904207	42.6314581384	13.8773342893
620	35.5955865152	42.9192413216	12.959095475
621	82.5065201458	51.3671469528	13.6333413596
622	62.3510018848	53.2483237078	14.647292076
623	75.5912424446	60.6204575971	13.9544079019
624	94.0064742059	67.4383202083	11.9542554045
625	40.9800824693	67.3662494722	13.1578191346
626	73.0419025569	73.9038152157	14.079050582
627	77.2663376829	88.7187520761	12.0920792359
628	51.2623628038	28.4388357873	12.9520024112
629	29.6997340944	43.2252430087	13.2668676096
630	70.1684310698	44.114717518	13.9817167043
631	46.7037763685	75.0307848593	13.8451826262
632	37.7601665917	27.5501736614	12.4611980664
633	70.14652515	37.4688139102	12.9195272544
634	30.5919839626	37.4718561955	12.3866016909
635	30.3883987373	50.9314686567	12.7844559272
636	75.3333435635	66.4280630511	14.7620016421
637	55.4520681914	80.9858747488	14.0563820557
638	63.4334430416	92.4842818124	12.5753278469
639	68.5162880299	21.3351368377	12.4650304086
640	45.7026360308	48.838700984	14.5918146889
641	25.7920005373	50.3543123528	13.3040743343
642	51.1902009549	77.9675811478	14.1854500252
643	60.6760576738	79.4735293199	14.5357528101
644	35.870956458	87.6769567874	13.1479402569
645	77.7281335104	40.997376014	14.5721061026
646	46.37568207	69.0726471427	14.5599159215
647	65.6678938165	86.2711838469	13.6354539614
648	77.2016009357	24.8188961279	13.7706142568
649	80.5573343219	45.0171028176	14.6415376771
650	37.7983177472	56.9874042147	15.5261385585
651	57.2382774157	59.0110136488	16.7902996593
652	62.2818540333	60.065138569	15.7034015089
653	39.2483491216	81.6390159201	14.0440151289
654	82.2349648435	85.5983400608	12.7552554925
655	35.1970597523	33.1760388136	13.2449700835
656	76.5368025939	52.5755546459	15.9070427807
657	53.4553973167	58.9686948025	16.250094907
658	92.9603444962	62.8850351953	14.09725286
659	59.2354962805	73.3035676202	16.0908152083
660	91.0776814094	73.6928005839	13.5211276072
661	30.9822346783	84.1873940415	13.5123375138
662	88.5163390546	58.854475471	14.4113231283
663	72.7199622846	69.3411565356	16.290746974
664	42.5532330252	72.2930221897	15.1333720329
665	55.8049912894	75.8573493988	16.0429157992
666	27.4335554167	78.8515181197	14.0194014865
667	89.8593437793	40.2403056466	15.021236281
668	65.6236997823	41.2215518775	15.4635213917
669	31.036477955	60.5965221898	15.2056636992
670	77.5456206478	62.1842813969	16.8170381902
671	31.2711422157	70.3254386902	14.4728848693
672	75.9527752544	79.5137074813	15.8953221205
673	45.9945550588	84.8928956989	14.4862287935
674	55.4390182844	86.1333860797	15.4908757481
675	52.0532484688	35.2396269161	14.6247800827
676	39.9994370623	39.063066361	15.1372661745
677	72.7457921791	48.4183160298	15.6327746222
678	25.54766668	55.6659615027	14.8590853006
679	84.9310611767	81.1296104486	14.8420715335
680	60.1104756403	22.4366914613	13.8497127229
681	42.5596629423	28.7020852358	14.636611537
682	87.2506232036	34.2016101486	14.6787100078
683	82.3075794645	38.6723077756	15.4618524651
684	85.3896426662	45.4042196964	15.7056274026
685	93.3763904407	52.2197761928	15.0054697358
686	80.3034869753	75.7942477565	15.5863358599
687	65.120598301	29.4272469634	14.8712113703
688	56.9466839157	37.2752981069	16.3748753922
689	33.493192266	40.0445971797	15.401784447
690	49.0139653937	40.1258205433	15.5406927867
691	86.5534903117	62.8967713586	15.7248114109
692	50.8219363021	73.7263545197	15.5969318116
693	63.8893143445	46.5928061439	16.1358880542
694	50.2290528234	46.1425127225	16.3738260072
695	56.5688395652	46.6633749459	16.3780473015
696	86.3504978132	51.7331259025	16.2211999682
697	78.81822228	55.2183230857	16.2997222039
698	25.1581053392	68.7097674751	14.6911311744
699	63.4870171717	72.0373002879	17.636457478
700	51.5618763244	85.3145554805	15.401504882
701	47.5404307334	34.4825595517	16.2234189399
702	43.3710954561	55.8071686013	17.4069163524
703	25.1125172523	62.8049022023	15.2741044463
704	66.6980419724	69.2966314693	17.8593741593
705	35.5364622887	73.4410897469	16.1087367176
706	70.3210551362	82.2544260095	16.3211728427
707	67.9641762157	90.6515559631	15.1679419874
708	50.6449423921	24.9629874854	15.2830373032
709	56.3690291426	31.2830578911	16.5111239378
710	39.1530539837	51.3135858589	16.6155552491
711	88.1130470316	75.3728035189	15.5213601927
712	51.8786161512	90.9675714548	16.07461471
713	72.7205933557	43.0306391748	16.8640937138
714	73.5989828362	57.4552457878	17.9488831769
715	92.5562438869	59.5580108823	16.3877111001
716	61.1804442862	83.3955609558	17.5070975508
717	78.3661505771	85.9838326105	15.8152665307
718	71.40759338	24.9953785809	16.1428622772
719	62.5287692375	31.3640736189	17.051204417
720	70.3404588365	37.2186834553	16.8801595003
721	84.0020900153	68.9197253459	16.3502236206
722	91.1613885386	68.8520022691	16.3180588755
723	55.691346516	71.0354354135	18.014459659
724	37.3992156127	46.7089516785	17.4197873283
725	33.7916064821	54.7708806047	17.0055211278
726	44.1426884285	61.2981499793	18.0001503698
727	50.2285398051	68.5042135851	18.2733289757
728	33.5333827182	82.7444566144	16.3677372319
729	39.2319420612	87.1102260906	16.385727938
730	44.6853193042	89.388925601	16.401945247
731	64.6104393862	23.958768603	16.1307353272
732	39.171256176	33.8596611225	16.2219846124
733	61.7081523831	38.0419151654	17.74559937
734	30.9718065944	46.9366193386	16.9162290764
735	39.1699101769	67.6543488566	16.9465783708
736	61.9446803479	90.5206547079	16.5658540666
737	55.0107861557	41.8291106016	17.9396601654
738	75.5039855812	47.8803269759	18.0382946458
739	46.8998666495	55.9883473286	18.763923804
740	71.9865638855	88.4052659078	16.8369226544
741	57.4648026554	90.6428287955	16.7637809622
742	68.5394924301	31.844185016	17.3483020109
743	49.1544204458	53.8561638311	19.6775195709
744	83.9420219866	56.2089298942	18.5403441597
745	34.0166806965	68.5560618775	17.442821087
746	27.3509818626	72.5875786019	16.913353152
747	80.7061107905	31.1812075362	17.392328389
748	73.7887530561	34.5228602055	18.4187523698
749	43.5275558831	41.561624262	18.4366583069
750	89.8134463546	44.9663211252	17.4282574865
751	71.301643334	63.4485892078	19.7371105414
752	44.8000317422	64.7865177525	19.3155853623
753	69.1090711527	49.0601509769	19.6769908067
754	58.1767429866	52.2830140219	19.0135062351
755	69.4471808989	54.8486585702	19.8372483655
756	90.9201075676	55.4994855422	18.318343808
757	54.3590055941	67.860364098	20.2538878258
758	77.2381875917	37.0710648529	17.4594114367
759	31.1530864712	77.601574235	17.7435047975
760	41.8591887248	76.8146837059	18.3734478217
761	45.0806850069	48.5877268687	18.9498522094
762	80.7277119067	67.6175859162	19.3689996005
763	46.7228489431	70.8801945089	18.832436317
764	48.7485177436	29.3136395511	18.4683191512
765	85.8645148233	36.1616484674	17.4162317137
766	52.5761998528	51.4865631308	20.3982662994
767	29.9995612482	53.2890813716	19.2784006048
768	61.2943547371	67.8384896888	20.1173184415
769	76.6627447255	74.2787461688	19.5591206912
770	48.8513344547	79.1917896296	19.284272425
771	60.7666094691	26.9367594793	18.8391758973
772	80.7239185249	49.9887668742	20.2232340726
773	28.3100014712	64.5893876149	18.6812910439
774	65.275181792	80.3209294155	19.7642748637
775	45.2871989001	32.0604424053	19.186620541
776	28.3337343629	58.1919169503	19.0823396332
777	35.7184739732	63.1129410355	18.9394605565
778	59.7522357778	64.0528632516	20.5399621424
779	85.7572676596	74.3020596219	18.4450672245
780	53.7309901662	79.8602957571	19.8984518242
781	37.4346014946	39.1776344874	19.5255348292
782	66.6956864114	42.652362181	19.7442016461
783	60.6523182995	57.2693077877	21.6825420288
784	53.5610055104	64.601548128	20.4546542643
785	35.8544077724	80.3994936787	19.1640886726
786	40.5840870712	84.7110318617	19.2316628506
787	65.6170857408	87.8567502484	19.3045025663
788	68.2854361477	27.8036510684	19.4222667788
789	74.8959724975	29.5036627543	19.5149954955
790	89.483870469	49.7374450139	19.1174299543
791	37.4984158006	54.3886389959	20.2443274578
792	88.9297785879	67.1740191539	18.7830622708
793	45.0143857238	75.1092937435	20.4410717757
794	76.0755366622	83.8905368472	19.2019231449
795	54.0622230728	28.6948493431	19.7380347749
796	53.533893749	37.3365170759	20.7062094163
797	34.1504468898	45.0166025689	19.5232797913
798	50.4700032559	45.3234677476	20.5720170552
799	62.4256325255	45.7319719172	21.0102824528
800	66.6905227603	51.5455278507	21.1450974122
801	68.7436440882	76.1269217857	21.3183420386
802	81.5093177094	79.836948767	18.7990566938
803	46.5654151819	86.5166943083	19.8639799344
804	58.5399226547	34.3279679376	20.1798790965
805	66.1527720674	35.2651530081	20.4928986424
806	85.6760040064	39.8392709156	19.4988189137
807	63.5044692208	54.7771844928	22.0420301394
808	50.7763244201	60.7658495208	20.3035527498
809	60.1177600901	87.5992886085	20.3950406753
810	41.0583819389	48.6306883359	20.9423558062
811	47.8619387123	61.3988358062	20.9200668743
812	68.0839279989	66.0959777475	20.7133461547
813	80.7409938442	35.6383074712	20.4701203004
814	81.1322589613	59.8012607813	20.8441848966
815	41.7423124694	69.8635550745	20.9818150936
816	71.2907103199	72.9221698765	22.1480819304
817	52.7925785052	87.6399074784	20.3540121386
818	42.5402660669	36.127936449	20.6608663893
819	50.466117696	40.7001278335	21.7441543388
820	77.9492415158	44.8062026464	21.082743209
821	65.9089933376	61.3289648167	22.2454068262
822	45.4154239914	44.3882639419	21.5314767277
823	70.844648566	40.5348345837	22.2470473261
824	57.1654387353	44.806008654	20.9645113905
825	41.0869281176	63.7256658312	22.2039836978
826	76.995294626	66.6256368863	21.4616384383
827	60.9082008503	77.7654132647	21.5165944069
828	68.7478193499	85.4508913938	21.071401541
829	58.4422469817	49.9933009046	22.6680195514
830	51.6014232197	57.7869204207	23.0392927184
831	32.7126620156	73.286697981	21.0108611914
832	57.2071645111	60.8370076655	23.2777308352
833	88.1155184154	62.0138585248	21.3370798146
834	81.2323058754	75.3559863728	21.8528893937
835	36.6508748662	76.1864609257	21.9731770238
836	72.9602300858	83.2747565878	21.3962739403
837	33.8963949537	51.4386587585	21.9882108854
838	40.6106857518	59.5386264724	22.3045719791
839	30.4584593851	62.678578164	21.2347538686
840	85.5960225804	67.1196754563	22.0030346657
841	50.8379584427	72.7604545935	23.0327327512
842	38.702686969	42.5681555034	22.2975767478
843	86.5044548409	49.0568353999	22.1026773584
844	87.9686270698	55.8745961112	21.4116903549
845	73.5918643362	67.1303473158	23.5584818766
846	31.8515939229	67.6027177085	21.7307886699
847	59.8753483834	38.8214048794	22.744560511
848	83.422054688	42.4811125163	22.2060250439
849	55.7186190713	56.2597774351	23.5334391122
850	36.7828247021	70.8630161938	23.0336530873
851	44.9729386171	82.1673428151	22.3459368126
852	72.3746593092	32.1845592125	22.4435189538
853	83.1829781461	70.8627418682	23.1438294643
854	76.2493438279	78.9513893126	23.0827623202
855	41.0429663167	79.7257754208	22.6477372466
856	49.2248119491	34.6267569284	23.1566455921
857	60.2144703562	74.2291317036	23.7944196812
858	55.184377688	85.2960466693	22.4049077445
859	65.8701124444	31.2581379335	22.9461223726
860	43.9885033799	52.853602753	23.5139146652
861	75.3409314652	54.3804305381	23.8199916741
862	74.6267121069	60.2964319835	24.1289609427
863	45.6131300214	69.233014663	23.4908805671
864	56.0501104039	32.5141862902	23.633636906
865	55.2619482879	74.2183231924	23.9285212231
866	50.0470926119	83.837049295	23.1553878855
867	77.9150245356	37.5433232262	23.295469832
868	44.0214442009	38.5111102166	23.3794465276
869	62.7337484751	41.8782535818	24.3472211824
870	70.3096759788	45.4312601366	24.0119806799
871	73.1896383672	50.7336815179	24.3290704877
872	33.7183809998	58.2534364457	23.397465418
873	57.960270581	82.9810567624	24.2654359631
874	84.043669205	64.6474059289	23.9782208362
875	64.6224353681	83.9201963555	23.9397244575
876	37.4129250752	67.976828961	24.5611616165
877	65.2839777304	70.5074050618	25.1979742739
878	61.7265227959	32.4720951526	23.7872640997
879	48.9466581186	48.7269465984	24.6518742582
880	82.612324414	46.9710470912	24.9002062367
881	83.790991352	53.3290132202	24.7150967695
882	35.516333463	62.2377543195	24.8629412169
883	56.851171484	68.8980762872	25.8832817502
884	71.0050811184	80.3441192244	24.3738401166
885	70.9327343376	35.4506625411	25.0929708079
886	46.4049664658	40.4513915076	25.156946746
887	56.2302344319	45.5514398417	25.4731867075
888	37.3073283837	49.4122795981	24.3760198322
889	46.5972682812	56.5722326071	25.2037852939
890	79.3741110083	72.8655416829	24.6371621695
891	41.2243952286	73.9977129629	25.4218321029
892	68.0963061195	48.2633006121	25.691754192
893	83.0195947593	57.9474442772	25.6329531739
894	50.0132670654	64.1345878676	25.9254041287
895	41.6111248445	45.8646677193	25.7592799851
896	67.4699196857	55.9039151247	26.9028264864
897	45.9448892129	77.7237019469	25.486581476
898	51.1269027599	81.0211646587	25.3023777118
899	78.0791315319	42.7926601067	25.8695151032
900	60.4866369523	64.9537125805	27.3196179766
901	69.8667099629	65.7006327139	26.4294379412
902	74.9262046371	74.1831463055	25.952920579
903	60.3209529295	80.8686660543	26.0365296311
904	62.6698104116	49.8682592086	26.8811152682
905	78.2939603348	67.497926857	26.9287752875
906	64.4326843761	36.3289765425	26.705892838
907	74.798345985	39.9921185684	26.5256859601
908	52.650131404	53.2509912838	27.0160985888
909	67.5375874531	62.56891217	26.982271787
910	40.2253788929	65.4033471702	26.7158245814
911	58.1034319323	36.67167296	26.7161341193
912	52.2572383877	38.0736024224	26.5201679102
913	79.9830253999	48.6436510922	26.8919736296
914	39.8887762708	55.1696443478	26.9268284755
915	79.6306750267	62.7422993345	26.9954163342
916	48.0507039703	75.3925324138	27.0862657832
917	55.5706484623	77.6905145417	27.5375244048
918	68.7752863028	78.4288529396	26.558212353
919	47.1266388558	43.744841261	27.211737124
920	59.2330514245	54.292126587	27.7165357263
921	62.6768823881	59.2831162006	28.0077181653
922	78.0899231627	52.2702747167	27.9803932653
923	54.7803870019	60.6308600395	28.0111578015
924	69.2421774689	38.7518342459	27.5361677668
925	39.4384386141	59.75618412	27.2053354742
926	43.5013265625	69.5429812935	27.893409247
927	63.1400608029	78.1912147035	27.6610173303
928	70.4751626016	72.7181534286	28.4769528561
929	65.0847151949	74.8375723552	28.9048828295
930	53.4719003393	41.0387957572	28.0235797172
931	73.646449971	44.5238049028	28.1963378788
932	44.3265982145	50.6557163927	28.626070834
933	74.3452063295	71.4204765516	28.0018628116
934	49.8503528562	46.0209468054	29.1683557981
935	44.3206641457	60.404057099	29.0599090408
936	48.2211987547	70.6141418697	29.0495118134
937	66.560414559	41.9192415926	28.9722831479
938	59.7090438449	40.1266839432	28.940360196
939	75.5706283324	58.3639243224	29.5669240759
940	52.1756762488	72.9875528089	29.4073184731
941	46.555836973	64.7848795349	29.5562694265
942	73.7251189542	66.1617990013	29.6931363496
943	58.1693594653	72.7663151881	30.1203725481
944	72.7054410681	47.9780823492	29.6546261185
945	55.8753429335	44.1862914682	30.0940662671
946	74.8207077999	52.6039111919	30.1250629541
947	46.9247974903	54.4452819129	30.3482704052
948	63.3356420058	43.4133046992	30.0825163191
949	67.5203786257	46.6118755674	30.4707181525
950	68.4262194406	70.5194148333	30.2767422208
951	52.2646271921	67.67971013	30.9555473047
952	60.6175541077	46.0990153441	30.7769920489
953	51.9855596847	49.3447525924	30.9929921566
954	68.9233825977	50.8939280212	30.9691484191
955	49.5703934028	58.6382158683	30.8979774817
956	70.835919734	59.9634247726	31.3499079369
957	56.5708948077	51.1103117645	32.0017160382
958	70.7455805616	54.2069066894	31.3341698869
959	70.6678971676	66.2736911675	31.2443785349
960	62.3126600975	69.8803614235	31.1402299023
961	66.2532326244	65.9110523393	31.8932545334
962	51.0554087432	61.3491720902	31.8510814115
963	63.2063794038	49.1926479919	32.132381878
964	50.8647763943	54.2253108181	32.1221041923
965	65.9798254901	54.9092594768	32.663335235
966	55.0745282691	57.0105073737	32.5763365088
967	55.1923201587	64.512768788	32.3194362452
968	65.6860180195	61.1547697452	32.6389487304
969	60.2735211485	53.0367086382	32.8768777428
970	60.5273354305	63.6325630492	32.9743559153
971	60.2823327769	58.2965031436	33.07333191
