1	2	3	4	5	12	525	14	531	21	24	538	541	542	31	549	550	553	555	556	558	559	48	50	691	786	567	568	692	570	573	575	576	68	524	587	78	591	593	594	599	787	90	753	92	607	609	699	615	618	619	620	720	110	623	624	625	114	627	629	630	771	636	637	638	533	641	642	644	645	646	135	648	649	651	652	706	656	145	147	661	663	664	667	751	157	162	675	164	165	680	171	172	173	174	175	176	689	690	179	180	694	183	186	187	700	701	703	193	194	707	708	710	711	200	713	714	695	718	719	208	209	774	723	725	726	731	220	734	805	604	225	741	230	231	744	745	746	748	749	792	239	240	241	754	755	756	757	758	249	762	763	764	765	254	767	768	769	770	259	772	773	262	775	776	777	778	779	268	781	782	271	784	785	274	275	788	789	790	791	280	793	794	283	796	797	798	799	288	289	802	291	804	293	806	807	808	809	298	647	812	813	814	815	816	817	818	819	820	821	310	823	810	825	826	827	828	317	830	831	832	736	323	822	737	795	801	330	331	332	333	334	824	343	349	350	783	354	355	657	362	743	364	367	371	376	377	378	383	384	388	780	833	395	712	397	399	400	401	803	408	411	413	415	752	683	421	423	427	428	669	432	435	585	543	443	446	447	448	450	829	456	457	458	705	674	811	476	478	800	480	766	485	486	488	489	497	498	500	501	508	509	510
2	1	3	193
3	1	2	323	6	193	8	176	275
4	240	1	180	5
5	240	1	4	12
6	3	323	7	8	275	221
7	176	275	11	221	6
8	193	3	6	10	332	15	401	323	311	221
9	332	10	180	13
10	448	193	420	8	9	332	13	15	401	18	19	180	311	312	447
11	176	7	333	16	275	276	186	221
12	1	5	231	334	240	17	24	25
13	448	9	10	299	300	397	240	17	18	180	312	332	26
14	1	289	16	21	23	186	349
15	8	10	210	19	311	221
16	276	11	333	14	349	20	23	250	186	251	29
17	300	12	13	334	240	25
18	10	13	19	312	26	27
19	290	420	10	18	15	210	311	312	27	28
20	201	16	276	22	250	222
21	1	291	33	289	14	31
22	387	201	436	210	20	30	409	276	221	222
23	289	202	14	349	16	250	186	251	29
24	1	187	12	231
25	256	34	231	300	12	386	334	240	17	26	255	223
26	39	299	300	13	18	211	312	25	27	223
27	290	35	36	211	299	344	18	19	312	26	28	459
28	257	290	35	301	210	19	277	344	27
29	32	224	324	42	16	402	23	250	251	202
30	387	232	201	301	210	22
31	1	194	291	21
32	224	37	201	203	402	250	379	29	222
33	289	194	291	202	43	21
34	231	41	334	278	25	350	255
35	344	36	27	28	257
36	257	258	35	44	45	211	52	344	27
37	32	232	201	203	47	55
38	257	260	232	301	45	47	53	313	410
39	211	40	44	335	51	54	26	223
40	256	39	46	51	278	279	255	223
41	34	195	388	231	450	46	336	259	213	278	56	187	350
42	224	324	390	380	202	204	49	59	252	29
43	33	194	355	390	202	381	48	49	212	280	411	61
44	258	36	389	39	302	335	211	52	54	281	282
45	257	258	36	38	302	52	53	260	62
46	40	41	336	51	213	278	279	60
47	37	38	232	53	55	57	313
48	280	1	194	43
49	390	380	42	43	381	212	59	252	202
50	56	1	187	259	241
51	39	40	412	205	46	335	213	54	279	281	60	223
52	258	36	44	45	302	54	282	62
53	260	38	45	47	502	313	57	314	463	410	62	63
54	69	39	44	205	206	335	51	52	281	282	62
55	65	66	37	325	232	203	429	47	242	313	57	58	63
56	480	67	388	261	259	41	241	50	195	187	413
57	66	47	53	55	313	63
58	65	292	70	233	203	204	370	242	55	59	351
59	233	42	204	49	58	252
60	74	205	46	51	213	214	279	345	234
61	225	196	43	81	371	212	280
62	260	75	45	206	79	302	52	53	54	282	207	314	63
63	513	66	325	76	226	79	482	242	429	53	502	55	57	314	207	540	313	62
64	67	261	234	195	213	346
65	66	292	70	72	233	242	55	58
66	65	226	72	76	242	55	57	63
67	64	195	261	262	71	77	304	241	56	346	413
68	1	241	262	71
69	235	214	326	75	205	206	83	54	87
70	65	292	72	233	80	85	58	284	351
71	67	68	262	77	304	241
72	65	66	292	70	76	226	242	85	284
73	97	196	294	233	236	356	303	82	89	431	252	382
74	96	263	86	243	234	235	337	83	214	60
75	69	326	391	206	207	181	87	91	253	62
76	66	72	226	98	79	85	88	63
77	67	71	392	304	84	86	346	95
78	1	293	225	81	283	92
79	513	98	451	76	226	207	237	578	405	502	88	314	539	540	62	63
80	292	70	233	236	398	305	82	85	284	93	351
81	225	196	293	78	303	399	89	283	61	94
82	80	73	236	305	97
83	96	100	69	326	74	235	243	87	357
84	304	268	77	262	95
85	98	451	292	70	72	76	226	238	80	372	284	93
86	101	103	392	234	263	77	304	346	315	74	95
87	100	69	326	104	339	75	83	91	253	357
88	98	99	76	237	207	405	79
89	97	294	73	303	81	466	244	373	94
90	1	268	262
91	99	407	104	75	108	111	339	181	87	452	347	207	316	253
92	1	110	78	293
93	102	105	109	238	80	305	306	85	284
94	293	107	303	81	244	373	89	399	383
95	227	262	103	488	423	268	77	304	84	86	315
96	100	101	358	263	74	338	83	243
97	102	294	73	236	305	82	89
98	530	405	545	546	177	563	571	451	76	79	596	85	88	733	226	99	742	359	360	106	237	238	372	341
99	98	295	108	237	207	177	181	88	91	316	341
100	96	416	101	358	243	104	339	327	113	338	83	245	87	357
101	96	100	406	263	103	269	338	245	86	474	315	348
102	97	294	105	189	305	306	340	188	93
103	227	101	269	112	115	245	86	120	315	348	95
104	100	327	111	113	339	246	87	91	318
105	189	306	93	102	109
106	98	359	360	109	238	177	307	341	215
107	293	110	271	244	182	119	116	94	383
108	99	295	111	177	117	247	121	122	91	316	181
109	296	105	106	306	238	189	433	297	307	118	215	124	93
110	1	293	107	271	119	92	383
111	347	104	108	339	117	246	247	91	316
112	384	129	227	103	265	268	269	432	114	183	120	348	317
113	100	327	104	270	264	115	245	246	318	127
114	112	1	268	317	183
115	103	270	113	245	342	120	348	126
116	361	266	107	244	182	123	188
117	197	454	137	363	108	111	285	246	247	121	125
118	130	296	297	109	123	124	189
119	107	110	271	182	249	383
120	129	103	265	112	115	245	342	348	126	191
121	131	295	137	108	117	247	122	285
122	131	132	295	328	108	177	121	285	190
123	130	296	361	266	116	118	248	188	189
124	128	130	297	138	109	118	215
125	137	117	246	197
126	134	264	329	267	270	115	342	120	191
127	197	136	267	113	318	246	264
128	198	297	138	215	124	190
129	384	208	135	265	362	112	183	120	191
130	296	297	138	248	118	216	123	124	286	319
131	320	321	132	455	137	142	352	121	122	285
132	320	131	455	328	142	143	144	177	122	285	190
133	266	395	147	148	182	216	249	254
134	136	329	267	140	126	191
135	1	129	362	208	145	183
136	267	197	134	329	426	139	140	366	217	287	127
137	352	321	131	197	139	142	285	375	117	217	121	363	125	149
138	128	130	198	297	322	477	146	495	444	124	445	286	319
139	197	136	137	149	153	217
140	134	136	329	267	217	154	287	218	191
141	208	218	367	150	191
142	320	321	131	132	137	143	352	149	151	228
143	144	320	132	142	151
144	320	353	132	198	143	308	309	151	155	477	190
145	208	1	135
146	322	198	138	308	152	219	286
147	1	249	133	254	157
148	133	364	239	286	158	216	219	254
149	192	321	228	229	385	137	139	396	142	272	153	217
150	162	330	141	367	208	218	156	191
151	320	161	228	353	369	142	143	144	273	309	184	155	159
152	219	198	199	146	308	155
153	160	368	139	272	178	149	217
154	354	163	456	220	331	140	368	178	217	218	156	446	287
155	161	198	199	144	308	309	151	152
156	162	330	331	150	218	220	154
157	1	147	254	239
158	164	199	298	239	148	376	219
159	228	229	167	273	151	184	185
160	192	354	163	168	457	428	272	178	310	153
161	288	376	166	199	209	435	309	151	184	378	155
162	1	220	330	331	208	150	156
163	160	354	168	200	178	310	154	220
164	288	1	165	199	298	171	239	376	158
165	1	164	239
166	288	161	169	172	209	184	378
167	230	169	170	273	274	343	184	185	378	377	159
168	160	192	163	200	170	179	310
169	166	230	167	209	184	378
170	192	230	167	168	174	274	179	310	185
171	288	1	172	164
172	288	1	171	166	209
173	200	1	179
174	1	230	170	175	274	179
175	1	230	174	209
176	1	3	7	11	333	275	186
177	98	99	132	295	328	106	108	462	360	419	341	215	122	285	190
178	160	368	354	163	456	457	272	217	153	154	220	287
179	1	168	170	173	174	200	274	310
180	1	4	193	9	10	332	13	240
181	99	452	75	108	237	207	407	461	91	316	253
182	443	133	361	266	107	271	400	244	119	116	249	188	383
183	384	1	135	129	362	112	114	317
184	161	166	167	169	273	435	309	151	378	509	159
185	192	229	167	170	273	274	343	377	159
186	1	11	333	14	16	23	176	349
187	1	259	388	231	41	56	50	24	350
188	473	294	102	296	340	266	244	373	182	361	248	116	123	189	469
189	102	296	105	109	306	340	118	248	123	188
190	128	353	132	198	328	297	394	144	177	215	122
191	129	342	134	265	362	140	141	367	208	150	329	120	218	476	126
192	160	229	168	170	428	272	274	149	310	377	185	508
193	1	2	3	8	10	332	323	180
194	1	291	33	202	43	48	355	280	31
195	64	480	67	388	261	41	336	259	213	439	56
196	225	356	73	303	81	371	212	501	283	252	61	415
197	267	454	136	137	139	366	117	246	375	217	363	125	318	127
198	128	353	322	297	138	445	144	146	308	495	152	477	155	444	394	190
199	288	161	219	164	524	376	435	308	309	152	155	158
200	1	354	163	168	173	179	310	220
201	32	387	37	487	232	203	20	222	22	535	409	379	30	325
202	33	194	291	324	421	390	289	42	43	49	355	23	251	380	29
203	32	224	37	232	201	204	370	242	55	58	379	325
204	224	390	233	42	203	370	511	440	380	58	59	252	351
205	483	69	438	412	206	51	404	430	214	279	281	54	60	345
206	214	69	326	391	75	205	207	404	414	54	281	282	62
207	99	517	391	314	75	492	237	206	79	461	472	302	404	181	414	88	282	91	253	62	63
208	1	162	135	129	330	141	367	145	150	218	362	191
209	288	1	230	166	161	169	172	175	378
210	290	387	420	460	301	15	19	436	277	22	311	28	221	30
211	258	459	36	389	39	552	299	44	335	560	437	344	26	27	223
212	196	43	381	49	371	501	280	356	411	252	61
213	64	441	195	261	41	234	439	46	336	51	278	279	345	60
214	483	69	326	412	234	235	205	206	337	404	430	345	442	60	74
215	128	360	419	328	297	106	109	177	307	393	124	394	190
216	130	133	489	266	395	364	148	286	374	248	478	254	319
217	321	396	197	136	137	426	139	140	366	272	368	178	149	375	153	154	507	490	287
218	329	330	331	140	141	367	208	150	154	287	156	446	191
219	322	199	298	427	364	239	376	146	148	286	478	152	308	158
220	1	162	163	200	331	354	178	154	156
221	497	323	6	7	8	11	525	15	401	210	275	276	22	311	408	436
222	32	487	201	402	20	22	409	276	250	379
223	256	386	211	39	40	299	300	335	51	437	279	25	26	479
224	32	324	42	203	204	402	370	499	379	380	29
225	1	196	78	81	371	280	283	61	415
226	66	451	292	72	76	98	79	465	242	85	482	540	63
227	432	103	488	268	269	112	315	317	95
228	320	321	229	369	496	523	365	142	385	273	149	352	151	159
229	192	385	228	485	365	272	273	149	377	185	508	159
230	1	167	169	170	174	175	209	274	343	378
231	1	34	41	12	334	24	25	187	350	255
232	387	37	38	201	203	301	47	403	55	313	410	379	30	325
233	65	356	70	73	204	398	80	236	471	440	58	59	252	382	351
234	64	86	422	263	392	74	337	213	214	441	345	346	60	261
235	69	326	243	74	337	83	214	442	357
236	97	356	294	73	398	80	305	82	233	382
237	98	99	405	461	207	472	181	88	314	79	316	341
238	417	98	359	106	109	306	307	372	85	505	284	93
239	1	164	165	298	364	148	254	219	157	158
240	1	4	5	300	12	13	334	397	17	180	332	25
241	1	67	68	262	71	50	259	56	388	413
242	65	66	292	325	481	72	514	203	226	429	465	370	482	55	440	58	351	63
243	96	100	357	358	263	74	235	337	83	422	504	442
244	294	361	107	116	373	182	89	443	188	94	383
245	100	101	103	424	327	269	270	113	338	115	532	342	120	474	348
246	475	197	454	327	104	366	111	113	339	117	247	347	125	318	127
247	418	454	295	363	108	111	117	246	121	347	316	285
248	130	296	361	266	434	374	216	123	188	189	319
249	1	133	266	395	271	400	147	182	119	254
250	32	409	486	333	349	16	498	402	20	23	276	251	29	222
251	289	324	421	486	202	349	16	402	23	250	29
252	196	390	561	73	42	471	204	49	212	233	440	356	59	381
253	407	357	326	391	518	75	492	461	207	339	181	87	452	91
254	1	133	395	364	239	147	148	216	249	157
255	256	34	231	40	458	386	334	510	278	25	350
256	386	40	300	479	278	279	25	223	255
257	512	449	258	35	36	38	460	45	301	277	344	260	410	463	28
258	512	257	36	389	449	44	45	302	463	211	52	344	260	282
259	1	195	388	41	241	50	56	187
260	257	258	38	45	302	463	53	314	410	62
261	64	480	67	234	570	195	213	439	56	441	346	413
262	1	67	68	71	423	268	304	241	84	90	413	95
263	96	484	101	358	422	392	234	337	338	243	529	86	503	315	74	406
264	521	327	520	329	267	270	113	467	126	342	425	475	318	127
265	384	129	476	362	556	367	112	342	120	348	191
266	133	585	361	395	400	248	434	116	533	182	489	216	249	374	123	188
267	521	197	134	136	329	426	140	366	264	318	425	475	126	127
268	1	227	262	423	488	112	114	432	84	90	317	95
269	432	227	101	103	488	112	245	406	315	348
270	424	520	327	264	425	467	113	115	532	245	342	126
271	1	107	110	400	182	119	249	443	383
272	160	192	457	229	385	428	396	368	178	149	217	153	508
273	228	229	167	485	365	369	435	309	151	184	185	378	543	377	509	159
274	192	1	230	167	170	428	174	179	310	343	185	377
275	1	3	6	7	11	333	176	323	276	408	221
276	11	333	16	497	498	275	20	22	436	408	409	250	221	222
277	257	290	460	301	210	344	28
278	256	34	40	41	491	386	46	336	450	510	213	279	345	479	350	255
279	256	40	412	491	205	46	335	51	213	278	345	479	60	223
280	1	194	355	225	43	48	371	212	411	61
281	389	438	44	205	206	335	464	51	404	54	282	412
282	512	258	389	438	404	44	206	207	464	52	302	54	281	414	62
283	1	196	293	225	78	303	81	399	415
284	417	515	292	70	465	72	493	238	80	305	306	372	85	398	505	93
285	352	418	131	132	455	295	328	137	522	363	462	177	117	247	121	122
286	130	573	489	138	427	364	322	434	146	148	374	495	216	559	219	445	478	319
287	136	329	426	140	558	368	456	178	567	217	154	218	446
288	1	164	166	161	171	172	209	435	376	378	199
289	1	291	421	33	202	14	21	23	251	349
290	420	551	460	344	210	19	277	311	312	27	28
291	1	194	355	421	33	202	289	21	31
292	65	226	451	70	72	514	398	80	465	242	515	372	85	505	58	284	351
293	1	107	78	399	81	383	110	283	92	94	373
294	97	102	340	73	236	493	303	305	466	244	373	473	89	431	188	382
295	506	418	99	108	462	177	419	341	247	121	122	316	285
296	130	453	297	554	109	434	433	306	340	469	118	361	248	123	188	189	319
297	128	130	198	296	393	138	109	433	307	468	118	215	444	124	394	190	319
298	1	164	427	364	239	376	219	158
299	448	549	459	300	13	397	211	437	599	312	26	27	223
300	256	386	549	550	458	299	13	334	397	240	17	437	25	26	223
301	257	387	38	449	232	460	527	210	403	277	536	410	28	30
302	512	258	260	44	45	207	52	414	282	463	314	62
303	196	294	73	431	356	399	81	466	373	553	89	283	541	94	415
304	67	262	71	392	423	77	84	86	346	315	413	542	95
305	97	294	102	417	236	306	398	493	80	466	82	340	284	93	382	453
306	417	453	102	433	296	105	109	238	93	305	307	340	284	189
307	393	417	359	360	297	106	109	238	433	306	468	215
308	353	322	219	568	198	199	427	524	477	144	376	146	309	152	155	445
309	161	376	199	509	524	619	369	353	144	273	435	308	470	151	184	155	477
310	160	1	354	163	168	428	170	192	200	274	179
311	290	420	8	10	525	15	401	210	19	436	221	447
312	448	290	459	420	10	299	13	18	19	599	344	26	27	447
313	513	325	38	232	588	429	47	528	403	53	502	55	536	57	410	63
314	539	260	502	405	463	237	302	79	600	53	414	472	207	62	63
315	227	101	406	263	392	103	269	304	488	86	423	542	95
316	418	99	452	295	405	407	108	237	111	461	584	564	181	247	603	347	91	506	341
317	384	1	227	268	112	114	432	183
318	475	467	197	327	104	519	267	366	113	339	246	347	264	127
319	130	547	433	296	297	138	495	248	434	374	216	444	286
320	352	353	131	132	455	328	523	548	142	143	144	369	494	470	151	228
321	352	385	131	228	137	490	363	396	142	496	149	375	217	522
322	198	138	427	559	146	308	568	219	445	286
323	1	3	6	193	8	332	401	275	408	221
324	224	576	421	486	202	29	625	402	499	251	380	42	511
325	481	232	201	203	370	429	528	242	403	55	313	379	63
326	235	69	391	75	206	483	83	404	214	87	442	253	357
327	416	100	467	104	339	270	113	338	318	532	245	246	264
328	320	353	419	132	455	393	394	462	177	494	534	215	122	285	190
329	604	134	136	425	426	267	140	558	367	264	446	342	218	287	476	126	191
330	1	162	331	367	208	150	218	156	446
331	1	162	456	156	330	354	218	220	154	446
332	448	1	323	193	8	9	10	13	397	240	401	180	447
333	1	497	11	349	16	408	498	275	276	176	186	250
334	1	34	550	231	300	458	12	386	397	240	17	25	350	255
335	560	438	389	211	39	44	577	464	562	51	437	54	279	281	479	412	606	223
336	480	450	195	388	41	491	46	213	278	439	345	607
337	422	358	263	392	74	235	430	243	214	345	442	234
338	96	416	100	101	358	327	263	529	532	245	406	484	474
339	416	347	100	357	518	327	104	519	407	492	111	467	475	246	87	452	91	253	318
340	102	294	296	493	305	306	469	473	188	189	453
341	545	98	99	295	360	584	106	603	237	462	592	177	419	405	506	571	316
342	604	425	264	265	362	556	476	270	424	115	245	329	120	348	126	191
343	1	230	167	274	185	377	378
344	257	258	35	36	389	449	552	551	459	460	290	580	211	277	312	420	27	28
345	544	491	537	214	422	412	234	439	205	430	336	337	213	278	279	441	60
346	64	480	67	261	609	392	234	77	304	570	86	441	538	413	542
347	672	704	418	475	452	566	454	519	617	407	492	111	339	564	246	247	668	665	91	316	318
348	384	432	101	406	103	424	265	555	556	269	112	488	115	245	342	120	474
349	1	421	486	289	333	14	16	498	23	186	251	250
350	1	34	388	231	41	458	450	334	278	187	510	255
351	481	514	515	292	70	233	204	370	398	80	242	440	58
352	320	321	610	131	228	523	455	137	522	363	142	496	285	574
353	320	548	198	328	394	557	494	144	369	308	309	470	151	477	190
354	160	1	163	200	457	331	428	456	178	310	154	220
355	1	194	291	421	390	202	43	500	280	411	380
356	196	553	73	471	236	303	371	212	501	233	431	252	381	382	415
357	416	518	83	100	358	326	391	339	235	243	87	504	442	253
358	96	416	100	357	422	263	337	338	243	529	503	504
359	417	98	360	106	546	238	563	530	307	372	505	468
360	545	98	419	359	393	106	546	177	530	307	468	341	215
361	443	296	585	266	533	400	434	116	373	182	473	248	244	123	188	469
362	384	1	135	129	265	556	367	208	342	183	476	191
363	352	321	418	197	454	455	137	522	375	117	247	285
364	1	427	298	395	239	148	286	216	478	219	254
365	385	228	485	369	587	273	543	229
366	507	197	454	136	521	426	267	579	246	375	566	217	475	318
367	1	265	330	141	208	150	329	218	476	362	446	191
368	456	457	426	567	396	272	178	217	153	154	507	490	575	287
369	320	353	228	385	523	620	365	273	309	470	151	509	543
370	224	481	611	325	203	204	640	561	242	499	511	440	58	379	380	351
371	1	196	225	381	212	501	280	356	411	61	415
372	98	451	292	359	238	465	530	85	505	284
373	443	293	294	361	303	466	531	244	533	473	89	591	399	188	94	383
374	489	266	248	434	216	573	286	319
375	321	579	586	197	454	137	490	363	366	643	566	217	507	522
376	288	1	164	199	161	298	427	524	435	308	309	219	158
377	192	1	229	167	428	273	274	343	185	378	508	485
378	288	1	230	166	167	169	273	161	209	435	343	184	377	509	485
379	32	224	387	487	325	611	481	232	201	203	499	402	429	528	370	403	222
380	224	576	355	324	421	390	652	42	204	594	49	370	499	500	202	511
381	356	390	615	553	43	49	594	371	212	501	471	500	411	252
382	356	294	73	471	236	493	398	431	305	466	595	233
383	1	443	293	107	110	271	531	244	373	182	119	399	94
384	1	129	265	362	555	556	112	432	183	348	317
385	321	587	228	229	593	496	523	396	365	272	369	149	543	508	637	485
386	256	550	458	300	334	479	437	278	25	223	510	255
387	487	232	201	460	301	526	527	528	210	403	436	22	535	409	379	605	30	621
388	480	1	450	195	41	336	241	259	56	187	413	350
389	512	449	258	580	552	44	335	464	562	211	560	344	281	282	606
390	355	561	663	380	42	43	204	381	49	594	500	471	440	615	411	252	202	511
391	483	357	326	581	518	75	492	206	207	404	442	253	414	517
392	609	656	484	406	422	263	234	77	516	304	337	627	86	503	441	346	315	542
393	546	419	328	297	394	360	307	468	565	534	215	444
394	393	353	419	598	198	328	297	557	494	534	215	444	477	190
395	1	133	489	266	364	400	478	216	249	254
396	385	321	457	490	428	272	368	496	149	593	217	508	575
397	448	1	549	550	332	299	300	13	334	240
398	515	292	616	233	236	493	589	80	305	595	471	440	655	284	382	351
399	1	293	303	81	466	531	415	373	283	541	94	383
400	1	361	266	395	271	533	182	489	249	443
401	1	323	8	10	332	525	311	408	221	447
402	32	224	379	324	486	487	625	498	499	638	535	576	409	250	251	29	222
403	387	325	232	301	429	528	536	527	313	410	379
404	483	581	438	326	391	205	206	207	464	562	702	214	281	282	414	517
405	571	98	451	603	237	622	79	461	472	530	578	341	88	596	314	539	316
406	484	101	263	392	269	488	338	627	474	315	348	542
407	418	91	452	492	339	564	181	347	316	253
408	1	323	497	333	525	401	275	276	221
409	387	487	201	498	624	497	402	276	638	22	535	436	250	222
410	257	260	38	449	232	588	301	463	403	53	502	536	313	527
411	1	355	390	43	371	212	501	280	500	381
412	577	537	438	491	205	430	335	51	214	279	281	602	345	479
413	480	1	67	388	261	262	423	304	241	56	346	538	542
414	512	517	391	730	626	302	207	464	600	562	404	206	472	282	463	314	702	686
415	1	196	225	553	303	371	399	501	356	283	541
416	100	357	358	327	518	519	467	529	338	339	532	590	631	504	650
417	453	359	493	238	563	305	306	307	468	433	505	284
418	643	522	407	285	673	295	682	688	564	566	572	704	709	454	455	462	347	614	316	363	247	506
419	360	546	681	295	328	393	394	462	177	545	341	534	215	494	666
420	599	290	551	552	10	459	460	525	344	210	19	436	629	630	311	312	447
421	576	1	291	324	486	289	202	355	500	251	380	349
422	544	516	582	358	263	392	234	503	430	337	243	529	612	441	504	345	442
423	1	262	488	268	304	315	413	542	95
424	604	520	425	555	556	270	657	532	245	342	474	348	669
425	604	636	520	264	329	426	267	270	424	558	342	521	476
426	579	521	683	567	136	329	267	366	368	644	558	425	217	507	636	287
427	1	322	524	298	364	559	568	308	478	376	219	286
428	160	1	354	396	192	272	274	310	457	377	508	575
429	608	481	482	325	513	514	528	242	403	55	313	379	63
430	544	483	612	438	422	205	337	214	537	345	442	412	602
431	641	642	356	553	294	73	303	466	595	471	541	382
432	384	1	227	488	555	268	269	112	348	317
433	417	547	453	296	297	554	109	434	306	307	468	565	633	444	319
434	547	618	585	296	361	266	694	495	433	573	469	374	489	248	554	286	319
435	288	1	376	199	161	524	273	309	184	378	509
436	387	420	551	535	460	525	526	624	497	210	276	629	22	311	409	221
437	386	459	549	550	552	299	300	646	335	560	211	661	479	223
438	653	577	483	581	205	430	335	464	562	404	654	281	282	412	602
439	480	195	537	261	491	336	213	441	345	570	607
440	640	481	514	515	390	616	233	204	370	398	589	561	242	471	511	252	351
441	544	609	516	261	422	392	234	648	537	213	439	345	346	570	607
442	483	422	357	326	391	518	235	582	430	677	337	658	243	581	214	504	612	698	517
443	1	361	533	271	400	531	244	373	182	591	383
444	547	598	198	393	138	477	433	468	565	534	297	634	495	394	319
445	322	667	198	138	651	495	308	568	559	477	286
446	1	456	329	330	331	558	367	154	476	218	287
447	448	1	420	10	599	332	525	401	630	311	312
448	1	549	10	299	332	13	397	599	312	447
449	512	257	258	580	389	551	460	301	463	536	344	569	410	527
450	480	1	388	41	491	336	510	278	350	607
451	226	292	578	717	613	98	79	596	465	530	372	85	505	540	405
452	672	704	91	732	492	461	339	564	181	407	729	347	316	253
453	417	505	633	433	296	554	493	305	306	563	340	469	473	632	468	660	597
454	418	375	197	522	363	366	579	117	246	247	566	347	475
455	320	352	418	131	132	614	523	673	328	522	363	610	462	494	548	635	572	285	574
456	1	354	457	331	558	368	178	567	154	446	287
457	160	1	354	456	428	396	272	368	178	567	575
458	1	386	550	300	334	510	350	255
459	420	549	552	299	344	211	437	599	312	27
460	257	290	387	420	449	551	301	526	527	210	436	277	344	569	621
461	452	517	583	584	732	492	237	622	207	564	405	472	603	316	253	181
462	545	418	419	709	666	295	328	682	455	494	592	177	341	673	506	572	285
463	512	257	258	260	449	588	302	600	626	53	502	536	569	314	410	414
464	512	389	335	562	404	438	281	282	414
465	226	451	292	613	540	717	482	687	242	515	372	505	514	284	670	671
466	642	294	431	493	303	305	595	531	373	473	664	89	591	399	541	382	597
467	416	327	264	617	650	519	270	520	339	532	590	601	475	318
468	417	546	453	359	360	297	433	307	565	563	393	633	444
469	453	296	361	554	623	680	434	340	533	694	585	473	188
470	320	353	619	548	523	620	557	509	369	309	477	543
471	641	356	390	615	233	663	589	398	431	561	595	691	553	440	252	381	382	701
472	578	539	517	583	461	622	237	405	600	314	207	414
473	642	453	294	680	361	554	533	493	597	591	466	340	373	664	623	188	469
474	484	101	657	424	649	555	488	338	627	532	245	406	348
475	579	617	566	454	467	264	519	267	366	520	339	628	665	246	521	601	347	668	318
476	1	425	265	362	556	558	367	342	329	604	446	191
477	353	651	598	198	705	138	619	524	557	445	144	308	309	470	568	495	444	394
478	1	427	489	395	364	559	216	219	573	286
479	256	577	386	646	550	647	714	491	335	560	437	278	279	412	510	223
480	1	450	195	388	261	538	336	570	439	56	346	413	607
481	608	640	370	611	325	487	514	429	528	616	242	440	379	351
482	608	513	226	429	465	242	514	540	63
483	612	438	326	391	205	430	677	404	654	214	442	602	581
484	263	392	649	590	529	338	627	532	406	503	657	692	474	703
485	1	229	385	587	365	273	377	378	508	509	543
486	576	1	324	421	498	625	402	250	251	349
487	611	481	387	201	528	402	499	535	409	379	605	222
488	1	227	423	649	555	268	269	432	627	406	474	315	348	542	95
489	1	585	266	395	400	434	478	374	216	573	286	533
490	496	644	645	321	522	396	368	593	375	217	507	586	575
491	577	450	537	647	714	279	336	690	278	439	345	602	607	412	510	479
492	672	750	452	517	518	391	716	583	519	678	461	622	207	721	339	732	407	729	347	668	253
493	417	515	453	294	398	305	466	595	340	597	505	632	473	659	660	284	382	671
494	320	353	419	548	455	328	394	557	462	534	666	635	572
495	705	547	667	618	198	573	138	651	477	434	598	559	444	445	286	319
496	352	321	587	228	645	385	490	523	396	593	723	586	700	522	574
497	1	436	333	525	624	498	276	408	409	221	638
498	1	486	625	333	497	402	276	409	250	349	638
499	224	576	611	324	487	712	652	402	720	561	370	625	535	379	380	605	638	511
500	576	1	355	421	390	594	501	411	380	381
501	1	196	615	553	500	594	371	212	356	411	381	415
502	513	539	728	715	588	79	600	626	724	53	536	313	314	463	540	410	63
503	516	358	422	263	392	582	656	529	627	692	484	542
504	416	357	358	422	518	582	529	658	243	631	442
505	417	451	292	453	359	493	238	717	465	530	515	372	693	563	660	284	671
506	704	688	418	709	295	584	682	462	592	564	341	316	735
507	579	586	683	521	426	567	366	368	644	375	217	699	490	575
508	192	1	229	385	428	587	396	272	593	377	575	485
509	1	485	273	620	619	524	369	435	309	470	184	378	543
510	1	450	646	550	647	458	491	386	278	607	479	350	255
511	576	324	390	652	204	594	561	370	499	663	440	380
512	257	258	580	389	449	626	302	463	464	562	676	606	662	696	569	282	730	414	686
513	608	685	482	715	588	429	727	79	528	514	502	697	728	313	540	63
514	608	481	482	515	292	613	513	616	429	687	465	242	727	440	640	540	670	351
515	514	292	616	671	493	398	589	465	595	659	440	505	655	284	687	670	351
516	544	609	707	422	582	392	656	648	692	503	441
517	721	581	518	391	730	716	583	492	461	207	600	658	404	702	472	442	698	414	677
518	416	698	357	678	391	519	492	721	658	339	631	504	729	442	253	517
519	416	475	678	518	617	650	492	467	339	631	347	668	318
520	636	708	264	425	695	270	424	467	532	521	601	475	604	669
521	507	683	264	425	426	267	695	366	520	579	628	725	726	617	601	475	636
522	352	321	418	643	586	614	454	455	490	363	496	566	375	285	574
523	320	352	610	228	455	587	620	385	369	496	470	689	548	700	637	574	543
524	1	619	199	427	509	568	435	308	309	376	477
525	1	420	497	624	401	436	629	630	311	408	221	447
526	387	551	460	621	624	675	436	629	535
527	449	387	551	684	460	301	621	528	403	536	569	410	639
528	608	481	387	325	611	487	588	429	527	403	513	697	536	313	379	685	605	621
529	416	484	358	422	263	650	631	582	590	338	741	532	503	504	692	703
530	98	451	742	359	360	546	717	596	563	372	405	505	733	693
531	1	642	399	466	373	591	443	541	383
532	416	484	708	327	424	650	270	520	338	467	529	245	657	601	474	590	669
533	1	585	623	361	266	591	400	373	489	473	443	469
534	546	419	328	393	394	557	494	565	598	681	634	444	666
535	387	487	201	621	526	624	402	499	436	409	605	638
536	449	685	639	684	588	301	463	528	626	403	724	502	569	696	313	410	527	621
537	544	439	648	491	430	690	441	345	602	412	607
538	480	1	609	413	346	570	542
539	578	739	728	622	79	600	405	502	472	314	540
540	513	226	451	613	482	79	465	514	578	502	727	728	539	63
541	1	642	641	553	399	303	466	531	431	415
542	1	538	656	423	392	304	488	627	609	406	503	346	315	413
543	385	587	485	1	620	523	273	365	637	369	470	509
544	441	707	516	582	422	737	648	430	612	690	537	345	602
545	546	419	360	681	682	98	462	592	722	341	666	571
546	545	98	419	359	360	393	679	722	530	563	468	565	534	681	634	571	733
547	694	679	744	554	754	495	433	434	565	598	633	634	667	444	618	734	319
548	320	353	610	710	455	523	620	557	494	689	470	635
549	448	1	459	550	552	299	300	397	437	599	661
550	1	386	549	646	458	300	397	334	661	437	510	479
551	718	449	290	675	420	552	460	621	526	527	580	436	629	630	674	344	569	719	639
552	706	420	389	551	459	719	560	661	211	437	630	599	344	580	549
553	1	356	615	431	691	501	471	641	303	541	381	415
554	547	453	743	296	585	618	680	744	433	434	469	694	633	632	473	597
555	384	1	657	424	649	556	432	488	474	348
556	384	1	604	424	265	362	555	476	657	342	348	669
557	736	353	651	548	470	710	705	620	394	619	598	494	534	666	635	477
558	604	1	644	636	456	425	426	567	329	476	446	287
559	1	322	651	427	495	573	286	568	667	445	478
560	577	706	580	389	646	552	713	335	661	211	437	606	479
561	640	611	390	616	663	652	589	720	370	499	758	471	440	252	701	511
562	512	577	702	676	389	653	654	335	464	404	606	438	686	414	581
563	417	98	453	359	679	546	530	468	565	633	505	660	733	693
564	704	418	452	584	732	461	566	407	506	347	316	735
565	546	547	598	679	393	433	563	468	534	633	634	444
566	704	418	475	643	454	665	522	366	688	579	564	375	628	347
567	1	644	456	457	426	558	368	575	507	287
568	1	322	619	651	427	524	477	308	667	559	445
569	512	449	580	551	684	460	527	696	626	662	536	463	639
570	480	1	261	609	648	439	441	346	538	607
571	545	98	742	584	747	546	592	722	596	341	761	603	733	405
572	673	418	614	455	682	610	494	462	666	635
573	1	667	489	618	495	434	286	374	585	559	478
574	352	610	614	455	522	523	496	723	700	586
575	1	699	644	645	396	490	567	428	368	593	457	507	508
576	1	324	421	486	652	594	625	402	499	500	380	511
577	646	713	714	491	653	654	335	560	562	757	438	602	412	606	479
578	451	740	613	622	79	728	739	596	405	759	472	539	540
579	507	699	454	521	426	683	366	726	643	628	566	375	755	475	586
580	512	449	706	389	551	552	719	560	662	344	569	762	606	639
581	483	517	391	654	562	404	686	438	442	702	677
582	544	707	516	741	422	631	529	658	692	503	504	612	442
583	517	721	716	492	461	622	600	750	472
584	603	709	732	747	461	592	564	341	760	761	506	571	316	735
585	1	618	680	489	266	573	434	469	694	361	623	554	533
586	579	644	645	614	490	751	496	643	723	375	699	507	522	574
587	1	485	385	700	523	365	496	593	508	637	543
588	513	715	684	685	463	528	626	724	502	536	313	410
589	515	616	746	663	398	655	561	595	691	758	471	440	701
590	416	484	657	650	529	467	532	708	703
591	1	642	623	466	531	373	664	473	443	533
592	545	709	584	682	747	462	722	341	506	571
593	1	645	385	700	490	587	396	496	508	575
594	576	1	390	615	652	500	501	663	380	381	511
595	641	642	515	731	691	493	398	431	466	659	589	597	471	664	655	746	382
596	98	451	613	742	747	603	578	622	717	530	405	759	761	571
597	453	743	680	554	493	664	466	595	659	633	632	473	731
598	736	705	547	666	681	394	557	495	752	565	534	634	667	444	477	734
599	448	1	706	459	420	549	552	299	719	661	630	312	447
600	738	739	517	583	716	622	463	728	626	724	502	472	314	539	730	414
601	708	520	521	650	695	467	532	725	617	475	669
602	544	577	483	612	737	714	491	653	430	690	654	438	537	412	757
603	584	732	461	622	596	341	759	760	761	571	316	405
604	1	636	424	425	695	556	558	520	342	329	476	669
605	611	624	387	487	712	711	621	685	528	499	756	535	697	638
606	512	577	706	749	580	389	713	653	335	560	562	662	676	762
607	480	1	450	537	647	648	491	336	690	439	441	570	510
608	640	481	482	611	513	514	429	528	727	697	670
609	1	570	516	392	656	648	441	346	538	542
610	352	673	548	614	455	700	523	748	689	723	635	572	574
611	608	481	487	712	765	528	561	370	499	756	697	640	379	720	605
612	544	737	483	422	582	769	430	658	707	654	442	741	602	677
613	514	451	740	717	759	578	687	465	596	727	728	540
614	673	418	643	455	779	586	775	748	610	751	688	723	572	522	574
615	1	390	553	663	701	594	691	501	471	381
616	640	481	514	515	589	398	655	720	561	758	440	783	701	670
617	770	475	519	521	650	467	628	725	726	665	601	347	668	766
618	1	547	585	554	495	434	694	667	573
619	1	710	705	620	651	524	557	477	309	470	568	509
620	1	619	548	710	689	523	557	637	369	470	509	543
621	768	624	674	387	551	684	711	460	685	526	527	528	675	756	535	536	745	605	639
622	578	603	583	716	760	492	461	600	739	596	405	759	472	539	732
623	1	680	585	591	533	664	473	469
624	1	675	711	525	526	621	497	436	629	535	409	605	638
625	576	1	324	486	712	652	498	402	499	638
626	512	696	588	463	600	724	502	536	569	730	414
627	1	484	392	649	656	488	692	406	503	474	542	703
628	770	579	726	521	751	643	755	566	617	665	475
629	1	674	675	420	551	525	526	624	436	630
630	1	674	420	551	552	525	718	719	629	599	447
631	416	772	518	582	519	650	678	529	658	741	504	763	703
632	453	743	777	554	493	659	660	597	633	731	671
633	547	453	679	744	554	743	433	754	563	468	565	632	660	787	597
634	546	547	534	679	681	778	752	754	771	565	598	444	734
635	736	673	610	548	710	455	682	748	557	494	689	666	572	767
636	1	644	520	521	426	683	695	558	425	604
637	1	523	385	587	620	689	700	543
638	1	625	712	711	498	624	497	402	499	535	409	605
639	674	580	773	551	745	684	621	718	527	696	662	536	569	719	764
640	608	481	514	611	616	781	783	720	561	370	758	440	697	765	670
641	1	642	553	431	595	691	471	731	541
642	1	731	641	595	431	466	531	664	473	591	541
643	418	579	614	586	779	770	751	688	755	628	566	375	665	699	522
644	1	699	586	645	426	683	558	567	507	636	490	575
645	1	644	490	496	593	723	699	700	586	575
646	1	550	577	713	714	647	560	661	437	510	479
647	1	646	714	491	690	479	510	607
648	544	1	707	516	609	656	690	441	537	570	607
649	1	484	488	555	657	627	474	703
650	416	763	708	774	678	519	617	590	529	467	532	725	631	601	753	668	766	703
651	1	667	705	619	557	495	568	477	559	445
652	576	1	625	712	720	561	594	499	663	380	511
653	577	782	676	713	780	749	654	562	686	438	602	606	757
654	577	782	483	612	581	737	653	686	562	757	438	602	769	677
655	515	616	746	589	398	687	784	785	595	659	758	783	670	671
656	1	707	516	609	392	648	627	692	503	542
657	1	484	424	649	555	556	590	532	708	474	669	703
658	769	612	517	582	518	678	741	631	504	772	442	795	698	677
659	515	777	746	493	655	784	785	595	597	632	731	671
660	453	679	744	777	743	493	563	693	633	632	505	787	671
661	1	706	549	550	552	713	646	560	437	599
662	512	676	719	580	696	569	762	764	606	639
663	1	390	615	652	589	720	561	594	471	701	511
664	1	642	731	743	680	591	466	595	597	473	623
665	672	704	770	643	617	751	688	628	566	347	668	475	799
666	736	545	419	598	710	681	682	557	494	752	722	789	462	534	786	635	572	767
667	1	547	694	705	618	651	559	573	598	568	495	445	734
668	672	770	475	774	678	519	617	650	492	791	665	347	766
669	1	708	657	424	556	520	532	695	601	604
670	608	640	514	515	783	785	616	781	655	784	465	727	697	687	797
671	800	717	515	777	493	655	784	465	659	660	693	632	505	687
672	704	770	803	452	678	732	791	492	729	665	347	668	799
673	418	779	709	614	455	796	682	775	748	610	462	688	635	572	767
674	1	675	551	745	621	718	629	630	639
675	1	674	551	745	711	621	526	624	629
676	512	776	780	653	686	749	562	662	696	730	764	762	606
677	769	782	483	612	517	809	794	654	721	658	686	442	795	698	702	581
678	672	803	772	774	518	519	650	791	492	658	631	729	698	763	668	798
679	546	547	804	681	778	754	792	722	563	660	565	787	633	634	733	693
680	1	743	744	585	554	623	597	694	664	473	469
681	545	546	419	534	679	778	786	752	722	789	598	634	666
682	545	418	709	673	796	810	462	592	722	789	506	635	572	666	767
683	1	579	644	699	521	426	726	695	507	636
684	768	685	773	745	715	588	621	527	696	724	790	793	536	569	639
685	768	513	790	684	715	588	621	528	756	788	536	697	605
686	512	801	782	676	581	776	780	653	654	562	702	730	794	414	677
687	514	515	613	807	717	655	784	465	727	797	670	671
688	704	673	418	643	709	614	779	812	770	751	566	665	506	799	796	735
689	1	610	548	710	748	523	620	635	700	637
690	544	1	707	647	648	714	491	537	602	737	607
691	1	615	553	746	589	595	471	641	731	701
692	1	707	484	741	582	656	529	627	503	516	703
693	800	804	742	679	808	777	717	530	563	660	787	505	733	671
694	1	547	680	585	554	754	744	434	469	667	618	734
695	1	708	520	636	683	725	726	521	601	604	669
696	512	676	773	776	684	626	724	662	793	536	569	730	764	639
697	640	513	802	611	781	805	715	685	765	528	756	788	727	608	605	670
698	772	677	678	518	721	658	729	442	795	798	517
699	1	579	644	645	586	683	751	726	643	723	755	507	575
700	1	610	523	645	689	587	748	496	593	723	637	574
701	1	615	616	746	663	589	720	561	691	758	471
702	801	677	817	581	721	562	404	686	730	794	414	517
703	1	763	484	741	657	649	650	590	529	627	692	631	708	753
704	672	799	418	803	452	827	811	812	688	564	566	665	506	347	732	735
705	736	1	651	710	619	557	495	752	598	667	477	734
706	1	580	552	713	749	719	560	661	599	762	606
707	544	1	516	741	582	737	648	656	690	692	612
708	1	753	520	650	590	657	532	725	695	601	669	703
709	673	418	584	828	682	747	812	462	592	722	506	688	796	810	735
710	736	1	548	705	748	619	620	557	689	666	635	767
711	1	675	712	745	621	624	756	605	638
712	1	611	711	652	765	720	625	499	756	605	638
713	1	706	646	577	714	653	749	560	661	606	757
714	1	646	577	713	491	647	690	757	602	737	479
715	513	802	790	588	684	685	788	724	502	727	728	697	813	805
716	738	739	517	583	823	492	760	622	824	721	820	750	759	600	730	732	831
717	800	451	740	613	742	807	808	759	687	784	465	530	819	596	693	727	505	671
718	1	674	773	551	745	719	630	764	639
719	1	706	580	662	551	552	718	630	599	762	764	639
720	640	1	611	616	652	765	561	712	499	758	663	701
721	677	518	583	716	794	492	750	817	818	820	798	809	824	729	698	795	730	702	517
722	545	546	709	679	681	682	747	815	592	778	789	792	810	666	571	733	821
723	1	610	645	614	775	586	779	748	751	496	699	700	574
724	738	715	790	806	776	588	696	684	813	816	600	626	739	502	536	793	730	728	805
725	1	521	617	650	753	708	726	695	601	766
726	1	770	579	617	683	695	755	628	725	521	699	766
727	608	513	514	740	613	807	715	717	687	781	825	728	697	813	802	540	797	670
728	513	578	739	740	613	715	813	759	816	822	724	502	727	600	539	540
729	672	803	452	518	678	809	492	750	721	818	698	827	732	798
730	512	801	738	676	517	806	721	776	716	686	696	626	724	702	600	820	817	414
731	1	642	641	777	691	743	664	595	659	597	632	785	746
732	672	704	803	452	827	584	716	811	492	461	622	818	564	750	823	760	729	826	603	830	735
733	98	804	742	679	808	747	546	814	815	792	530	563	693	722	571
734	1	547	598	705	752	754	771	694	634	667
735	704	811	709	584	828	747	812	688	564	760	761	506	732	830
736	1	710	705	557	752	786	598	666	635	767
737	544	1	707	612	741	769	714	654	690	757	602
738	801	739	806	716	816	824	724	600	820	730
739	832	578	716	738	622	824	816	728	724	822	759	600	539	831
740	578	613	807	759	717	813	819	822	727	728	825
741	1	707	612	582	737	529	658	692	631	772	763	769	703
742	98	829	808	747	717	814	815	530	819	596	693	759	761	571	733
743	1	680	777	554	744	664	787	660	597	632	633	731
744	1	547	743	680	554	754	787	660	694	633
745	768	1	674	675	773	711	684	621	718	756	639
746	783	1	589	655	785	595	691	659	758	731	701
747	709	742	584	810	815	592	722	596	821	761	829	571	828	733	735
748	1	610	710	614	673	775	689	723	635	700	767
749	1	706	676	713	780	653	757	762	606
750	583	492	823	716	824	721	818	809	760	729	826	732
751	1	770	643	614	586	779	688	723	628	755	665	699
752	736	1	771	705	681	778	786	598	634	666	734
753	1	708	774	650	725	763	766	703
754	1	547	679	744	778	771	694	787	633	634	734
755	1	770	579	751	643	628	726	699
756	768	1	611	711	712	745	685	621	765	788	790	697	605
757	1	577	713	714	780	653	654	749	782	602	737	769
758	640	1	765	781	616	746	589	655	720	561	783	701
759	832	833	578	739	740	613	742	716	717	622	760	819	596	822	823	728	761	603	829	831
760	833	584	828	823	716	622	750	759	761	826	603	732	830	735
761	832	833	571	742	584	747	815	596	759	760	603	828	829	830	735
762	1	706	676	776	780	749	719	662	580	764	606
763	1	772	741	678	650	753	774	631	703
764	1	676	773	776	718	719	662	696	762	639
765	640	1	611	712	781	788	720	756	758	697
766	1	770	774	617	650	753	725	726	791	668
767	736	1	710	673	682	775	748	786	789	666	635	796
768	1	773	745	684	621	685	756	790
769	1	782	612	677	737	654	658	757	772	794	795	741
770	672	1	643	617	779	751	688	755	628	726	791	665	668	766	799
771	1	778	752	754	634	734
772	1	795	741	678	769	774	658	631	698	763	798
773	768	1	776	745	684	718	790	696	793	764	639
774	1	772	678	650	753	798	791	763	668	766
775	1	614	673	779	748	723	796	767
776	1	676	773	806	801	780	686	724	696	793	730	764	762
777	800	1	743	808	784	785	659	660	693	632	787	731	671
778	1	771	804	679	681	754	752	786	722	787	789	792	634
779	1	770	643	614	673	775	812	751	688	723	796	799
780	1	782	676	801	776	653	686	749	757	762	794
781	640	1	802	797	783	788	758	727	697	765	670
782	1	677	769	780	653	686	757	794	654
783	640	1	616	746	781	655	784	785	758	797	670
784	783	1	807	777	717	687	785	659	655	800	797	670	671
785	783	1	777	746	655	784	659	731	670
786	736	1	681	778	752	789	666	767
787	1	804	743	744	777	778	679	808	754	660	693	633
788	1	802	805	715	685	781	756	790	697	765
789	1	681	682	810	786	722	792	666	796	778	767
790	768	1	773	715	684	685	756	788	793	724	805
791	672	1	770	803	774	678	798	668	766	799
792	1	804	679	778	810	814	815	722	789	733	821
793	1	773	806	776	684	724	790	696	805
794	1	677	769	809	780	686	721	817	782	795	801	702
795	1	772	677	769	809	721	658	698	794	798
796	1	779	709	673	682	775	812	688	789	810	767
797	1	802	807	781	783	784	727	687	670
798	1	803	772	774	678	809	721	818	791	729	698	795
799	672	1	770	803	811	779	812	688	791	665	704
800	1	807	808	777	717	784	693	671
801	1	738	806	776	780	686	817	820	730	794	702
802	1	825	805	807	715	781	813	788	727	697	797
803	672	1	678	732	811	818	791	729	827	704	798	799
804	1	679	808	778	814	787	693	792	733
805	1	802	806	715	793	813	724	790	697	788
806	1	738	805	801	776	813	816	724	820	793	730
807	800	1	802	740	808	717	687	784	819	727	825	797
808	800	1	804	742	807	777	717	814	787	693	819	733
809	1	677	817	750	721	818	820	823	824	729	794	795	798
810	1	709	828	682	747	812	722	789	792	796	821
811	704	1	803	828	827	812	826	735	732	830	799
812	704	1	811	709	828	810	779	688	799	796	830	735
813	1	802	740	805	806	715	816	724	822	727	728	825
814	1	804	742	808	815	819	792	733
815	1	742	747	814	829	722	819	821	792	761	828	733
816	1	738	739	806	813	824	724	822	728	820
817	1	801	809	721	820	730	794	702
818	1	803	809	750	721	823	729	826	827	732	798
819	832	1	740	742	807	808	717	814	815	822	759	825	829
820	1	738	806	801	809	716	816	721	824	730	817
821	1	810	747	815	722	792	828
822	832	1	739	740	813	816	824	819	759	728	825	831
823	1	833	809	716	750	824	818	759	760	826	732	830	831
824	1	738	739	809	716	750	816	721	820	822	823	831
825	1	802	740	807	813	819	822	727
826	1	811	750	818	823	760	827	732	830
827	704	1	803	811	818	729	826	732
828	1	811	709	833	810	747	812	815	821	760	761	829	830	735
829	832	1	742	833	747	815	819	759	761	828
830	1	833	828	811	812	823	760	761	826	732	735
831	832	1	739	833	759	716	822	823	824
832	1	739	833	819	822	759	761	829	831
833	832	1	759	823	760	761	828	829	830	831
