1	61.6582574453	61.427932473	18.7774945366
2	58.6657149485	16.565257732	0.588841722256
3	62.7859797011	18.3132053021	1.34046907484
4	42.8358452889	20.7546817336	0.657238442822
5	38.8999455841	22.7747558901	0.461752433936
6	62.5959504609	22.7754124845	0.898257448004
7	67.2462248949	22.9461664008	0.492412451362
8	58.8679527924	23.6497615367	1.31329329102
9	49.6918952896	24.0667825753	0.667760617761
10	53.9800418175	25.5174231992	1.73096004291
11	71.6229962323	24.6460377069	0.901099925429
12	34.632164465	27.5599459134	1.18585875061
13	46.5484831448	27.6871863105	2.13366527289
14	85.4045720776	27.8629929611	1.77163367307
15	59.7383391384	27.5508671186	0.648631525596
16	76.7049032334	28.0833981427	1.52725579135
17	40.8373620403	28.3843760566	0.67469352014
18	50.7722401818	29.2638075279	0.528592375367
19	56.047877351	30.3809151029	1.63394190871
20	71.3186846837	30.445847344	0.570407279029
21	90.8427066998	31.2561805398	0.738131699847
22	66.8502602155	31.9638949064	2.40774481047
23	82.3258276943	31.1668932124	0.994666260286
24	28.2906895545	31.8732968576	0.622272727273
25	39.1146794945	32.0700684891	1.70845504706
26	46.3604115297	32.886310255	0.874734419263
27	51.8305365046	33.486001327	2.26711571001
28	57.1639389338	34.6018070163	0.617368873603
29	79.5131210013	35.3394128831	1.12913062763
30	64.8366324641	35.3399322425	0.647653194263
31	94.2657880669	35.6834836152	0.540659851301
32	74.9382127483	36.4181646162	1.81976405476
33	89.0016305816	36.3615176931	0.404936461388
34	33.7543872438	35.397368486	1.09690133188
35	54.550708739	36.2373769795	0.557551319648
36	52.0479363707	38.715140806	1.04848955392
37	69.4814864258	39.6983028262	0.666613621897
38	61.1735972796	40.2750805528	1.38612298921
39	44.3138710853	39.7019545479	0.999599230523
40	38.3297042944	39.8708973463	0.806325604839
41	29.837835952	41.4825001652	1.78862785594
42	81.3068486192	41.3823497313	1.58197463768
43	90.3156627572	42.8144676262	1.73155763634
44	48.1684416267	42.6411026228	2.10472916317
45	55.5800316579	42.9826607418	0.868903828624
46	35.5419419441	42.6085900268	0.726367419738
47	64.4860979502	42.6803624839	0.799973204716
48	97.5353864286	43.0919946825	0.663515406162
49	85.1658756321	42.6295209323	1.30640774587
50	21.0280972856	43.5642063647	0.661684782609
51	41.1400894688	43.954785335	1.79691377171
52	51.0306620477	44.0013802475	0.616111611161
53	60.6157360318	46.2591615605	3.16193330836
54	46.2662147573	45.9373758445	1.19340909091
55	69.7700486429	45.3779128333	1.67384453782
56	25.3160067182	46.0021509651	1.56359803233
57	66.049979742	46.6450727763	1.37925998053
58	76.2094717152	47.7272105866	1.87928469797
59	82.0873895698	46.6739903901	0.802298608182
60	37.1740930213	48.0252037447	1.27816020025
61	93.5757469198	48.8080934966	0.780006123699
62	54.2464807304	49.9151306795	1.39317564948
63	65.0303825419	50.1497311035	4.09934864357
64	30.4597157463	49.5581836235	0.391791044776
65	75.347690353	50.6247437131	0.612804878049
66	69.5247599001	50.2796224326	0.701208178439
67	25.3379397104	50.9178422334	1.92849423631
68	18.2907604035	51.7615995779	0.631595282433
69	44.6608859972	53.0888760665	1.21077073489
70	78.0117022999	53.4412056157	1.37507754342
71	22.5051470591	53.1436895748	0.688451208594
72	72.9250973794	54.151338359	1.1631097561
73	87.0186602847	54.4507558327	1.92342673144
74	35.2989337993	54.5527501645	1.19969040248
75	49.6581940002	55.6021042953	1.82980165086
76	67.4213280087	56.4015625497	1.03574653823
77	26.3549023389	55.4586975188	0.973408461843
78	98.95400893	56.6514103036	1.09941388638
79	63.2933655676	55.1950568196	5.12770696564
80	79.9833958601	55.7782209933	2.08735304288
81	94.1527849497	56.1828231449	0.77907444668
82	84.4277183503	57.4107788227	0.454941860465
83	40.4543887374	58.1774902885	1.45602798708
84	21.6757759114	58.086490154	0.574454428755
85	71.705051644	58.4206566586	2.14796489115
86	29.333179686	58.3534522755	1.45654962863
87	44.9950215854	60.1683594906	2.02794527945
88	62.9202478621	60.2635867403	1.71609681137
89	89.222807085	59.8013766531	1.6601862631
90	16.9298487558	60.0498746621	0.369047619048
91	50.2085901414	63.3428804473	2.2801953125
92	99.6224150259	60.7731117787	0.655028735632
93	78.0967898136	61.6195809336	1.48578619027
94	93.3860297133	61.514195652	1.62826009289
95	24.2188510494	61.2171255332	2.12185385656
96	35.7587378865	61.4403695174	0.995420017873
97	85.6371346064	60.6083980612	1.35695410292
98	66.2116805119	63.3361330708	6.19001565295
99	59.4716113644	64.4525107196	1.66984815618
100	39.9659714337	63.8916705629	2.57974876285
101	32.7909329355	64.415024159	2.11834410588
102	82.5557895772	64.8125438959	1.67178046672
103	28.8182243591	65.6158008646	0.73113386424
104	42.8126219127	66.5844332256	1.66606792946
105	79.5222918072	66.290653012	0.891743444366
106	68.9536440006	67.6828858679	1.8730680265
107	93.5283669003	66.5442788779	1.375722274
108	56.2896129727	68.1177272232	1.60616735836
109	75.658943295	68.2510980096	2.01699343583
110	98.2086606947	67.1799380629	1.59944149298
111	48.8523176351	67.9952085557	1.60164371102
112	24.7207701263	69.946406171	1.91735335574
113	39.2086261879	70.0949170249	1.29177291135
114	19.4048503819	70.038128478	1.11072076156
115	32.4191680974	70.2081414714	0.832126398947
116	87.891218656	70.5299565869	0.650721336371
117	51.1060522718	73.7602232582	1.97194215972
118	78.3751970061	72.314515319	1.11966905493
119	93.2080068869	71.3041693665	0.974137931034
120	29.4468338567	72.7153019988	1.12575345129
121	55.5184543934	74.5245164731	1.31952754281
122	60.6229347417	74.5877280038	1.10016204173
123	83.3403641566	73.5551598858	0.9088091354
124	74.3469958096	74.2766218616	1.2434487021
125	48.8851723451	75.7490512183	0.633626760563
126	34.5035339162	75.2134090436	1.3395187602
127	42.3952114948	74.8461860115	1.00474400286
128	71.4998373891	76.6755545998	1.21864171864
129	26.0976772084	76.6221753668	0.79419525066
130	78.560221823	77.184496262	1.39345
131	57.4634258657	79.1064086265	2.34977183833
132	62.2796063311	79.7220147206	1.6938562999
133	88.6642548618	79.5655059129	0.963361315145
134	36.4028087013	79.1057444605	0.745504495504
135	23.0956826833	79.0900036283	1.4332772301
136	41.5121739673	79.87568202	2.1027660004
137	52.0856390583	80.0031044228	1.76857783472
138	75.1392058791	79.8984884707	3.14608920491
139	46.8727849878	81.2384462114	0.565447154472
140	38.164638095	81.8987863164	0.808647260274
141	30.6241220599	82.4182845806	0.864746543779
142	57.9294360206	83.2806874562	1.65727508931
143	63.3529540203	82.9471315675	0.565312046444
144	67.5022855074	83.7276053234	2.17715114633
145	24.3877070861	83.2496175422	0.401182432432
146	75.8781722773	83.6657931932	0.755150334076
147	91.5951165911	84.3432802587	0.953894297636
148	83.2811545808	84.9366107376	1.4071213263
149	51.6468082986	85.1833175309	1.91203346203
150	32.7628986914	85.698357133	0.714084946908
151	64.3350140466	86.8997783009	1.53398997135
152	72.8492162663	86.404981312	0.433093994778
153	47.0764505838	86.4809793955	1.08116760829
154	39.6519775525	88.3656583173	1.95762711864
155	69.9144834943	87.1640405966	0.659659090909
156	35.8061723457	88.9920552707	0.596628679962
157	89.0519779835	88.8117713416	0.593621399177
158	78.1389674462	90.3143371407	0.688282423635
159	60.4264301867	90.4386881667	0.396
160	47.407393738	91.6983794136	1.97531592249
161	68.9716029317	92.5475083452	1.64274329646
162	33.0380642552	92.0904706996	1.01346690754
163	44.3556662904	93.5346046507	0.837554585153
164	78.1402875412	94.6439223785	1.82921112189
165	83.5072173782	93.8487450406	0.493039443155
166	66.7398333849	94.8854018531	0.899464604402
167	59.6989056309	95.2029494781	1.42995411529
168	48.2882938609	95.5073652914	0.397350993377
169	63.4513797794	95.8334598615	0.959338122114
170	53.5853341463	96.0364895257	0.524326805386
171	75.8589278158	98.0843735278	0.666755888651
172	70.6705253131	99.7453049081	0.96214953271
173	45.1120749589	99.9967025462	0.386550308008
174	56.2141418644	101.735454022	0.813728872025
175	62.2587959891	102.205241919	0.680589985126
176	71.2577163991	20.0389706934	1.38871430523
177	63.7971727076	71.8228460511	2.59118019939
178	43.4508794311	89.0185210323	2.19906462585
179	49.639091322	99.8102643354	1.26980918499
180	48.2070478741	20.6923865671	1.5362035813
181	53.7568927039	61.2991969037	3.59768605688
182	90.3602755493	72.5161028782	2.46861268048
183	21.7780994054	74.7943230701	1.96319412922
184	64.4110436846	92.305775748	2.28290643899
185	56.4778042366	93.729659959	1.81560114504
186	79.2680057461	23.8121870481	1.75688908146
187	25.5918410594	38.1286057536	1.61500938086
188	85.857551986	68.5648896651	2.74114906832
189	81.3291448626	69.9147988655	1.87736854571
190	67.27452495	78.2500360602	2.03610490415
191	31.3182542931	79.6361191666	2.01531946042
192	51.4832864657	92.3517051287	2.3725660176
193	55.1346563297	20.0378388262	2.07427536232
194	94.2391454905	39.4182820627	1.74587016374
195	28.9242025017	45.8449280149	2.69365365921
196	91.4483730979	51.6722552648	2.36705773028
197	46.9365112173	77.5310905801	2.85310938101
198	71.1599048902	81.8652073879	3.43731450861
199	72.3180200273	90.6166801372	2.04595750959
200	42.7077585334	97.1646210926	1.76634490591
201	69.4854870794	36.6482920192	3.06124545976
202	86.0317923839	37.7666522985	2.23634443923
203	73.209653322	41.7622438712	2.37379969272
204	79.0480278752	44.8005635404	3.44805194805
205	42.4543650808	48.8254876159	3.72178675755
206	47.7570558941	51.6591837873	3.39264413519
207	54.7254075055	55.8523235274	3.96788378556
208	27.9047246955	84.2690216826	2.10745741587
209	66.7168333337	99.1485984792	2.29560097756
210	62.4531381437	32.2381260671	3.04258809781
211	48.5584024683	37.3905592799	3.71489212555
212	89.7357816187	47.2649019594	2.46050464211
213	33.7369633749	47.1654434645	2.39124323751
214	39.9955104663	51.723876089	3.65434718247
215	69.7960837127	72.9152384661	3.10230090934
216	84.0957671357	80.0918349818	2.96903179877
217	45.4343987915	82.9910911817	2.99167252593
218	35.4421452919	84.8781174838	2.44757050179
219	78.0066994769	87.0892361857	2.50095032397
220	38.9090936785	94.3483761929	1.95286628199
221	65.1199690028	26.9196485323	2.98510822868
222	72.3060068337	34.2380303666	3.74463728549
223	43.1179795592	37.4613433497	3.14959463673
224	78.3012208575	40.0824238127	2.93527859693
225	97.178039379	51.3837929298	2.26949116683
226	68.5661947324	53.551739945	4.39717092338
227	24.6706734019	65.0347410361	2.75574546157
228	58.3030551357	86.2770983576	3.78042031262
229	55.5612181161	90.2235490013	2.84768677712
230	60.2789619903	99.5092784823	2.10886114495
231	30.8699474342	33.2499692435	1.98880053757
232	66.0047730602	40.1004329856	3.06109231257
233	81.8760886308	50.9678632996	3.36937381716
234	33.148945023	53.0430816552	2.88221771467
235	39.7523855883	55.6220970604	2.77595926532
236	83.3314085209	55.8486573963	3.06065118126
237	58.9673406585	60.0472894404	5.41443462421
238	73.0746851883	63.1943693681	3.67485610293
239	84.1776949843	90.4601811218	1.80394584778
240	41.3884156021	25.5015172832	2.60850003862
241	21.5042446292	48.6112135198	3.01161213417
242	73.2085188969	49.8171127684	4.72669399304
243	37.4296951387	58.9539118291	3.24540854573
244	90.3336628856	66.0225189458	3.08410649455
245	33.7558651757	68.1071195395	3.06604024702
246	46.2261144033	71.7558207782	3.59079292267
247	53.1541664216	72.2238573685	4.2560248296
248	83.1604441349	75.2789150767	2.94946579356
249	92.6104255907	78.7536847337	2.74391294576
250	75.5485258049	31.8290677348	4.06615269833
251	80.9628299828	33.2073882057	3.44814785871
252	84.3804361948	47.7124760502	3.38018175307
253	48.7372113282	60.2251616653	5.34525220598
254	88.1297198747	85.1867001497	2.93100501367
255	35.7632851601	35.9678015271	3.05900463634
256	38.8460567215	37.9528839959	3.28819010184
257	56.6578382949	39.4349797353	4.26630187994
258	52.6118524207	41.1980810862	4.14962068966
259	24.1496487098	42.7332757126	2.98576709797
260	56.7890442313	44.9351353111	4.19765719302
261	29.0105417902	49.8898918123	4.3124248497
262	20.1662574067	55.9356728519	3.38483383899
263	32.7458350289	59.9180197097	3.95659366263
264	39.0195620948	74.0254254265	4.40989478397
265	28.4222637284	74.6940998417	3.63774524376
266	87.1673628365	75.7534068675	4.005245884
267	40.5460783383	77.2764924841	3.65102505695
268	20.0936032062	63.2684473883	3.03838667107
269	27.3368325182	66.6572012573	4.33448401163
270	36.303389096	71.8377431954	4.77629633841
271	95.532762965	73.0239246102	3.02808827744
272	48.8581176856	89.0682518791	4.27514868745
273	61.6013770543	91.3690732214	4.31912232833
274	53.5594839597	98.046272692	3.40263023493
275	67.2330663291	22.0903862682	3.4808330818
276	70.3317294398	28.7476919378	3.80709124858
277	58.8774716939	35.5790517485	3.89477272727
278	34.609726713	40.4577332895	4.55258024146
279	39.2395322794	43.5794425587	4.29817496675
280	95.2287718325	45.5589466367	3.46274667741
281	45.9751381706	46.1839494744	4.41083781706
282	50.3958109039	48.147646159	5.84958932238
283	96.2830786856	55.4334380163	3.74539191124
284	76.5037156092	58.6781849977	5.14062784764
285	57.7055428261	75.9953210493	5.24451345756
286	80.1312369694	82.2281331128	5.12531585597
287	40.4309083198	84.6540842535	4.56813468944
288	71.8411569566	96.3635350912	3.52295829713
289	86.4718861596	32.5414710513	3.73271598153
290	56.94219344	33.0220965412	5.05389838729
291	90.206991367	35.3727861376	3.33494333513
292	74.9615080741	54.8043796995	5.67117663525
293	96.9035961623	61.3568433813	3.60135424702
294	86.3391575965	62.5496835027	4.15637646287
295	59.0430757966	70.5026454835	5.54515255906
296	80.8081232143	71.8270093923	5.39919235694
297	74.0771054946	74.9830526862	4.71016901408
298	80.4005089326	91.4690553414	3.84531582683
299	47.4552694937	31.7530655143	5.47595137421
300	42.6143874033	32.3991936751	4.60958145423
301	61.5880121474	37.4044255449	3.85734822775
302	53.5590387993	47.2015839037	5.17946699324
303	90.6978840322	56.9695310866	4.57257704332
304	25.296869279	56.5109165011	4.08249474974
305	81.3962409385	59.8368442378	5.00424403183
306	78.6399205709	65.4500612598	5.11150630226
307	74.1797012708	68.694227896	5.53807483105
308	72.9482833653	86.7495165814	4.82386304776
309	67.9098729093	88.8424587255	5.31952580747
310	47.9727840874	96.9663030217	3.37038834951
311	59.7465394035	28.5387887297	4.81846923367
312	51.4412787431	29.8417985213	4.67908013483
313	65.1746814301	45.2303895679	6.33272833724
314	58.9748045926	51.2176826131	6.49713928712
315	27.7852488915	62.2766253464	4.75862654531
316	56.0639125918	66.1871540172	7.07787650763
317	21.4662465114	69.3677884517	4.35919798597
318	43.2704108336	71.76444591	5.64822846222
319	78.2341630359	77.220639993	5.19791666667
320	61.9030859817	83.1023321765	5.70047989409
321	52.267946571	83.2418802224	5.67464539007
322	76.0876222979	84.2039011924	5.37856620337
323	61.0512562646	22.1962210403	4.4667527876
324	81.1634039466	37.8661767209	6.087905559
325	71.1949589635	43.7759177712	5.59163685914
326	44.2964478474	55.7344823958	5.41038327526
327	39.5027039495	68.0789923737	5.494533571
328	64.6418227733	77.5487185129	6.14459996217
329	36.3053973652	80.7689513041	5.45820817062
330	32.9132353522	88.4497701852	4.09099153567
331	36.2533731414	90.4710734872	4.52964811884
332	51.2762508393	23.724066369	4.79742647059
333	74.3058051864	25.4697403799	5.08210622711
334	36.806908992	30.781699807	5.24342283699
335	45.1917147461	41.7510694522	6.76296981208
336	32.2723099765	44.0687637059	5.90595155709
337	36.5720272817	55.1577195377	5.30008577964
338	35.0434372029	64.51633875	5.71945262313
339	45.1258555908	65.1180796706	6.53844778255
340	82.8314347319	65.3386856278	5.50117465975
341	62.1274059859	67.2802217968	7.5253407647
342	32.2805343426	75.109109403	5.42271592008
343	58.7941172527	98.1116550824	4.49838396897
344	54.0607864468	36.0798633089	6.48730173283
345	36.0260428031	48.7021846592	6.08460592395
346	28.7134734051	52.9396063405	5.67799585588
347	49.4460877919	68.9135225203	9.69917891098
348	28.9565440276	69.288917875	5.94708099749
349	80.4876851928	29.4202269141	5.97587719298
350	30.8520677342	36.129385129	4.98466994958
351	77.5169378034	49.9820488903	6.27435830278
352	56.2461190943	80.6990368899	6.98847898027
353	66.6894095034	83.0012654077	6.4780876494
354	42.5881687239	93.2279661335	5.2439709348
355	90.8288885632	40.0914200398	5.77437284801
356	88.4579979756	52.0265745713	6.37973432869
357	42.5206464895	60.1194008164	7.146124986
358	37.2586438281	61.0656074477	6.3774893617
359	71.4395449591	65.5195265392	7.51195605343
360	68.5568199397	69.5519301534	7.35839825195
361	87.2041529361	71.6630154395	6.34867024597
362	26.5239082398	77.8119312191	5.9909342796
363	52.0273313468	77.75322866	6.76956485073
364	84.2921377775	86.8593111804	5.79753353755
365	57.943020626	90.1146943322	6.34381778742
366	45.3143262158	77.7402848503	6.79728101876
367	30.2716889804	83.3269967951	5.75723830735
368	44.3756239289	86.0674735004	6.69579907647
369	62.9312589224	88.357497604	7.04221513097
370	76.8441316391	44.5765842849	7.27233608878
371	93.4004259476	48.011956377	6.58317696305
372	70.9798875288	60.4738639632	8.31988736599
373	89.7450036165	64.5561928022	6.32576912087
374	82.9755683796	78.1354193349	6.75100308642
375	48.3971937202	80.1173065495	7.57382648295
376	74.1332427573	92.828678466	6.13568692321
377	56.3162366242	95.54440265	6.23126567726
378	64.2652448115	96.3240140721	5.55767217076
379	73.5501513883	40.4577271545	7.07143513837
380	83.0791375313	41.19227713	7.11437521165
381	87.7367961652	47.3068931519	6.60168527709
382	83.7491347609	56.7317159352	7.21396785335
383	94.7035711432	67.0152978349	6.29985113367
384	24.8111101622	73.7773522778	6.38293280448
385	54.7826302358	88.0228993645	7.44882636326
386	39.2403639673	36.919322838	7.27839050132
387	66.6040392018	37.7499970773	7.75904438193
388	26.6327625907	42.8780834124	6.19835337167
389	49.9764886106	41.2665706102	8.21766960521
390	84.79564546	44.4211409126	7.33773244029
391	47.3389935418	56.961846619	8.42685459941
392	30.1147175874	57.0985172865	7.80123321027
393	70.6684044872	73.3846354132	7.41433742208
394	69.1305921798	78.3707188341	7.88746732701
395	87.9902486681	81.5483071995	6.74214770798
396	48.6478715736	87.4716064143	7.50126571942
397	43.6476602115	27.9680952222	6.82648755475
398	79.8842417551	54.5132729008	8.53742680367
399	94.2437039762	59.6073772743	7.25757643885
400	91.4436966601	76.3995817575	6.86626159676
401	60.8806252968	25.4804377706	7.21727854952
402	77.2229398948	36.5770212626	7.87039660057
403	66.2571450897	42.1450121992	7.38480233312
404	47.5530100957	52.1076920855	9.11375136422
405	61.8345667994	59.966608029	9.29314404898
406	29.2566007549	63.4520939584	7.59740487463
407	51.3841949151	66.2386691352	9.18124383021
408	67.6221475789	25.49638062	7.02598913887
409	70.8188607447	33.6431263143	8.24492237656
410	60.3423765088	42.8808228509	7.25188338493
411	90.8293347021	43.2821695588	7.2368539833
412	41.0554819635	46.2345890349	7.88994708995
413	24.0256580628	51.6509652288	7.32837850967
414	53.3747793157	51.5355138271	11.6266192733
415	94.3865352536	53.3104557803	6.9837356396
416	39.9253312672	64.6931905698	9.43401029122
417	76.77405381	64.8657533493	8.35211830536
418	54.8076656391	73.3678274826	11.2810298515
419	65.6456146001	73.4846277371	10.2283512227
420	56.9417902221	31.0565749926	8.45394149727
421	85.5941340168	36.4604217286	8.07508058739
422	35.9138834794	56.1076470977	8.27823724008
423	23.1687555817	59.7056354479	7.8015707119
424	33.764553814	72.5950124776	9.1181929431
425	37.2997362826	78.1090515472	8.68811797753
426	41.4728833379	81.1910533001	9.17537754731
427	77.8227991412	89.5389798355	7.71556550952
428	49.5914721333	93.9173576583	7.57362745098
429	69.9664511028	46.9780605133	9.5971293963
430	39.5887599135	51.4359159474	8.64310434331
431	87.2958045424	56.6662060651	9.2979387292
432	23.6857166981	68.7739559441	7.60863682902
433	77.6777544699	71.9516576167	9.13292602378
434	81.9557128096	76.160248062	9.06411183931
435	68.2434842755	93.8043422274	7.34176967611
436	65.0405477472	32.2446954437	8.48344136712
437	45.1955186373	36.0643098215	9.50730031492
438	44.7509493138	47.5458597111	10.0550630418
439	32.3100379727	47.3621551802	8.4836316822
440	78.6115744876	49.0981662269	9.12768347479
441	32.0862605013	51.6912024696	9.35954521417
442	42.0587189772	56.4760483142	10.3371910646
443	92.2888753097	70.7042066484	8.24817518248
444	73.5108361115	76.5147097509	8.50978122006
445	75.1846165968	83.4260533171	8.88079739626
446	35.7148259386	86.151972583	8.07145748988
447	54.8593323719	27.1240813044	8.61651053864
448	49.8246137739	27.6114736162	8.40341103874
449	56.1010166813	39.7629534692	9.27855051245
450	31.0000771058	40.3888736459	8.72246468359
451	68.5039226101	58.4903361914	10.5698874296
452	51.590016906	64.3162108661	12.1355857262
453	79.3148306937	66.5541096616	10.060639992
454	49.465847606	74.7477992306	8.9434850221
455	58.9517529336	78.7113036949	10.0097520302
456	39.8823212307	88.8066018504	8.48900205409
457	44.4654750207	91.3466691315	8.10866992159
458	36.4271364613	34.0228484557	8.47513706975
459	50.406870157	33.8032855864	8.88215736978
460	61.0356266071	36.1668930872	8.49788363343
461	54.422879142	61.5134357987	11.3850672468
462	61.0536097866	74.1144493232	11.1791068867
463	56.436292364	46.4173790586	10.0734038604
464	48.1895615706	46.7228778224	9.06934234055
465	72.207609743	56.1537890864	11.8747112794
466	87.1541325674	61.2205352844	9.88365181402
467	40.5409583892	69.5240685507	9.59297520661
468	74.2611658608	70.4243143459	9.72251665657
469	84.0887010092	70.5186427752	9.95284673502
470	64.7051165135	86.6438725516	9.46436436436
471	84.4628134223	51.7371150483	10.7758480049
472	56.5689218667	56.4301113137	10.847751896
473	85.112187442	66.08378918	10.5081082158
474	31.9444317941	67.6909420438	9.86269523222
475	44.9679374036	72.6544359767	9.95609766789
476	31.5406787415	80.6361046769	8.90771308523
477	70.7922112989	84.1652454909	9.97023959119
478	83.0220724602	85.409030973	8.38119651815
479	40.1815910488	40.9954081029	10.4086981764
480	27.7555869991	46.1148914334	9.36521691738
481	73.3276762159	46.3150564436	10.8649201157
482	69.8518702883	51.7102435005	10.7052186178
483	43.4180719918	52.5174538402	10.9480700235
484	32.6193429077	63.8847750497	11.0614615385
485	57.743926112	93.6611192451	8.85838083052
486	80.4853167797	33.5061774388	9.55104132048
487	72.1042944354	39.7598881277	10.1746181569
488	25.2474535318	64.9350219016	10.1191788771
489	86.9784672378	79.5703131749	9.52157287981
490	48.4281946801	84.0959990117	10.0747322298
491	37.1623604256	44.7951037444	11.0616600456
492	49.3407699439	61.9694205254	13.3274410243
493	79.932434392	61.0485479845	11.0553481221
494	64.8777132788	79.0845791079	11.2054252369
495	76.1679512083	80.1170892729	11.1011120616
496	53.2776895877	84.9353442246	10.9237216828
497	69.573763998	29.1828517534	10.4689438425
498	75.7775815335	31.674318111	10.6397146699
499	76.9394242521	40.5866450563	11.7644550571
500	88.1501550732	42.6030420642	10.1056034483
501	91.4203436123	48.4953764452	9.74002299228
502	61.4661041678	49.3279050688	12.5820050166
503	33.3555715855	58.8618184181	11.7348066298
504	40.8083207681	60.0073473831	11.4448646986
505	73.7789973683	61.9170258845	12.3184527625
506	57.9092044092	71.292805053	13.3241172762
507	44.5659568854	81.8832909744	10.8311364968
508	52.2992041616	91.9215516577	10.2481020942
509	65.2965899052	92.5971791906	10.244455384
510	34.8464860544	38.3685508256	11.1095518758
511	81.0360603267	43.7280005379	10.9917218543
512	53.0410234971	44.7912515201	12.4420273262
513	66.2148084497	48.9091628069	13.3915801124
514	72.2073669669	51.684622299	13.2704554615
515	76.8210401414	55.7341488037	12.3479859057
516	33.3649559229	55.571633531	11.9092776033
517	50.2490874927	56.308851322	13.5264696486
518	45.7769467259	61.2197558591	13.0112702961
519	43.9514425013	67.0239525134	12.3631058673
520	37.7072253259	74.1862623014	11.5200071882
521	41.6732980179	76.8688212021	12.0738669682
522	52.2848218569	78.5337032241	10.747091195
523	58.7547535965	85.3608340169	11.2594595883
524	71.3535259815	90.5126010458	10.2734897548
525	61.7265652988	28.5847799739	11.0434742815
526	65.2071863204	34.5286485389	11.9592169657
527	62.0332740109	39.3196989095	11.7702836116
528	67.3893997271	42.7589093776	12.2948745832
529	36.4300695327	62.0582297168	12.5778038518
530	68.7060697487	64.2138946519	13.6028651562
531	91.8202920094	64.8878414729	11.187090851
532	36.4119262922	69.2603767936	11.68115077
533	89.2523791136	73.1398704272	11.0968487011
534	68.9270026445	76.6634755795	11.8605123399
535	70.6307832615	35.7872755506	11.4487397211
536	61.1252501511	42.9655778975	12.4736225368
537	36.1526198402	49.1182481392	11.912001287
538	25.8351963894	52.7037198427	10.7916549593
539	61.0956065758	54.0390500793	14.1494244168
540	65.9050623288	53.4159671595	13.3072621873
541	92.0081521526	58.8094197992	11.4175668612
542	26.2595404082	58.8193905932	11.3569001118
543	60.8062574287	91.4610649055	11.6601502745
544	36.3744811833	52.1077956939	13.0576406689
545	65.1736106075	70.3530038605	13.6400792136
546	69.9297387739	70.7489347641	13.7580982613
547	77.6530468267	76.013362233	13.3929813289
548	63.0123095658	83.4447433375	12.2517150781
549	45.8556774153	31.5733421621	11.9203967227
550	40.6578572187	34.1358440373	11.8962411193
551	58.2845957876	34.8789651502	12.5101812128
552	51.1259778256	35.8010280072	12.4159389823
553	90.4757654486	52.9717243582	12.309067586
554	81.2670116861	70.8904952054	13.3537040367
555	28.3357184761	70.8369427165	12.0907324952
556	30.2265362167	75.2530550915	11.6220326725
557	67.7490810843	82.8204708909	12.9822175732
558	37.6011846889	84.2851059144	11.6468082812
559	79.6894227112	84.8867560783	12.1111804977
560	46.2739097715	38.8202168554	12.6126349485
561	80.0157701047	46.622127467	13.4087790289
562	48.3102293401	47.8608875753	12.9937820272
563	72.6565488666	66.9362934048	13.5425729306
564	54.0638976179	68.0822774131	14.2267357887
565	74.1654740894	72.7447107817	12.7059074678
566	49.6560122076	74.8023331981	12.8674013758
567	42.0872401364	87.3683804717	11.8180639585
568	74.8459649172	87.7643291311	12.1489603807
569	56.9411048074	40.7602924223	12.9013935811
570	28.9138765286	49.0199383351	12.432397199
571	63.6135915523	66.6370679495	15.1329316656
572	59.9478734783	77.8427356763	13.5976129582
573	83.5387587451	80.8230045286	12.3794260237
574	54.2050142446	82.6096448562	13.5583046861
575	46.6782399327	88.8203381476	12.6408610568
576	83.1703322774	38.6169431689	12.4496250893
577	43.0922634642	43.6788843873	13.648547407
578	62.7434319256	57.5962095221	14.7258505979
579	45.5108141382	78.3787356223	13.7047725084
580	52.0110854195	39.2911362672	14.1044919599
581	46.6812149171	53.0165705715	13.751292796
582	37.5951587801	56.7589734444	14.1914771189
583	53.0615165002	58.4193384123	15.0269100676
584	58.0370087897	66.8603883616	15.2153417015
585	86.2053119454	75.0935799098	13.0775890869
586	49.4724064915	82.0358744234	13.5868845552
587	55.798307419	90.4253600079	13.1171437272
588	62.4734249102	46.4818133732	14.1343810135
589	81.5406634568	52.0252905201	14.1179049939
590	36.9304830168	66.7872054364	13.802882407
591	90.0033492955	67.404395339	12.6696192858
592	61.8809308997	69.9534238835	14.9525293586
593	51.501972102	88.9805582129	13.4249865988
594	86.9522515324	44.5366662326	12.7778868282
595	83.0720220513	57.7444411318	14.0165024631
596	64.236418118	61.9884688824	16.0749741939
597	82.3102597919	64.5197477873	14.3048892424
598	71.9736715264	79.2065093376	14.138788998
599	51.2494544183	31.4633827095	13.4923569056
600	57.3960445929	52.778756983	15.5125504258
601	40.0742811589	73.2174015082	14.0475384876
602	40.4340897648	48.7092103712	14.3809230589
603	59.036045982	63.051077819	15.5679971053
604	34.3093633891	78.909934512	13.3109648716
605	70.617808175	39.296729467	14.9337434175
606	48.4126102307	42.2843184364	14.4632068844
607	32.5894590511	45.2093556273	13.6747309585
608	70.2998737767	47.7506112997	14.936763623
609	28.5477574313	53.9412532837	13.4289835165
610	58.1962096688	82.7743910759	14.7449360784
611	74.5902030054	43.6411393005	14.9045707389
612	39.6621389582	53.815673387	15.2598138838
613	67.3846120097	57.4732019483	16.1683259807
614	54.6671473036	79.6505791174	15.9918257688
615	87.4865295911	49.029822174	14.2743767313
616	77.9926363957	50.5573518633	15.2371605848
617	43.6978078731	72.3527059964	15.914988081
618	82.3908297427	77.9414323102	15.0586609893
619	68.313180358	88.074310067	14.4365352427
620	64.2203608293	88.5558007294	14.4591854829
621	65.167406909	38.28040842	15.3977600874
622	57.494622635	59.2697824068	16.3099967569
623	87.5084404427	69.7990639974	14.5891161152
624	68.5552536527	32.5564340445	14.8315957626
625	79.2708099638	37.6656761229	14.6128344179
626	56.9051968074	47.2293698021	15.2701769362
627	29.5440670078	62.178330625	14.8475643382
628	46.1782766607	75.1509631581	15.9151430506
629	61.6002317203	30.5375639986	13.6169085916
630	55.3914702576	31.2055159222	14.4389420984
631	40.3275844496	62.4551859154	16.2121859555
632	79.8156608116	64.3246664506	16.5289523138
633	77.999282839	69.6623375724	15.785304248
634	72.8730514457	75.7885440686	16.673695247
635	62.0449904255	81.0350430664	15.9518375242
636	37.6619035906	80.8438825167	14.5960670851
637	59.0946754015	89.0013336095	15.1877837684
638	74.4158980071	35.3267317903	14.9678258117
639	59.393473838	38.2165016974	16.1501255493
640	75.0161105555	47.8373011129	16.9377675259
641	88.5721307615	57.0738868243	15.5120292887
642	88.7849252394	61.9363133095	15.4553696331
643	50.3904477206	78.1237069921	16.2750475232
644	42.6932347673	84.2086261924	15.18630416
645	49.1166190784	86.7671034166	15.8922971741
646	40.520280657	38.875815012	15.9216956771
647	35.9155907951	42.7376058514	15.6025120212
648	32.1688232981	51.6199307915	15.7830940989
649	30.1751071212	66.642964218	15.5034057319
650	40.3913219521	67.8554618225	16.2388041339
651	73.5131902231	85.7115326023	15.4818898159
652	81.7977397635	42.0547480156	15.9047010005
653	45.5206292633	45.4264239826	16.846057115
654	43.8188232991	50.0935404813	17.1205467897
655	79.1320103285	55.7237115157	17.1350165131
656	30.5043299107	56.9090933557	15.9178205483
657	32.3690036047	70.7603235917	15.8090895273
658	42.1649146595	58.0351942174	17.2333274315
659	80.0769126465	59.637291079	17.1109274564
660	76.7571106943	66.7096501525	17.3732495747
661	46.4257614519	35.3283358101	16.1803278689
662	53.7335461636	41.1600038092	16.928953108
663	84.2704199625	46.3195256311	16.1854156694
664	86.4014987275	65.3523194725	17.1943975365
665	48.4956145957	72.6597747213	17.4941794836
666	65.3959846752	77.7928784322	17.2935761213
667	78.2116116273	81.3836164013	16.6921398323
668	44.9563230289	68.8093002142	17.8265111502
669	34.1795889421	73.6928457581	16.2307859881
670	74.3241901273	52.3603796608	18.140818211
671	76.1736182682	60.8519924179	18.2220750102
672	48.3308159732	67.6696310856	19.2275564635
673	57.4328543803	77.97249145	18.3278275123
674	60.2926601699	33.0857107643	17.2213848998
675	63.9527070485	33.2672346325	16.9460820896
676	50.9178403277	44.5115529385	17.848523527
677	45.3651772052	54.4480971167	18.4740815299
678	44.5267623476	63.9894929487	18.7149758454
679	73.3396699015	70.8207352893	18.5279330848
680	85.0495184276	70.9208141478	17.3808898761
681	68.6585749398	75.4302860462	18.1402469918
682	61.3546581364	76.0955449829	18.8413069808
683	41.9695317527	81.368326902	17.0199806014
684	61.7642761201	42.8283438592	18.5764401773
685	66.5149933127	43.4663269142	18.2214376822
686	49.3944538439	48.5275391115	18.7890404326
687	73.0422092238	55.4780545009	18.9975226327
688	53.749054126	74.840906747	18.9973442242
689	61.7969121388	86.4356719502	17.7811614731
690	35.5396472489	48.6747256994	17.8047267356
691	86.3450765405	54.7295818127	17.8190549366
692	33.6956244847	59.7451251921	17.7591866458
693	73.6485542128	63.9334667161	19.6538247496
694	81.7932757715	75.5297386256	17.5727575295
695	37.9834691354	77.2042692478	17.6770036343
696	57.2252080326	43.7138560938	18.6374928476
697	69.8529091455	46.1886925035	18.8115075427
698	45.3638083529	58.7603782837	18.9434537776
699	46.9753431336	82.902049595	18.2418263224
700	55.9256742596	86.669819435	17.6428893498
701	83.8040414733	49.8648267383	18.4995462246
702	50.0678276906	52.158372355	19.1941673711
703	34.6751227223	64.8826619822	18.547021576
704	52.0513485505	70.3042728485	19.8542168207
705	71.9934965875	83.8529330898	17.9081649832
706	48.609622934	37.142730092	18.4114978767
707	34.5442170492	54.4910506624	18.5343222804
708	36.4651939128	70.9112162226	18.6508523369
709	59.9153822677	72.640451691	20.0970153035
710	65.3209566396	84.8486639882	18.9208983324
711	69.5909329888	36.8050037172	18.9334912536
712	75.9247074494	40.6963589361	18.8216272249
713	43.4329005252	40.7584921137	18.7387068501
714	38.9260978239	45.0439388947	18.5903528186
715	65.5109615686	47.6773342667	19.9061761413
716	54.6397749927	57.5736627115	20.9161761148
717	70.7181161315	59.8061727915	20.3567883266
718	57.2862575693	35.6130250454	19.2280813567
719	53.2953691099	36.5696722441	18.8855039638
720	79.2888827987	45.0418885582	19.4255706654
721	49.8325603467	56.8096682464	20.8228107755
722	66.0543108529	71.9804394901	20.4993757316
723	52.856896468	84.4823424287	19.3154551089
724	60.3431481728	48.5420903973	20.5623134091
725	40.29643988	74.0422705269	19.8252900419
726	43.1627287152	78.1801111689	19.9133259527
727	68.4244951402	52.8712167968	20.5361746109
728	63.7534148973	53.6534711789	20.9204845287
729	48.4450857066	63.1447784732	20.6969374597
730	53.8936707413	50.4594427202	20.7245528999
731	84.4781935271	60.9539133968	19.6174057754
732	53.0848201186	64.7296323185	20.8789581938
733	69.7624290682	67.2190360533	20.5179068651
734	76.2979159664	78.7219197731	19.8817340644
735	56.1458751144	69.60552294	21.2416921408
736	68.1358578075	82.3173058179	20.3217394087
737	38.3191446893	51.1981668936	20.4196406289
738	56.3974371134	52.3712560653	21.8165049525
739	59.4003735312	55.6567058147	21.837430777
740	66.8875028993	57.3264698859	22.1518991912
741	37.3347385198	58.4865163082	20.4689579233
742	67.7403066642	64.0538170306	21.3204253346
743	82.1188592301	66.9700812364	20.8553358471
744	80.7032107953	71.6051959298	20.3996910504
745	63.1652029384	37.3073960092	20.6578579976
746	82.8069982097	55.1792395955	20.3770943035
747	62.4456724074	68.3574054936	21.3768514909
748	59.7467854009	83.49039197	20.6179111865
749	46.275467396	42.4050559138	20.7321113853
750	51.6657040721	60.4406837929	22.0682194461
751	50.257191903	80.3723307737	21.2840837366
752	71.280672396	80.2363825289	21.0273799977
753	38.5730800346	69.193328798	21.199775323
754	77.378648585	74.0791333831	21.1321591181
755	46.2510096957	79.3210555504	20.6714903976
756	69.9456336813	40.8017469603	21.299741929
757	42.1947578084	47.0102372103	21.2732472143
758	79.6992926979	49.9163295044	21.2459003551
759	61.9974289189	60.4352542492	22.2967084732
760	56.6108203527	63.9109150836	22.4336138784
761	60.9584050262	65.2053515867	22.3903987921
762	49.8802911452	41.068321345	21.2586798547
763	38.3738807604	64.2389055747	21.6739932466
764	54.5508940873	40.2916388624	21.7365001556
765	74.9262897874	45.0970814125	21.9513628104
766	42.4835262632	72.6298021605	21.9813365194
767	62.3709402226	80.7087968762	22.6399026764
768	64.0642067461	40.4516003723	22.3536077706
769	41.8398814836	53.9763735105	22.8356662676
770	46.695944521	75.3766716301	22.7300918072
771	74.3846287801	77.2296996129	22.2165203691
772	41.2910240311	60.5967906328	23.0182571882
773	58.4439861522	40.7976971914	22.7924685656
774	41.7222952382	67.4161776936	23.1088116621
775	57.7423955908	81.2814442552	22.8702074167
776	53.5512163971	44.746374019	23.6000573142
777	79.2099875376	63.865620927	23.1559486844
778	71.8430452276	74.6933297122	23.5652610442
779	53.2326079802	78.9195570007	23.3441447764
780	47.5976906005	45.5615000329	23.2090304751
781	73.69329704	49.2309121967	23.5918726986
782	44.8689581714	49.9822250138	23.2409874041
783	77.9061748738	52.7892473608	23.0512780304
784	77.1362554423	57.643078231	23.5009213759
785	80.8419398251	57.3184668364	22.4005885363
786	67.4566186594	78.8653184458	23.3764444817
787	76.332512861	69.1944463448	23.697432878
788	69.773414944	45.0725616746	23.9425424795
789	64.8063187303	76.9882525654	24.548392672
790	64.2932999704	43.6224959566	23.9791739181
791	44.8143408205	69.4366446107	24.082214988
792	69.0744419153	71.7279518451	25.2896380135
793	59.0405310207	44.8534648702	24.7659603246
794	47.5953386671	51.9027366099	24.7815538749
795	44.2486538458	58.0059336204	24.4911497843
796	58.162825806	76.9280802486	24.9530275468
797	73.2731999744	53.1596399558	24.8723272663
798	45.3210142454	62.7441581952	25.0542802041
799	49.5944069481	73.7466371937	24.230014414
800	74.9936103941	60.4437106717	25.0001605136
801	52.6661730766	48.6139151173	25.3999880938
802	69.3783180063	50.7877297624	25.4223133086
803	47.9714574395	67.5735534427	25.3474559395
804	73.0489533061	69.2467572533	24.9640040352
805	65.2520222239	47.2318947297	25.5112627986
806	58.1801549524	48.4288346686	25.9985200693
807	71.0899272436	57.1522111999	25.8334253229
808	72.707385375	63.462439197	25.8642999685
809	48.8591420686	57.7851035812	26.318179474
810	62.7022847878	73.710626365	25.8326559885
811	52.0701119273	70.0379557902	26.4268300486
812	55.4395257123	73.4318262617	26.0888583441
813	64.1398878458	51.3553856665	26.3591487319
814	70.235523867	65.933621978	26.4413129973
815	66.6165336243	68.2782671355	26.6397510508
816	60.1579665391	52.4496019089	26.8901475694
817	50.3955207982	52.7330636661	26.2521645022
818	49.987012585	61.8327926103	26.8025911118
819	67.3690483474	61.8849932289	27.1542942912
820	54.3719006481	52.9468352529	26.8609391465
821	63.9627428494	71.2340838072	26.7581797967
822	62.8942951826	56.812045943	27.4695313794
823	54.7773318511	60.4831902662	27.5624927029
824	55.6493477283	55.6026150881	27.2725062426
825	67.9440467343	56.151146034	27.2557777331
826	53.0238183744	64.6211000029	27.4453736307
827	50.4843289552	66.0379451588	26.6364424873
828	59.7681994625	69.2637692278	27.1690409466
829	64.3936209047	65.460308727	27.5088412017
830	55.9766593262	66.4183507135	27.904313602
831	57.601430915	58.4199607082	27.753288701
832	61.7705035306	60.9450937321	27.8592623242
833	59.7728818918	63.7798787073	27.9284587059
