1	55.2498190297	55.1931927063	20.8944117971
2	59.4096899062	7.26402561065	0.610818732929
3	51.7825445844	8.95162293446	1.07579480879
4	65.9632508622	8.84435828389	0.537790060096
5	45.789651447	10.7262014568	0.92577806746
6	42.3808336841	11.6335401665	0.731603836125
7	72.9708036122	12.6193625533	0.517709059909
8	60.4391450259	14.4930300154	0.644866050148
9	54.4922403448	14.684582352	0.947399614758
10	38.0763469006	16.4754820305	1.34279918864
11	65.5305461712	15.9401659882	0.733942388366
12	78.2974486644	16.748638063	0.908446121812
13	48.3537401571	17.1225649083	1.15498831111
14	43.0424723272	18.2750422711	0.832113632855
15	68.9219000814	19.9557915466	1.68912167607
16	32.7855287041	20.0692803576	0.998648096331
17	81.4096042246	20.5407357182	1.94959562278
18	47.4944939471	20.288138835	2.00204012241
19	73.9341360541	21.604260345	1.60927699316
20	28.5727518467	22.5298572228	0.429980276134
21	38.9018706772	23.2557646574	1.3091360145
22	52.6859605202	23.2316848086	0.922732843137
23	62.1879858439	22.8777985547	0.730666583428
24	76.9134753865	23.4612994021	1.34652276463
25	87.4098148492	24.5115939193	1.47915168943
26	34.4782954649	25.2542531925	0.655549102575
27	66.062184565	27.0394912456	1.92710829404
28	82.7302232273	28.8483583889	1.87289680129
29	75.530932049	28.7884083727	1.27403728651
30	56.0385287995	28.0477475782	0.633796723038
31	42.2847871324	27.9057968985	1.03157701674
32	49.4215401914	29.8823752056	1.19561558529
33	30.6910423246	30.145923188	0.805991460014
34	86.4622730872	29.8814827591	0.942626796912
35	22.007851909	31.2143695214	0.458851038467
36	72.9235151231	31.3118175205	1.05197634609
37	67.8893872728	31.9933450719	1.03702471087
38	59.4821026612	32.1130152472	1.85510735868
39	89.6907875614	32.9829166215	0.945900152322
40	45.6327816777	33.6901206928	1.39098208771
41	82.5929064967	33.0439534999	0.575444673906
42	64.0393928256	34.3214749997	0.735158579561
43	37.2860459437	34.2883116686	1.45311491124
44	50.1120453556	34.5906207552	1.93553548667
45	54.6678938114	33.2005987494	1.08777236935
46	76.9204961926	34.8207093754	1.20741140493
47	41.9443921496	35.3175691355	0.711038200141
48	20.3191509947	37.2734424929	1.4901045517
49	58.6817894851	37.2678112983	1.17463347862
50	28.992515423	37.4492508362	0.744247024323
51	26.3869065341	37.5949541571	2.04097519864
52	81.8434918063	37.9304820806	2.0167503306
53	45.7775784884	38.1741860617	1.48902546093
54	52.516413858	39.5683708408	0.900959377227
55	73.831410949	40.5663038997	2.73057293187
56	77.1353826469	39.3605003826	0.786912634876
57	36.0393452525	40.6527661522	2.64430212322
58	63.0149409331	41.6282574993	3.17118273333
59	86.6056479842	39.5607996538	0.531023368251
60	91.3086566324	39.9722665388	1.54151247955
61	67.8440448248	42.9829441176	1.2694331689
62	83.8754703787	42.1034001282	3.54505470187
63	57.4073265455	42.5754535173	1.23129022601
64	47.4654534957	43.6776781525	2.69081691124
65	21.9776451208	42.6344706818	0.901347167601
66	73.3111311487	43.8278708271	1.11684125705
67	77.7608417276	43.7615977184	1.22730454513
68	98.916054053	44.2139362967	0.509780758139
69	88.0075157004	45.7315195988	1.75936545472
70	17.4253421559	45.3409751377	1.88424557864
71	49.1384727169	46.9217045073	1.37282453965
72	39.1955575974	45.6983859368	3.93398497919
73	60.5659696844	46.9674591962	1.12429752877
74	29.9815328101	46.2626814767	0.872353258627
75	42.4324920778	47.2458754243	0.999330859541
76	82.1130776462	46.6839763895	3.02993599473
77	79.1803012802	49.39687294	1.91098914211
78	25.6972703911	48.6161850059	0.643587270974
79	19.2547700732	49.7645884147	0.82598540849
80	28.4777992488	50.4355871624	1.85888993415
81	76.6959313192	50.4749614962	0.767148784365
82	95.4278313166	49.8639503964	0.79462915601
83	37.798771883	52.6639055841	1.45148968678
84	83.316959213	51.9374485385	1.65549402507
85	60.460566219	59.2331311738	9.27655198398
86	95.7956558399	52.3364953266	0.651260504202
87	90.0260878464	53.1685730712	1.44264990075
88	15.4801568804	53.869819587	1.4125329802
89	27.1466218352	54.463841427	1.50589088273
90	20.68244223	54.8261186561	1.5961059218
91	32.8546421262	55.3971616579	2.92099401919
92	78.4763733554	55.9359721517	1.52867397286
93	84.158526402	56.7876660726	1.96493159735
94	93.6031226608	55.4887744674	2.19143713615
95	71.4046330679	59.8955202263	5.91027707875
96	36.4360306341	58.7842827954	6.97879453848
97	98.957716826	59.3336105194	1.43843594581
98	33.2751445266	58.8812139301	1.13611374026
99	29.3869615159	60.0313776598	1.02086710145
100	46.520246653	57.8245017331	6.61307639398
101	81.7286091185	60.2579642941	1.78774509804
102	18.9854805688	59.6273311962	1.18055108133
103	42.5635679519	63.6585182847	4.8942832613
104	93.1066879155	60.934191563	2.77797634244
105	14.6752329777	61.8255686347	0.947830506908
106	33.9103573433	62.7668385993	1.98171982001
107	74.4633579445	63.6528803615	4.40991608205
108	88.2686973909	63.3472188049	1.27716374957
109	79.4047003966	66.328590501	1.77340975481
110	93.3068380391	65.6978149596	2.05830619884
111	82.8128745483	65.5111260499	5.18653144016
112	27.000808062	67.1015687271	1.38374205589
113	34.0155220601	67.044788826	0.796161364848
114	15.5187743447	66.9412117321	0.629573995073
115	19.9623102298	66.9193024918	0.728291316527
116	68.2782905073	68.7166494083	3.98565558016
117	48.0574158122	71.1927389389	8.42625692388
118	61.327425386	76.7179043279	6.42099759601
119	87.9349625942	69.7167230554	1.16979155298
120	95.1493337267	68.7267944679	0.565664635973
121	39.6673231125	70.5943255484	0.922890837617
122	71.5459499274	71.2540000414	1.40817889916
123	92.9138920888	70.7777339349	1.32212247086
124	78.1429669932	71.9593774694	1.82491243036
125	37.2013201883	71.9225085146	2.12983245086
126	23.0349349481	72.0556357337	2.14461221209
127	30.8520019523	71.7705615405	1.10692552883
128	17.6173984146	72.1659651959	1.18652653864
129	83.1665935987	73.5121862007	1.61674599141
130	51.2295313401	74.9414207705	5.0873898625
131	27.8501551583	74.7139857878	1.40105595991
132	74.2412854464	76.6396334348	6.56505213457
133	71.0171869533	77.1141161336	2.05362700503
134	47.3848945327	76.8894621244	0.985582078882
135	78.2944017765	76.968177749	2.05553588589
136	41.1433205011	76.6731092981	1.48015705442
137	33.0133120125	77.0203661569	1.62494937222
138	24.4949923173	78.3671541627	0.756681082973
139	67.0302226154	79.3808148453	2.87603396159
140	88.8365410958	79.1012994861	1.0153890407
141	57.0671626008	80.7549471442	3.23342928457
142	75.2849077028	80.6575737857	3.53007006818
143	51.4738000482	81.6129156866	2.07578491519
144	35.1360091523	80.6294738839	0.699285321605
145	40.4787103947	81.7782965137	2.09690459982
146	71.3069437309	82.9014226134	1.49908653356
147	21.8359657623	81.2086659272	1.0942455243
148	30.0810291001	81.8135666757	1.73273948729
149	63.0941855436	83.7397617892	0.766195085629
150	36.8894090643	83.3315830226	0.743633881403
151	75.712656826	83.8375205189	0.818240026725
152	57.5494767638	84.5849770415	1.7757062918
153	67.4459949422	84.769785245	2.54689926216
154	91.9141321557	83.664501542	0.687422908426
155	83.4059237607	85.0052064037	1.15912644127
156	51.2115064256	86.7976127673	1.68353188143
157	78.3833913187	87.4985578854	2.0444175802
158	26.6362826908	86.178922265	1.3958016232
159	64.0554707526	87.689163113	1.58865421088
160	69.9796207666	87.8355896843	0.545015017215
161	38.7071852862	90.1408014439	1.45487878117
162	42.6648896478	90.787673201	1.52884023565
163	84.4642163903	90.3269230225	1.13262496138
164	72.3551007155	91.1543174621	1.43666508372
165	55.9438868554	91.9776042532	2.69978957947
166	64.7859105409	93.3788948705	1.48830963286
167	46.8231568238	93.6039109343	1.19696990913
168	68.95959351	93.3334363665	1.05976833393
169	51.144683843	93.9313065276	1.593138896
170	56.4432092981	95.1422782995	0.799422963764
171	78.1572082474	95.1305809924	0.954732707415
172	60.0282865165	96.0961614752	0.643549634212
173	38.4143823582	96.0733628	0.957240967453
174	42.3768726747	98.3955956901	0.696180768758
175	67.2732335916	99.7207909555	1.00295531056
176	60.8173873119	100.867201625	0.674945267918
177	79.7379251813	25.9092912737	2.28127584405
178	53.192317941	99.2793477149	1.50029551028
179	68.0849418723	38.2931641139	3.16895262042
180	34.2381650347	86.7563202917	1.76004938305
181	57.6502861766	18.4389420373	1.96930596023
182	28.2613934033	26.9080838517	1.76152000231
183	93.0931800283	47.7599918806	2.21255642983
184	98.2363372183	47.7204003742	1.95932709314
185	34.6678107782	49.1112587361	3.00084530854
186	20.2580916476	77.0603079914	1.84202291271
187	84.27938494	80.3134219992	2.90498767813
188	44.889640254	84.5643710705	2.65774051479
189	31.0937675681	66.5555849847	3.58881912092
190	61.5381951082	92.7574081373	2.85452292989
191	47.6139165551	98.5938946202	1.362117293
192	31.6257802937	33.1739610324	2.44591069876
193	93.8585386236	34.3266938584	2.5613085406
194	32.938360224	43.9684993236	2.76066875836
195	53.9790966163	43.8988944801	4.7376433994
196	22.8726763653	47.410004681	2.90143420072
197	38.3496240063	65.800548125	4.19507994159
198	85.8487616228	68.5461390608	3.8928254992
199	72.0031123905	97.0030373021	1.86855733798
200	59.9343167493	26.2720244155	2.31610346608
201	41.5100101195	39.984123569	3.40028471424
202	90.464979657	72.4801503699	3.14729514553
203	88.6149544009	85.1013362921	2.28721577032
204	73.1840016164	87.6893321316	3.87976719183
205	48.0195580721	90.4070510328	2.59074200251
206	51.1249869277	27.2486372307	2.08786080544
207	88.7574858103	59.2340648749	2.95198550008
208	98.2373122195	66.4325228267	2.18176591855
209	74.9033981111	70.4017225226	7.8011077551
210	92.8829753108	78.4902882872	2.62090668841
211	58.0688757844	87.9807308217	3.63730090732
212	80.7850219659	91.7768686691	2.15190951682
213	63.8275212764	18.7367756519	2.30788485607
214	51.6323959865	19.7198660151	2.46224297658
215	22.3017652704	63.4067603098	2.86350592932
216	32.1177990117	70.4157081141	4.13463070808
217	81.3522228324	70.1366824068	3.46234962127
218	43.9818574143	73.6191413473	3.31505760016
219	68.0947168798	90.2133718321	4.29659220791
220	63.8468381509	12.7061140097	2.45938337535
221	42.8446729965	23.436968795	2.78413405391
222	37.5143919897	29.2229977784	3.20021150033
223	69.8179358871	29.6388610456	3.42416939912
224	47.4089927084	29.8918851049	3.90367509105
225	86.3687696633	35.0731153024	3.04085886826
226	58.2793188097	46.282409043	5.33081655989
227	86.6639240832	53.6151345785	4.20459953998
228	98.4758738769	55.0114676584	2.36154796781
229	23.8134919187	57.7508717929	2.24279218995
230	83.3036905828	75.7624079445	4.10925229427
231	46.0430207219	79.5059736346	3.65339730177
232	32.0154554477	90.6057821847	2.41180207314
233	35.4697246695	92.5446820107	2.59902180022
234	58.8660766613	99.313031374	1.77545494955
235	69.1276944364	15.3802649956	3.12941698226
236	56.5598005842	27.9185789301	4.40307874027
237	63.0716153925	33.5993886494	3.23027887707
238	49.7276618495	39.9241944331	4.76554317746
239	27.4387848337	43.375996043	3.65338393422
240	27.0858753742	60.3507947759	2.91861289206
241	39.5993183561	86.8392752777	3.63228729524
242	42.1162214112	95.1700974604	2.90449444646
243	44.4926667166	16.0846132509	3.16194261712
244	89.7376844101	29.7890504113	3.62947376332
245	25.4385291013	33.0742309993	3.05717045416
246	31.7980267694	37.6131578808	3.48114630468
247	53.0557026668	37.6381728063	4.08918927659
248	23.2460926707	52.7537465025	3.6400127778
249	85.3412957515	60.7932098194	3.63359181769
250	57.9848549824	11.9803398231	2.63773626293
251	50.6287396867	14.5798452768	3.41792165769
252	73.949390906	17.8263912446	3.2647885926
253	47.3824417086	24.4295390053	3.66551106164
254	55.5466110814	34.0052122368	4.26879093067
255	96.1898026249	40.9978114648	2.67255626494
256	59.1342311606	40.1102408118	5.1420012769
257	44.2488721303	47.7330024503	6.40334423323
258	22.8902940172	67.4079840002	3.72704357844
259	87.4275004336	76.1193420646	4.24882571193
260	27.0359054616	77.1459643742	3.81531736075
261	39.3765093878	79.5632464609	4.19341046787
262	80.5142232596	83.0198267029	4.81070609719
263	56.3442794596	97.1789291614	3.77223478224
264	64.4838893554	97.4242281575	2.97114831522
265	42.9549170255	33.7667338326	4.02393186025
266	77.7412019059	53.6508592112	4.66039690505
267	61.7855012177	85.1385090567	6.11299931433
268	76.3652380077	85.2157938627	4.88463812104
269	52.4119044885	86.75043307	7.64211773243
270	78.2673978687	34.137767679	4.27178842361
271	72.844693091	35.9542797359	5.00870220065
272	79.4958218195	41.0863724008	5.06682293411
273	95.7693104597	72.7413382833	3.38795751387
274	34.9191318371	74.4102121879	5.66616336374
275	37.676711966	76.4099388539	5.11958207493
276	59.9827689234	22.6334567508	4.69779001454
277	69.7285932799	24.4456371909	4.3529163756
278	89.2765408833	42.3437097403	5.03608502224
279	68.8626781723	45.8943413043	5.85660421349
280	79.7423469049	56.3900988306	5.46773472685
281	74.6188041003	93.7287578549	4.05850727388
282	35.4021200282	23.266063658	3.45031640157
283	18.0193165935	65.725966488	3.98564898618
284	69.9889266252	74.9539317771	7.21922260184
285	35.2967037207	83.2348481546	4.96473825958
286	84.8586310576	87.4230029103	4.57936439583
287	55.99319853	23.3655761203	5.29068299278
288	64.7416501108	23.0207776152	4.35481847142
289	90.8328119222	51.4223653103	5.54435058885
290	90.5150893219	66.2168875893	5.10487045748
291	30.9760700942	77.8006749759	5.56220976529
292	46.0071387965	44.0404332959	6.57622879059
293	25.6440604595	69.3165071615	5.44995685453
294	71.1048477978	82.8146017129	5.52083557045
295	43.7271217917	88.5489122189	5.72996682097
296	17.995829978	58.6140654503	5.14061650856
297	19.7401420106	72.0352016968	4.63404854328
298	29.2554050986	85.8994000606	4.48320744173
299	62.9211580118	90.3949854558	6.10183918529
300	74.7041897006	27.6923206577	5.23678944357
301	31.8498717851	28.9442126595	4.96494934888
302	22.8908389569	40.3041181693	4.72221227268
303	31.0194070212	62.3743254345	6.33454266979
304	39.9553747625	20.8875796037	4.65781127196
305	83.8890784115	27.0262615731	6.21963267758
306	64.7756301747	32.2692233197	7.05169888643
307	36.7933315312	33.9141292373	5.92436142549
308	31.5180023796	49.163474746	5.80901193619
309	81.3404373278	51.5743560203	7.57351606947
310	96.5921011069	50.9975558652	5.06838378515
311	37.958914253	54.1846490907	9.24700874911
312	35.8122246423	61.3676249551	6.25466181383
313	86.3124043264	63.1253595246	6.84638754135
314	42.4669758788	75.4802345872	8.71423137532
315	78.7560522239	78.4169210076	5.92785758317
316	25.2662272628	80.6106261281	5.31539434282
317	48.2547221512	90.122275261	6.4375
318	49.3632620796	96.1199007557	5.21728585717
319	80.4058893062	30.8594306184	5.49889871076
320	26.6827061534	48.092115308	5.86796549925
321	40.4867096231	50.8158988691	7.45891483852
322	81.0330426287	72.9068776201	7.09915604173
323	54.6061943572	90.5003180278	6.36017365906
324	78.3882662078	90.7401949983	6.12667949585
325	68.7066550589	95.2539520388	5.26432951326
326	51.6460526215	26.1269626426	6.36926966357
327	43.898590892	29.1757289599	6.7641250726
328	53.7037497245	31.6249042914	6.79041215666
329	49.572519494	35.0706120425	7.30613737366
330	19.1545134907	51.1307818304	5.44240841559
331	31.2048983844	55.6761063399	6.41334781934
332	82.9899847103	56.3858450988	6.93807003919
333	23.3484818888	59.1547192192	6.26061101099
334	96.8087181264	61.2010498892	5.54245362706
335	25.9722004741	64.9022043966	6.41479864176
336	43.8757749848	68.1093535691	9.48312836978
337	27.4042383234	72.1508442765	6.61562216839
338	51.4919055871	80.6813881432	7.88786238422
339	56.2008250942	16.9690386145	5.72445245508
340	83.3956247447	36.480838735	6.65923877851
341	93.0648766684	38.9868597521	6.08044832516
342	46.4478579473	39.3428775254	8.67286860715
343	89.127978221	47.3582655929	6.55668069936
344	38.5597746889	71.7959088762	9.2158655086
345	47.7448039661	82.9155716841	8.17402743845
346	66.7313816682	84.9437555174	7.2840401748
347	21.693471063	45.2071645492	6.35251440358
348	33.4576766262	67.3148557887	7.64511541407
349	23.3188444055	76.6878461408	6.11496564438
350	65.0652216937	81.6978760499	12.4575646228
351	83.4887723326	79.2424846793	7.19767858422
352	88.6225143445	82.2504495066	6.26671122995
353	26.9283258142	52.5311863792	7.43006535948
354	90.5766209974	57.3463483201	7.62405042399
355	46.3632292414	74.5354050343	7.66956521739
356	44.4219492796	80.4288262306	7.62202514594
357	34.9131973254	88.9701796627	6.5070290343
358	39.3044260102	91.5738306092	6.67776924471
359	44.109080635	93.87234766	5.97354134352
360	68.9155913798	20.3209685834	7.07038840111
361	60.3599836181	33.3635737771	8.36172644535
362	71.8672305217	42.6035626786	7.73784917161
363	78.1643831167	45.4298994952	8.12074000077
364	83.646571741	48.0673780316	7.82877688973
365	96.1168780669	55.3085602108	6.49341250696
366	76.3146336379	60.0998123698	9.15057634508
367	81.6628835884	61.7044406258	10.1410134493
368	78.7842555806	66.6418815413	8.15470521455
369	87.7415579082	72.3319537562	7.49749815156
370	60.8265721117	18.5190730378	6.83516300431
371	28.2153363213	35.1822739613	6.62848390232
372	67.8756001278	37.1514763513	7.92908184669
373	94.4662429822	45.406630348	7.26455284369
374	92.0068339891	76.9129858443	6.8621719555
375	69.3703736938	80.8224525404	9.38072808959
376	57.8921241826	95.9191944762	6.59914852791
377	45.6080547211	21.8919455015	7.05693141528
378	77.3178841514	23.4913946244	6.75581372549
379	85.8552887391	38.8739455788	7.37622778943
380	77.0533600134	40.6798248775	8.23534687418
381	40.5449526646	84.3938548595	8.78907977927
382	70.7012565066	35.210289926	9.28433306663
383	33.47009758	38.1366974239	7.7068201888
384	26.6278976295	55.8405678259	8.6409606905
385	36.1792649621	81.2635657703	8.70354111794
386	56.051542557	83.5417033228	8.15417270874
387	38.7404235038	27.3585418246	7.94075046616
388	32.3362038686	42.8735152312	8.82973109447
389	42.8157149122	58.4334740233	9.56861993552
390	47.3699495929	63.725849638	14.2018029044
391	30.4858362277	83.8025731919	7.94329200212
392	52.3779470844	21.2613536905	7.98635012516
393	73.8915500769	32.5875830105	9.35969080656
394	88.9390754551	35.4493427978	8.38919940989
395	40.8815184524	39.4445875577	8.12466067288
396	64.5689750533	41.5363415835	8.71021980686
397	35.4222649547	64.1062855954	9.2841824832
398	89.9674075302	65.210419181	8.38328154019
399	95.0300631235	67.3367697033	7.53703027276
400	75.8598391057	85.3667298248	8.72370330395
401	71.3224495593	86.523713438	9.65428316682
402	83.8095778854	86.5264330129	7.31410957396
403	47.9179903781	87.2113913179	9.32237600923
404	64.8560176822	89.2068116196	8.9305106658
405	52.2502209673	94.7042469465	7.9747280697
406	36.6044160978	40.1145386398	8.11524944986
407	71.941542692	92.4869009184	8.27285168129
408	63.1319916345	27.909517993	8.45878715622
409	79.4510992254	33.7483009629	8.91876611566
410	50.9055122769	43.3828330406	9.86549414499
411	37.1155237251	45.8147055784	8.70184996028
412	30.0519522418	46.7565193525	9.58611656843
413	55.4245912418	47.252828374	10.0537117325
414	33.9964361629	51.4359830154	9.6777574254
415	28.2184374861	60.3052824616	10.0155639721
416	27.546094936	66.5033119057	9.11767088366
417	32.3215548235	75.9326153147	9.62506124973
418	59.8804043326	39.1058707622	9.64461081233
419	22.0542283604	71.9547038447	7.90384820837
420	65.7010789572	94.8438667991	8.01788593888
421	68.4537734266	29.7753099836	9.53741907505
422	85.0592705135	32.7853470198	9.14904571682
423	40.210277196	34.5916510201	9.72166946634
424	57.0678127265	37.4803370917	9.86015146799
425	55.0034411583	41.4575223928	9.99296492701
426	88.1541039266	52.6892523983	9.85242640812
427	94.350707516	60.1507902387	9.40597920094
428	21.2025376293	62.9426821415	9.15960912052
429	68.9916165542	72.2194400906	13.0738191737
430	78.4703978127	81.9468599265	10.1446167617
431	82.5978618114	77.7677199435	9.92271915367
432	87.8573053861	80.8409627898	9.25932492969
433	43.8691598912	85.3142290109	10.3585637522
434	38.2675704052	68.0381647376	11.7510213248
435	72.2198593226	68.9823459441	14.3666432074
436	92.8522845392	71.471155417	9.0074036602
437	78.1216480039	73.9365677528	11.1576166552
438	58.7460246355	88.6112678032	10.7171991572
439	61.0650979507	94.2275606958	9.49043469482
440	69.9956852232	45.2881942158	10.9159616544
441	48.873530784	78.3992146248	12.851493059
442	65.0540636637	23.1636735627	9.68719790612
443	49.2388084251	31.7668006845	10.2109691214
444	34.207631302	33.1909220775	10.023220146
445	45.1551670877	33.9792981695	10.7902695853
446	54.8976061425	34.917708655	10.6811139909
447	79.9490531285	38.6616445599	11.0837704688
448	28.3753127079	38.6714023644	9.19320574112
449	24.2253877724	45.7563251732	9.48254945739
450	92.9702920848	48.3831845951	10.0840414451
451	21.7982044049	54.860169956	9.6105982539
452	83.8130950957	58.0326700929	10.6468624706
453	30.2956120366	71.0872215832	10.7088508972
454	53.9133938929	76.2163003307	12.1987291041
455	60.8565241288	77.683318912	13.6878135801
456	57.5756803464	30.0886761739	10.6345977643
457	65.0469961123	39.539845263	13.3971787036
458	89.8923125438	40.461095578	10.1148584699
459	84.1049507456	45.3128887987	11.6681431353
460	94.189361189	53.7285435377	9.81064705271
461	86.3324842467	67.4649403756	11.2358179822
462	84.6790763536	72.2507166447	11.3351843229
463	36.7604182897	87.7511766641	10.0221293222
464	63.9168309876	47.2878971415	12.1593462717
465	77.0333076793	51.2830025562	11.1322518637
466	41.4935104192	90.7357929068	9.8677994597
467	46.1909488113	92.3450412542	10.6250954927
468	58.6877975492	23.5974108947	10.369895976
469	43.217447409	44.2358321388	11.595703692
470	40.1387615938	59.8450066055	13.6523724115
471	23.3816412618	68.4506562706	10.6521848227
472	40.5056782694	80.670174353	12.2932727563
473	75.7011658805	90.1245108273	10.547162976
474	48.6671560076	25.5503633675	10.4614512397
475	72.3534265331	26.3895148694	10.8823390152
476	76.0095362765	45.9590368018	12.2386231804
477	87.2114794836	47.9047310923	10.5943343231
478	76.9049099188	66.9589779662	11.9962252281
479	30.8987125444	67.3571515837	12.2988439898
480	80.5697910305	87.0407102003	10.7963386728
481	52.084882653	38.3961294848	11.9580336501
482	90.1312246102	43.848881401	11.2470075705
483	47.6061327782	44.7768472426	11.6201169264
484	30.1237121159	50.418752998	11.7315004557
485	79.804846315	56.1464518799	12.5730912457
486	87.4636445174	57.8476524016	12.2256682114
487	84.4080567817	82.8921266801	11.6825156037
488	55.7994239314	93.8418580628	11.0252317492
489	71.8139719801	41.7805040766	13.4253552316
490	38.9694916463	48.9462638639	12.091556018
491	79.9342414103	68.6869411695	13.0590728873
492	44.9029330606	75.2670123993	13.0062025135
493	36.3352267905	77.8348545153	11.8877369129
494	79.2628730885	78.9342159463	12.8008239255
495	28.8676431639	78.9914222969	11.0329765643
496	51.2300737042	92.6330841669	11.4927671424
497	78.8498886711	30.1688814686	11.3979958598
498	82.0944682508	42.1139102504	11.8537544524
499	58.929041552	45.1170040493	12.9209188785
500	30.0184436097	54.9539911845	12.1794284925
501	90.0428804907	74.6655413356	11.382440922
502	52.0041116124	82.0977163745	12.1230037669
503	75.6811967529	82.9434195558	12.4223764591
504	63.2291884896	86.8601699479	12.3811588001
505	34.8044353213	73.130735894	12.7858838249
506	36.8978901648	39.5994400457	12.0005965145
507	25.3728623279	49.4164661452	12.1801935964
508	87.5000427051	62.5797533787	12.2959636781
509	26.7031684916	74.6979880608	11.9313899897
510	41.0849497422	30.3191511952	11.9780581346
511	75.8395451158	37.760301887	13.0370320638
512	68.252486869	86.1908787487	13.4010319226
513	28.5573722787	43.446374366	12.4240748028
514	68.2256055788	61.3762526002	15.6429900879
515	75.0324336707	64.2296606814	15.2346985599
516	87.1228324373	77.0895105073	13.111172493
517	44.5009802533	82.5952345372	14.0054135856
518	48.8972784126	86.0563749107	13.3511038643
519	53.9373011348	86.914106829	13.6749889491
520	61.900482068	63.3530607426	17.7265130022
521	31.4943187985	62.67066421	13.7122218444
522	92.3444779437	66.0919340781	12.4897181033
523	33.0686573509	82.9123553296	12.4009201446
524	68.9159321435	91.3985715686	13.0553904124
525	65.9416195619	44.6854513043	16.2277566059
526	42.7515280033	50.4984636958	14.3202228358
527	66.3260362665	77.8027111788	14.5743853947
528	69.3268654772	80.0738863285	13.7807341335
529	64.6569448844	92.1867916634	13.1078605874
530	58.6090394577	27.2121668467	12.8874676569
531	69.1721325144	35.2091970991	13.6773238635
532	84.4550122078	37.3024840868	12.8299409286
533	69.4277076401	49.4206437951	16.8375022472
534	84.3526531962	53.2539277893	14.4002605958
535	24.3056036438	62.5739330765	12.6359470941
536	42.5132007266	70.8975206619	14.5733001978
537	57.4996049655	75.2224264592	16.1308274347
538	72.6819098709	82.7351773602	15.1059782247
539	59.0791556349	92.882124884	13.3944309977
540	65.4890929014	26.93028502	12.7714725269
541	33.9042828055	36.8345162492	13.0045594985
542	42.9431275138	38.7927404852	14.3795432615
543	46.4600156436	50.3337832604	16.0653419673
544	78.3851864258	50.6849542997	13.9602564177
545	41.4874518808	55.8053292006	14.6795049458
546	31.3228151618	59.2227963485	14.2079237865
547	38.8356775847	63.7409224795	14.1858064046
548	48.5386516372	90.935499686	13.9792941176
549	54.860880763	33.2473556369	14.0140263451
550	63.2217883371	34.1125526463	14.0898071718
551	91.0884472721	49.3735830326	13.074065574
552	23.7449097393	56.339919928	12.7708578143
553	79.1879292084	63.4538759299	15.1684836939
554	44.2003819335	65.1007496588	16.2082603254
555	84.7470161607	68.555140115	14.2436740365
556	90.6853161373	68.985021909	13.6028791263
557	41.8402082132	88.5291576304	13.6289285402
558	47.3612193038	29.9149935568	13.690310112
559	48.1951214993	36.3148259319	14.2391638594
560	59.3060744085	38.4192157741	14.3766012113
561	48.2907060772	43.3544575594	14.4160357598
562	37.9567079772	44.0539619043	14.5604171343
563	34.9429693552	48.0040421586	14.6560154926
564	92.3514527724	59.9798333235	13.4601769912
565	49.6240068144	60.7134484005	15.5434554974
566	82.0633719769	73.410049565	15.0946098345
567	70.3831351525	75.9138258874	16.2816748449
568	74.7600015856	75.9478866501	14.9793905178
569	36.391315205	85.1540811203	13.5717155155
570	58.0848664925	86.9612208043	14.9006708981
571	74.353880936	89.0781337039	14.2837855035
572	52.5096027476	29.229659175	13.9797330697
573	55.1217798538	49.205313925	15.881127451
574	34.041346684	52.5609789885	15.0413859914
575	71.09047625	54.163359667	17.2142557939
576	35.2199215455	70.8993160637	15.0216369547
577	87.4668359127	43.5821484206	14.0992629935
578	51.0111122461	47.3093559217	15.6010441328
579	54.3081434388	42.2498099714	14.9517645509
580	80.3281549315	45.2571001015	15.2853653886
581	72.8933876792	48.2742059671	15.5713095723
582	76.5757988213	55.9482336195	16.081255161
583	65.2431978017	74.3300263103	16.9436534397
584	54.8695703284	78.6917428994	16.1020657947
585	83.4602062102	80.7378822621	14.887433988
586	79.1384247965	34.7176530331	14.5239016574
587	90.551541551	54.3091494913	15.0155804658
588	77.1863411155	59.6302239592	16.4764043717
589	38.6344513599	77.3965877168	14.8088887393
590	32.3842595776	41.5201503386	14.8231941507
591	26.6987172354	52.6985243523	14.7335897332
592	34.2444189536	55.7455864671	15.8579912994
593	88.4433817091	71.9183764604	15.3598762058
594	54.4652179906	91.8801800042	14.89007648
595	74.1924306225	33.153552727	15.6240136065
596	75.9638781054	42.2833144705	16.5880024663
597	26.3858805155	57.8935671641	15.2046999704
598	34.4916322326	66.0671011402	14.8515658428
599	77.8022728837	78.8234767402	16.0081569372
600	54.1621385227	84.4040779536	16.944817201
601	83.6058603384	59.9701875605	17.0981483479
602	35.5406944487	60.7781024278	16.6425519874
603	27.5739845021	66.4066699089	15.7907446608
604	30.5436222102	75.2575710667	15.7391100776
605	45.0447708584	79.872009848	16.8274185707
606	40.8843840731	85.931551616	15.6955260371
607	67.7710544801	30.9405061027	15.6333513589
608	60.5000739383	52.6147654556	18.240289842
609	28.2915014674	71.0076577361	15.7277749361
610	79.2892207017	84.7010997525	16.0450160292
611	62.1444051686	85.4136251002	16.7970035156
612	43.3923072534	34.410668711	16.5166728826
613	38.2153813285	37.1498953767	16.1688147702
614	60.2651680492	57.5283496962	19.2549680817
615	32.5600334941	78.2561013445	15.8809298588
616	60.9566285047	30.7054976668	16.0484390768
617	69.2097291307	37.8129167	16.6420948856
618	60.7333140263	41.875243457	17.2017112299
619	37.5728667504	57.803125709	18.0954160297
620	83.2173601198	66.9934507129	16.8429822522
621	73.6216913508	79.7238966697	18.2674676185
622	59.8628328806	45.6679383028	18.0284740111
623	79.7512476062	48.4622587988	17.5754766937
624	49.555938075	82.8190165655	17.0729580535
625	58.4305022977	36.5320392393	17.2633979119
626	49.0415350696	38.7445470848	17.2729468864
627	82.2958856395	40.0240087034	16.7194259147
628	44.1779571367	41.8955955218	17.2638349784
629	86.5270721514	45.8408050704	16.471618234
630	40.9367243664	46.998884586	17.7337874273
631	38.2999920552	52.3123517165	17.7754337828
632	58.3838051299	71.8879614404	18.7660723086
633	42.2053346236	76.9540348218	17.2617725461
634	36.5504823116	82.0195013203	16.909230673
635	72.7741886522	87.9522778315	17.2471028561
636	50.986292449	90.0575077325	17.0820055609
637	61.9564535757	90.9192996563	16.6209344026
638	56.4381164258	30.5927912866	16.6071323529
639	30.2350557806	48.9128179675	16.5412883547
640	81.7012882131	54.0956657634	17.9860906798
641	72.6859774449	65.2207622661	18.2511959541
642	38.6182095428	72.14840895	17.912788146
643	46.0577246586	87.8742442027	17.1889153462
644	63.6115296647	36.853362804	17.2922443518
645	55.4168221686	43.7173956143	18.2415847573
646	87.4907294585	50.6432437052	17.4447054381
647	51.8956837024	62.1593119803	19.1776704066
648	89.5862856683	63.9815100486	17.2412133377
649	58.4445012998	67.0213295209	19.5369896751
650	38.3248786279	66.6991532656	18.2772680034
651	82.8390943034	78.8984529425	17.8740595008
652	54.7252972704	38.1447759077	18.0637690655
653	48.4745192432	59.6199512639	18.8597620245
654	28.3378585555	61.1390434031	17.2967749728
655	78.820872618	73.1770427762	18.0808273295
656	89.141934079	59.0738343141	17.9361856227
657	65.8709023413	64.7936276689	19.8746107208
658	87.4518915447	67.9895494574	18.5249522192
659	47.3725562579	77.3431084674	19.0313190311
660	56.9114170688	90.8120740859	17.5631249802
661	48.9339005942	34.231033913	18.2145844912
662	46.500345473	45.4511942523	19.0385701457
663	65.7701750988	89.5362586449	18.3177478534
664	50.1497778221	42.2824860536	19.0091473593
665	29.897742077	55.6411696019	17.8927144215
666	86.183363452	73.8590760595	18.1518909324
667	61.4948271344	49.291777644	19.3730860399
668	80.803786697	67.8699794551	19.2746322321
669	69.1437882575	79.8138632114	19.9223192559
670	57.2598403976	82.858220506	19.5164869649
671	59.7713472703	32.8280288393	18.5838237671
672	73.9777066184	45.7713902012	19.5658746136
673	51.9209171128	48.1947112026	19.5472866248
674	57.4195931141	63.7059880765	22.3575598386
675	43.4311387966	73.5431498429	19.4901664241
676	34.6305225532	75.8275366576	18.7610863878
677	65.0511498377	80.737428595	20.289425424
678	33.497334693	46.4252166489	18.6674038639
679	67.2690147774	60.8849257497	20.6387857928
680	40.1900153632	62.2088046129	19.7690635764
681	47.2440028664	72.5469176901	21.4846316905
682	69.5839198315	41.6556176741	19.8500226572
683	78.0658583203	52.8649136664	19.5338953261
684	31.5382209353	64.3810711327	19.0596086428
685	42.8986892597	68.6871556994	21.0243316916
686	77.5953541279	70.1730013555	20.3227302235
687	32.6342513923	69.7026639062	19.1704823832
688	53.2212179354	79.8852793394	20.927371958
689	61.3615011856	80.7679694163	20.5655580678
690	63.590531885	39.4293789729	19.6436287047
691	78.3348871733	39.3569793495	18.9839314608
692	55.1453015663	58.0151691183	20.8003506038
693	73.8339488768	75.0543404906	21.1227534268
694	53.2659902715	33.8468013971	19.2355113924
695	73.2110234317	37.2615141251	19.6045762045
696	38.1170461062	42.324373075	19.4939192062
697	84.1489868383	48.1072715541	19.5714724151
698	43.5094848149	49.0353672349	20.6812085617
699	55.7530160402	50.3354683657	20.634503738
700	41.8047150374	54.0169514106	20.5749386564
701	79.5025639148	58.3220197093	20.6446381296
702	80.7753098017	62.5677916953	20.2233260423
703	41.8958837533	58.4418467983	20.6173741099
704	38.6618619707	79.2547405735	19.9086438673
705	41.8161001088	83.4292196146	19.4999001527
706	54.1101510025	89.014148579	19.8658713652
707	67.0862729355	34.7669149427	19.7276224911
708	81.2994037971	43.7672202695	19.7152475538
709	74.8895708603	50.266216081	21.3059437106
710	33.2523522314	52.6365625868	20.1515930809
711	32.2914121309	58.9502693369	20.2728605042
712	43.5807052949	63.1453856828	21.820700768
713	77.7616330657	65.479930335	21.2978081613
714	51.3547827948	75.3178875345	22.1149525002
715	77.4653590113	83.0063737435	20.1800581303
716	45.191133613	84.7464292375	20.1708662786
717	59.7604385512	88.7941654362	20.3503733892
718	68.8362727743	87.2231535486	20.3266000195
719	44.0647724381	38.5175115475	20.3169402517
720	57.8618085447	40.9218031876	21.0867719954
721	51.9745831779	44.2743503405	21.6478588715
722	49.2584229347	47.9258985715	22.2733446895
723	75.9252724644	55.9309329344	21.8572927597
724	86.9490939783	56.8628552684	20.4847030873
725	75.6972222235	62.7580043767	22.108020655
726	59.6589848747	77.3229537732	22.6519918238
727	49.6085854089	86.0504650031	21.0355620047
728	64.1885883288	42.4314852588	21.8086876411
729	46.5128463279	52.6028843678	22.3579072828
730	44.5780791737	58.7071733858	22.7937681221
731	82.0586494183	75.4292693751	21.7646445942
732	72.2529779284	85.0545354143	21.5020472395
733	84.1313430934	51.9628603785	21.6542905018
734	74.1016585645	67.6380243058	22.981120944
735	62.3659522369	35.6864485859	21.6338990467
736	36.6243215873	48.9145688623	21.5759704945
737	66.3175138021	76.5205298083	22.8977766655
738	58.492876398	35.6715736207	21.8384120131
739	52.3078024266	69.5401807201	23.839150598
740	70.1256636046	71.4613456266	23.4092692075
741	36.7708300061	74.45122844	21.8297953587
742	78.6767365326	78.3828337369	22.4153702803
743	65.7162367776	46.16304575	22.8642997018
744	85.5741513084	63.8965076578	21.8629079406
745	35.186940801	63.1751351455	22.1321563326
746	41.108458415	44.4142519545	22.3497298399
747	60.3135646574	44.2255907383	22.8406567446
748	72.182845774	53.887541789	23.2802986257
749	73.2488988414	58.6184463373	23.1976759054
750	84.3002880598	70.1831690324	22.0013242264
751	55.7405815983	74.3843113697	23.7672088301
752	40.9708813857	78.0670645427	22.4896106216
753	63.7658049837	87.097201803	22.4580751538
754	55.6635037414	45.5828754871	22.9112139908
755	69.4933397613	48.8555764298	23.3691653132
756	48.5698798821	55.8905968673	23.2542188868
757	48.4644406549	61.1521989057	24.3689780854
758	71.8946587409	62.513697337	24.1579268977
759	47.2019743331	68.0072733767	23.5351985706
760	49.3167734448	51.6877120693	23.9833438382
761	67.7725204515	68.179673508	24.5084846558
762	36.3867307149	69.3488601039	22.8871895165
763	46.373991387	40.4290957557	22.544769285
764	75.3708229483	42.7967958456	23.0192274776
765	60.6548626875	46.8995921024	24.2326328886
766	45.6045364579	81.0304206484	23.2708946725
767	57.5658688	86.8779193841	23.0761740123
768	68.5502139678	39.2113624613	23.4415625268
769	79.2203159828	47.1725799902	23.2138057223
770	64.8592249022	50.6703868943	24.5080567209
771	36.0318033132	55.526042689	22.8644098963
772	83.6486417373	57.829517742	23.3158249018
773	69.64814736	64.7729885304	24.5951275547
774	75.6602603752	82.0049806046	23.0889979234
775	55.4756754146	38.3689221252	23.833953
776	51.3036851218	39.5508393282	23.2686088302
777	68.2106920621	56.2266785574	24.8729734982
778	62.5698400966	72.8180255057	24.5425457166
779	52.649758166	84.5739677391	23.9975857746
780	55.7424312503	48.3773725857	24.6762059641
781	63.2442570317	57.377270289	25.3680539409
782	53.7064410833	61.9987987012	24.9763525138
783	50.6199537278	65.1002832897	25.3970931904
784	56.0971837668	68.5805573002	25.5230939435
785	80.1010688511	52.2660195339	24.7129426629
786	39.3002096385	65.5590162427	24.8999557492
787	60.6647789621	69.7007729347	25.5649362513
788	59.8412634844	50.8639492444	25.1847039259
789	39.9534936349	51.0886600397	24.3698345115
790	52.5703680328	54.0739652381	25.0765330926
791	39.9924614476	72.7815683988	24.2834761752
792	73.5740961217	79.8535788745	24.8058324105
793	61.3774262314	85.1892205492	24.2906422963
794	44.1192883249	46.0396470859	24.5084389642
795	55.3147426397	56.1959564106	25.9002317356
796	81.8270878436	66.6746684191	24.7851248048
797	81.7945641401	71.3836833153	24.1039326561
798	43.3874574359	74.8647003181	25.3828084152
799	68.040921843	84.1033057086	24.3462051555
800	58.7677188408	59.8421084396	26.0622886935
801	66.80483193	61.1992972052	26.1174194038
802	61.9099132127	39.8878780966	25.2753951671
803	47.8010459	44.4483919474	25.462288907
804	58.6657336492	54.1891217853	25.9805977309
805	39.6845714531	58.5513700779	25.3467163149
806	63.601747023	64.7942484742	26.0621130966
807	77.4249177516	73.5096162958	25.7974360744
808	48.6349105645	79.366498822	25.5301308902
809	69.2711998285	43.2657633084	25.7984864664
810	81.9144724157	60.4364766409	25.3485206736
811	74.8763160231	47.4716405686	25.9805312196
812	65.15912029	82.2562158564	25.9628732549
813	56.5578495799	83.4492184595	25.7810212313
814	52.7194425363	43.422385832	26.0662147185
815	42.7458431463	54.2023645479	26.4292659212
816	78.5541036332	55.5441406408	26.411868041
817	79.5195469511	62.9865682665	26.3837926221
818	78.9985930335	68.6206129946	26.7037428262
819	59.3191556547	81.5286494801	26.8425762676
820	62.7797300748	43.1485330695	26.9844172535
821	42.3947815823	62.8959606379	27.1289471774
822	46.5319185943	73.0779511476	27.4405466818
823	69.5921195691	76.6575658478	27.6531619885
824	53.6813816711	79.816799589	27.2979974267
825	71.1900405509	79.4201022594	26.3912943595
826	56.9080045321	43.7831869781	27.3659763886
827	45.5084071529	49.386493061	26.8259650077
828	43.6570514477	67.9484990098	27.4430700202
829	73.8638065146	51.9023101275	27.6859039585
830	73.8059081939	73.8816817582	27.4352452846
831	63.0044253617	79.0859683967	27.9722945557
832	51.1479716408	47.7154305242	27.7268501227
833	45.6744531084	56.131754851	28.2634688139
834	77.0461657536	59.7744473707	27.2742162877
835	69.5182083523	47.7655775466	28.2576043012
836	51.2589132023	75.6890727412	28.4294170978
837	73.6617412672	56.3070150641	28.6957921855
838	75.8125166363	64.2515873726	28.289342891
839	73.3434531692	67.6540640626	29.050685024
840	66.9841361571	73.0833348376	29.4159452889
841	63.4934224425	46.426752784	28.6111702448
842	47.264211312	62.6012189804	29.6024088109
843	56.5297121428	78.1547019781	28.5263374599
844	57.6960090207	48.0798185629	29.508818249
845	48.6448098612	67.0515284746	29.636997433
846	49.2746661097	71.5328460642	29.1252415112
847	51.1002764891	52.3530374183	29.6575463213
848	69.3637236182	54.0773558056	29.7995597891
849	71.5110919006	60.9043166747	29.7021691824
850	70.6618842086	70.4149584473	29.4499779772
851	59.6765234236	74.3714690413	29.7372172819
852	64.7430233653	50.2809128938	30.113573132
853	48.7284790746	57.0457664501	29.9331622395
854	67.5047364122	66.2395456427	30.6515627133
855	53.5145883064	49.3509241381	29.221152991
856	57.1164813561	52.1312705965	30.4636192433
857	55.4732611175	71.7515811244	30.6026782102
858	64.1457754108	76.3872415185	29.1593296503
859	63.2653609669	53.7263133883	30.5312030985
860	53.8709097463	65.5311637885	30.9567689368
861	53.0098047627	57.2956572556	30.9464404096
862	52.2058184837	69.9342535016	30.3069081239
863	59.5251914826	56.5445686144	31.2994848248
864	68.0110906169	60.1356685183	31.078652809
865	63.8145850383	61.2410991198	31.2422022863
866	54.5523091764	60.2286416165	31.1607627289
867	61.5977928723	65.5632538647	31.3673778599
868	59.436576988	68.6167857119	31.1514983352
869	64.4373509077	70.2012012863	30.4938550746
870	64.6070007708	56.9773185567	31.4882873503
871	56.9472050225	63.1656137258	31.3837051606
872	60.0547149371	60.7067008163	31.8687459537
