2
3
4
5
6
7
9
15
22
23
25
38
41
47
57
59
69
89
95
97
105
111
112
119
122
127
132
139
146
155
158
161
162
163
164
165
166
167
168
169
172
173
180
181
183
184
186
188
189
190
198
208
212
213
215
217
218
219
223
227
229
232
236
237
238
239
240
241
245
246
247
250
251
255
263
264
265
267
272
274
275
277
279
283
288
289
292
293
294
297
298
304
309
311
312
316
318
319
320
322
330
332
335
336
340
349
352
353
355
357
361
363
365
366
370
374
375
376
377
378
383
384
385
386
388
394
395
397
401
408
409
410
413
414
415
416
418
420
423
430
432
433
436
437
438
442
443
447
451
455
458
465
466
470
475
480
484
485
489
491
492
496
498
499
500
501
502
504
506
510
518
522
524
525
527
529
531
533
535
536
538
539
543
546
550
551
552
556
558
563
568
569
570
574
577
580
581
582
584
587
590
592
593
596
598
599
602
603
608
609
611
612
614
617
618
622
625
626
627
630
632
635
644
645
646
649
651
652
653
656
657
658
659
661
662
664
665
666
668
669
674
676
681
682
683
684
690
691
692
693
695
696
702
704
706
707
710
711
712
714
715
717
718
719
720
722
723
724
726
729
730
737
738
743
745
746
747
751
752
756
757
758
760
761
762
763
764
765
766
768
769
770
771
772
773
774
775
776
777
778
779
780
781
782
783
784
785
786
787
788
789
790
791
792
793
794
795
796
797
798
799
800
801
802
803
804
805
806
807
808
809
810
811
812
813
814
815
816
817
818
819
820
821
822
