1	2	3	4	5	6	7	9	15	22	23	25	38	41	47	57	59	69	89	95	97	105	111	112	119	122	127	132	139	146	155	158	161	162	163	164	165	166	167	168	169	172	173	180	181	183	184	186	188	189	190	198	208	212	213	215	217	218	219	223	227	229	232	236	237	238	239	240	241	245	246	247	250	251	255	263	264	265	267	272	274	275	277	279	283	288	289	292	293	294	297	298	304	309	311	312	316	318	319	320	322	330	332	335	336	340	349	352	353	355	357	361	363	365	366	370	374	375	376	377	378	383	384	385	386	388	394	395	397	401	408	409	410	413	414	415	416	418	420	423	430	432	433	436	437	438	442	443	447	451	455	458	465	466	470	475	480	484	485	489	491	492	496	498	499	500	501	502	504	506	510	518	522	524	525	527	529	531	533	535	536	538	539	543	546	550	551	552	556	558	563	568	569	570	574	577	580	581	582	584	587	590	592	593	596	598	599	602	603	608	609	611	612	614	617	618	622	625	626	627	630	632	635	644	645	646	649	651	652	653	656	657	658	659	661	662	664	665	666	668	669	674	676	681	682	683	684	690	691	692	693	695	696	702	704	706	707	710	711	712	714	715	717	718	719	720	722	723	724	726	729	730	737	738	743	745	746	747	751	752	756	757	758	760	761	762	763	764	765	766	768	769	770	771	772	773	774	775	776	777	778	779	780	781	782	783	784	785	786	787	788	789	790	791	792	793	794	795	796	797	798	799	800	801	802	803	804	805	806	807	808	809	810	811	812	813	814	815	816	817	818	819	820	821	822
2	1	4	5	198	212	218
3	1	227	4	6	13	208
4	1	2	3	198	8	227
5	218	1	2	10	7
6	208	1	3
7	1	5	9	10	14	241	246	218
8	12	227	4	13	198
9	241	1	15	190	7
10	5	7	11	14	17	18	246	218
11	198	209	297	10	12	17	275	212	218
12	227	198	199	8	234	11	13	209	275	21	312
13	208	3	199	8	12	16	200	227
14	7	10	241	18	19	246
15	1	190	9
16	200	208	20	13	189
17	353	228	297	10	11	209	18	246	26	284	218
18	353	228	241	10	14	17	19	246	26	191
19	228	14	241	18	29	190	191
20	200	201	298	235	16	186	27	189
21	192	36	199	234	12	303	24	249	28
22	1	213	190	25
23	1	35	229	247	186	27	30
24	192	34	199	200	235	21	249
25	1	219	213	22
26	228	37	209	284	299	17	18	28	31
27	194	201	298	247	20	23	186	30
28	192	257	36	37	199	234	299	303	209	242	21	313	26
29	32	33	193	304	19	213	190	191
30	35	194	27	247	23
31	32	228	37	364	42	299	300	26	187	284	285	286	191
32	193	31	285	48	187	29	191
33	193	355	44	306	304	48	210	213	219	29
34	192	356	326	201	170	235	46	52	24	266
35	194	229	39	40	202	247	23	30
36	192	257	37	45	49	242	21	28
37	36	337	42	299	49	242	211	343	26	28	286	31
38	320	1	219	43	44	47	51	55	250	59
39	194	35	202	54	314	170
40	41	202	35	53	229
41	1	229	40	267	53	57	251
42	37	371	300	50	211	343	56	187	286	31
43	51	44	38	219
44	320	33	355	38	43	306	210	51	219
45	192	257	387	36	266	49	52	58	252	350
46	34	195	266	52	170	61
47	1	59	38
48	32	33	193	268	333	175	305	210	187	60
49	257	387	36	37	460	45	399	337	242	211	404	350	343	58	252	62	421
50	65	300	42	268	56	187	60
51	64	320	38	204	43	44	306	210	276	55	250	63
52	192	34	387	266	45	46	398	88	58	252	61	350
53	67	229	40	41	202	203	76	54	169	267	57	251
54	66	67	71	170	39	194	366	269	432	338	195	53	203	365	267	314	380	202
55	64	68	38	51	276	250	59
56	65	321	42	371	300	50	211	88	62	351
57	1	251	53	169	41
58	72	45	49	52	88	252	62
59	1	322	68	69	38	77	47	55	250	188
60	65	70	74	268	175	48	50	187
61	513	66	195	73	170	301	46	431	528	307	52	398	88	266
62	321	72	460	399	49	211	343	56	88	58	252
63	64	204	205	175	210	51	344
64	68	204	51	276	55	63
65	379	300	74	268	461	88	50	371	308	425	56	187	60	351
66	256	195	71	73	269	301	83	54	88	61
67	203	71	75	338	53	54
68	64	322	204	77	79	271	276	55	250	59
69	1	59	188
70	74	268	205	78	175	270	60	253
71	256	66	67	196	75	269	203	80	338	83	54	345
72	88	58	252	258	62
73	88	66	61
74	65	390	70	425	268	461	78	82	308	270	503	88	441	60	253	373
75	67	196	71	203	76	80	84	345	287
76	203	196	293	169	75	172	84	53	287	277
77	322	68	79	271	59	188
78	70	74	205	81	82	253
79	323	68	171	204	77	271	243	85	278	87	90	188	346	309
80	256	196	71	75	177	83	84
81	259	205	78	82	86	248	92	253
82	98	99	358	74	78	81	259	373	88	92	253
83	256	66	389	71	301	80	177	339	88
84	196	293	76	75	172	221	80	236	91	93	287
85	278	171	79	176	86	90	346	94
86	259	171	205	176	81	85	248	92
87	96	173	79	243	309	90	188
88	516	517	532	537	540	545	547	689	554	555	52	565	566	567	56	58	572	61	62	576	65	66	72	73	74	588	589	591	82	83	600	601	98	99	100	613	616	106	619	109	113	116	117	119	634	703	124	637	638	639	640	641	642	131	133	134	135	136	621	660	663	667	670	671	672	673	675	678	679	686	688	177	694	698	699	700	701	629	708	709	713	716	721	725	727	216	731	220	733	735	736	739	740	741	742	744	636	748	749	750	752	753	754	755	759	252	766	767	256	258	260	773	775	779	781	728	787	789	281	794	797	799	804	732	301	302	648	308	317	321	339	347	351	358	359	367	368	372	373	387	389	391	578	398	399	402	406	426	428	429	435	444	586	446	450	459	461	463	467	469	473	478	479	481	483	488	493	495	505	507	508
89	1	236	172	237	91	95
90	96	79	243	85	278	87	94
91	236	172	237	206	221	84	89	93	95
92	98	99	230	174	176	81	82	259	86
93	100	101	273	328	107	206	177	84	196	91	221
94	96	324	102	327	329	174	176	178	243	85	278	185	90
95	1	237	206	184	89	91
96	97	103	375	173	238	272	178	243	87	90	94
97	96	1	173	238	272
98	514	259	516	654	749	728	530	515	537	673	675	677	428	687	688	445	454	713	716	82	595	597	88	92	607	99	230	358	487	488	109	701	368	633	381
99	98	230	104	109	174	445	368	488	82	334	88	185	315	92	381	405
100	456	273	328	444	107	221	177	372	88	367	220	93
101	273	179	107	93	206
102	261	329	108	110	178	185	94
103	96	178	238	110	111
104	99	108	109	334	214	185	315
105	112	1	179	184
106	262	107	280	114	116	119	88	372	347	220
107	100	101	262	328	106	206	273	114	179	372	220	93
108	261	102	104	110	115	214	185	222
109	98	99	342	214	104	302	368	334	117	118	88	124
110	288	261	102	103	108	238	111	178	279	120	123	222
111	288	1	103	110	178	238	279	120	122
112	1	294	105	179	180	184
113	131	134	135	137	140	142	143	403	788	406	663	540	774	679	519	310	567	459	453	737	780	331	591	765	724	782	88	225	483	745	620	125	119	634	509	638	127
114	262	106	107	179	116	119	280	121
115	222	108	214	118
116	88	106	114	119
117	88	126	124	109	118
118	128	342	231	348	295	109	302	222	115	334	117	214	281	124	126
119	1	129	144	146	406	280	289	181	330	505	452	458	331	463	470	215	88	347	106	274	113	114	116	121	127
120	110	111	279	122	123	223
121	129	132	262	263	330	376	114	179	180	119	280	316
122	120	1	223	279	111
123	128	130	261	325	231	232	361	139	110	401	279	120	222	223
124	133	109	302	117	118	88	281	126
125	137	113	140	135
126	128	133	231	138	295	117	118	281	124
127	1	603	452	470	137	331	144	113	274	406	119	568	505	508	412	413	581
128	231	232	138	139	141	335	222	118	123	126
129	132	263	330	119	215	121
130	123	139	223
131	225	134	135	142	113	310	88
132	129	1	263	146	180	215	121
133	295	136	233	138	359	216	145	148	88	281	124	126
134	131	145	136	459	142	113	435	310	88	216	317	254
135	576	225	290	131	508	331	140	143	113	483	403	406	407	88	591	509	412	125
136	133	134	145	88	216	317
137	226	331	140	290	144	113	274	147	125	127
138	128	224	133	231	233	295	141	149	216	126
139	128	1	130	155	232	123	223
140	226	135	137	331	290	143	113	147	153	125
141	128	224	231	232	138	335	264	150	155
142	225	131	134	145	207	113	310	151	254
143	225	290	419	135	296	140	207	113	403	407	153	154
144	289	226	137	274	147	181	119	283	158	127
145	291	133	134	136	142	148	182	151	216	244	157	254
146	1	215	132	181	119
147	226	292	137	140	144	153	283	158
148	133	156	145	182	152	282	216
149	224	161	233	138	352	239	216	150	152	217	349
150	224	264	141	239	149	155
151	225	197	369	360	142	207	145	244	310	157	254	159
152	233	148	149	182	311	216	217	282	156	349
153	162	292	290	140	226	143	240	147	154	158
154	384	162	163	296	265	290	207	240	153	143	159
155	1	161	232	139	141	239	264	150
156	160	165	148	182	311	152	217	255
157	160	197	151	145	244	245	182	183	255	318	159
158	1	162	292	240	226	144	147	181	153	283
159	163	197	166	265	151	207	245	183	154	157	319
160	165	167	182	183	156	157	318	255
161	1	164	239	149	217	155
162	1	163	240	153	154	158
163	1	162	166	265	240	154	159
164	1	217	165	161
165	160	1	164	167	217	156	255
166	1	163	168	265	245	183	159
167	160	1	165	168	183	255
168	1	183	166	167
169	1	76	203	172	53	57	251	277
170	194	195	356	39	201	266	34	46	307	54	314	61
171	323	396	204	205	79	176	344	85	86	248	346
172	1	293	169	76	84	236	89	91	277
173	96	1	97	272	243	309	87	188
174	99	324	230	176	259	185	315	92	381	94
175	70	268	205	270	333	48	210	344	60	63
176	259	324	278	230	327	171	174	468	85	86	248	346	92	427	94
177	256	196	389	221	80	83	88	100	367	93
178	96	288	261	102	103	329	110	111	243	238	375	185	94	341
179	294	101	262	340	105	107	206	112	273	114	180	184	121	316
180	1	132	294	263	112	179	121	316
181	1	289	119	144	146	215	283	158
182	160	291	216	145	148	311	152	244	282	156	157	318	255
183	160	1	197	166	167	168	245	255	157	318	159
184	1	294	105	237	206	112	273	179	340	95
185	99	324	261	102	104	329	382	108	174	400	392	178	334	222	214	315	94	341
186	1	298	23	20	247	27	189
187	32	65	193	424	300	42	268	333	48	305	50	425	440	379	60	285	31
188	1	322	69	77	79	271	173	309	87	59
189	1	200	332	298	208	16	20	186
190	1	9	15	304	241	19	213	22	29	191
191	32	193	228	370	285	304	241	18	19	336	29	190	31
192	257	34	36	326	266	235	45	303	52	21	24	249	28	350
193	32	33	370	355	304	306	285	48	305	210	187	29	191
194	35	356	39	201	170	363	365	54	247	314	27	202	30
195	66	170	269	46	301	307	54	314	380	61
196	256	388	389	529	277	535	287	293	422	93	177	442	443	75	71	203	76	80	84	345	221	494	367
197	385	151	207	244	245	183	319	157	318	159
198	1	2	227	4	8	11	12	275	212
199	227	200	332	234	12	13	303	208	312	275	21	24	249	28
200	208	199	298	235	332	13	16	20	24	249	189
201	194	363	356	326	170	235	34	20	247	378	27	298
202	194	35	229	39	40	203	365	53	54	247	267
203	67	196	71	169	202	75	76	366	338	53	54	267	345	251	277
204	64	323	68	171	205	79	344	210	51	276	306	271	63
205	344	323	390	70	171	204	78	175	81	270	86	248	253	63
206	101	328	107	237	221	273	179	340	374	184	91	93	95
207	225	197	296	265	142	143	360	244	151	154	319	159
208	1	3	6	199	200	332	13	16	227	189
209	386	299	284	234	11	12	17	275	297	377	26	28
210	33	193	204	44	333	175	48	305	306	51	344	63
211	321	37	337	42	49	371	62	343	56	286
212	1	2	198	11	275	218
213	1	33	304	22	25	219	29	190
214	342	104	108	109	334	392	115	118	185	348	222
215	129	132	1	330	263	289	146	181	119
216	291	133	134	359	136	233	138	402	317	145	362	148	149	182	88	152	282	254
217	1	164	165	161	239	149	311	152	156	349	255
218	1	2	5	7	297	10	11	17	275	212	246
219	320	1	355	38	33	43	44	304	213	25
220	260	106	107	429	372	88	100	347
221	443	100	357	328	236	237	206	367	177	84	374	196	91	93	287
222	128	214	325	231	392	108	110	115	118	185	123	348	261
223	1	130	232	361	139	279	120	122	123
224	352	231	264	233	138	295	141	239	149	150	335
225	360	131	453	135	296	419	142	143	113	403	310	151	207
226	290	292	137	394	331	140	144	274	147	153	283	413	158
227	1	3	4	198	199	8	332	12	13	208	275	312
228	416	353	241	336	17	18	19	246	26	31	284	285	191
229	1	35	40	41	202	247	365	53	23	267
230	98	259	174	176	99	92	381
231	128	224	418	325	295	232	361	138	141	335	222	118	123	348	126
232	128	1	123	231	264	361	139	141	335	155	223
233	224	352	133	295	138	359	216	436	149	152	282	349	414
234	386	199	299	12	303	209	275	21	377	312	313	28
235	192	34	326	200	201	298	332	20	24	249	378
236	1	293	357	172	237	84	89	91	221	287
237	1	357	236	206	340	374	184	89	91	221	95
238	96	1	97	103	288	110	111	272	178	375
239	224	1	161	264	352	149	150	217	155	349
240	384	1	162	163	292	265	290	153	154	158
241	1	228	7	9	14	304	336	18	19	246	190	191
242	257	354	36	37	337	299	49	313	28	286
243	96	327	329	375	173	79	272	178	309	278	87	90	411	410	94
244	385	291	197	369	360	437	397	207	145	318	245	182	151	157	254	319
245	1	197	166	385	265	244	183	319	157	318	159
246	1	228	7	297	10	241	14	353	336	17	18	218
247	1	194	35	229	201	202	363	365	23	186	27	298	30
248	259	390	171	396	205	176	81	427	323	86	344	346	253
249	192	257	326	199	200	235	332	303	21	24	409	378
250	320	1	322	68	38	51	276	55	59
251	1	267	169	203	366	53	41	57	277
252	258	387	72	45	399	450	49	52	88	404	58	62
253	259	358	70	454	74	205	78	81	82	270	248	441	390	373
254	291	134	369	362	459	142	145	244	310	151	216	317	471
255	160	1	291	165	167	311	182	183	217	156	157	318	415
256	66	196	389	422	71	269	462	301	80	177	83	578	494	88	345	565
257	192	417	354	36	326	337	45	303	49	242	313	249	28	350
258	544	640	450	739	753	72	426	588	399	721	759	88	697	252	554	734
259	98	324	358	230	487	454	427	530	174	381	176	81	82	468	86	248	92	253	390
260	429	339	88	220	478	479
261	288	451	325	102	392	382	375	108	110	401	178	341	279	185	123	222	383
262	480	376	452	263	106	107	430	273	114	179	372	280	121	474	347	316	458
263	129	132	262	1	330	376	180	215	280	121	316
264	224	1	232	141	239	352	335	150	155
265	384	1	163	166	296	207	240	245	408	154	319	159
266	192	513	34	356	486	326	170	45	46	431	307	52	398	61	350
267	1	229	41	202	203	365	366	53	54	251
268	65	70	449	424	425	74	333	270	175	48	50	440	441	187	60
269	256	66	195	71	301	462	338	54	345	380
270	449	390	70	74	268	205	175	333	344	441	477	253
271	322	323	68	423	204	77	79	276	309	278	346	188
272	96	1	97	173	238	243	309	375	410
273	480	294	100	101	262	455	328	107	206	456	179	340	430	184	372	474	316	93
274	1	226	289	137	331	144	119	283	413	127
275	1	386	227	198	199	297	234	11	12	209	212	312	377	218
276	64	320	322	323	68	395	204	271	306	51	55	344	250
277	1	196	293	76	388	203	172	366	169	345	251
278	411	327	423	79	176	243	85	410	90	271	346	94	309
279	288	1	261	361	110	111	401	383	120	122	123	223
280	458	452	262	263	106	114	119	376	121	347	330
281	133	295	393	359	302	446	118	88	124	126	469
282	291	359	233	362	216	402	148	501	182	311	152	349	414	415
283	1	226	292	289	394	144	274	147	181	413	158
284	416	353	386	228	209	297	299	364	17	26	285	31
285	32	193	379	228	31	364	300	336	305	370	416	448	502	484	187	284	191
286	354	37	364	42	299	300	337	242	211	343	472	439	31
287	196	293	76	75	236	367	84	374	388	442	443	221	357
288	1	261	375	238	111	178	110	279	383
289	1	330	119	144	274	181	215	283	413
290	384	226	292	135	296	137	394	331	140	143	240	498	407	153	154	412
291	369	362	397	145	244	318	182	311	216	282	415	254	255
292	384	1	226	394	290	240	147	153	283	158
293	1	196	357	172	236	76	84	277	388	287
294	1	430	112	273	179	180	184	340	316
295	224	352	418	133	518	231	233	138	359	302	335	436	118	393	281	348	126
296	384	225	290	419	360	265	207	407	408	154	143	319
297	1	386	17	11	353	209	275	246	218	284
298	1	363	200	201	235	332	378	20	247	186	27	189
299	354	37	465	284	234	364	386	209	242	438	377	313	26	28	286	31
300	448	65	379	425	42	439	364	472	50	371	343	56	187	285	286	31
301	256	513	66	195	467	307	583	269	398	431	528	83	578	462	88	473	380	61
302	481	482	342	295	348	109	368	469	118	393	88	281	124	446
303	192	257	354	326	199	234	332	409	417	21	438	313	312	249	475	28	377
304	1	355	33	193	336	241	370	213	219	29	190	191
305	193	370	355	420	379	306	333	48	210	484	187	285
306	320	33	355	420	193	204	395	44	333	305	210	51	276	489	344
307	195	356	266	301	61	314	431	380	170
308	65	391	74	461	532	373	503	88	351
309	1	322	423	173	79	272	243	278	87	410	271	188
310	225	131	453	134	369	360	459	142	464	113	497	151	254
311	1	291	182	152	217	282	415	156	349	414	255
312	1	227	199	332	234	12	303	275	377
313	257	354	234	299	303	242	377	28
314	194	195	356	485	39	170	363	499	365	431	432	307	54	380
315	99	324	104	457	490	334	400	392	174	185	381	382	405
316	480	1	294	262	263	430	273	179	180	376	121
317	517	134	136	362	459	557	216	402	435	471	88	507	254
318	160	1	291	197	385	397	244	245	182	183	415	157	255
319	1	197	385	296	265	437	207	360	244	245	408	159
320	1	322	355	38	395	44	306	51	276	250	219
321	426	371	460	399	88	211	343	56	62	351
322	320	1	323	68	423	395	77	271	433	276	309	250	59	188
323	506	322	395	504	423	396	171	204	205	271	344	546	276	433	248	346	79	427
324	400	259	327	329	487	174	176	468	185	315	411	381	94
325	418	261	231	392	361	524	401	500	123	348	222
326	192	257	34	356	486	417	201	266	235	303	499	409	249	378	475	538	350	447
327	324	329	176	243	468	278	346	411	94
328	100	455	456	107	206	221	273	340	430	374	367	444	93
329	496	324	102	327	522	400	178	243	341	375	185	410	411	94
330	129	1	458	263	289	376	470	215	280	121	119
331	226	135	137	394	140	290	498	113	274	406	119	412	413	127
332	409	1	227	199	200	298	235	303	208	377	312	249	378	189
333	449	379	420	424	489	268	306	270	175	48	305	210	344	484	187
334	99	342	214	104	490	523	109	368	392	434	405	118	185	315	348	382
335	128	1	418	231	232	361	295	224	141	264	352
336	416	1	228	353	304	241	370	246	285	191
337	257	354	37	417	520	439	49	242	211	350	343	286	421
338	67	422	71	203	269	366	432	466	462	54	345	380	543
339	672	547	260	389	616	700	779	495	722	83	660	766	566	88	636	478	479
340	1	294	455	328	237	206	273	179	430	374	184
341	496	451	261	329	522	400	178	375	185	382	383
342	481	482	118	393	523	109	302	368	434	334	214	348
343	321	37	337	460	42	371	300	49	211	62	534	439	472	476	286	421
344	449	323	390	396	171	204	205	270	175	433	210	276	333	489	248	306	506	539	395	477	63
345	256	203	196	422	71	75	269	366	466	338	277	535	462	388	442
346	323	423	327	171	396	271	176	504	468	85	278	248	410	79	411	427
347	452	262	106	429	463	280	372	119	88	474	220
348	418	342	118	518	295	392	361	231	524	302	434	500	334	214	393	222	325
349	352	1	233	239	436	149	311	152	217	282	414
350	192	257	387	421	326	337	520	486	266	45	398	512	49	52	417	404
351	65	321	426	461	493	88	371	308	56
352	224	1	418	295	264	233	239	436	149	335	349
353	416	1	386	228	297	336	17	18	246	284
354	257	439	417	520	299	364	525	303	337	242	510	438	377	313	286
355	320	1	420	33	193	395	44	370	304	305	306	219
356	194	485	326	201	266	363	499	34	486	431	378	307	314	170	447
357	1	388	293	236	237	374	442	443	221	287
358	98	259	516	454	391	555	428	514	82	373	503	88	253
359	133	295	233	558	527	216	402	436	469	393	88	281	282	414	501
360	225	419	453	385	296	492	207	464	369	563	497	244	437	310	151	408	531	319
361	1	418	325	231	232	335	401	500	279	123	348	223
362	577	291	459	397	369	402	501	471	216	282	491	317	254	415
363	1	194	356	485	201	298	365	499	247	314	378	447
364	416	448	354	502	299	300	386	525	465	438	439	472	284	285	286	31
365	1	194	363	229	202	267	366	432	54	247	314	485
366	1	203	388	267	365	432	466	338	277	54	345	251
367	100	389	536	455	328	494	495	177	529	374	88	196	443	444	221	574	287
368	481	98	99	488	523	109	334	302	342	88	537	405
369	385	291	471	551	360	362	459	492	397	464	244	310	151	254	491
370	416	1	355	420	193	304	305	336	484	379	285	191
371	65	476	321	425	42	300	461	493	472	211	545	343	56	460	426	351
372	100	262	456	444	106	107	429	273	88	474	347	220
373	514	454	358	391	74	555	532	623	82	308	503	88	441	253
374	1	357	455	328	237	206	367	340	536	443	221	287
375	96	1	451	261	329	496	238	288	272	178	243	341	410	522	383
376	480	1	262	263	330	280	121	316	458
377	1	354	234	299	332	386	303	209	275	438	409	312	313
378	1	363	356	326	201	298	235	332	409	249	447
379	416	65	484	552	424	425	300	333	305	370	448	440	187	285	511
380	528	195	485	269	462	301	432	338	307	54	569	314	431	543
381	98	259	324	230	487	457	174	400	515	99	405	548	526	315	445
382	451	261	392	457	522	334	400	341	185	315
383	288	1	451	261	279	401	341	375
384	1	290	292	296	265	394	240	498	533	407	408	154
385	1	197	360	437	492	397	369	244	245	318	319
386	416	1	353	297	234	299	364	209	465	275	438	377	284
387	512	544	450	553	45	398	399	49	52	473	88	404	252	350
388	1	196	293	357	366	466	277	345	442	287
389	256	83	547	196	422	494	367	177	339	565	88	495
390	449	259	454	521	74	427	396	205	270	477	344	530	248	441	253
391	358	555	428	308	373	88	532	629
392	451	325	457	490	524	334	401	434	500	382	214	185	315	348	522	222	261
393	482	518	359	295	302	527	434	436	469	342	281	348
394	384	1	226	292	331	290	498	407	283	412	413
395	320	1	322	323	420	489	433	306	355	276	344	506
396	506	546	323	390	433	521	171	477	344	248	346	427
397	1	291	385	362	491	492	369	244	318	415
398	512	513	387	486	553	266	301	52	88	473	61	350
399	544	321	258	387	426	460	450	49	404	88	252	62
400	411	324	487	329	522	556	496	341	457	185	315	381	382
401	1	451	261	392	361	524	383	500	279	123	325
402	577	359	362	501	558	216	469	471	88	282	507	317	414	415
403	225	419	453	135	519	143	113	483	407	541	509
404	512	544	387	421	460	399	49	252	350
405	99	488	457	490	523	334	445	368	526	315	381
406	576	683	135	508	331	684	572	463	113	119	88	505	603	412	638	127
407	384	290	419	135	296	394	587	541	143	498	403	533	408	412	509
408	384	1	419	296	265	533	360	531	437	407	319
409	1	326	332	303	438	249	377	378	475	447
410	1	423	329	496	272	243	309	278	375	504	346	411
411	496	570	324	327	329	487	556	400	243	468	278	504	346	410
412	576	290	587	135	617	394	331	509	498	406	407	568	591	508	413	127
413	289	226	1	394	331	498	274	470	568	283	412	127
414	1	359	233	402	436	501	311	282	349	415
415	1	291	577	362	491	397	402	414	311	501	282	318	255
416	448	1	386	228	353	364	336	465	370	502	484	379	284	285
417	257	354	421	326	520	486	303	337	510	438	538	475	350
418	352	1	325	518	295	361	231	335	436	500	348
419	225	453	497	296	143	531	360	403	533	407	408	541
420	1	355	484	489	395	306	333	305	370
421	512	417	337	520	439	460	49	594	404	534	343	573	350
422	256	196	389	466	462	529	338	494	535	345	442
423	1	322	323	506	271	433	309	278	504	346	410
424	449	187	484	582	552	489	268	333	440	379	511
425	448	65	379	300	74	268	461	472	371	564	440	441	187	476	542	511
426	544	321	258	545	554	460	493	399	371	88	476	351
427	611	546	323	390	521	396	176	504	530	259	468	248	346	570
428	98	516	358	391	555	88
429	571	260	549	456	444	613	572	463	372	88	474	347	220	478	479
430	480	1	456	262	294	455	328	550	273	340	316
431	513	356	485	486	609	266	301	499	528	307	569	314	380	61
432	1	485	365	366	466	338	54	314	380	543
433	1	322	323	423	395	396	344	506
434	482	518	392	393	490	523	524	334	500	590	342	599	348
435	642	517	134	604	586	459	557	678	689	88	601	507	540	317	446	650
436	352	1	418	518	295	233	359	527	501	393	349	414
437	1	385	360	492	497	531	244	563	408	319
438	1	354	417	299	364	386	303	465	409	377	475	525	510
439	608	354	421	520	364	300	525	337	510	534	343	472	460	286
440	448	449	187	424	425	268	564	441	379	511
441	449	454	390	425	74	268	461	270	564	373	503	440	253	585
442	1	388	357	422	535	529	466	345	196	443	287
443	1	196	357	367	529	374	536	442	221	574	287
444	571	100	550	536	455	328	618	429	367	456	372	566	88	495	478
445	98	515	548	597	488	526	99	405	381	575
446	481	482	517	302	600	562	435	469	601	88	281	507
447	1	356	326	363	499	409	378	475	538
448	416	484	593	552	300	364	592	472	502	425	440	379	285	542	511
449	454	390	424	489	268	333	270	440	582	627	564	585	344	441	539	477	511
450	544	258	387	708	647	680	553	588	399	643	734	697	88	473	252	670
451	1	261	392	522	524	401	341	375	382	383
452	580	549	262	458	581	463	470	119	280	505	474	347	127
453	225	419	497	360	519	459	620	559	464	113	403	310	540	541
454	449	98	259	358	390	595	521	514	477	530	515	373	503	441	579	253	585
455	1	456	550	328	430	367	273	340	374	536	444
456	480	100	550	455	328	429	430	273	372	598	474	571	444
457	522	487	392	490	556	526	400	596	405	315	381	382
458	480	1	452	581	262	330	376	470	119	280	580	474
459	453	134	369	604	362	557	559	464	113	435	310	471	88	540	317	254	517
460	512	321	421	545	520	426	439	399	49	594	371	404	534	343	631	544	476	605	62
461	65	610	545	425	74	621	493	532	564	371	308	503	88	441	639	476	542	351
462	256	528	578	569	422	583	269	494	301	466	338	622	535	632	345	380	543
463	452	549	429	406	119	88	505	474	347	572	479
464	453	497	360	551	459	492	630	559	369	563	310	471
465	416	1	386	502	299	364	525	438
466	1	388	422	366	432	338	462	535	345	442	543
467	88	473	301	589
468	259	324	327	427	556	176	530	611	487	504	612	346	411	570
469	482	645	359	393	664	562	302	527	600	402	558	601	88	281	602	507	446
470	458	1	452	581	330	119	568	505	603	413	127
471	577	491	551	362	459	557	559	464	369	402	501	665	507	317	254
472	448	608	439	300	534	343	364	525	592	371	542	502	425	476	286
473	513	450	387	643	583	648	553	588	301	398	589	680	467	578	670	88	606
474	480	571	452	549	262	456	458	550	429	463	273	372	598	580	347
475	1	326	417	303	438	409	538	510	447
476	545	610	425	426	460	461	493	371	534	343	472	605	542
477	449	546	454	390	521	396	270	627	585	344	506	539
478	260	613	616	636	429	339	566	88	571	444	479
479	260	613	636	429	463	339	88	572	478
480	1	580	550	262	456	458	430	273	598	376	474	316
481	482	615	488	523	302	368	600	562	342	88	537	446	575
482	481	518	393	523	562	302	527	656	434	469	342	602	590	446
483	737	135	718	591	113	690	403	88	634	509
484	416	1	420	552	424	489	333	593	305	370	448	502	379	285	511
485	1	356	363	365	431	432	499	569	314	380	543
486	512	417	356	326	513	520	266	398	431	528	584	499	609	560	538	573	350
487	98	259	324	635	457	556	526	612	400	561	530	515	468	596	548	570	411	381
488	481	98	99	597	523	526	655	368	654	405	633	88	537	445	615	575
489	1	420	582	449	424	395	333	552	306	344	484	506	539
490	614	392	457	522	523	524	334	434	596	405	599	526	315
491	1	551	362	492	397	369	501	577	471	415
492	1	385	360	551	491	397	464	369	497	437	563
493	545	426	461	371	88	476	554	351
494	256	578	547	196	389	422	649	462	367	529	565	535	495	622	574
495	547	389	649	618	494	367	536	339	566	88	444	574
496	1	329	522	556	400	341	375	504	410	411
497	419	453	625	360	620	492	630	559	464	563	531	437	310	541
498	384	1	290	587	617	394	331	533	407	568	412	413
499	1	356	485	326	609	486	363	431	569	314	538	447
500	1	418	325	518	392	361	524	590	401	434	599	348
501	1	359	362	491	558	527	402	436	577	471	282	414	415
502	416	1	484	593	364	525	592	465	448	472	285
503	514	579	358	454	585	74	461	532	564	628	308	373	441	623	621
504	1	546	323	506	423	427	556	496	570	468	346	411	410
505	452	470	683	549	581	463	644	406	119	88	580	603	572	127
506	1	546	323	504	423	489	395	396	433	344	539	477
507	577	517	651	557	558	402	435	469	471	88	601	317	446	645
508	576	646	135	684	568	406	88	603	412	127
509	737	587	483	135	617	519	718	591	113	690	403	533	407	657	634	412	541
510	608	1	354	417	520	525	626	438	439	538	475
511	448	449	484	582	593	424	425	552	564	440	379	669	542
512	544	513	387	421	486	647	520	553	460	398	560	594	404	606	573	350
513	512	560	643	486	583	553	266	301	398	431	528	473	61	606
514	98	515	516	358	454	555	623	624	595	579	373	503
515	514	516	454	487	98	445	624	561	530	595	597	548	381	607
516	673	98	515	358	555	428	514	686	624	629	88	607
517	459	557	435	88	601	507	317	446
518	1	418	295	393	482	590	527	434	436	500	602	348
519	453	620	509	113	403	634	559	540	541
520	512	417	354	421	486	584	460	626	605	337	594	510	534	439	608	538	573	350
521	627	546	579	390	454	585	427	396	653	530	611	477
522	1	457	451	614	392	329	490	524	400	496	596	341	375	382	556
523	481	482	656	615	488	490	562	334	368	661	434	405	342	599	526	590	575
524	1	451	325	614	392	490	401	434	500	599	348	522
525	608	1	354	502	364	592	465	438	439	472	510
526	548	614	487	488	457	490	523	597	381	661	596	405	599	666	445	575
527	1	482	518	359	393	558	436	469	602	501
528	513	486	583	301	462	431	560	609	569	380	61	606
529	1	196	422	494	367	622	535	442	443	574
530	611	98	259	612	390	454	487	521	427	653	561	579	515	468	595
531	1	419	625	360	497	563	437	408	541	533
532	391	555	461	621	308	373	503	88	628	623	671	629
533	384	1	419	657	587	541	625	498	531	407	408	509
534	608	674	421	520	343	460	592	439	472	476	605	542
535	1	196	422	462	529	466	494	632	345	442	622	543
536	1	550	455	618	367	374	495	443	444	574
537	481	98	675	677	615	488	654	655	368	600	88
538	1	326	486	417	520	584	626	499	609	475	510	447
539	1	546	582	449	489	627	344	506	477
540	738	764	453	678	519	762	586	459	620	679	559	765	113	435	789	88	634	604	650	773
541	419	453	519	587	620	695	718	531	497	403	625	533	407	657	634	509
542	448	610	425	461	669	592	593	564	534	674	472	476	605	511
543	1	485	466	462	432	338	535	632	569	380
544	512	545	450	387	685	647	553	426	460	258	399	594	404	631	697	640	554
545	544	610	426	460	461	493	371	631	88	476	554	605	639
546	627	1	323	521	427	396	570	611	504	506	539	477
547	389	616	649	494	495	339	565	566	88	574	693
548	515	487	682	526	445	561	596	597	666	635	381	607
549	452	613	429	662	463	580	644	598	505	474	571	572
550	480	1	455	456	618	430	598	536	474	571	444
551	1	577	491	492	559	464	369	563	630	471	665
552	448	1	484	582	424	489	593	379	511
553	512	513	450	387	647	680	398	643	544	473	606
554	544	545	258	426	493	631	88	640	698	639
555	705	514	699	516	358	391	428	686	623	624	532	373	88	671	629
556	1	635	612	487	457	522	400	468	496	504	596	570	411
557	577	651	517	665	459	559	435	471	601	507	604	317
558	1	645	359	527	402	501	577	602	507	469
559	604	695	453	519	551	650	459	620	557	464	497	691	625	630	471	665	540
560	512	513	486	609	584	652	528	573	606
561	515	548	487	682	653	530	595	612	666	635	607
562	481	482	615	523	656	664	469	600	602	446
563	1	551	360	492	464	497	531	437	630	625
564	449	610	707	582	425	461	621	593	659	628	503	440	441	585	669	542	511
565	256	672	578	547	389	616	649	589	494	752	648	692	622	88	730	693
566	547	676	616	636	618	495	722	339	693	649	88	571	444	478	702
567	803	742	679	782	733	113	788	790	663	88	793	637	703
568	576	1	646	508	498	470	617	603	412	413	127
569	1	485	583	462	431	528	658	499	609	632	380	543
570	1	546	611	612	487	427	556	468	504	411
571	676	549	550	456	636	618	598	429	662	702	566	474	444	478	613
572	641	717	644	549	662	683	613	429	581	463	723	406	663	88	505	638	479
573	512	421	486	647	520	652	626	560	584	594	668	606
574	1	547	649	618	494	495	529	367	622	536	443
575	481	710	614	615	488	523	526	655	656	597	599	445	661
576	646	135	412	684	591	568	406	617	88	603	508	638
577	1	651	645	551	362	491	557	558	402	501	471	665	507	415
578	256	706	583	648	301	494	589	632	692	462	88	473	622	565
579	627	514	454	521	503	653	681	623	530	595	585
580	480	1	452	549	458	662	644	598	505	474	581
581	1	452	458	683	580	644	470	505	603	572	127
582	1	659	449	424	489	552	627	564	593	585	539	669	511
583	513	578	643	609	648	301	462	528	658	706	670	569	632	473	606
584	1	486	609	520	652	560	626	538	668	573
585	449	579	582	454	521	681	623	628	627	564	707	503	441	659	477
586	678	688	689	435	88	540
587	1	617	690	541	657	498	533	407	412	509
588	258	708	450	721	734	88	473	670
589	672	578	648	467	565	88	473	670
590	1	482	518	523	656	434	500	599	602
591	576	737	483	135	617	684	113	690	724	745	88	412	509	638
592	448	1	674	502	525	593	534	472	608	605	542
593	448	1	674	484	582	552	592	564	502	669	542	511
594	512	544	421	647	520	460	704	605	626	631	696	668	573
595	653	98	515	454	681	682	514	623	624	561	530	579	726	607
596	1	548	614	487	457	490	556	526	661	666	635	522
597	98	515	548	488	715	526	655	661	633	666	607	445	575
598	480	1	580	549	550	456	618	662	676	474	571
599	1	614	490	523	524	526	656	661	434	500	590	575
600	481	642	675	645	615	719	720	664	562	469	601	88	537	763	446
601	642	517	651	557	719	720	600	435	469	88	665	507	604	446	645
602	1	482	645	518	558	527	656	562	469	664	590
603	576	1	406	646	683	684	581	470	568	505	508	127
604	642	650	459	557	559	720	435	691	665	601	540	738
605	608	545	610	711	520	460	626	592	594	674	534	631	696	476	542
606	512	528	652	643	513	553	714	583	647	560	658	609	473	668	573
607	673	98	515	548	682	715	624	561	595	597	633	516	666
608	1	674	711	520	525	592	696	626	534	439	472	605	510
609	1	486	583	584	652	431	528	658	499	560	569	538	606
610	669	545	674	711	712	461	621	564	631	476	605	542	639
611	1	546	612	521	427	653	530	627	468	570
612	1	611	487	556	653	561	530	468	570	635
613	641	667	549	636	429	717	756	702	662	88	571	572	478	479
614	1	490	524	526	596	661	599	522	575
615	481	675	710	488	523	655	656	664	562	761	600	537	719	575
616	672	766	547	676	722	339	565	566	88	730	478	693
617	576	1	646	587	684	690	591	498	568	412	509
618	1	676	598	550	649	495	693	566	536	571	444	574
619	88	741	694	703
620	738	765	453	519	762	650	679	695	718	559	113	497	691	625	634	540	541
621	610	712	461	628	564	503	88	532	671	669	639
622	1	578	649	632	494	529	692	565	535	462	574
623	705	514	579	726	747	585	555	681	624	595	532	373	707	503	628	671
624	673	514	515	516	715	705	682	555	770	686	623	595	726	607
625	1	630	657	620	559	497	531	533	563	695	541
626	608	1	520	704	605	584	594	696	538	668	573	510
627	1	546	579	582	449	521	653	681	611	659	585	539	477
628	707	712	585	747	621	623	564	503	532	669	671
629	673	516	391	555	686	532	727	88	705	699	735
630	1	551	695	559	464	497	563	691	625	665
631	544	545	610	647	554	711	460	685	594	758	696	640	605	639
632	1	578	583	706	462	658	692	622	535	569	543
633	673	98	488	715	654	655	661	597	760	729	607
634	737	483	519	679	620	718	541	765	113	88	657	762	540	509
635	1	548	487	682	556	653	561	596	612	666
636	667	613	722	339	660	702	566	88	756	571	478	479
637	742	713	750	754	567	88
638	576	641	743	745	683	684	591	113	723	724	406	663	88	572
639	640	545	610	685	711	712	554	461	621	758	631	88	698	746	671
640	544	258	739	554	685	725	631	88	697	698	699	734	639
641	768	613	743	717	723	663	88	667	572	638
642	720	675	772	678	689	764	650	719	688	600	435	88	601	763	604
643	513	450	583	680	553	714	647	706	751	658	670	473	606
644	1	580	549	683	717	662	505	572	581
645	1	577	651	558	719	720	664	469	600	601	602	507
646	576	1	617	684	568	603	508
647	512	544	450	643	769	680	553	714	704	685	594	757	631	696	697	668	573	606
648	672	578	583	589	781	752	787	692	565	706	88	473	730	670
649	1	547	618	494	495	692	565	566	730	622	574	693
650	642	764	678	540	620	738	559	720	435	691	665	604
651	1	645	577	557	720	665	601	507
652	1	609	584	714	560	658	668	573	606
653	611	1	579	612	627	521	682	561	530	595	681	635
654	673	98	771	677	488	729	655	633	760	537
655	675	677	710	615	488	729	761	654	656	661	597	633	537	575
656	1	482	710	615	523	590	655	562	661	599	664	602	575
657	1	587	718	509	625	690	533	695	634	541
658	1	706	643	583	714	652	609	632	569	606
659	1	707	582	585	627	564	681	669
660	768	732	636	779	783	722	339	756	694	88	667	700
661	1	715	710	614	729	523	526	655	656	596	597	599	633	666	575
662	1	580	549	717	676	598	644	571	572	702	613
663	768	641	743	745	780	782	784	113	567	88	667	572	638	703
664	1	645	710	615	719	656	562	469	600	602
665	1	738	630	551	650	651	557	559	720	691	577	471	601	604
666	1	548	682	715	526	661	561	596	597	635	607
667	768	641	613	717	783	660	694	663	88	756	636	703
668	704	1	647	584	714	652	626	594	573	606
669	1	610	707	582	712	621	593	659	564	674	628	542	511
670	450	643	708	583	648	775	588	589	751	752	680	88	473	706
671	705	747	712	746	555	621	623	628	88	532	698	699	778	639
672	616	589	781	648	339	565	88	730	766
673	98	771	516	677	715	770	654	624	760	629	88	633	686	701	607
674	608	1	610	711	712	669	592	593	534	605	542
675	98	763	772	677	615	642	655	688	600	761	88	537	687	719
676	1	566	616	618	662	722	693	598	571	702
677	673	98	675	761	654	655	771	729	537	687	701
678	642	773	764	586	733	689	435	88	794	540	650
679	774	620	765	113	788	789	790	567	88	634	540	733
680	769	450	643	708	647	553	714	751	697	473	670
681	627	1	579	726	585	682	653	623	595	659	707
682	1	548	681	715	653	624	561	595	726	666	635	607
683	1	644	581	743	684	717	723	406	505	603	572	638
684	576	1	646	743	617	683	591	690	724	406	603	508	638
685	544	640	647	777	757	758	631	696	697	698	639
686	673	770	516	705	555	624	785	629	727	88	701
687	98	675	772	677	716	688	785	786	771	791	761	701
688	98	675	772	713	586	716	642	687	689	786	809	88	764
689	642	678	713	586	688	786	435	809	88	794	764	733
690	1	483	737	617	587	684	718	591	657	724	509
691	1	738	650	620	559	630	695	665	762	604
692	1	578	648	649	706	622	752	565	632	730
693	1	547	676	616	649	618	722	565	566	730	766
694	779	741	619	783	784	792	660	88	667	732	703
695	1	657	620	718	559	625	691	630	762	541
696	608	1	647	711	626	685	594	757	758	631	704	605
697	544	640	258	708	647	680	777	450	685	757	698	769	734
698	640	757	699	778	777	554	685	739	725	758	88	697	639	746	734	671
699	640	705	776	778	555	725	629	727	88	698	735	796	671
700	801	804	709	779	339	660	88	731	732	797	799
701	673	98	771	677	785	791	716	760	686	687	728	727	88	770
702	1	676	613	717	662	722	756	566	571	636
703	768	741	742	567	619	782	783	784	792	694	663	88	793	667
704	1	769	647	714	626	594	757	696	668
705	770	747	776	555	686	623	624	629	726	727	699	671
706	1	578	643	583	648	714	775	751	752	658	692	632	670
707	1	712	585	747	623	659	564	726	681	628	669
708	769	450	775	680	588	751	721	734	88	697	795	670
709	804	753	808	816	721	88	731	700	797	767
710	1	615	655	656	661	761	664	729	719	575
711	608	1	610	712	746	674	758	631	696	605	639
712	1	610	707	711	746	747	621	628	674	671	669	639
713	98	813	805	812	748	716	749	750	733	688	689	817	809	88	794	637
714	704	1	706	643	647	680	652	769	751	658	668	606
715	1	770	673	682	624	597	726	729	760	633	666	607	661
716	98	805	807	713	809	749	687	688	728	786	791	88	701
717	768	1	644	613	641	683	723	756	662	667	572	702
718	1	483	737	762	620	541	765	657	690	695	634	509
719	1	642	675	772	645	710	615	720	664	761	600	601	763
720	1	642	645	764	650	651	738	719	665	600	601	763	604
721	258	739	708	709	775	810	588	753	787	88	795	797	734
722	1	676	766	616	779	339	660	693	566	756	636	702
723	768	1	641	683	717	743	572	638
724	1	737	745	743	684	591	113	690	638
725	640	800	739	777	778	88	698	699	796	735
726	1	770	707	747	705	681	682	715	623	624	595
727	705	770	776	744	796	807	686	728	629	88	699	785	701	798	735
728	98	805	807	744	791	716	749	785	820	727	88	701
729	1	771	677	710	715	654	655	661	761	760	633
730	672	1	616	649	781	752	648	692	565	766	693
731	736	804	709	808	700	816	822	88	767	732	741
732	801	804	741	808	779	792	660	694	88	731	700
733	742	678	679	713	812	750	689	789	790	567	88	794
734	640	769	258	739	708	802	777	810	588	450	721	697	698	795
735	800	739	744	815	755	629	727	88	699	796	798	725
736	740	741	806	808	748	754	821	822	88	731	767
737	1	483	774	745	718	591	765	113	690	724	634	509
738	1	764	540	650	620	720	691	665	762	604	773
739	640	800	258	753	777	810	802	814	721	755	725	759	88	698	734	735
740	736	744	748	749	817	818	755	821	759	88	819	767
741	736	806	742	808	619	792	754	822	694	88	793	731	732	703
742	803	741	806	811	812	750	637	754	790	567	88	793	733	703
743	768	1	780	641	745	683	684	784	723	724	663	638
744	740	807	749	815	728	818	755	820	727	88	819	798	735
745	1	774	737	743	780	591	113	724	663	788	638
746	1	711	712	778	747	758	698	639	671
747	1	770	707	705	712	746	623	776	628	726	778	671
748	736	740	713	749	750	817	754	821	88
749	98	740	748	807	744	713	716	813	728	819	820	88	817	805
750	742	812	713	811	748	813	733	817	754	790	88	637
751	1	706	643	708	769	680	714	775	670
752	1	706	775	648	781	787	692	565	88	730	670
753	258	739	709	810	816	721	759	88	797	767
754	736	741	742	811	748	750	817	806	821	88	637
755	800	739	740	744	814	815	818	759	88	735
756	768	1	613	779	717	783	722	660	667	636	702
757	704	1	647	777	685	758	696	697	698	769
758	1	711	777	746	685	757	631	696	698	778	639
759	258	739	740	810	814	816	753	818	755	88	819	767
760	1	770	771	673	715	654	785	729	633	701
761	1	675	772	677	710	615	687	771	791	729	655	719
762	1	738	773	620	718	691	695	634	540	765
763	1	642	675	772	719	720	600	764
764	1	642	772	773	678	650	720	688	689	786	738	794	763	540
765	1	773	774	679	620	718	113	789	634	737	540	762
766	672	1	616	779	781	722	339	693	88	730	799
767	736	740	709	808	816	753	819	821	822	759	88	731
768	1	641	743	717	783	784	723	660	663	756	667	703
769	704	1	708	647	680	777	714	775	751	757	697	795	734
770	1	747	705	776	715	686	624	785	726	727	760	673	701	798
771	1	677	673	791	654	687	785	761	760	729	701
772	1	642	675	763	719	688	786	791	761	687	764
773	1	738	678	764	794	789	88	762	540	765
774	737	1	745	679	113	788	789	790	765
775	1	706	708	769	751	752	721	787	88	795	670
776	1	770	705	778	747	727	699	796	798
777	800	1	802	739	769	778	685	725	758	697	698	795	734	757
778	800	1	776	777	746	747	725	758	698	699	796	671
779	1	801	732	783	792	722	339	660	694	88	756	700	766	799
780	1	743	745	782	784	113	788	663
781	672	1	648	752	787	88	730	797	766	799
782	1	803	663	780	784	113	788	567	792	793	703
783	768	1	779	784	660	694	792	756	667	703
784	768	1	743	780	782	783	694	663	792	703
785	1	770	771	807	791	686	687	760	727	728	701	798
786	1	772	805	809	716	687	688	689	791	794	764
787	1	775	648	810	781	752	721	88	795	797	799
788	1	803	774	679	745	780	782	113	790	567
789	1	773	774	679	812	733	790	88	794	540	765
790	1	803	774	742	679	812	750	788	789	567	733
791	1	771	772	805	807	716	687	785	786	728	761	701
792	1	741	806	801	808	779	782	783	784	694	793	732	703
793	1	803	741	742	811	782	806	567	792	703
794	1	773	678	713	812	813	689	786	789	809	88	764	733
795	1	802	708	775	777	810	721	787	769	734
796	800	1	776	778	815	725	727	699	798	735
797	1	804	709	721	810	781	816	753	787	88	700	799
798	1	770	785	744	807	815	776	727	796	735
799	1	804	801	779	781	787	88	700	797	766
800	1	802	739	777	778	814	815	755	725	796	735
801	1	804	808	732	779	792	700	799
802	800	1	739	777	810	814	795	734
803	1	742	811	812	782	788	790	567	793
804	1	709	801	808	700	816	88	731	732	797	799
805	1	809	807	713	716	749	813	817	786	820	791	728
806	736	1	741	742	808	811	754	821	822	792	793
807	1	805	744	791	716	749	815	785	820	727	728	798
808	736	1	804	709	806	801	767	816	822	792	731	732	741
809	1	805	713	716	813	688	689	786	794
810	1	802	739	721	814	816	753	818	787	759	795	797	734
811	1	803	806	742	812	750	817	754	821	793
812	1	803	742	713	811	813	750	817	789	790	794	733
813	1	805	713	812	749	750	817	809	794
814	800	1	802	739	810	815	818	755	759
815	800	1	807	744	814	818	755	820	796	798	735
816	1	804	709	808	810	753	818	819	822	759	731	797	767
817	1	740	805	812	713	811	748	749	750	813	754	819	820	821
818	1	740	744	810	814	815	816	755	820	759	819
819	1	740	744	749	816	817	818	820	821	822	759	767
820	1	805	807	744	749	815	817	818	819	728
821	736	1	740	806	811	748	817	754	819	822	767
822	736	1	741	806	808	816	819	821	731	767
