1	512	2	3	4	5	6	7	521	523	12	514	15	17	515	532	716	22	535	536	538	687	29	30	544	688	547	548	518	551	555	46	723	560	562	563	564	566	567	569	570	572	61	693	576	577	578	67	581	633	72	524	586	75	588	655	80	594	595	597	599	89	602	603	731	719	613	96	610	699	101	102	616	106	107	620	623	112	114	628	702	630	631	632	121	636	637	641	642	619	132	133	646	648	649	138	651	140	141	142	143	144	145	146	659	148	150	151	152	153	666	667	668	157	158	159	161	162	676	165	585	167	168	169	170	683	686	175	176	689	690	179	692	542	694	695	696	697	698	187	700	189	190	703	704	705	706	707	708	709	710	199	200	201	714	715	204	205	718	717	720	721	210	211	724	725	214	215	216	729	218	219	220	733	222	549	224	737	738	227	740	229	230	743	232	745	234	235	236	722	238	751	240	243	244	246	248	253	254	257	258	259	260	726	262	264	727	270	271	728	274	275	558	281	282	283	284	730	645	288	289	291	292	744	734	711	297	301	302	305	306	308	309	310	312	314	735	650	320	736	322	326	327	330	333	335	336	739	340	654	343	344	345	347	348	349	351	352	656	742	359	360	361	691	541	366	369	371	375	376	379	380	381	382	747	391	392	746	663	712	397	749	400	644	404	750	406	407	408	701	413	422	424	425	713	427	430	431	584	434	435	437	439	441	443	445	447	448	741	587	748	454	455	680	460	461	463	468	469	470	473	475	476	677	732	678	487	681	490	491	492	494	495	497	498	499	502	503	504	506	508	510
2	152	1	3	4
3	152	1	2	167	151
4	1	2	5	11	152	189	190
5	1	4	190	14	7
6	1	201	12	210	16	18	151
7	1	5	170	14	15	190
8	163	167	9	10	16	151	220
9	8	16	220	151
10	258	163	167	8	13	180	152
11	164	13	14	147	152	4	189	190
12	1	6	201	17	18	20
13	258	259	164	10	11	184	180	152	189
14	147	5	7	170	11	19	190
15	1	170	148	7
16	192	289	163	6	8	9	210	18	151	24	220
17	1	201	12	20	22	27
18	192	260	6	201	12	16	210	20	26
19	170	14	253	147	21	23	28	202	190
20	201	12	17	18	26	27
21	32	33	197	170	238	253	19	148	28	202
22	1	34	201	17	211	244	27	30
23	19	160	164	37	38	233	202	147	155	28
24	192	194	35	36	237	16	163	180	185	31
25	163	42	180	184	185	155	221	31
26	192	193	35	260	39	41	203	18	20	201	244	27
27	34	41	203	17	20	22	201	244	26
28	160	33	197	202	19	21	23
29	40	1	148	165	222
30	1	34	168	43	46	211	22
31	36	42	45	185	24	25	155	221
32	33	197	40	238	47	177	148	21	222
33	32	160	197	177	52	21	212	58	28
34	43	41	203	211	244	22	27	30
35	192	193	194	36	39	266	171	44	321	51	181	311	24	225	26
36	194	35	261	44	45	48	24	185	31
37	160	66	38	233	42	23	155
38	160	66	37	233	298	52	23
39	193	35	225	41	171	49	26
40	32	165	47	148	53	29	222
41	193	34	203	39	43	239	49	50	54	225	26	27
42	66	261	37	295	233	332	45	285	25	155	221	31
43	34	168	41	203	178	211	54	30
44	194	35	36	171	48	51	181
45	66	36	261	42	194	48	185	221	31
46	224	1	168	55	61	30
47	32	165	40	267	177	306	53	254	57	58	156	222	223
48	66	36	261	194	44	45	51	181	279
49	225	39	41	171	239	50	56	59
50	41	59	239	54	49
51	66	35	171	44	48	181
52	160	33	66	38	296	298	395	396	212	58
53	165	69	223	40	206	47	153	57	175	254	63
54	65	203	41	43	178	239	50	245	55	186	59	62
55	224	65	168	46	178	54	186	61
56	64	225	66	362	171	239	49	341	280	59
57	66	69	206	47	53	58	156	223
58	33	66	212	267	47	177	52	57	156
59	64	66	68	239	49	50	54	280	56	62	191
60	66	332	303
61	224	1	65	71	72	46	240	55	186
62	65	70	263	74	299	239	245	54	186	59	191
63	187	175	67	53	69
64	56	66	59	68
65	70	71	73	263	172	207	240	178	245	54	55	186	61	62
66	513	518	519	520	522	525	526	527	528	529	530	531	534	537	539	543	545	37	38	552	553	42	556	45	559	48	561	51	52	565	56	57	58	59	60	573	574	575	64	577	579	68	69	582	583	74	587	76	589	78	79	592	580	82	84	598	87	88	601	90	91	604	605	94	607	608	97	611	612	614	103	600	105	106	615	620	109	110	111	624	113	626	627	117	118	617	120	634	635	124	618	126	127	640	643	645	647	648	652	653	621	657	658	660	622	662	664	665	666	156	669	670	671	672	673	674	675	676	677	166	568	682	171	684	173	174	692	181	182	700	191	195	196	630	198	206	719	208	212	217	731	223	736	737	228	550	742	743	639	233	234	748	749	751	242	638	247	250	251	554	255	571	261	265	267	269	557	276	277	278	279	280	285	286	287	290	293	296	298	300	303	304	307	313	318	319	321	323	325	328	329	332	333	337	338	339	341	342	625	740	349	350	354	355	356	357	363	364	365	367	370	372	374	377	378	746	661	384	385	386	387	388	389	390	393	395	396	398	399	401	402	403	405	407	408	409	411	413	414	415	416	418	420	421	425	428	429	433	436	437	442	444	446	447	450	451	453	456	457	458	459	629	464	465	466	467	471	472	474	591	478	481	483	484	685	593	679	500	596	507	508	511
67	1	69	75	175	187	63
68	64	66	74	76	59	191
69	336	66	67	187	75	333	206	79	271	408	270	276	53	354	248	57	175	286	63
70	65	263	73	74	77	207	62
71	65	72	73	172	240	81	61
72	1	71	172	240	80	81	214	61
73	65	70	71	172	77	207
74	66	355	68	70	263	76	77	78	207	249	250	319	62	191
75	1	67	69	161	79	248	187
76	66	195	68	74	290	78	82	250
77	256	70	73	74	172	78	207	81	84	85	249	250	149
78	66	74	290	76	77	82	84	247	249	250
79	161	66	387	69	75	271	83	276	246	87	248	217	335	345	357
80	72	1	179	214	81
81	214	71	72	297	172	77	80	179	149	86
82	66	195	356	76	290	78	304	337	402	84	247	88	90	250
83	161	87	79	246	217	89	271	92
84	256	66	338	226	300	77	78	317	272	82	85	182	247	90	91	250	149
85	256	226	77	84	149	91	93
86	149	81	179	93	145
87	66	198	79	83	217	92	94	95
88	66	90	82
89	96	1	161	83	246	215	217	92
90	66	82	84	247	88	91
91	66	226	84	85	182	90	93
92	96	262	100	198	102	200	215	83	246	87	89	217	95
93	98	99	182	230	227	226	145	179	85	86	91	149
94	97	66	198	231	277	87	287	95
95	97	100	198	231	107	87	92	94
96	1	215	92	102	89
97	66	100	358	231	106	107	388	446	277	377	292	94	95
98	99	101	199	104	145	227	93
99	98	227	196	310	326	199	104	105	204	226	268	114	182	93
100	97	262	291	198	102	231	200	107	108	112	264	92	95
101	1	98	199	227	145
102	96	1	100	262	200	112	215	92
103	66	196	105	173	110	269	115
104	105	98	99	114	199
105	66	99	196	103	104	204	110	114	115	116	182	282	188
106	1	66	491	292	293	358	97	551	234	107	365	462	113	404	406	119	327	377	124	490	446
107	1	100	97	264	169	106	231	108	404	292	119	121	218	157	234	95
108	100	200	169	107	112	264	121
109	128	66	323	228	241	324	265	273	173	110	111	209	120	313	122	123	346	154
110	66	196	103	105	109	173	209	115	269	122	188	125
111	120	66	123	109
112	1	100	102	200	169	108	121
113	66	293	234	242	119	124	106
114	1	99	199	104	105	204	116	150
115	196	103	105	235	204	110	116	150	282	188	125
116	105	114	115	204	150
117	66	228	166	174	120	126
118	129	66	325	364	174	368	242	183	252	126	127
119	132	133	232	106	107	113	234	218	124	157
120	66	228	166	134	109	111	241	117	154	123	213
121	1	169	107	108	112	157
122	128	288	130	136	236	109	110	205	209	301	188	125	158
123	128	131	109	111	273	120	154
124	66	133	327	232	106	113	242	243	340	119	293	234	127
125	130	235	236	110	115	150	122	188
126	129	66	166	135	174	117	118	183
127	129	66	133	138	242	243	118	216	124
128	288	131	273	136	109	205	209	274	122	123	154	158
129	320	257	162	135	137	138	242	118	183	216	252	126	127
130	122	236	125	150	158
131	128	229	134	136	205	274	154	123	159
132	157	1	133	119
133	1	132	232	138	243	119	216	124	157	127
134	131	229	166	139	142	176	120	154	283	159
135	129	162	166	257	137	139	176	146	183	281	219	126
136	128	131	140	205	122	158	159
137	129	146	257	162	135
138	129	162	133	1	141	216	127
139	134	166	135	142	143	176
140	136	1	205	158	159
141	1	138	146	162
142	1	229	134	139	143	144	176	159
143	176	1	146	139	142
144	1	142	159
145	1	98	227	101	230	179	149	86	93
146	1	162	135	137	257	141	143	176	219
147	164	275	202	11	14	19	23	155	253	190
148	32	1	40	170	238	15	21	29	222
149	256	226	230	145	297	172	77	272	81	179	84	85	86	93
150	1	130	236	235	204	114	115	116	125	158
151	1	3	6	167	8	9	16	210	220
152	1	2	3	4	167	259	10	11	13	258	189
153	1	175	53	254	165
154	128	131	166	134	273	109	241	274	213	120	283	123	229
155	164	37	294	233	42	221	147	23	184	25	202	31
156	66	328	267	206	47	57	58	223
157	1	132	133	232	169	107	119	121	218
158	128	1	130	136	236	140	205	150	122
159	1	131	229	134	136	140	205	142	144
160	33	37	38	353	296	233	202	52	23	212	28	298	197
161	1	75	79	83	246	248	89	271
162	1	135	129	137	138	257	141	146	216
163	192	289	258	167	8	10	237	16	180	185	24	25	220
164	259	294	275	202	11	13	305	147	23	184	155	330	189	190
165	1	40	47	254	53	153	29	222
166	66	283	228	229	134	135	139	174	176	318	117	183	120	281	154	219	126	213
167	1	258	3	8	10	163	151	152	220
168	224	1	43	46	178	211	55	30
169	1	200	107	108	112	264	121	218	157
170	1	7	14	15	238	19	148	21	253	190
171	225	66	35	39	307	44	321	49	51	181	311	56	341
172	256	65	71	72	73	77	334	207	240	81	308	149	214	297	249
173	66	323	103	269	110	109	209	313
174	66	166	329	364	399	368	318	117	118	183	252	126
175	1	67	69	206	270	53	153	187	254	63
176	1	283	166	134	135	139	142	143	146	219	229
177	32	33	197	296	267	238	47	306	212	366	343	58	222
178	224	65	203	168	43	239	211	245	54	55	186	284
179	1	214	230	81	297	80	145	149	86	93
180	258	163	305	10	13	237	184	259	185	24	25
181	321	66	35	307	266	171	44	194	367	48	51	279
182	66	99	196	105	268	226	338	84	278	91	93
183	129	166	135	257	174	318	213	118	281	252	126
184	259	164	294	391	13	237	305	371	180	185	25	155	221	315	383
185	194	163	36	261	331	45	237	184	180	24	25	315	221	31
186	224	65	263	207	240	178	245	54	55	312	61	62
187	1	67	69	75	270	175	248	63
188	282	196	105	235	236	269	110	301	209	115	122	125
189	1	259	4	11	13	152	164	190
190	1	259	4	5	7	275	170	11	14	253	19	147	164	189
191	66	68	263	74	299	239	245	280	59	62	319
192	193	194	35	260	289	348	266	210	237	16	18	163	24	26	316
193	192	225	35	260	39	41	266	203	302	244	26	348
194	192	35	36	261	266	331	44	45	237	48	307	181	279	24	185	315	316
195	449	66	356	517	588	458	549	76	290	429	482	82	372	414	504	505	538	509	350	415
196	66	99	278	103	105	204	269	110	268	310	115	182	282	188	351
197	32	33	353	296	202	160	238	177	366	212	21	343	314	28	253
198	66	291	100	262	231	200	379	335	277	87	217	287	92	94	95
199	1	98	99	101	104	204	114	227	310
200	1	262	291	100	198	102	231	264	169	108	112	92
201	1	260	6	12	210	17	18	20	22	244	26	27
202	19	160	164	197	294	353	275	233	330	366	147	21	23	314	155	28	253	382
203	193	34	225	41	43	302	239	178	211	244	54	361	26	27	284
204	1	99	196	310	199	105	235	114	115	116	150	282
205	128	1	131	229	136	236	140	288	274	122	158	159
206	66	69	328	333	270	175	53	407	57	156	349	254	223
207	65	70	263	73	74	172	77	334	240	308	312	249	186
208	66	304	374	409	313	251
209	128	288	323	359	109	110	173	273	269	301	375	122	188
210	192	1	260	6	289	201	16	18	151	220
211	224	1	34	203	168	43	178	244	22	284	30
212	160	33	66	197	296	267	177	52	58
213	344	283	228	166	347	241	183	120	281	154	219	318
214	1	72	297	172	240	80	81	179	308
215	96	1	262	102	335	246	89	217	92
216	320	129	162	133	1	138	257	242	243	127
217	66	379	262	198	357	215	79	370	83	246	87	89	335	92	287
218	1	327	232	169	234	107	264	119	157
219	1	347	166	135	257	176	146	213	281	283
220	1	258	163	167	8	9	289	16	210	151
221	315	261	294	295	233	42	45	383	185	184	25	155	31
222	32	1	165	40	238	47	177	306	148	343	29	254
223	66	328	267	206	47	306	53	413	57	156	349	254
224	1	322	168	46	240	178	211	245	55	312	186	284	61
225	193	35	39	41	266	171	302	239	49	341	203	311	56	348	361
226	99	326	309	230	297	268	272	338	227	84	149	182	300	376	91	93	85
227	1	98	99	326	101	230	199	226	145	309	310	93
228	344	66	324	390	166	422	265	109	418	241	435	213	120	410	347	318	117
229	352	1	131	166	134	205	142	176	241	274	154	283	159
230	1	226	227	297	145	179	149	93	309
231	97	291	100	358	198	200	107	264	277	292	287	380	94	95
232	1	133	327	234	243	340	119	218	124	157
233	160	353	66	294	37	38	295	298	42	221	384	285	23	155	202	383
234	1	66	293	327	232	106	107	113	119	218	124
235	1	236	204	301	115	150	282	188	125
236	288	1	130	235	205	301	150	122	188	125	158
237	192	289	194	163	391	305	331	258	369	184	180	24	185	315	316
238	32	1	197	170	366	177	148	21	343	314	253	222
239	225	322	299	341	392	41	362	203	178	431	49	50	245	54	280	56	361	59	284	62	191
240	224	1	65	71	72	172	207	308	214	312	186	61
241	344	352	228	229	109	273	274	213	120	324	154	283
242	320	129	66	293	325	252	365	113	243	340	118	439	216	124	127
243	320	1	133	232	242	340	216	124	127
244	1	34	260	193	201	203	302	211	22	26	27	284
245	224	65	322	443	263	392	299	239	400	178	54	312	186	319	284	62	191
246	1	161	79	335	83	215	89	217	271	92	345
247	66	300	290	78	317	337	82	403	84	373	250	338	90
248	1	69	161	75	333	270	79	271	336	187
249	256	355	263	74	172	77	78	207	334	250
250	256	66	355	372	74	290	76	77	78	82	84	334	247	249	317
251	304	66	374	393	269	208	339	278	409	421
252	320	129	325	257	360	174	368	242	118	183	281	318
253	1	147	197	275	170	238	19	21	314	202	190
254	1	165	306	206	175	270	53	153	47	349	222	223
255	385	66	457	428	501	350	415
256	308	297	172	77	334	397	272	84	149	430	249	250	317	85
257	320	1	162	135	129	137	360	146	183	216	281	219	252
258	1	289	163	167	10	13	237	305	259	180	152	220
259	1	258	164	305	13	184	275	180	152	189	190
260	192	1	289	193	201	266	210	302	18	244	26	348
261	66	36	295	194	42	331	332	45	48	279	185	315	412	221
262	1	291	100	102	198	200	335	215	217	379	92
263	65	355	70	74	299	334	207	400	308	245	312	249	186	319	62	191
264	1	291	100	231	200	169	107	108	404	292	218	380
265	66	324	228	390	363	452	109	313	346	410	485
266	192	193	194	35	260	225	348	394	289	321	307	181	311	316
267	328	66	296	395	47	177	306	212	343	441	58	156	413	223
268	226	99	196	278	326	425	338	310	351	182
269	66	323	196	103	173	110	301	209	339	437	278	375	282	251	188	351
270	1	69	333	206	175	248	187	349	254
271	1	69	161	424	79	336	83	276	246	248	345
272	256	226	297	300	430	84	149	376	317	309
273	128	288	323	324	241	359	109	209	274	352	154	123	346
274	128	1	131	229	273	359	205	288	241	352	154
275	1	259	164	202	305	147	314	330	253	190
276	66	387	69	424	460	354	271	336	408	345	79	286	389
277	97	66	292	358	198	231	370	388	94	287
278	66	196	310	425	268	269	338	339	437	182	251	351
279	194	261	423	489	331	332	66	303	48	307	181	378	367	412	477
280	66	419	362	299	239	319	341	414	56	59	350	191
281	1	347	166	135	360	257	213	183	219	252	381	318
282	1	196	105	235	204	269	301	115	310	188	351
283	352	1	347	134	166	176	241	213	344	154	219	229
284	224	1	322	392	361	203	302	239	178	211	244	245
285	384	66	295	233	42	332
286	66	69	354	386	276	342	444	389
287	66	291	358	198	231	370	277	217	379	380	94
288	128	1	273	359	236	205	301	209	274	375	122
289	192	1	258	163	260	369	316	266	237	16	305	210	348	220
290	417	66	195	356	449	76	78	337	82	372	373	247	250	317
291	1	100	198	262	231	200	264	379	380	287
292	1	97	358	231	264	106	107	404	277	380
293	66	327	106	365	113	242	340	406	439	124	234
294	353	164	295	233	202	305	371	184	155	330	221	382	383
295	384	481	261	294	233	42	332	221	440	315	412	285	383
296	160	353	66	395	197	441	298	267	396	366	177	212	470	343	52
297	256	1	226	230	172	397	430	272	81	179	308	149	214	376	309
298	160	353	66	38	296	233	395	396	384	416	52	442
299	322	419	263	392	362	239	245	280	319	443	62	191
300	66	226	430	272	338	84	373	247	376	317
301	288	1	235	236	269	209	375	122	188	282	351
302	225	260	1	348	193	203	244	361	284
303	66	451	332	279	378	60
304	66	433	402	208	337	82	403	409	251
305	1	258	259	164	294	289	330	371	237	369	275	180	391	184
306	1	267	47	177	222	343	413	349	254	223
307	321	194	331	423	456	266	171	66	367	181	279	316	394
308	256	1	263	297	172	397	334	207	240	400	214	312
309	1	226	227	326	230	297	272	376
310	1	227	196	326	199	268	204	99	278	425	282	351
311	225	35	455	321	361	266	171	427	341	348	394
312	224	1	322	263	392	207	240	400	308	245	186
313	66	323	452	265	363	109	173	208	374	393	346
314	1	197	202	238	275	366	330	253	382
315	194	391	261	295	476	331	332	237	371	184	185	412	221	383
316	192	289	194	427	423	321	266	331	237	369	307	468	469	348	394
317	256	290	430	300	397	334	461	272	84	373	247	372	250
318	66	228	166	360	463	418	174	399	368	435	213	438	183	281	347	252	381
319	66	355	263	74	299	492	400	419	245	280	473	443	414	191
320	1	325	129	360	426	257	242	243	340	439	216	475	252
321	66	35	456	266	171	307	181	311	316	394	341
322	224	1	392	299	239	245	312	284
323	448	66	273	393	359	269	109	209	434	339	173	375	313	346	495
324	352	228	422	390	273	265	109	241	434	344	346	410
325	320	66	360	426	364	365	398	368	242	340	118	439	475	252
326	1	226	99	425	268	338	227	309	310	376	447
327	1	293	232	106	340	406	218	124	234
328	66	395	502	471	503	267	354	206	464	342	407	441	156	413	223
329	66	484	390	459	364	174	399
330	1	164	294	202	371	305	275	314	382
331	194	261	391	412	423	237	369	307	468	279	476	185	315	316
332	384	481	66	477	261	295	412	42	303	511	279	378	315	60	285	383
333	1	66	69	270	336	408	206	407	248	349
334	256	355	263	372	172	397	207	400	461	308	473	249	250	317
335	1	262	198	79	246	215	217	379	445	345	357
336	1	354	69	424	460	333	271	408	276	248
337	417	66	356	290	402	304	433	82	403	373	247
338	425	66	278	326	300	268	226	430	403	84	373	182	247	376	447
339	448	66	323	421	393	269	437	278	375	251	351
340	320	1	293	327	232	365	242	243	406	439	124	325
341	512	225	66	455	321	456	361	362	171	450	239	280	311	56	431	394	350
342	416	577	66	328	503	354	529	471	536	444	286
343	1	197	296	267	238	177	306	366	441	413	222
344	352	1	347	324	422	241	435	213	228	283
345	1	387	357	424	79	335	276	246	271	445
346	352	323	324	359	265	452	109	495	273	434	498	393	313	410
347	1	219	228	435	213	344	281	283	381	318
348	192	1	260	225	361	266	427	289	302	369	193	469	311	316	394
349	1	66	333	270	306	206	407	413	254	223
350	480	385	66	195	362	450	482	419	341	280	415	414	255
351	1	196	310	425	268	269	301	339	437	278	375	282
352	1	324	229	422	241	359	434	273	274	498	344	346	283	410
353	160	384	197	294	454	296	233	202	395	396	366	432	470	440	298	382	383
354	66	69	503	328	471	460	336	536	276	342	407	408	444	286	389
355	66	263	74	492	461	334	400	372	473	504	249	250	414	319
356	417	290	195	449	458	66	402	493	337	82	505
357	66	379	335	370	387	345	217	506	79	445	478
358	97	292	231	106	494	370	404	277	472	388	380	490	446	287
359	288	1	323	209	434	273	274	352	375	346
360	320	1	325	257	463	368	281	475	252	381	318
361	1	427	455	225	392	348	203	302	239	341	311	431	284
362	512	450	419	392	299	239	280	341	56	431	443	350
363	66	483	452	485	390	265	528	374	313
364	496	66	325	329	426	459	174	399	368	398	118	411	453
365	66	325	520	535	106	491	524	398	242	531	340	462	406	439	377	602	426	293
366	1	197	353	296	202	238	177	470	343	441	314	382
367	385	66	423	456	489	428	526	307	500	181	279	378
368	475	325	438	360	426	364	174	399	496	118	463	252	318
369	1	391	289	348	331	237	305	468	469	316
370	66	388	357	358	494	277	472	217	506	379	380	445	478	287
371	1	294	391	330	487	305	184	315	476	382	383
372	417	290	195	449	538	66	334	461	355	373	504	510	250	317	414
373	417	290	300	461	430	337	338	403	372	247	317	510
374	528	66	452	421	393	363	208	534	409	313	251	479
375	288	1	323	359	301	269	209	434	339	448	437	351
376	1	226	326	297	300	430	272	338	309	447
377	610	97	66	551	623	106	365	398	559	467	436	462	539	446
378	66	451	489	332	526	367	279	303	477	511
379	1	291	198	262	357	494	335	370	217	506	380	445	287
380	1	291	292	358	231	264	490	494	370	404	379	287
381	1	360	499	463	435	438	281	347	318
382	1	454	294	353	202	487	366	371	470	314	330	383
383	384	353	454	294	295	233	487	332	476	477	440	371	184	315	412	221	382	481
384	353	66	295	488	233	298	519	332	432	481	440	396	442	285	383
385	480	66	516	456	428	450	367	500	501	255	350	415
386	513	66	389	401	474	444	286
387	506	66	389	424	514	79	401	276	345	474	445	478	357
388	97	66	358	648	610	530	370	563	564	277	630	472	539	446
389	66	387	424	460	354	386	514	276	536	474	444	286
390	66	483	324	485	486	265	363	418	399	546	329	484	228	410	540
391	1	369	331	237	305	371	468	184	315	476
392	1	322	443	361	362	299	239	400	245	312	431	284
393	448	66	323	452	421	584	534	523	495	528	339	374	567	313	346	251	479
394	321	548	455	423	456	348	266	427	307	341	311	316	469
395	353	66	464	296	298	267	396	432	328	52	470	441	488	541
396	384	353	66	464	296	298	395	525	432	488	416	52	442
397	256	1	297	461	334	400	308	430	317
398	66	325	520	426	364	365	462	531	436	377	411	453
399	496	66	484	486	390	552	329	459	364	418	174	368	546	438	318
400	1	355	263	392	397	334	461	308	245	312	473	443	319
401	513	66	387	550	386	530	474	478
402	417	66	571	356	433	458	466	493	304	337	82	533	505	409	527	575
403	417	66	515	518	433	430	304	337	338	373	247	510	447
404	1	491	292	358	551	264	106	107	406	380	490
405	416	66	611	557	465	638	598	606	639
406	1	293	327	106	491	365	340	439	404
407	1	66	328	354	333	206	413	502	503	408	349
408	1	66	69	503	354	460	333	336	276	407
409	304	66	421	534	493	527	208	433	402	374	251	479
410	352	418	324	422	390	265	452	498	486	497	434	228	346	570	485
411	66	453	520	364	398	531	436	568
412	261	295	331	332	468	279	423	315	476	477	383
413	1	66	407	328	267	306	502	343	441	349	223
414	480	512	66	355	504	549	492	419	482	195	372	280	350	319
415	480	385	66	195	457	429	482	501	509	350	255
416	66	488	298	396	525	557	464	465	405	342	471	442
417	562	449	290	515	356	518	433	493	558	337	402	403	372	373	505	510
418	66	228	422	390	486	555	499	399	497	435	438	410	318
419	480	512	450	549	362	299	492	350	280	443	414	319
420	513	66	731	612	677	554	715	591	465	694	719	700	639
421	448	66	393	523	433	339	437	374	409	251	508	479
422	352	1	418	324	498	497	434	435	344	228	410
423	489	548	456	412	394	331	367	547	307	468	469	279	316	477
424	1	514	387	389	460	271	336	276	345	445
425	1	66	278	326	518	268	338	437	310	447	508	351
426	320	496	325	520	524	364	365	398	368	439	475	453
427	1	455	316	394	311	469	361	348
428	385	66	516	457	367	500	501	553	537	255
429	66	195	517	457	458	592	466	537	509	574	415
430	256	1	515	297	300	397	461	272	338	403	373	376	317	510	447
431	512	1	455	392	361	362	239	341	443
432	384	353	454	488	521	395	396	470	440
433	417	66	421	518	572	493	527	304	337	402	403	409	508	479
434	352	1	323	324	422	359	495	498	448	375	346	410
435	1	418	228	422	497	499	438	344	347	381	318
436	66	462	559	531	593	467	398	377	411
437	448	1	66	421	425	523	269	339	278	375	508	351
438	496	418	555	486	552	459	499	399	368	435	560	463	381	318
439	320	1	293	426	491	524	365	242	340	406	535	475	325
440	384	353	454	295	488	519	487	432	481	532	521	383
441	1	395	502	296	267	366	541	464	328	470	343	413
442	384	416	66	519	488	298	396	525	561
443	512	1	419	392	362	299	492	431	400	245	473	319
444	513	66	389	460	354	386	529	342	599	536	474	286
445	1	514	387	357	424	335	370	345	506	379	478
446	544	97	66	388	358	551	106	610	494	564	472	377	539	490
447	1	66	515	518	326	425	430	338	403	376
448	1	323	421	393	523	495	434	339	437	375
449	417	290	195	356	517	588	558	372	505	538	510
450	480	385	66	419	516	455	456	362	578	595	341	512	542	350	501
451	66	582	583	618	556	526	303	624	662	378	604	511
452	485	393	363	567	495	528	498	374	265	313	346	410	581
453	66	520	426	459	364	398	496	411
454	1	353	521	487	432	532	470	440	382	383
455	512	1	450	548	456	361	394	427	431	341	311	542	469
456	385	66	516	455	321	489	394	423	450	367	595	307	500	341	548	542	469
457	640	66	516	553	651	428	429	592	691	501	631	668	537	255	604	509	415
458	66	195	356	517	402	429	466	533	505	574	575
459	545	66	484	453	486	520	329	364	546	399	496	552	438	573
460	1	354	389	424	514	336	536	276	503	408	444
461	1	355	397	334	400	372	373	430	504	473	538	317	510
462	569	551	106	491	365	398	559	531	436	535	377	602	623
463	1	360	368	499	496	438	560	475	381	318
464	416	66	587	502	328	395	396	525	557	488	470	471	441	541
465	416	66	420	557	591	405	606	639
466	66	643	458	652	429	402	661	607	605	574	575
467	66	617	559	593	436	600	377
468	1	547	423	391	316	331	476	369	469	412	477
469	1	547	548	455	423	456	316	394	427	369	468	348
470	1	454	353	296	521	395	366	432	488	464	441	541	382
471	416	577	66	502	328	587	354	464	529	342	503
472	66	388	358	530	494	370	563	564	446	506	478
473	1	355	492	461	334	400	504	443	319
474	513	66	387	389	550	620	386	401	514	566	599	536	444	478	613
475	320	1	325	360	426	524	463	368	520	560	496	439	603
476	576	1	547	487	391	586	331	371	468	315	412	477	383
477	576	481	489	423	476	586	487	332	547	468	279	378	511	412	383
478	506	66	387	357	550	514	401	370	563	566	472	474	530	445	613
479	421	584	393	534	523	527	433	374	409	508	572
480	512	385	450	419	549	501	482	578	350	414	415
481	384	576	66	295	519	585	487	332	532	440	511	477	383
482	480	578	195	517	588	549	350	501	631	509	414	415
483	608	545	66	484	485	390	363	590	528	565	601	507	540
484	545	66	483	486	390	609	552	329	459	546	590	399	540
485	483	452	486	390	265	363	528	498	632	410	540	570	581
486	418	555	484	485	390	552	459	642	546	399	560	497	438	410	540	570
487	576	1	454	481	585	371	532	440	476	477	382	383
488	384	416	519	521	395	396	525	432	464	597	470	440	532	442	541
489	547	548	423	456	586	526	367	594	500	279	378	477	511
490	544	1	358	551	106	494	404	380	446
491	1	551	106	535	365	462	404	406	439	569
492	512	1	355	549	419	504	473	443	414	319
493	417	515	356	518	562	527	433	402	505	409	571	572
494	544	1	358	490	370	563	564	472	506	379	380	446
495	448	1	323	452	393	523	498	434	567	346
496	560	603	475	453	520	524	426	459	364	642	399	368	552	659	438	463	573
497	1	418	486	422	555	499	498	435	410	570
498	352	1	570	452	485	422	495	497	434	567	346	410	581
499	1	418	555	463	560	497	435	438	381
500	385	66	516	456	489	428	526	367	594	553	548
501	480	385	450	651	516	457	631	428	482	595	578	553	255	509	415
502	1	587	503	328	471	541	464	577	407	441	413
503	1	354	502	577	328	471	460	536	342	407	408
504	1	355	549	492	461	195	372	473	538	414
505	417	195	356	517	449	616	458	493	558	402	562	533	571
506	1	514	387	357	494	370	563	566	472	379	445	478
507	608	545	66	483	621	634	635
508	1	66	421	518	425	523	433	437	572	479
509	482	195	517	616	457	588	429	592	501	631	668	574	415
510	562	1	515	417	461	430	449	403	372	373	538	558
511	576	481	66	451	650	519	489	586	332	526	378	477	556
512	480	1	450	419	549	455	362	492	578	431	341	542	443	414
513	66	420	677	529	554	619	620	386	401	599	474	444	663
514	1	387	389	506	424	460	566	599	536	474	445	478
515	1	518	417	493	430	562	403	510	447
516	385	450	548	456	457	651	428	594	595	500	501	553
517	449	482	195	616	458	588	429	558	533	505	509	574
518	1	66	515	417	425	572	493	433	562	403	508	447
519	384	481	66	582	488	585	556	525	655	656	561	532	597	440	576	442	511
520	66	475	453	426	459	524	365	398	496	659	531	628	568	603	602	411	573
521	1	454	488	432	532	597	470	440	541
522	66	647	596	626	615
523	448	1	421	584	393	572	495	437	567	508	479
524	1	603	520	426	535	365	496	628	439	602	475
525	416	66	519	488	587	396	557	464	561	597	442	636	541
526	66	451	650	583	489	586	556	367	594	500	553	378	637	511
527	66	584	649	493	589	688	433	402	534	633	409	571	572	479
528	66	483	452	485	649	393	534	363	654	565	374	567	632	601	540	581
529	513	66	619	645	577	554	599	591	342	471	536	444
530	66	388	613	550	686	401	563	630	472	580	478
531	641	66	667	520	623	365	462	559	593	436	398	568	628	602	411	693
532	1	454	487	488	521	519	481	597	585	440
533	517	646	616	458	562	678	402	505	571	574	575
534	66	697	584	393	589	649	527	528	565	374	567	409	654	479
535	1	491	524	365	462	439	569	602
536	1	354	619	389	577	599	460	514	529	342	503	474	444
537	640	66	457	428	429	592	625	604	574
538	1	195	549	449	588	461	558	372	504	510
539	544	66	388	648	610	559	564	630	600	377	446
540	546	483	484	485	486	581	528	644	590	632	601	570	654	390
541	1	587	502	488	521	395	525	464	597	470	441
542	512	1	450	548	455	456	578	595
543	660	66	579	612	614
544	1	610	551	490	494	564	539	446
545	608	609	66	483	484	552	459	590	627	622	507	573
546	609	642	555	484	390	486	552	459	590	399	644	570	540
547	1	548	423	489	586	594	468	469	476	477
548	1	547	516	455	456	489	394	423	594	595	500	469	542
549	480	1	482	195	588	492	578	419	512	504	538	414
550	66	579	580	613	620	686	401	530	474	666	478
551	544	1	610	106	491	462	623	404	569	377	490	446
552	545	66	484	486	609	459	642	546	399	496	659	438	560	573
553	66	683	516	583	457	651	428	526	594	691	500	501	604	637
554	513	66	420	677	619	591	529	694	663
555	1	418	644	486	546	642	560	497	499	438	570
556	576	66	451	582	519	650	583	526	655	511
557	416	66	645	561	681	587	525	591	464	465	405	598	636	606
558	1	517	449	616	588	417	562	505	538	510
559	66	667	676	648	617	610	467	623	593	531	436	462	600	377	539	687
560	1	642	603	486	552	555	463	496	499	438	475
561	66	582	519	557	525	656	597	598	442	636
562	1	515	646	518	417	616	493	558	533	633	505	571	572	510
563	1	388	613	630	494	530	564	566	472	506	478
564	544	1	610	388	494	563	630	472	539	446
565	66	483	649	589	654	621	528	534	697	601
566	1	514	613	620	563	599	474	506	478
567	1	452	581	584	393	523	654	495	528	498	534	649
568	641	66	659	520	680	593	531	596	693	628	411	573
569	1	551	491	462	623	535	602
570	1	546	644	485	486	555	497	498	632	410	540	581
571	66	646	493	527	688	402	562	533	633	505	572	605	589	575
572	1	518	584	523	493	527	433	562	633	571	508	479
573	704	545	66	659	609	520	459	496	552	627	596	568	680	603	696
574	66	517	678	616	703	458	429	605	592	466	533	695	537	607	668	509	575
575	66	678	646	458	402	466	533	695	571	605	574
576	1	650	487	585	586	519	556	655	481	476	477	511
577	1	66	587	342	471	619	529	502	503	536	645
578	480	1	450	549	588	482	595	501	512	631	542
579	66	612	550	614	712	717	686	692	660	580	666	700	543
580	66	579	550	614	717	686	530	692	629	630	600
581	1	452	485	654	528	498	567	632	570	540
582	656	66	451	583	519	556	655	624	561	690	598
583	66	451	582	553	618	683	556	526	655	624	690	662	604	637	650
584	1	649	393	523	527	534	567	633	572	479
585	576	1	519	487	655	656	481	532	597
586	576	1	547	489	650	526	637	594	476	477	511
587	1	66	645	577	681	525	557	464	597	502	471	636	541
588	1	482	195	517	449	616	578	558	631	538	509	549
589	701	66	643	649	621	527	688	565	534	697	571	605
590	608	545	546	483	484	609	622	689	644	654	632	601	698	540
591	66	420	645	529	554	619	557	465	694	663	699	606	639
592	640	66	457	429	691	537	703	668	509	574	607
593	66	707	709	615	680	617	467	559	531	436	693	568	596	667	687
594	1	547	516	489	586	651	526	595	500	553	548	637
595	1	450	516	456	651	578	594	501	631	548	542
596	704	66	707	615	680	522	593	626	627	568	573
597	1	519	488	521	587	525	656	561	532	585	636	541
598	656	66	611	582	705	681	557	624	561	405	636	638	606
599	1	514	677	513	619	620	529	566	663	536	474	444
600	66	580	709	617	559	467	692	629	713	676	539	687
601	608	66	483	621	590	528	565	697	634	540	698	654	702
602	1	641	520	524	365	462	623	531	628	535	569
603	1	642	520	524	496	659	628	560	475	573
604	640	66	451	583	457	618	683	625	691	553	537	714
605	66	643	646	589	688	466	695	607	571	574	575
606	645	710	681	557	591	465	405	598	699	638	639
607	640	66	643	678	711	727	652	592	466	661	695	605	574	703
608	736	545	66	483	706	590	635	622	664	601	634	507	698	702	725
609	704	545	546	484	552	642	590	689	627	659	622	696	644	573
610	544	1	388	551	623	559	648	676	564	630	377	539	446
611	705	66	662	624	657	405	598	728	638
612	66	579	420	715	658	660	729	731	700	543
613	1	630	550	620	686	530	563	566	474	666	478
614	66	579	580	724	712	713	717	660	629	692	669	543
615	66	707	708	709	647	617	522	722	687	593	626	596
616	1	517	646	588	558	678	562	533	631	505	668	509	574
617	66	708	709	615	713	647	559	593	467	629	600	687
618	66	451	583	714	683	718	625	690	662	604
619	1	645	577	554	663	591	529	513	599	536
620	1	66	613	550	513	566	599	474	666	677
621	66	643	743	589	721	565	697	601	634	507	701	702	661
622	608	545	66	609	706	590	689	627	723	696	698	635	704
623	1	610	676	551	462	559	531	569	641	377	602	667
624	705	66	611	662	582	583	716	656	690	451	598	728
625	640	66	739	618	718	720	662	665	537	604	714	670
626	704	66	707	726	615	522	647	722	627	596	723	664	635
627	704	545	66	609	622	626	723	596	635	573
628	1	641	520	524	680	531	659	568	602	603
629	673	66	580	724	614	647	617	717	692	713	600	708	730	669
630	692	1	66	388	613	648	610	686	530	563	564	580	539
631	1	482	616	457	651	588	578	595	501	668	509
632	1	644	485	590	528	689	654	570	540	581
633	1	646	584	649	527	688	562	571	572
634	608	736	66	635	743	621	653	721	725	664	601	507	702
635	608	736	66	706	622	626	627	723	664	634	507
636	1	681	587	525	557	656	561	597	598
637	1	683	583	553	586	651	526	594	650
638	705	66	611	710	681	719	657	405	598	728	606	639
639	66	420	710	591	465	405	694	719	699	638	606
640	720	66	711	457	714	652	592	625	691	665	537	703	604	733	607
641	1	680	623	531	628	693	568	602	667
642	1	546	644	486	609	552	555	496	659	560	696	603
643	701	66	711	727	621	589	688	721	466	661	695	605	607
644	1	546	609	555	642	590	689	632	696	570	540
645	1	66	619	577	681	587	557	591	529	694	663	699	606
646	1	678	616	688	562	533	695	633	571	605	575
647	673	66	708	615	617	522	674	626	629	726	664	722	730	735
648	1	66	388	610	559	692	630	676	539
649	1	584	697	589	654	527	528	565	534	567	633	688	701
650	576	1	583	586	683	556	526	655	690	637	511
651	1	683	516	553	691	631	594	595	501	457	668	637
652	640	66	740	711	744	685	466	661	727	665	733	607
653	736	66	747	742	679	746	743	684	685	664	634
654	1	581	697	649	590	528	689	565	534	567	632	601	698	540
655	576	1	582	583	585	650	519	556	656	690
656	1	582	519	585	655	624	561	690	597	598	681	705	636
657	737	66	675	719	611	662	728	638	671
658	672	737	66	612	741	660	731	669	734	671
659	704	1	642	609	520	680	496	552	628	568	696	603	573
660	66	579	612	614	712	745	658	724	729	731	700	669	734	543
661	66	643	740	743	652	621	685	721	466	727	607
662	66	611	583	618	716	718	624	625	690	451	675	657	732	728	670
663	1	645	513	554	619	591	694	599	677
664	608	736	66	747	647	679	653	626	723	726	674	634	635
665	640	66	739	744	748	652	685	751	720	625	733	670
666	1	66	579	613	550	620	686	700	677
667	1	676	641	623	593	531	693	559	687
668	1	678	616	457	651	592	691	631	509	574	703
669	672	673	66	741	614	745	682	738	658	660	629	724	730	734
670	66	675	748	718	625	739	662	665	732
671	672	737	66	675	741	749	751	657	658	734
672	66	741	682	684	738	749	658	669	734	671
673	66	679	682	647	674	750	629	738	730	669	735
674	673	66	747	679	647	750	726	664	730	735
675	737	66	748	751	657	662	728	732	670	671
676	1	66	667	709	648	713	610	623	692	600	559	687
677	1	66	715	420	513	554	663	620	694	599	666	700
678	1	646	711	616	533	695	575	668	703	574	607
679	673	66	742	682	747	684	653	750	685	726	674	664	746
680	704	1	707	641	593	659	596	693	568	628	573
681	1	645	710	705	587	557	656	638	598	699	636	606
682	672	673	66	742	679	684	738	750	749	669
683	1	650	583	714	553	618	651	718	690	691	604	637
684	672	66	749	742	679	682	685	653
685	66	740	742	679	744	684	746	652	653	751	661	665	733
686	1	579	580	613	550	712	717	530	692	630	666	700
687	1	707	676	709	615	617	559	593	722	693	600	667
688	1	643	646	649	727	589	527	695	633	571	605	701
689	1	706	644	609	622	696	590	632	698	654
690	1	705	582	583	618	683	716	718	655	624	662	656	650
691	640	1	668	683	553	714	651	720	592	457	604	703
692	1	66	579	580	614	648	713	717	686	629	630	600	676
693	1	707	641	680	687	593	531	568	667
694	1	420	645	554	715	591	677	663	699	719	639
695	1	643	678	646	711	688	727	575	605	574	607
696	704	1	642	644	609	706	622	689	659	573
697	1	649	621	654	589	565	534	601	698	701	702
698	608	1	706	654	689	622	697	601	590	702	725
699	1	645	710	681	715	591	694	719	606	639
700	1	66	579	420	677	712	715	686	660	729	612	666
701	1	643	649	589	621	688	721	727	697	702
702	608	1	621	701	721	725	601	697	634	698
703	640	1	678	711	720	592	691	668	574	607
704	1	706	707	659	609	680	622	626	627	596	723	696	573
705	1	611	710	681	716	624	690	598	728	656	638
706	608	1	622	689	723	725	696	698	635	704	736
707	704	1	615	680	722	687	593	626	723	596	693	726
708	1	709	647	617	615	722	724	629	713	730	735
709	1	676	615	617	687	593	722	713	600	708
710	1	705	681	719	606	728	699	638	639
711	640	1	643	678	727	652	720	695	703	733	607
712	1	579	614	717	686	660	729	724	700
713	1	676	709	614	617	717	692	629	600	708	724
714	640	1	739	618	683	718	720	625	691	604
715	1	731	420	677	719	694	729	612	699	700
716	1	705	718	624	690	662	728	732
717	1	579	580	614	712	713	686	692	629	724
718	1	739	618	683	716	625	690	662	732	714	670
719	1	66	731	420	710	737	715	657	694	728	699	638	639
720	640	1	739	711	714	625	691	665	733	703
721	1	643	740	743	621	661	727	634	701	702	725
722	1	707	708	709	647	615	687	626	726	735
723	704	1	706	707	747	622	626	627	726	664	635	736
724	1	708	614	712	713	717	660	629	745	729	730	669
725	608	1	706	743	721	736	634	698	702
726	1	674	707	747	679	647	722	626	723	664	735
727	1	643	740	711	652	733	688	721	661	695	701	607
728	1	611	710	705	748	716	719	624	657	675	662	737	732	638
729	1	612	712	745	715	660	724	731	700	734
730	1	674	708	673	745	647	738	750	724	629	669	735
731	1	66	420	737	715	719	658	660	729	612	734
732	1	675	748	716	718	739	662	728	670
733	640	1	739	740	711	744	652	685	720	727	665
734	672	1	738	741	737	745	658	660	729	731	669	671
735	1	674	747	708	673	647	750	722	726	730
736	608	1	66	743	746	747	653	723	725	664	706	634	635
737	1	66	675	741	748	719	657	658	728	731	751	734	671
738	672	1	741	673	745	682	749	750	730	669	734
739	1	744	714	748	718	720	625	665	732	733	670
740	1	66	742	743	744	746	652	685	721	661	727	733
741	672	1	738	737	749	751	658	669	734	671
742	1	66	749	740	679	744	682	747	684	653	750	685	751	746
743	736	1	66	740	746	621	653	721	661	634	725
744	1	739	740	742	748	652	685	751	665	733
745	1	738	724	729	660	730	669	734
746	736	1	66	747	740	742	679	743	653	685
747	736	1	674	742	679	746	653	750	723	726	664	735
748	1	66	675	737	744	751	739	728	665	732	670
749	672	1	66	741	742	682	684	738	750	751	671
750	1	674	742	679	682	747	738	749	673	730	735
751	1	66	675	741	742	737	744	748	685	749	665	671
