1	53.5884452932	54.1759982429	26.9302737095
2	61.7835521179	8.40036689211	0.374022956965
3	54.7062264912	9.60751856714	0.618992548305
4	68.7840760901	11.9261862105	1.14696781503
5	74.2804608749	13.5858774411	0.799278674748
6	42.322104554	16.6746318394	1.77942384242
7	78.9693392639	16.2656042352	0.985705917953
8	52.7529271679	16.5224933841	0.878891954758
9	49.0747962106	17.1781995903	0.611055651844
10	57.6057014711	18.2674427344	1.70459667233
11	67.478992057	17.8844703167	1.02468853851
12	37.0467744237	18.8507254854	1.3263755993
13	61.7978389206	19.0164385408	1.9378990118
14	74.2860333428	18.8463143755	0.65375075235
15	84.3255554897	19.3956074926	0.738820573967
16	48.2283633247	20.9328633599	1.87800956319
17	32.7528648201	21.8060482973	1.35756176055
18	43.2456145389	22.3634118841	1.36651477881
19	75.0463948792	23.1001552557	2.15756818263
20	37.543497921	23.6364898539	0.342631355724
21	79.8708796976	25.3921952572	2.21131889559
22	29.2707910907	26.6642534929	2.17657111234
23	69.8490351716	26.9617142691	1.42988135831
24	50.9938296263	26.3824692958	1.45801191689
25	60.4513842166	26.6568900031	1.89507820008
26	39.1633063534	27.5908710155	2.10703422467
27	34.1043133076	27.6072681804	1.2106523093
28	75.3563832871	28.1482687503	1.11990820378
29	93.8802690884	29.5594436953	1.81750454032
30	24.295313747	30.3302609737	1.33794450869
31	58.6212235242	29.8547270781	1.5460185273
32	84.7885381615	29.4667121063	2.42801711411
33	78.9694737779	31.3743744413	1.77195851547
34	30.8621422729	30.5548986851	1.28467663443
35	45.3697917113	32.0884838593	2.68560343152
36	53.9291707273	32.709261136	1.71482367883
37	68.28587007	32.9509472975	1.43744950104
38	71.882618405	35.4770173494	2.48336503903
39	40.159292307	33.4492469286	1.2901453347
40	90.2879115569	32.9886283956	1.25721465435
41	35.1948384919	34.2833719729	1.93532031251
42	64.1653727298	34.0235375336	3.44721500993
43	28.3752314374	34.1793708078	1.20975050248
44	49.5276195187	34.4531611667	1.39939383063
45	58.5997554685	34.5706728336	2.66721113967
46	19.4642535195	38.192502021	1.3397305086
47	88.3716732321	36.3217581545	3.11934075893
48	53.6715021405	37.678754568	2.64885537694
49	37.700228244	38.1701603985	1.83054487766
50	33.410877946	38.9787786889	0.896218535688
51	49.0155065002	39.5099764053	1.31596438933
52	76.9992949392	39.1483352715	4.69693030103
53	93.9522250055	40.5431384479	2.16164696669
54	29.915692959	39.9804737698	1.5336719237
55	24.00939579	40.8760576195	1.01497425623
56	40.5981656137	42.0356158679	5.00660912523
57	88.8304091236	43.8370445211	1.73636004983
58	82.0390089895	39.9552584455	2.53410009516
59	36.0938189842	43.4345924395	2.37626298922
60	62.7158778584	44.1411151628	4.96611726304
61	17.9484495812	45.5140849207	2.02910191291
62	31.2907000061	45.8972806934	2.4521104692
63	97.1338298493	46.1341929416	1.19784051245
64	40.9252338547	46.3835028543	1.02195673959
65	24.3752548722	47.6934542054	1.67307082255
66	66.1395893987	63.1125667481	12.6152379285
67	102.607077833	48.9425234632	1.32682529781
68	38.4752628169	49.4984689908	1.27677736181
69	94.0233413688	49.7820422854	4.84155782595
70	28.6519888764	49.54758933	1.08972971456
71	20.1418435169	51.587823702	1.11933352757
72	16.1410114051	53.3773183408	1.95935628354
73	25.2997333032	52.3440715001	0.657862221451
74	32.8077695095	51.8558893914	3.54971364667
75	101.689031891	52.2405187098	3.04825465672
76	38.6570721033	56.238079114	2.63937721132
77	27.6843858286	56.9093210718	2.35468033338
78	33.4852226544	57.9357332192	3.45521405435
79	96.2261783528	58.7791990698	5.07462518677
80	14.9816080017	58.6028038695	0.553919082098
81	20.9016416494	58.8550497559	1.74561959199
82	41.8758794722	62.8920171501	5.70064835126
83	97.8270504345	62.0275419787	2.31721534763
84	31.3282989602	64.0531153441	4.42127420502
85	27.6116261043	63.8454200006	1.32591001609
86	20.0085170895	63.6932827295	0.515303745987
87	92.6728734017	66.7819747166	2.72100657875
88	40.5179209971	64.7636586256	1.1376065439
89	101.681009369	64.9968756691	2.51002824485
90	37.0076784387	65.6950997393	2.74357761084
91	30.1614441253	67.7631689703	1.70077363184
92	96.6248449268	70.3585478184	2.70973789292
93	23.4189215674	68.988660569	1.78539902954
94	88.6781719355	70.3075597117	3.62792779247
95	91.5696952806	73.2935154859	1.56748036941
96	101.061242843	71.703304409	1.75372799668
97	85.9166135109	77.527025985	7.26920884961
98	22.6997460644	74.6466678748	0.704441217159
99	26.5936969045	75.6545563888	2.99093376707
100	93.4661235853	77.2345140016	2.70122090463
101	19.287996765	75.973235761	0.781439690139
102	98.8128429797	76.3719847559	2.38203545698
103	37.4536843476	79.178538436	2.44180266839
104	25.1602752407	79.2646371031	0.630683915341
105	30.4105809139	80.2726982393	2.0112582016
106	85.1159017569	83.6607584679	10.9303461695
107	88.4030886957	82.7732917072	4.60075210224
108	92.3162704963	81.4292560797	1.41663553775
109	46.7677096656	84.7317649079	4.17433920378
110	38.7648583971	83.031782563	1.92309005321
111	51.2315947322	83.3332136901	1.33306163104
112	96.5432722939	82.3437146724	1.13205312087
113	78.985896749	84.7586735052	2.8677778784
114	25.2085270576	84.213191916	1.87095446614
115	33.1456557051	85.2948414055	2.11359511289
116	29.7359661058	85.6833889913	0.432250978725
117	59.8427613488	86.4911076401	2.27150449928
118	70.238839172	88.2569698451	5.43534309944
119	84.4364536113	87.953728301	2.377730755
120	52.8924589544	88.0886677934	2.64110943442
121	92.4446075069	87.7936540493	0.909303450938
122	39.9216188657	89.4843889151	2.71249979325
123	47.7170807885	88.5915830314	1.52913818799
124	79.8617958369	89.6737799847	5.08045548268
125	35.2521497973	88.9501689118	1.2368815518
126	65.7954501447	90.4568216965	1.27556933149
127	75.5385817715	92.0357331561	2.40360391703
128	43.8707566097	90.8722386102	2.82145753391
129	70.3194196382	93.8032697808	3.42804544768
130	37.3104879533	92.3687472548	0.70254544762
131	47.5376817866	94.0605517315	1.8482780262
132	87.0514193084	93.8196902422	0.464946000366
133	80.8872958357	94.7955981176	2.31184057894
134	51.8327273697	95.3828639908	1.8659710157
135	63.0759087998	95.4755879445	2.31525016894
136	43.5440354607	94.8904103838	0.766617887526
137	66.5776480296	96.4793356701	0.831319292934
138	75.7296599821	97.7672974881	1.70499846474
139	56.7397733157	97.3377245022	0.653348069985
140	41.9456676154	98.7295756999	1.48952534155
141	71.951023122	100.740639274	0.637541825968
142	53.2122824531	100.875661383	1.68890753325
143	59.224340483	101.94894085	1.19746960408
144	48.206681194	102.254510934	0.347360163176
145	18.2360231073	69.0604146245	1.92503560197
146	65.0372691483	100.468963995	2.0942534712
147	70.4008181622	22.3467666708	2.9369506084
148	87.9673264945	24.7824913363	2.40331469759
149	23.9132307692	63.4574120324	3.67330329932
150	31.8881358604	92.1019726085	1.77895386422
151	48.0897213113	13.8264522372	1.75896608347
152	61.6636820281	13.5144648474	2.49254356119
153	98.5579687048	38.3294695464	2.28603099634
154	49.8963852948	92.0378816931	4.36556354451
155	66.0919358864	27.7521141057	3.35907231342
156	86.2684183448	42.5765764232	4.81541808704
157	87.4030381474	91.3642032117	2.20692993421
158	38.3283847211	95.7702944161	2.40629490396
159	47.6050500847	99.4895879113	2.06339929565
160	74.5420840732	32.7780163634	5.55212508543
161	102.239992315	57.9813568314	2.50342069699
162	70.1912103772	98.4789997069	2.82689358064
163	52.630623801	21.5744240265	3.29650614248
164	66.193456246	22.7629474807	4.28531473691
165	95.213682088	34.895435135	3.38947888172
166	58.9893703044	91.9303538036	3.98768036758
167	55.0784627437	14.2609668909	3.12699114618
168	23.2636105417	35.747948571	2.50585902036
169	92.713343368	85.7748868599	3.56441651243
170	79.9023924445	20.3200151282	3.25490140981
171	43.7440562795	38.6742598796	4.69666683308
172	23.2965297255	55.4671419772	4.46565446937
173	43.0204585117	81.6986402661	5.20972847244
174	65.1625175662	88.1943984119	7.60310013041
175	99.4343493636	43.4219207761	3.52474264142
176	57.2395705414	99.2729861749	3.63738830698
177	84.1912931348	33.7506115028	6.10836586061
178	28.0739766031	39.216323162	4.00441156564
179	18.1324247482	63.0498625088	3.56022336034
180	57.2753311201	23.0919360974	3.92198444377
181	49.468636741	38.7476754894	6.38331181264
182	30.6447531956	72.8817226052	4.04922540579
183	65.2761480935	93.4391339753	6.08283408308
184	61.7634419956	24.9607880803	5.91757725425
185	56.7927271472	28.8232781565	4.72560520386
186	24.7952342947	45.3622164652	4.05038524503
187	99.7817753577	47.0910405909	4.9605251717
188	36.2689943752	86.0260616882	5.2290095668
189	67.2601531826	16.0111060488	3.90109419462
190	72.0746966911	17.841615641	4.34490211451
191	35.079689374	48.1141631731	5.27943687285
192	46.6191492927	26.9285540279	4.82300162535
193	40.199113553	30.5347177972	5.22222361467
194	51.8482023259	32.5423283978	6.08280064171
195	42.5574791456	58.1414970125	13.1660389427
196	32.6728409529	80.1554674669	5.98964820991
197	79.088533505	30.1618584608	7.17280373239
198	94.099011655	72.1935891801	7.40635068197
199	23.0229178819	78.5494493929	4.36257719691
200	96.5066466928	79.6235777802	5.56449171231
201	37.0858774611	23.7078887885	4.14847930092
202	73.4537217296	27.8083564329	6.81916586589
203	33.8766169906	34.4212164323	5.367269151
204	28.3521887106	84.5243260717	5.25780325419
205	42.9431147476	95.5368707233	5.42214667271
206	92.1813095718	44.4103081318	7.84297216951
207	26.5417930111	51.4611766444	5.57727837262
208	47.5135903154	74.3840371014	9.94883388952
209	41.6131481898	86.904663169	7.19697441992
210	45.1508357705	20.5098368948	5.30757015583
211	27.9102308952	33.3246531877	5.35732284897
212	80.6983799812	36.2024671621	6.97662539965
213	56.8501663784	92.6860779247	7.82619363083
214	18.4666276862	58.0574450661	5.27125738288
215	100.096870908	70.5841993422	6.39514308378
216	74.6464183967	96.3155496366	6.18411819144
217	96.0123944643	66.921974382	8.4432445128
218	89.7187237	87.8198681631	7.27396174439
219	59.5914246457	98.368913629	6.67627802439
220	50.2395885337	18.3755851904	5.70970536181
221	63.4317270478	31.2097964835	7.5174052867
222	89.9330321017	31.3166264822	6.98173995996
223	90.0607214947	40.5323751457	7.63239731226
224	23.5913727311	41.3356393112	6.31193847119
225	39.9947078863	35.1334278196	7.32365723337
226	26.5493274161	69.5285865612	6.53374526342
227	22.4877964525	74.2714625528	6.22164284492
228	55.5580176122	88.966723076	10.6347915524
229	50.4997902316	97.3679212705	6.65588629861
230	20.7378523243	69.0954566369	6.24359392818
231	91.7424186724	77.1449516477	8.26417685146
232	84.8922963433	91.714073736	7.12683192287
233	70.2174160997	33.521594284	8.27717618156
234	83.7899837391	86.7708237173	8.40336288539
235	33.1798150062	89.4531361143	6.48610322042
236	36.5206153153	91.9781993888	6.08644761744
237	53.7080217626	27.3937216972	8.31886751734
238	83.6926468538	26.7792763602	7.48708823879
239	34.8707213417	40.5746968303	7.88504063572
240	20.5744239909	50.1001107506	6.27272255553
241	50.6384766418	91.294351219	8.6260397939
242	75.7347383707	90.716895541	9.57421385831
243	79.4066938929	94.4377609057	7.83776999298
244	33.9627478604	29.6608674468	6.98671696743
245	29.5435104696	44.223317442	7.42807699746
246	101.043531684	64.2315752744	7.49572114302
247	35.8265444037	65.143771963	9.01737142359
248	100.656700745	52.7589003761	7.07654320388
249	29.4844195198	55.0074631238	7.85349487976
250	32.6662743142	58.2146803508	8.40830261014
251	41.7487170504	76.2563715371	10.6372393583
252	68.3268617429	92.9170954459	9.77561445261
253	76.3883266399	22.7882800278	7.20931695254
254	95.1781735627	39.373900056	7.84681739869
255	48.1973591297	50.0567558079	12.0803926407
256	27.1267508817	60.6470507205	8.35607109484
257	67.8644718897	98.1683749431	7.04578557361
258	56.2309301496	19.8516350968	7.5299605522
259	63.3618208959	19.8590938174	7.44097452016
260	41.2250710691	25.9142939026	7.9402592946
261	58.8514596257	34.6494806863	9.2801161306
262	98.7507532919	73.6760841787	8.47865681195
263	29.493649779	49.8619698393	8.87351539108
264	93.9004106579	82.2029672592	8.85544835328
265	51.6033472329	84.4193598886	12.583497848
266	45.794522349	31.741797128	8.91251115837
267	86.4646847258	38.9719528664	10.6918146196
268	30.2594609467	75.2646707577	9.27177735823
269	38.0911642146	82.6852724512	9.39403455633
270	97.9778032966	45.9461044548	9.11285662918
271	100.264642551	58.029936247	9.75046767656
272	27.3191602348	64.8869911845	9.5486687547
273	45.9156041793	89.3465334007	8.94549888659
274	45.6499059992	94.5498644201	8.63819504494
275	69.980161832	22.5132232167	9.22371429191
276	94.443861253	56.6103652979	11.5035867589
277	88.8254416492	73.5137097736	10.9739686731
278	34.4556535712	76.5832155563	10.838676413
279	55.6883002575	38.693216579	11.9387971197
280	38.7677251526	47.1430371116	10.9801028079
281	63.5980609916	97.4331522995	9.92576370984
282	31.4744774181	84.5437734005	9.51579116799
283	54.1134164025	96.5562310083	9.41689187534
284	30.7776857066	36.7748429672	9.67781148246
285	66.9696801299	37.8322991598	11.5450052801
286	88.9696435426	53.8350770888	13.0499864248
287	93.5104410459	73.3518803566	11.9694214153
288	41.2260978985	91.6152434402	10.327153543
289	48.8448197905	24.7009895373	9.99270632238
290	36.9984795087	60.9371829362	12.1536720125
291	96.7861913264	76.982098735	11.2565469617
292	89.5957634219	79.8548567619	12.0124184569
293	81.8769131104	88.1352265396	12.6101977532
294	68.1454781938	29.4018398347	10.6565366991
295	65.1848566005	34.6361093238	12.3857967055
296	80.40416058	35.7568692596	12.4103213485
297	22.5042598872	62.4615083599	10.3410754654
298	75.1405534154	39.9014453924	12.2726798431
299	33.9551829271	45.435880535	11.0676836639
300	30.2066535911	67.2891230241	11.3438261604
301	37.0685715637	88.3903595076	10.8773070609
302	37.0983825229	32.0155440556	10.665883322
303	60.2220127756	43.7110737652	13.2609583266
304	43.0163599647	70.6801078716	12.9335804177
305	59.6007331288	23.761946307	11.2318928235
306	90.6708623539	36.0190209747	11.0600131265
307	49.9579700532	38.2639074708	11.9206381386
308	23.5744488166	55.1789699225	11.5451002707
309	23.5847606539	69.1939647949	10.7933213113
310	28.1952715339	78.7556382108	11.0484049587
311	42.3451101896	35.7641579825	11.6435664734
312	25.6795108793	47.6076146277	11.4087612962
313	48.2791731526	81.4010132857	12.5267953064
314	77.1576217226	26.5087095785	10.91581951
315	59.7388742398	30.7666777317	12.2245476801
316	49.9448955926	32.5508591622	12.8346389487
317	31.2246165623	62.799486937	12.4668745019
318	62.7429933283	92.287749174	13.5644146309
319	33.9353951973	50.0834034712	13.240243002
320	73.4044560495	95.8679352974	13.2301379934
321	45.290532005	38.1615743082	12.1049014488
322	29.1469500918	41.7850190438	11.8089748309
323	43.868268383	84.8928467462	13.5433164801
324	51.1334844842	89.0220174078	13.1160483122
325	73.6535463458	91.1456671251	14.5133174304
326	26.7561371148	74.4146631719	12.1743046537
327	85.8635096049	90.5535186892	12.7269435757
328	87.5597980026	43.882260781	15.3597875067
329	64.4055495418	84.7518918431	15.154147512
330	70.1989949712	26.1827447355	12.3144940304
331	55.3354325625	32.5085307354	13.5939499019
332	62.4694069869	38.3556317086	14.857118966
333	97.60960813	48.4672163751	12.2295807352
334	29.2506256423	56.607017789	12.4067490437
335	99.6509129958	68.4877324676	13.2975990871
336	98.3861497253	53.7801164879	13.2516561175
337	38.8539070771	66.5559617737	13.7400676799
338	31.7424489464	70.5511504434	12.4393575673
339	39.860038537	80.9414665509	13.8894189413
340	79.7328097009	93.9402737966	13.5679181691
341	40.9695869363	40.6054351653	13.7672882805
342	85.7915331692	50.5818732496	17.8008447026
343	86.1174236026	33.7863913651	13.1863855154
344	54.2094087293	94.9496685431	14.1637082613
345	99.6114498989	63.1359800608	14.2524652342
346	47.4902069063	86.4952416478	15.0881494327
347	58.6114148939	96.7717365734	12.7518407693
348	44.0820876763	30.3184404877	13.5709679199
349	93.9778560204	41.8866220857	13.0656389143
350	41.8782093731	49.7607787615	15.1965496169
351	33.5189973342	82.707020845	13.4042750266
352	48.838439909	93.6882786728	13.8522847664
353	74.7087699061	34.0817516486	14.4016970272
354	91.5242682173	51.0192468752	16.6468745724
355	33.4498137941	53.6693298995	14.5291401605
356	41.4641352513	63.9550433627	16.8725746477
357	94.6359839274	66.4805577558	15.9084135951
358	91.1725011786	78.446471925	16.3349438622
359	44.1813391156	91.4219275093	13.8697546569
360	68.6608854234	96.4228168355	14.4484701849
361	37.3535979667	35.5777353664	13.8824017408
362	38.3793392193	44.288630119	15.1839741671
363	53.6601003537	80.7475942069	17.7829400931
364	70.4358786928	87.090783689	15.8013640148
365	79.7738168122	88.3967788817	17.9130827399
366	79.8572409337	30.9182513473	14.3070343021
367	52.5700786046	43.2590567142	16.3520641359
368	68.3824220931	91.343941879	16.1026349145
369	51.7484707558	27.8966694244	14.5271090793
370	93.4257149475	72.0731084518	16.6272796664
371	64.1395049536	27.813746409	15.1479150012
372	34.8800107754	58.4184137649	16.4522567554
373	33.2328550848	64.7776888072	15.6061709002
374	47.8281039618	78.2001689253	16.9843841801
375	39.7405048231	87.7737552441	14.8271529809
376	26.4576211531	69.444750781	14.3827195483
377	84.1201850554	81.5646557077	21.1120188787
378	58.1911241507	43.2995281438	18.1191285173
379	97.7565321232	72.9152968538	16.1318384123
380	95.3906883691	79.4398452139	16.0281595502
381	62.8853330487	96.7135350044	15.7846083226
382	71.9706003554	29.8662395712	16.4998227986
383	66.2889214694	32.5801766818	15.9461228284
384	70.5440134162	38.4747289492	16.4866001563
385	47.7460737407	47.4882925925	17.4444821834
386	87.7103738644	59.5363812137	18.0978945817
387	94.4569746351	62.8691637091	17.0669767151
388	88.6601512848	74.4475806492	20.2866035352
389	93.3102366722	57.563576538	17.5297783848
390	57.2880379951	85.2046826053	17.7824675713
391	58.6087814752	28.0116946549	15.5361019959
392	32.308576719	42.6298856894	15.1441587618
393	45.1228450658	81.5647822061	18.8947473919
394	46.6771061118	37.3422394461	16.3967006704
395	81.1968755171	38.5147413301	16.7609528714
396	76.8800088527	40.658212235	17.1718548518
397	26.9710609961	60.1240690503	15.9686649053
398	76.559296055	85.4899462853	18.139422194
399	63.6370882807	87.6376207689	18.1094413673
400	28.7691057353	51.8503893733	16.0300663255
401	88.3827753239	64.0562755289	18.9566521153
402	44.8195430851	68.1106223447	19.2694320946
403	35.667363629	69.8853634433	17.3606157897
404	91.4620716246	84.9425033271	17.0583728635
405	73.833997285	50.0254409019	22.2888050631
406	86.4055972013	90.3049955831	17.1829156379
407	93.6346273024	45.7129289813	17.385996368
408	96.2406313103	50.678262288	17.0169797331
409	44.6758236005	73.3862517345	18.3782749064
410	53.2332611413	88.6312775788	18.6902416728
411	73.9969646277	82.9807325521	20.2365006408
412	59.2885692285	35.166812067	17.5155372641
413	90.7735233866	40.68339005	16.7325912558
414	37.8424148518	52.8135129908	18.5806129379
415	45.6394854976	53.3958566752	18.3490732781
416	78.1083226937	46.0043037348	20.3941507204
417	37.2260390337	66.1356763352	19.3044635068
418	58.6147626882	90.5961131732	18.7687465731
419	38.5491376208	48.1109385831	17.9625606858
420	81.4029826452	56.7375244368	25.1518838655
421	41.2082552113	77.7700825382	18.3596776673
422	52.2771049361	93.2354621357	18.0135468763
423	53.3682630267	37.1867142988	18.5576945529
424	98.8373278287	60.5003585905	18.3318856335
425	33.0601338192	77.7645605048	17.4674175492
426	74.6734626447	90.8430503148	19.1165914985
427	44.000309614	33.968658271	17.3658649272
428	51.8997797738	49.4929851148	20.2926442756
429	48.037161869	59.3375658698	20.8788743095
430	28.8547321038	66.0766145359	17.4934367287
431	37.7336750864	40.4567950999	17.9660426679
432	75.7332757456	36.7594148408	18.8213773143
433	40.432882201	72.7534567308	20.0143481805
434	45.5050545655	89.60391615	18.5502970654
435	58.5471429951	95.354339549	18.5278100627
436	79.2740323884	81.4261085192	21.8815738257
437	37.0696711097	82.3992408249	18.3590080679
438	63.6545118079	91.6732294194	20.3059591841
439	79.4268854062	93.6830765889	18.8822305959
440	70.5903722875	36.0012424574	19.8011682007
441	86.0285161486	37.9288177467	18.7711772196
442	72.5169500823	42.1886966347	20.2562378862
443	33.673460645	46.4428019873	18.5224754957
444	90.5227707616	55.5889978212	20.7403450492
445	98.3571313393	67.4323466492	19.4503275976
446	88.8918387942	79.3706029856	21.0222684332
447	31.6239583206	73.0189056621	18.6504899666
448	40.374344478	85.2311797681	19.2769491272
449	38.7004825377	61.1234632002	20.8128141202
450	44.3239839324	45.8306639091	20.6413613812
451	62.238527498	47.3648615026	23.1603005723
452	49.4851088323	84.4438488477	20.5921030504
453	71.9450494187	87.0178915121	20.4104075389
454	72.5344414358	31.9976056782	19.8910250818
455	42.4108787331	38.5567068538	20.0777466309
456	47.9117640404	42.0066684324	19.8189854712
457	50.8944930386	53.6771561981	25.1591857303
458	46.216937665	63.3106361919	21.641342694
459	66.6013158864	86.244403218	21.676069119
460	96.9005576034	54.8550949139	20.2290065557
461	31.0068964422	60.1199810297	19.6639551189
462	82.5666167086	85.8342440253	22.619291354
463	67.2233719038	95.8133449826	20.3629459319
464	82.290411774	42.3663056173	21.4928372119
465	77.6225195761	52.9220062609	23.6502787481
466	51.9525498883	65.6716830069	24.7381478729
467	79.4480714041	77.3452432254	23.2492027275
468	54.7322764812	32.1127005419	19.9634755101
469	49.0697801989	34.3780878035	20.4780170939
470	80.1437243785	34.7176776598	20.0926579095
471	86.3322801594	47.1482845227	21.1560034817
472	92.1771424943	73.2163216617	21.6309133333
473	31.1874259398	53.5314926557	19.696257119
474	92.1388170521	62.1433566033	22.8536192571
475	72.2204180909	95.1025139693	22.0378712528
476	60.8953417913	32.3920341226	21.2938123652
477	60.4651886784	37.500534689	21.4481749303
478	93.1152944679	67.0768368704	22.3281806113
479	44.1056823534	77.8012949871	22.2611209728
480	42.8308496721	50.4816671035	21.4530155469
481	66.6408848085	37.3149937495	21.5626977418
482	42.7280190578	53.9391980735	22.7745297115
483	56.4063915321	80.7524051683	23.8764056459
484	61.8328151096	83.2759043844	22.7300335296
485	54.5172509354	86.3683250639	23.3249767209
486	60.0350925351	89.0505647729	23.213488849
487	65.7591159789	32.3572992077	21.8706838679
488	76.334766111	39.280911643	22.2881102429
489	55.2245985881	40.3957722787	22.3538731127
490	93.4263515201	82.1721294991	21.5186385613
491	86.2696505139	89.639654341	22.2840996552
492	35.1149352171	49.790528321	21.4870067544
493	41.6976089715	70.4929598581	23.0175188072
494	96.0882446823	75.9070619348	22.4138875101
495	45.1785628746	87.0222219703	21.894033091
496	69.0196980898	90.5400537997	22.8029171283
497	55.5099460965	93.3085771793	22.3357845899
498	50.5550248517	90.2404140862	23.1875062706
499	62.0891123984	95.1907425151	22.4598564128
500	52.6714795487	44.0610974597	23.1918996285
501	47.79483324	50.5651867085	24.2648957922
502	89.0240987258	43.7593208575	23.1693375825
503	92.8086946559	48.9155178721	22.8621933691
504	34.2023357811	55.1852480349	22.2347808301
505	41.8608225158	64.9818796762	23.3256893106
506	97.294833879	69.4947451947	23.0811052355
507	60.8346138358	76.3621108521	25.6211100035
508	37.7603505118	77.5245312317	22.8649966295
509	46.3683766075	56.2997519466	25.488292595
510	34.3729082096	64.2813375068	23.0785104216
511	61.9591995434	41.0995527536	24.1487951542
512	39.5842722732	45.9777548837	22.9065045203
513	89.0948325259	58.7652754708	25.2602520148
514	97.0666851171	61.4959744854	23.5590143787
515	34.390763562	69.273500228	23.1328758975
516	50.1572632292	46.2520141744	24.3420529891
517	43.5987424978	59.4314187329	23.9735127989
518	36.1090257295	73.9298605008	22.9850321453
519	70.4267595173	40.191762796	24.9534862979
520	73.8706895243	88.9471736769	24.7339799797
521	75.7628547103	35.058986486	23.4806227334
522	70.599399416	78.2339591913	26.1155962717
523	41.4315031034	82.2151474766	23.799046904
524	76.7008939392	93.5702728688	25.0131300384
525	77.1825901015	42.4034472177	24.9494561457
526	57.6255708281	44.1048689398	25.0178248404
527	45.3970217516	74.2028052795	25.6371596392
528	51.0411290824	82.0912103751	25.1567513291
529	87.5602050079	52.4007195297	25.3175525476
530	90.0193321184	70.3324570325	25.6284249531
531	78.2458841166	85.6836002471	26.5571658371
532	71.5989838886	34.5659143596	24.2771072787
533	45.0207022716	65.6555663729	26.083302282
534	48.3438577126	78.2638453509	25.6025931159
535	81.5147604812	92.2548415334	24.1290796563
536	94.1145947653	54.567210118	25.3040669072
537	53.9811908649	56.1148019046	25.5645207538
538	36.0723937619	58.7260191068	24.5453216601
539	88.1250464541	77.4442711172	25.8450030247
540	56.8386919815	85.5191403934	26.37793385
541	82.4927815248	39.283632123	24.915508414
542	43.740031392	43.5372159797	24.8088314823
543	80.7471768195	63.1492585575	26.9634788663
544	92.7896904727	81.282266925	25.396646982
545	62.6077240294	81.779502078	25.9835540607
546	60.9590862349	87.8241030793	26.2667492729
547	55.8613856104	36.3701438792	24.8703622242
548	49.1758364379	39.7416894138	24.9095521775
549	38.5564299704	53.0031245867	24.8721462865
550	88.4884272473	66.918472073	27.0824840748
551	89.3276162789	85.0018258563	25.5411424372
552	65.0355574661	88.4102652444	26.1123784368
553	54.1530624339	47.5698686974	27.2342234806
554	85.8692738351	55.9170289002	27.8889678708
555	59.9170173414	93.2788604067	26.2520788036
556	63.9846731292	43.2144602384	27.2319096313
557	79.3261262034	46.6102469878	27.2377232045
558	39.1654298512	62.62697635	26.6981533193
559	83.3037403064	80.1197759803	28.0137677985
560	66.3608980584	94.1719042268	26.5112221102
561	73.3117659832	43.9506238654	27.4278112537
562	39.5094542491	68.4694447733	27.1415854417
563	95.2684994669	72.1601137733	27.321375903
564	94.1895503356	77.3648164605	26.3929828191
565	53.1352223624	78.9807660904	27.6953408651
566	96.0849955859	64.5793448244	27.1111523595
567	47.0094429531	85.0830420388	27.1056015846
568	73.7858453691	86.1242059287	27.9621481441
569	85.566232958	88.8559052047	26.9427494159
570	55.871250803	90.522320342	27.5074155163
571	45.5796045499	70.9104727643	27.5062275391
572	40.5337029509	75.3627547297	26.5602826061
573	68.9071819555	86.6816679819	28.2719141685
574	48.5533360352	61.6857033541	28.2713581922
575	47.3714046914	67.0115135702	28.0398507223
576	64.0058566046	37.9372361252	27.7852569454
577	89.5059680953	48.6906112225	27.4641548543
578	42.8013135327	50.1613455707	26.9820452535
579	84.84265329	66.0112074349	30.3296175443
580	85.6173805413	71.0389480792	29.535807642
581	50.7342543507	87.4002084037	27.8887811721
582	68.1803855132	44.8593195673	28.3911519337
583	60.7666028052	46.7949631788	28.9532171762
584	44.3118816523	80.104369074	28.1019594525
585	68.6818557846	37.0186848769	27.5416813105
586	58.6383266538	38.490651861	27.4955608738
587	83.7851781669	43.6105292783	28.2171455166
588	40.9183500584	56.8326784935	27.6235602437
589	50.6076927927	75.0241311554	29.5079231368
590	59.1444087677	84.1635711549	29.230079611
591	83.1177024231	51.5616353007	28.8942015377
592	51.1470389352	57.6948022855	28.9623406443
593	77.0745087335	82.1142223968	29.8849358832
594	52.4830238095	42.2589002272	28.1583601813
595	47.0921851031	46.4803334127	28.0462057697
596	71.0062678423	84.0140443378	29.8493416286
597	75.7375150044	39.1855261449	28.4031099181
598	74.0378088806	47.0476025514	29.6764679652
599	93.1180944668	58.238099245	28.8577292129
600	82.8633649076	75.6407966953	30.025394711
601	55.4540423828	80.62918016	29.4399776883
602	80.7374611196	91.0947400899	27.7164024227
603	71.4877570732	93.1907464371	28.9282318079
604	57.0635316446	51.4914938127	30.0761861126
605	49.6803991063	69.0143063359	29.7664205032
606	78.3017549577	50.0511954424	29.6215112361
607	52.3758618194	63.1585298698	31.3308196306
608	60.2004165511	79.906955273	31.3722723142
609	64.4266248681	86.6221548501	29.3948730506
610	89.6700447986	80.7634001381	29.9178104753
611	71.098778499	50.5341396808	31.7493886878
612	81.3375377521	60.3856609284	31.9689353062
613	93.7772514401	67.7189884876	30.009497992
614	81.8614928656	68.5281893812	31.0320278725
615	75.2540066834	79.9611109447	31.5277898205
616	43.2599658722	61.8394193399	30.2458199697
617	79.3655548804	76.679469007	30.9564493149
618	60.7619088502	50.7286515333	31.7808409782
619	89.6500094864	52.5882043864	29.8899617661
620	92.5787525498	62.5482086817	30.4930019034
621	55.3152294732	74.4937558618	31.4329742244
622	63.2184698456	83.1143598511	30.9896998056
623	84.0803066586	86.3958357836	30.253991919
624	68.2229210526	47.9338393392	31.3218154982
625	59.2282339825	55.4842544908	31.8984506386
626	69.6057978664	80.6800961257	31.5573273238
627	67.0921986496	82.8718943023	30.8130812563
628	75.9214233331	91.3905030878	30.5103353099
629	79.2259787887	72.2193788039	31.9100295787
630	92.1365828352	74.2180357444	30.906716899
631	45.5648018906	53.4846765332	30.2327858481
632	55.0458720666	88.2592118984	30.6650268414
633	43.2657296742	74.6052028756	30.545058373
634	59.2557362643	76.4529264999	32.1818193428
635	64.2777716836	79.2390810874	32.2158082136
636	76.8947251483	42.7732592739	30.9681917027
637	55.6467479885	44.12865979	30.9263563237
638	74.5080899745	51.7377140452	32.3125694598
639	78.6522783012	53.297639203	31.4318355004
640	54.3946095211	58.1751094074	32.0471246954
641	78.442931067	89.2662460483	31.5844855139
642	64.7487536704	92.0126381884	30.7649908176
643	52.201257972	69.4040480304	32.087891751
644	60.1717960571	90.200515455	31.4814762941
645	84.5832100685	48.4858224632	31.8660051962
646	43.6861151935	68.7908847277	31.7230207096
647	72.7802753211	76.6214672068	32.8199687091
648	89.1504393397	77.4642344931	32.0784308416
649	47.4333736426	79.5383095218	31.620468185
650	60.0595939419	42.8345856203	31.5443544714
651	50.379369726	49.152395176	31.5761756045
652	56.9699472745	63.7535927667	33.3024447262
653	63.0217490248	71.8087392896	33.6907203664
654	52.3061865132	84.5745994121	31.939125503
655	65.5541455066	41.94851968	31.6898915851
656	70.4944410281	42.7949886355	32.6107391261
657	71.3353994587	54.9286868441	33.4560700986
658	75.9368361491	61.7013396982	33.1998511444
659	69.6933119898	90.7683050769	32.2055126951
660	79.5720233119	64.192819279	33.2424616104
661	56.3175516278	69.1855062287	33.5964685565
662	65.1522065116	51.7928087833	32.934204074
663	88.2356132023	54.2658833111	32.1552583413
664	65.4608732433	76.8286944244	33.687871095
665	59.72195454	60.4458171157	34.413336134
666	90.5491936325	63.8982545523	32.9202439742
667	81.9857912999	85.0708749736	32.8399105623
668	47.7869289969	56.8968062924	32.7448308646
669	75.4662555182	67.8846349195	33.8971847177
670	63.3023870205	56.5846580445	34.4200143066
671	70.5350901061	60.0757265685	34.6804916547
672	70.8802133656	63.4728568297	34.5026465119
673	72.6503685544	71.9967767452	34.3242810993
674	69.7733682149	74.2237555252	34.4714978851
675	67.2031184393	56.9749263975	34.4719145184
676	85.6456587883	79.3315545743	33.8467397385
677	88.3384869331	58.8570417371	33.7415936184
678	46.7726237855	63.0782095904	33.6733265227
679	66.6484464701	71.3563446452	34.8334211125
680	72.7670442285	88.3462546435	33.7528627342
681	77.8018824695	46.3393488614	33.6781660721
682	70.2156628645	67.3943011913	34.6955686312
683	56.8973470223	47.7540015277	34.1941827202
684	65.3739170783	65.7663272522	34.8155807073
685	60.8317082456	66.5429613469	35.0311958244
686	89.6277238125	68.5138847158	33.8027875516
687	80.3455265516	82.8839553786	34.5060096266
688	47.2915027606	73.1761111346	34.0324454176
689	58.8450683698	87.3012189865	33.9907950046
690	63.6088408358	46.1944372066	34.4846586362
691	52.9255378698	52.6733847601	34.6055551753
692	87.2603016525	73.4409420908	34.7114927832
693	76.606218781	86.8444638047	34.1073846715
694	84.2738011668	54.2406526009	34.6992255462
695	48.2731471368	66.871040553	34.894059013
696	64.4578869916	88.1530482979	34.7137746423
697	51.866727004	81.5304352714	33.7911622874
698	57.0910634443	83.4642027016	35.360352091
699	80.8659017573	51.2406591255	35.7002563141
700	86.1148204246	62.7202932274	35.5788163572
701	50.7984857548	76.3870989064	35.6531252721
702	54.6798093168	80.4736876868	35.6018890837
703	50.586641892	57.8178089877	35.4953870895
704	68.1549041559	86.1251570987	35.7539535239
705	71.3746589861	47.4567676016	36.1921269487
706	62.0211245877	83.5833560285	36.931723108
707	72.9026286268	83.8424038086	36.4372707239
708	78.3485146075	77.4391175448	37.268126059
709	80.7274138993	80.1940577243	35.6752201932
710	76.9628788078	50.1820910507	36.564649952
711	51.5472869802	62.3756528305	36.9794698775
712	84.5160167862	66.0075833639	36.6408780434
713	82.8458603601	74.8826020421	36.5504182802
714	57.3007163008	53.1175023267	37.0748395311
715	83.4946788446	57.5911460769	36.7260166331
716	66.1187402961	48.2734488465	36.7717212234
717	85.0094254613	70.3595708361	36.3761106642
718	61.4594054898	50.6314013053	37.2634619113
719	77.1154169651	54.6838060367	37.7567686278
720	55.2705952211	57.0557278411	37.6635197419
721	54.9936658615	74.7963296528	37.9753296124
722	74.5947623819	80.7602370634	37.6493202841
723	65.827970654	81.8764341778	38.0433279021
724	80.8205414921	70.1754039677	37.7147369792
725	58.6313788224	79.2283144113	38.1223266292
726	68.8187217565	79.0728784793	38.5233684006
727	52.3905548675	68.4384955144	38.033270502
728	70.4658248878	52.2022843704	38.3781106848
729	81.7025663244	62.8557588009	38.1349635677
730	76.0266864219	73.81357576	38.7099047089
731	78.3643563978	58.7201832525	38.6811708676
732	64.8730061554	52.4852811432	38.7489838779
733	56.0181114041	62.3697050057	39.148819721
734	76.919921385	63.7295953432	39.1325029538
735	71.647305112	76.6787909432	39.3708390893
736	61.7130766083	77.7700819922	39.0153303539
737	72.5708892379	57.7380330539	39.534017208
738	73.6925390594	68.2600606661	40.0120291613
739	60.0458483184	56.6640764555	39.4815547583
740	58.4917908569	68.2049302667	39.8512742809
741	72.7124376444	62.6698434308	40.2977949453
742	64.7628137165	67.4287760324	40.6807939488
743	58.7374728241	73.4823144444	39.31241178
744	59.6040941144	63.1604769457	40.4713232474
745	78.5910514618	68.8277678459	39.3486515373
746	62.4033625483	72.1702517123	40.3531411277
747	65.9887853653	74.5865372229	40.2392789137
748	64.9671628477	57.7194160042	40.2306682938
749	68.6882650476	65.1268634371	40.51262892
750	70.8220368731	71.5184139201	40.2288483173
751	66.3193652093	61.45822289	40.6107852759
