1	55.4106082119	54.4442325291	30.7184947113
2	57.4477628791	3.06318658378	0.314307314307
3	50.8934744037	3.66986512606	0.336377907806
4	68.7630608222	5.69025795939	0.574434508154
5	45.4236832339	6.04395894269	0.545887789732
6	60.9056197798	6.18690604162	1.62717670003
7	41.6665703543	7.01401022493	0.457486631016
8	48.5772892041	9.67130080725	0.329251059821
9	55.8998585584	10.6943555239	0.839462545144
10	62.6785710776	12.391162415	1.42645360548
11	68.9618136579	12.8954849914	0.85719459823
12	45.8408992228	14.2060882821	1.37593876532
13	50.8434528085	13.9565692713	2.09147682112
14	73.9421370234	14.8920109803	0.646866391185
15	41.0292334835	15.4166920304	0.674048174048
16	37.842827201	16.3685329165	0.716797178862
17	25.4328566827	18.1278934341	0.577449469773
18	63.0598519159	19.1771627041	0.772009029345
19	76.845667215	19.7096814548	1.801558264
20	51.8100097894	20.1584223612	1.59740623013
21	59.1809689627	20.7526421709	1.9691966746
22	34.7961877661	20.4813878936	1.39780162261
23	87.9569452772	21.0291456654	0.933118247617
24	69.1510828463	21.9972323075	1.13678038686
25	90.5344423946	23.2835226512	1.07747909583
26	81.5870642745	22.5588639302	1.44756072766
27	31.0879533139	23.9439480726	2.18403992077
28	41.3970776353	23.6592378179	1.28131465955
29	47.7039281295	23.7264070991	3.06905681591
30	84.6496202291	24.542403851	1.0155315325
31	20.6323884015	26.2522094646	2.22509873168
32	26.7832759852	25.0787479854	0.638886765043
33	72.5547498126	27.0047648511	2.8135700491
34	62.6712156446	26.1654439296	4.95047073271
35	24.3278098345	26.3019992865	0.444868474853
36	55.3154363612	26.4635260808	2.78753103294
37	27.7639751538	27.196282681	2.47330842673
38	87.0124506279	27.7143782034	1.81143628061
39	95.565685922	28.0794973743	0.586872913233
40	36.6887307435	29.7459684176	2.23260607327
41	82.1035426585	30.4585820915	1.43143773808
42	90.0847429128	31.6844054063	1.21999591682
43	46.1480175452	31.8307012365	3.52633386055
44	21.1222932268	31.9377666837	0.938729525955
45	78.8678310223	32.7828171073	1.20889334112
46	62.6412386698	32.5155817798	0.74098201264
47	67.6849075838	32.7228012759	4.50798156442
48	50.481256172	33.9620269476	7.18615411071
49	29.4452195986	35.0692502194	2.02077273943
50	39.8025225452	34.8247513992	2.58149705966
51	11.3631124423	37.2615999667	0.573841806116
52	20.5154784012	36.9156906152	2.09261094518
53	45.4827812494	37.1867906503	2.86805591536
54	82.7489012631	36.7566809999	1.37914203006
55	99.5237921245	38.9334720443	1.48899349188
56	37.5089240383	39.3077311402	3.1669532309
57	92.4216788147	38.199760778	2.22373969178
58	17.4110008349	39.8294793707	1.2611524745
59	87.3050961302	40.851918294	2.0398875534
60	30.9381646439	40.2434811399	1.08141683891
61	96.7945129247	43.6520296641	0.863713209867
62	14.789334072	44.2661884872	0.60340847699
63	36.3774990381	43.721981634	1.92916633435
64	89.0570614558	45.4497349421	3.79430891253
65	24.8395538581	46.2892969183	2.0704160139
66	60.3263066833	61.4581608876	14.4378110044
67	28.7745662013	48.1925535616	5.43825244395
68	101.344001011	46.3961840375	1.14371419306
69	21.1448482983	48.4340352098	1.95818181818
70	92.8883545144	50.5747812597	3.54753327601
71	19.5315032509	51.3332174384	1.47658402204
72	14.2603118895	51.6796813972	0.861897784679
73	97.0845155442	52.7566830389	1.45681797597
74	102.05082877	52.2403510965	0.694056641404
75	28.7487793106	52.8232317792	1.19305968161
76	9.96409467968	54.4963712746	1.46635900519
77	93.1618002983	58.4911615266	1.09114227656
78	26.4575684975	60.2809999454	6.44471630458
79	19.835721888	58.3296495683	0.783567351722
80	14.6418983697	59.3732023585	1.47048177629
81	9.96975584348	60.9632033878	0.908851539658
82	32.7732034792	62.6467574764	4.42229801452
83	96.3976518965	60.9908268786	1.4617222434
84	101.2428184	62.0683149785	1.0053667263
85	88.9877096572	61.2897441822	6.70304387066
86	25.5481928672	64.3435938754	3.19508829563
87	14.9459503782	66.4668589557	0.725805688325
88	31.2818210314	69.8912798678	5.38157454143
89	94.7776293134	66.842307381	2.26023296675
90	10.6320404279	66.5774689399	0.697742829666
91	24.4669957063	68.2434393488	2.40106554781
92	91.5889564699	70.7911895804	6.45141777232
93	18.2113756549	70.9244029484	2.07214669473
94	35.2675543815	74.5142361321	3.76223017551
95	94.4407269655	72.2070156102	1.47271286843
96	25.1466239144	71.785311975	1.63814641725
97	86.7492299604	73.6879823397	4.3124638335
98	13.4861381487	72.4367781078	2.17958925217
99	98.983506277	73.2853300794	1.07818873142
100	20.0270376979	75.7537256546	2.0111770536
101	26.8404967531	76.8118288844	1.21773356881
102	82.7706758935	82.3775053419	3.53076615172
103	15.6928027466	78.5240759633	1.51250601251
104	90.9040553249	77.9145946638	2.59531783847
105	78.5288801655	83.3136223917	14.688338357
106	21.7369091424	81.1841067526	1.07556622482
107	73.1645986218	84.2766303791	6.11982568261
108	34.7947321407	83.7166186509	1.24412109732
109	17.6552719504	83.2169011993	1.23417038528
110	28.8941225425	85.0954241418	3.10964509529
111	41.2117284929	85.8154050476	3.26077667742
112	58.8700416026	84.9658866392	2.60092698524
113	91.1053500544	84.8604028551	1.9676134079
114	77.2465164854	86.1935540851	1.63095127549
115	72.7493470346	87.8402138388	1.57809435791
116	54.1158895447	88.0502488873	1.09158751696
117	46.0845323435	88.3642902904	1.95690684896
118	58.9285969326	89.4293460123	1.0395634104
119	21.5457178427	88.1754468557	1.54057489052
120	26.7731573446	88.6203832332	0.933291964009
121	31.1982307708	89.7027460437	2.36504776067
122	68.2597535603	93.3395535998	2.27658729186
123	80.8924114852	90.1115674048	1.93003687246
124	64.8599488509	90.7175563931	1.33115773116
125	43.5578957041	90.6637072465	0.956674179815
126	74.7469417852	92.0495882709	2.82236013395
127	49.646917906	92.0775896471	1.02657828283
128	54.8125148353	92.5100946559	1.66986422668
129	85.941379886	90.6915855316	1.98428285439
130	36.8975977117	92.2689817375	2.87295382023
131	31.7840382006	92.6111209795	1.03583111449
132	63.9320889289	95.6344595311	2.33654049699
133	40.9149796624	95.0919989292	1.85131572068
134	26.2180536098	93.3785111509	0.885759131209
135	71.8483279007	94.9504575805	0.843525269057
136	35.0064775566	94.9781337388	0.722533886198
137	47.0021354227	96.8799578029	1.68862771269
138	80.4189957704	95.4324484314	1.18507484483
139	53.438456891	97.1706769351	2.35383422169
140	61.4264136308	97.7741050496	1.27611411588
141	30.46077796	96.3308703317	1.48004425155
142	57.4804519521	98.4576949281	1.5745483761
143	73.0536540571	99.0699300296	1.51819830856
144	36.8491051719	99.5337975947	1.61219383204
145	48.4375529664	102.987129384	1.48254007887
146	64.4184513981	102.965816506	0.794996170539
147	41.3431075096	102.452435541	0.516366674261
148	55.0267134063	104.186511578	0.873448492361
149	16.0299220906	47.81040334	2.33961205185
150	39.1015785069	11.4724089477	1.56788779722
151	15.8760677801	33.7037363619	2.25736506136
152	33.8836152861	15.0305171387	2.2507323547
153	95.5673739347	79.3019227877	2.20211276108
154	23.0203928767	59.8816748598	3.10034455341
155	24.1510082875	83.231815755	2.18556476034
156	64.0147095936	87.3158504134	5.97948317478
157	52.4504499677	6.99189830265	1.90244830226
158	25.0466977162	30.560204428	2.43295253011
159	68.9173265193	79.7869041055	4.91112961166
160	29.8230214306	18.2520287555	2.58310972399
161	40.613040321	19.2880143161	2.7582119113
162	65.7142688817	16.4233196455	2.92140374391
163	82.5066001928	18.2144710217	2.63282986606
164	96.5306775197	33.3127999499	2.24733675095
165	60.6149745522	102.190218199	2.63456582602
166	77.6597019993	14.8535203687	2.92539768819
167	60.5957203442	32.1962989938	6.55831757901
168	20.3342625078	43.5983969779	3.08193642869
169	94.7157719038	56.1210170223	4.41655756724
170	86.8671024428	81.6423212188	4.47754778031
171	59.0946109634	95.2232744234	3.94194734304
172	72.7889391372	11.497527687	2.53385992246
173	55.5384707565	15.8620991127	3.24051554944
174	66.8546410394	25.3571248652	3.8125657819
175	42.1442346916	29.0617358012	4.58726076851
176	27.0875718801	42.3921758898	4.43162610371
177	100.362967724	56.3321170843	2.91631142647
178	42.397823501	100.167241685	2.91112420804
179	53.6120397314	101.639037815	3.13621407011
180	71.9101560934	17.5291284904	2.57246033412
181	36.1961956829	24.3711096633	4.01613970959
182	34.0115958433	34.9887583736	3.4546898263
183	25.6967718508	36.5942854842	2.98690230224
184	13.3553760669	41.458681596	3.38844250429
185	16.2171520947	54.9647350493	3.42963958591
186	18.3617416734	65.0308035861	3.44072982808
187	88.1529683661	66.5818069816	7.03379237821
188	59.8254600171	90.2406840599	4.80601634824
189	76.568604632	96.41077583	3.07750697728
190	66.9446314118	9.80015099917	3.26437189173
191	25.791120078	22.7064440328	3.42380858695
192	84.9795030447	35.8634992443	6.31739159137
193	45.6865721081	18.1464357288	3.69790650022
194	81.9237509745	28.296955169	5.61823329062
195	31.5783956274	30.8027071081	3.87287229466
196	23.0253198439	53.526617685	4.23050477111
197	50.4186225167	95.3603808883	4.23810428408
198	11.3007350945	48.9060602941	3.31854296982
199	99.0553272615	67.3451786596	3.31760177178
200	32.8240089623	80.296399745	4.36508535068
201	99.1674521222	60.8864450676	4.51630012195
202	66.6465709701	100.161764196	3.50382628254
203	72.4381682492	21.8766023904	5.2729144773
204	77.2407091738	24.2644022861	4.82153374956
205	91.6167583	28.6161412606	4.85819496308
206	94.5878638921	46.2558372771	3.96735745177
207	28.6474073272	54.8371049726	6.67458997232
208	12.8373531553	65.1114019031	4.02189934723
209	45.5772128959	10.5458305693	3.42694519252
210	24.5425879301	77.271692385	5.07421349013
211	41.2507579557	91.8105806681	5.50043977357
212	45.2969851739	93.5080295665	5.5498942785
213	32.0176111873	40.290079987	5.28169257655
214	69.5928113316	91.548462143	7.18225720331
215	81.5429495064	93.0825634639	5.25032455883
216	40.1688102086	14.0465754096	4.29365814217
217	98.8672808192	43.0562063481	4.08626784144
218	33.7965989613	86.9928967665	5.93001571089
219	78.5799834511	88.0552951532	7.4910891379
220	37.567025986	88.5512122182	5.94700723069
221	19.5220955915	31.816312579	4.60336545443
222	90.7469401877	40.454632627	7.00165289256
223	87.351940208	32.6076439895	5.07790694938
224	64.0458890854	93.0641467842	8.36385631512
225	67.5044423295	20.7085466412	6.19933587968
226	99.3813278732	49.8798748713	5.4101777071
227	20.8436963514	72.2886165885	6.24563505715
228	27.0445116115	82.2539321151	5.62269793798
229	35.0427491202	96.5520896949	5.06033977084
230	59.1140769381	10.3904422068	4.45375862486
231	59.3929470291	16.750407272	4.41655200053
232	25.5015516311	89.5573084202	5.14447551952
233	19.1853698895	80.9881414553	4.83384180706
234	57.9304504201	24.9715099601	5.71485947027
235	49.9046230337	92.4272972034	6.59202002437
236	18.6597270897	59.7208848088	6.41966121755
237	88.3187906671	77.7327830881	8.48525100106
238	48.1169265773	89.1238454738	10.4661719447
239	52.5852549152	11.7221879243	5.94252738501
240	85.5035389225	23.8401166742	6.14003248754
241	20.3965986892	41.5818270736	6.64346048521
242	96.5624144594	73.3609510785	6.1338026084
243	37.0803667525	76.0415948649	11.1255799263
244	91.6094624133	82.9484746744	6.25573048707
245	56.3456690406	94.5058707442	7.48223024206
246	59.3560412213	13.037567533	7.2880883747
247	85.3006436206	54.8570511827	9.97227864446
248	46.7509094693	99.5082618102	6.09873351283
249	49.6636063821	18.9502014258	6.47272361882
250	54.2539032573	20.775350572	7.29829545455
251	69.9096263566	29.5771394292	6.96962391514
252	86.9112008032	87.8812315095	6.27536417398
253	31.4978738061	93.4745433155	6.46354123583
254	70.0047354073	97.3955511485	6.48163989339
255	35.3474668014	19.5157006831	6.45333260816
256	39.8214055171	36.059230737	9.10556274328
257	18.2997695613	51.6270919745	7.45637327922
258	33.3121425658	54.3916580004	8.29856486872
259	58.6638292604	99.5784139161	7.07952190394
260	95.6752799189	38.3145670668	7.19218683982
261	12.7205070242	59.0120689551	6.16998349104
262	53.4165617378	26.5920567364	8.46313768453
263	24.0294018945	35.5322668151	6.63763924322
264	21.6097585548	47.7017080298	8.51698635318
265	43.1751057791	90.3438063893	9.44248676143
266	31.4213457028	21.4698827142	6.94943426454
267	63.2196881581	20.8933244002	7.92223226688
268	43.2160331405	24.0724388043	8.02222673592
269	35.816761574	38.8714500512	10.3365320674
270	74.7154441264	94.9742427509	8.24647858638
271	40.891578909	97.6173793552	6.83860195748
272	77.2864834115	19.1236650926	7.54203069658
273	30.0116244892	30.930175747	8.1912357358
274	30.3968012516	44.9222802394	8.80248589488
275	58.3547263458	22.9431885546	10.1312667707
276	71.4651642693	32.0959505688	11.4385963512
277	56.7745399457	42.41747964	13.9186150507
278	97.271142405	65.6589843826	8.49778367386
279	93.9384626472	77.2907169507	8.44364586399
280	52.5632908413	100.538963608	6.43256461179
281	64.5922396279	14.0772816678	7.48767852142
282	23.9690239407	29.5101400655	7.72206718686
283	36.4807651076	27.3482281145	8.16692910134
284	54.1891169545	38.0854264523	11.2355320094
285	13.1977831247	53.8322631928	7.91615901718
286	24.7822377223	69.9015394501	8.55546207324
287	16.8750350928	75.0169986597	7.92669213316
288	63.5690269645	97.9452191216	8.75830879721
289	68.2614643851	16.3558897976	8.58787688979
290	41.9945303476	17.4174509188	8.05601513923
291	92.1539089308	34.6731568662	8.66523819862
292	45.3725929792	36.4780333579	10.398888486
293	82.6810789438	84.5177622889	9.27289728453
294	72.0807377933	15.7574805769	7.49203069658
295	48.0924331038	30.0119093471	10.0079821416
296	97.8917521774	52.7412565856	8.97945666442
297	19.0887192679	37.3307233921	8.75668669459
298	36.7888793982	79.5229694095	10.0606594211
299	80.7637687534	32.9278637729	11.020524743
300	29.6629415095	83.2924416226	9.55846001186
301	50.2488503627	98.0185554914	9.1189210946
302	15.6201652167	45.9300716255	8.85076726382
303	68.8618107906	86.1476598868	11.0873714521
304	81.2437990152	91.7407659592	8.53321242349
305	30.0801252234	25.988198938	9.55531052266
306	92.6758065643	56.4542764321	10.4941895733
307	98.2371097412	58.5696432619	8.83976148186
308	16.3179575774	70.5195761792	9.51649583247
309	47.1576338867	15.5178878212	8.61214421448
310	24.7731652558	40.5081234434	10.3240496309
311	82.6323563159	42.193719093	10.8046451906
312	20.5335279228	65.9619612001	10.0557702395
313	87.0779332693	86.4510377884	10.1632551484
314	77.0124449504	35.2466741487	12.1868395605
315	21.773130909	81.2878460977	9.10637486494
316	58.5172396666	87.3912684817	13.5143616954
317	95.9304769877	43.5568119243	9.54103419907
318	26.2499859206	77.2041404704	10.0456005083
319	35.8244961103	93.32473464	10.2068443051
320	14.7598540893	65.0752992818	9.31769623781
321	70.0662812856	26.2216682709	11.1151423421
322	35.8643793426	31.8569764306	10.4077095995
323	42.3111659125	78.6044618819	14.5133484253
324	30.2920137132	37.109483242	11.096652484
325	95.9610236911	47.352412382	10.8721332756
326	58.4914991755	92.6766477255	12.0644278506
327	66.3676620595	31.9424584828	13.3471044462
328	73.5831981404	37.5825373511	12.4909853352
329	60.1469458642	17.552568559	11.0120661078
330	52.8896674394	17.2216312813	10.7788932127
331	37.4567562068	22.5121715226	10.6854490054
332	24.2271272156	46.1795392158	12.0676029574
333	24.001397858	51.4953487668	11.1301354351
334	27.1621610919	54.8623168272	12.0765738364
335	59.5954966052	29.1293846446	11.8887702871
336	21.3324034004	56.8863991591	11.8866291826
337	80.6820580089	71.8952189181	16.8716100891
338	75.649695613	28.9892373949	11.894828977
339	91.7142927399	62.0489824579	14.9015796844
340	30.2175747577	66.3034318031	13.8716362843
341	34.7756141553	84.5528031245	11.8442211055
342	73.6293265863	89.6768871282	11.0536243221
343	73.2769343456	21.2294995801	11.3987563761
344	69.6017592443	41.5116566935	13.691960712
345	34.9111723201	73.6614897449	15.2954445856
346	82.6477269566	83.0483460461	13.5268143398
347	54.613441227	32.4120054863	13.3958125691
348	29.8643230303	62.0076796486	13.0088167548
349	26.2407916305	86.5788916956	10.7956325991
350	29.5449511209	89.3996572768	10.5980458589
351	49.9519794955	24.727295682	11.8665563167
352	80.4230408655	25.6913567999	12.2278568989
353	86.5748326612	30.6198197358	12.0756198347
354	43.3000926413	95.6797616047	11.8289365829
355	41.5917830854	28.7497413515	12.3278751667
356	86.3181456412	40.0150117715	13.2285120453
357	88.2087786649	44.1410563337	13.7403880455
358	91.0722307092	80.2958416907	12.0936549238
359	47.7748403597	85.9315421714	13.8899989183
360	65.3769011273	89.404874492	19.3108072169
361	90.9185334108	67.4678946948	15.279127608
362	67.8872529326	96.0511768445	12.3640666298
363	43.2911579072	89.5607629844	14.005804214
364	52.3494082099	97.3273368608	12.3442632465
365	21.1220134489	61.1967223107	13.1070180238
366	31.1344785411	79.9066786371	13.8008854264
367	83.6272644025	88.4022645321	14.0191809574
368	26.1240403516	32.9439550292	12.3409332927
369	42.7183790493	47.4157613603	16.664883301
370	23.6772340013	71.9519596823	13.1522234026
371	86.2086367183	77.6351025393	14.9516718795
372	88.4611557527	73.1115008842	16.6421283896
373	44.9435350094	21.5567187542	13.1186270485
374	95.3204767221	71.2921466392	13.0419383164
375	66.5087870726	20.4564052223	13.2035862358
376	96.2867746629	64.7336951309	14.0657254725
377	77.3442993888	86.9510527264	14.9989147089
378	38.6608897466	87.3244502426	13.8267609874
379	78.4322870923	92.0644377014	13.7595430229
380	38.3061310502	92.4976349138	13.5346398465
381	60.910482614	97.5080216611	13.0799688494
382	64.1875092546	27.25929602	14.8887605094
383	91.4761308128	39.1264310952	13.5101182692
384	16.311934128	58.3481644143	13.4026838928
385	61.3707332501	92.402720056	15.9340447455
386	96.5513635283	53.1320353285	13.2875213521
387	27.7276139352	73.5297461113	14.8492124148
388	68.8171930851	90.6397300349	16.1953137652
389	72.732914033	94.4471067659	14.2740480773
390	60.7540962171	39.3941162568	16.1056661381
391	81.1179076239	54.1587095981	16.5160041545
392	32.6340134836	28.320574657	13.5877003834
393	82.3319968724	38.0971639066	16.1596300263
394	24.3477333682	81.3859003809	13.6387603959
395	20.1538466521	43.4937977573	14.2627084682
396	28.6850200783	41.7822305884	14.3806706529
397	23.7741229454	63.6951846563	15.0635997887
398	17.0294756417	65.2562116118	14.1369549031
399	93.4097640376	74.3152037166	15.1514819564
400	46.6317345947	95.0289628106	14.688849892
401	62.4642199304	35.8768883584	16.5122360633
402	17.5518716603	51.0049445333	14.5031922038
403	21.1066823554	75.2680795243	14.850669396
404	37.5316239395	32.4461157209	15.1625584732
405	30.7875764613	57.6728997136	16.5223008941
406	83.3250571722	59.5755478074	16.9107516265
407	88.0013977228	82.836035957	15.454086117
408	55.6657955794	21.081400598	14.889645177
409	60.6733603769	32.4115007415	17.0515938429
410	44.9764135584	35.2629056411	15.7904398102
411	23.9281771037	37.7724964538	14.635116055
412	52.9570192167	85.215050759	17.4502125005
413	56.0394521783	96.4837187592	15.7134575353
414	93.8382721335	45.9700004397	15.0931016905
415	28.0512173051	46.3725298438	16.782243764
416	48.105596979	52.0694323338	21.6762781689
417	95.6112135681	58.2942038072	16.0802359257
418	89.5775055045	56.5279401115	17.867805319
419	48.8196043127	81.0039659339	17.9037394966
420	29.6140776116	85.6152143746	15.3517945714
421	55.2895158727	28.1380431977	16.0648934713
422	70.9922157362	38.4910820479	19.2261147207
423	24.7809848391	59.1920509897	16.2053251351
424	36.4915920508	69.1202688036	20.297314934
425	36.2854237938	82.3512019885	18.2306018441
426	33.733758416	89.233540726	15.0903219177
427	23.124051808	52.8156137286	15.883742938
428	79.0772256267	78.8002170202	19.0240594902
429	44.3958958139	82.6581906829	18.0530212216
430	73.4081989439	24.7959571783	15.383434437
431	44.6847290868	73.6781885673	18.2626826494
432	45.2041590341	29.3854904535	16.4299566207
433	24.9894238285	67.1380440142	16.3280804843
434	19.7263274114	70.7049583825	15.8290178705
435	40.3311030747	35.0473867056	15.9055934516
436	86.6679484257	35.2495305015	16.3825206309
437	76.1550390416	34.3554042567	17.5922574865
438	39.7342703872	41.1264011174	17.6823692912
439	66.1511607871	23.9536064631	16.5632807309
440	39.3099706342	26.7650532623	16.7518000959
441	35.6458029551	37.1855085757	17.2911325695
442	84.4548596123	54.0355777579	22.7560486196
443	86.5394472213	46.9421258	18.8006389333
444	85.9249100124	67.8561116239	18.6193247067
445	32.2838042642	78.1873200995	18.641094401
446	75.0967879387	88.2647569417	19.5365908291
447	50.4926620103	29.7444246827	17.5962568139
448	46.9007017926	40.4564711407	20.8525912482
449	32.0629146454	63.4083246172	18.1975175503
450	43.5966969394	87.3178022296	18.7900277677
451	91.0552013758	77.5849319899	18.0923657944
452	54.927138304	91.3453470644	19.5590378296
453	48.9407901893	89.5657881628	19.3762989829
454	32.2076301352	31.765759229	16.9541467098
455	27.1619455522	49.9870221363	18.2734210735
456	32.6098512925	40.6656431078	18.6674467835
457	35.915305972	46.4687796249	19.2540270675
458	25.9809547765	79.5289009958	17.6823104353
459	40.8615561408	91.7367614138	19.0012781019
460	50.6981202247	95.4127562626	18.476891242
461	65.9452974023	95.4971359598	19.6117695995
462	47.0219221542	24.6723928513	17.9664348028
463	82.8729975875	42.8567426239	20.9653633984
464	63.8854469525	44.5831932394	21.6430316017
465	93.5477527363	53.5706529351	19.5946674064
466	81.8778189133	32.513355336	18.2978502178
467	70.2812331178	44.0558438757	20.3162796714
468	34.9126801852	60.2915054036	20.1751373005
469	26.3828218831	61.0983831967	19.5086561296
470	19.3260842077	65.5392773919	17.9140251512
471	39.5818379662	84.3757998265	20.1647790064
472	26.5429593015	38.6231941654	18.1789089524
473	28.1309402077	54.7100094959	20.222162717
474	59.5333621396	25.0766489798	19.1208049678
475	75.5519585276	29.2168195322	19.097456599
476	51.1619476907	35.8450060228	19.5115026578
477	93.1490363141	48.4213440527	18.1436641968
478	83.8378004761	86.9113583823	19.1010782541
479	36.2140895052	89.0461456292	18.8425668449
480	70.2350564649	32.1936455503	19.2573179691
481	89.6237731288	41.3307754054	18.8474924825
482	79.0795610955	49.4193152259	22.2011072506
483	20.0922510907	56.0051643644	19.2813123354
484	79.0983160356	90.9528373259	19.6182256152
485	60.1062856289	40.7189397993	24.8493252832
486	46.1297444579	93.3752738987	19.696969697
487	53.8390565083	25.0447546674	19.3212499328
488	57.3787112823	36.0190664947	19.3796685796
489	31.7723033389	85.0241147581	19.4419003912
490	64.9225535902	30.9907403329	19.9920932919
491	41.1741138111	33.9585825887	20.0397389163
492	22.334431741	47.7673760413	19.2243960635
493	72.5506628637	94.0197715222	20.108592653
494	51.5649404207	42.0182805069	20.7971972904
495	85.1039197348	60.4309078704	21.1949904986
496	47.0405777902	72.4975148518	27.1386183097
497	60.6726760288	90.2981101694	26.527847191
498	75.3304331825	49.6133873563	25.079483295
499	89.0915029188	66.5109841401	22.5694327744
500	60.5731202806	29.8160805314	20.4230788361
501	64.1321921533	87.0907225845	25.6448214933
502	41.6039269203	44.3482055489	21.7299130124
503	94.3707187356	63.0871672452	20.7553402175
504	94.2466828441	68.796246631	20.0810299687
505	21.4378659494	62.1500487332	20.9768072832
506	54.7268737261	95.7259804281	21.6433219058
507	53.9615838157	32.3407272859	21.6937644036
508	65.3679272341	36.3536362942	21.507679971
509	32.1258346333	44.4246473696	21.5016638885
510	37.2200393542	65.1331837524	24.1857960541
511	47.23395457	78.6366257416	26.8475468367
512	60.6744435725	95.7447302758	20.5860544182
513	89.0010296512	62.6358008998	23.7921360077
514	28.2229131311	66.427715141	21.4049487145
515	40.1274547506	75.9055868991	22.4578925642
516	86.3916324305	50.3446687099	22.505829188
517	68.5521794164	27.7055763231	20.5476174467
518	38.5039710711	30.2707976189	20.6356077678
519	49.4550023842	83.7473773472	24.0361079023
520	63.9201591538	26.9795036009	21.4490978367
521	31.7440187487	36.5608348673	21.1486645884
522	27.2130587425	42.3781459513	21.6112685793
523	39.7505865999	55.4743358816	23.5584104692
524	25.076382515	74.2462796863	21.3920479061
525	84.7860887223	78.8012601905	23.6654249265
526	36.8725533386	78.9773854951	23.735860142
527	60.2638466996	81.3307219262	27.7553696422
528	85.2286011125	84.7144634911	22.7813981919
529	76.2194244703	36.9615859451	21.9468028913
530	72.5522041634	88.3909887973	25.4853586723
531	47.6301641975	34.1292340876	22.4243487818
532	31.0937328438	49.1023921289	22.0978922266
533	91.986379827	73.2441843577	23.031150448
534	87.9448082128	57.0541370199	24.0035740419
535	23.7271959571	69.3007473638	22.4027973431
536	52.9959788247	40.0265789839	23.8320678747
537	91.0391459633	49.9837357911	22.7736694566
538	33.2404290918	74.7859762483	22.956799677
539	45.0963282649	47.2460967341	27.0395704249
540	68.509120565	48.5022907147	23.7249749444
541	82.0402494062	59.1319774245	25.5261681139
542	29.7303600298	62.5848174472	23.4205862037
543	87.5486488978	72.058430266	23.8676914772
544	89.1847642839	79.8650353762	22.9745791327
545	41.7467807668	38.6388878714	23.6712595939
546	88.6638194426	44.7041223011	23.1079308724
547	75.3756358299	56.0665638035	28.9793315766
548	82.1049890031	74.4710872817	28.0826146482
549	28.7173249352	79.1511794053	22.6300486848
550	86.0203054147	39.5014941523	22.2150525846
551	72.4735317782	44.3580138692	26.139643589
552	42.9316045754	74.6964084858	26.6814612757
553	44.9175630976	86.8149443048	24.3263615854
554	55.729311505	86.7094859547	24.6252767211
555	36.8910185083	87.1590023158	23.2678129316
556	50.3361040044	89.1906645217	24.7661729606
557	43.6985099088	91.4348021618	23.3650892309
558	65.2473913167	33.5213099275	24.3873802965
559	36.26655428	34.7798310185	23.3495248152
560	70.5354589942	34.6275292307	23.7520036183
561	37.7798304436	42.3329568253	24.4479603525
562	23.603306229	56.0857007175	23.007602437
563	31.1731738454	57.5092343012	24.7165978234
564	46.8857104134	57.8245592962	25.6709692877
565	32.4458868245	69.6515080781	24.6292342512
566	49.1143915459	28.8706375122	23.5564768756
567	43.1675004973	30.820809894	23.8492483561
568	66.756325186	40.0655504465	25.3802748071
569	33.3529381052	62.0343719742	24.1859069476
570	79.3240415541	90.5666527231	24.1774032175
571	65.5492291974	43.8877569839	28.157122562
572	24.1050450302	49.4346978645	22.8676775816
573	68.8379675425	85.8749914431	26.5846784491
574	49.9227331989	93.9961289011	24.1998742128
575	55.747075242	44.7454823826	28.4541022838
576	76.116157321	81.5636696838	26.0551465784
577	31.8204381342	82.2597581549	23.6256068446
578	67.3560402902	29.4758915555	24.1380441505
579	81.0451074431	36.4147668755	23.8999814796
580	93.3199304537	60.0871901147	24.7197818375
581	35.9070016223	46.8579380901	25.2320589554
582	42.8590028325	51.8485645527	26.5678231446
583	38.7606576381	60.2738521725	26.5370876364
584	65.985836395	83.7197617352	30.7378906241
585	55.213979988	29.2767898587	25.0073920498
586	75.0846621751	32.7738735322	24.8227256728
587	44.7199165975	80.375787395	26.1022999045
588	54.4578112716	34.5780814572	25.7105921601
589	80.9007539206	45.9185928558	26.2926842948
590	55.3496815579	90.7234107382	26.8239618463
591	64.1460304692	94.8450453721	26.3939483873
592	28.0652060849	45.6941337103	24.7391093599
593	71.8238714216	93.563488985	25.5735673383
594	35.403543516	50.4052104126	26.5302097458
595	82.8367951893	50.5673165474	27.6656297983
596	40.9713547598	82.4081012237	26.0290063465
597	60.8247485538	34.6185786533	26.0998573007
598	48.9455926903	37.2976375698	26.471931589
599	76.8358408695	40.7273465817	26.9723492815
600	92.6054713805	67.2597946365	26.1133253937
601	60.1308265944	29.421696198	25.8183209293
602	26.6913987472	51.0662438305	25.5734512243
603	91.4173263969	54.1706129208	26.2594276094
604	80.3893170559	69.517283395	27.5005247895
605	35.5869544036	74.9828842761	27.2022955173
606	58.7017872372	95.0830391126	26.7300435753
607	36.1756404572	84.4051803802	26.4318516899
608	32.5875594208	41.9946614246	26.1686733679
609	26.2710369293	60.278906811	26.7513488652
610	58.5073224978	85.5078658413	28.8638898276
611	70.693609562	37.1240564234	27.1077715815
612	71.9659360578	81.3807611839	29.7504120412
613	46.0827316045	40.8335651864	27.563042238
614	42.0935210415	57.2148725087	28.3463058901
615	33.4155911713	67.2564383762	27.6020512177
616	29.0029258764	74.1631875156	26.9789532348
617	81.3943850759	80.284420616	28.7281006969
618	43.1428702399	42.8979125139	28.3838861202
619	66.6049314684	47.7431396365	29.0771010133
620	71.4829539501	51.3352084062	30.3290290573
621	85.9680006392	61.5713853112	30.1970140216
622	26.0420349687	65.4446251216	26.8713589347
623	35.8645073279	56.0085228142	28.1438675583
624	33.8518264257	61.3469933023	27.7408587318
625	27.4510223303	70.2836187502	27.0315281063
626	85.8445866791	73.3629555626	28.8851617056
627	76.5727737852	75.0094254499	30.0450410717
628	83.8374031444	86.8367535213	26.8150738151
629	55.6536004543	38.0895372169	28.7237056729
630	84.2928664184	77.8977760429	28.7275299413
631	45.5549869652	84.7712908352	29.5226613371
632	83.4550156228	42.1918793946	28.5663616913
633	87.2179219733	47.7364589557	28.6435849243
634	40.5121105442	47.1547606786	28.5884720574
635	75.8238235059	85.607480945	29.1309640683
636	46.3996966227	91.7249844699	27.8878285234
637	28.0922897355	54.6624819232	28.1588627959
638	50.6028095089	59.1527715646	30.0812156144
639	86.9114549499	66.9072014882	29.6727751714
640	41.3430068149	88.2190173512	28.4138218152
641	64.0656137323	37.5495906724	29.880420395
642	55.275959076	49.8301719758	29.7708611681
643	51.0169326998	87.9503372269	29.7596093608
644	53.0736828467	94.1784753613	28.3911523832
645	70.1679752267	32.6118857641	27.9903353409
646	36.7012375348	39.6203470165	28.2525991427
647	50.8816095438	40.9618386645	29.6290110289
648	77.9561975868	70.7173954357	33.0810000481
649	32.3239705288	79.1726922287	28.2583914346
650	86.550381825	82.6623715207	28.6473874663
651	30.8626011247	48.9559210757	28.3632360434
652	38.5080103985	52.8378116639	29.9514645301
653	42.4042750938	36.075713764	28.4652819854
654	72.7528990657	71.0548295524	32.0512544066
655	65.726387821	31.7986174275	28.695630555
656	78.6114343273	90.1458260946	29.5487256308
657	49.3487481162	32.9727580256	28.6005876006
658	71.0325414221	40.1916442138	30.349235697
659	46.3191476926	53.093653357	31.2321589048
660	73.6659576663	65.1761113704	31.148354774
661	41.2741463946	69.3293951877	30.549630001
662	36.3519305678	71.3432195264	31.1096786695
663	89.5991580591	76.2176421844	29.6360079003
664	91.0910861215	69.4870769607	30.0207331965
665	41.9208518983	80.1032712453	31.5838252911
666	83.1415149855	56.6927249332	31.4234767128
667	91.0524232329	60.9966556956	30.2889024692
668	36.3828256686	62.3356831025	31.0922091043
669	76.6298272885	37.1644506275	30.0875917993
670	52.2816859891	74.8712158956	32.9163249837
671	77.3473270383	46.3249321246	32.1393169714
672	39.2282564078	75.8043998735	31.5804674471
673	73.6977101842	86.4339421875	32.1590509538
674	46.6976037601	44.239419374	32.1231849498
675	34.9340883491	46.1609321352	30.6921671077
676	81.4569503983	51.1722458979	31.8408068876
677	76.7994851178	51.9536961903	31.5747497446
678	88.0371347699	53.5112965838	31.6678841476
679	30.4143807917	64.7436385413	31.4940532193
680	82.3648860366	85.9516800903	31.3350794326
681	63.0433245054	94.6176791962	31.1349162167
682	56.959351268	40.172916958	32.267945139
683	30.5149345171	58.7352663452	30.7951321814
684	69.7874137532	87.0801350283	33.0919795702
685	47.4935330826	58.2950817743	33.8936681233
686	69.299956741	67.0361072085	34.5112294655
687	50.1773567203	69.1197773576	34.1641977741
688	65.1609583722	73.8349439876	36.9921457852
689	31.1695834552	71.9016759993	31.0770903546
690	72.8260442194	44.444611778	33.4836119901
691	77.6857584313	81.5839106297	32.7171610957
692	73.2856730083	92.5772857022	31.4730352082
693	57.2234540329	34.5609172577	32.2487575849
694	32.495877435	52.7963445205	31.5957248339
695	83.1586753984	70.133600373	33.511520547
696	62.0921044277	33.8166646711	32.1586945555
697	66.5914842134	41.3880188555	33.1245860867
698	60.4063068551	47.0478895265	32.0718675574
699	53.6890583118	80.444632567	33.5486876688
700	51.7461065876	35.0313411903	31.7777710325
701	45.1302840703	38.5599242032	32.2678514146
702	67.2756053145	48.1545427782	33.1816810181
703	39.7871939653	58.4784687629	33.8287283464
704	38.2885781604	63.8108637895	33.6312630048
705	36.3418763389	67.7590371976	32.9716882617
706	47.5028684165	83.9875224397	33.3462062699
707	39.3757637406	42.5722702339	31.9359582618
708	82.4788490916	58.6819856045	34.0833689977
709	55.9159579076	87.6034355354	33.4715794307
710	53.2225492867	43.5601738432	34.3376895716
711	53.2024169422	61.4766162257	35.4495265235
712	37.0791684294	82.5551537384	32.4469453752
713	70.3165447413	63.0829025612	35.5216599976
714	67.8843777621	93.6050287191	32.370581317
715	42.5345189266	54.3606792606	34.4752192729
716	51.7312159104	55.8773537135	34.6256364569
717	80.5992331218	77.4667815398	33.9940239709
718	51.6146391167	86.7800010048	33.2691521961
719	56.8905266028	93.5079377396	33.4686895607
720	64.3845274377	88.3816243684	33.454224008
721	69.1997399412	36.4357882887	33.51098067
722	83.216207128	46.9939359297	33.5940707318
723	54.7158454499	51.2762360142	34.4474683071
724	81.4642567901	66.2403567125	35.1972660331
725	34.4403309133	77.17311606	33.3468867728
726	85.3533066422	81.6961186267	33.1006630893
727	40.7296552446	85.3803050074	33.858805863
728	50.1468122886	92.0199657365	32.7573999478
729	77.3658250202	41.42595276	34.0458853484
730	45.8311113111	89.0083673206	34.0700803159
731	60.9399173777	42.052115343	34.0955534701
732	69.645071872	84.5434196538	35.8499453786
733	79.2532988254	54.6067343625	35.375523744
734	86.9033711488	77.5336177215	34.2258511442
735	89.4140507239	63.9533313267	34.417806849
736	88.1979912491	71.9792521185	35.0516342519
737	40.0338497308	72.6627921828	35.1554299408
738	43.511823208	76.7799847862	34.9823851752
739	48.8600660183	48.2903476122	35.8344419808
740	42.9963134278	49.5540539658	34.5479362791
741	34.103478395	57.7877171973	34.9108245747
742	40.295680339	66.1641328762	35.9840966232
743	37.0227477446	49.4741267465	34.5925766762
744	77.0655682484	89.1683244841	34.8087887546
745	66.8396936792	44.4038589144	36.1079179672
746	71.3277641703	47.8351910479	36.3075370317
747	75.0066814097	80.0246931043	36.442163885
748	59.6142531589	85.927045988	36.4053243182
749	41.9338593319	71.778044389	36.9247970472
750	60.3419879272	48.9606113313	35.6362322174
751	76.3659539027	49.7857604346	35.7244367841
752	47.8516621041	40.4199017527	35.6053004262
753	80.679802308	84.9422455859	35.1418672478
754	86.3805006654	57.0140786374	36.0856044724
755	33.2141181428	71.2469837281	35.8459788065
756	77.7692122002	70.3382584223	37.869743894
757	49.4434809135	82.620895188	36.8182913112
758	54.8094199755	85.4403325884	37.1440930464
759	61.8591610119	92.7616063241	36.600530924
760	50.0810280623	52.2366780001	35.6779934252
761	71.7647616085	91.2991375476	35.5268176746
762	52.5338563957	47.4449497793	37.959457103
763	45.6604503569	78.7029159177	36.9225828666
764	52.3975926844	39.166824174	36.3714214561
765	41.9696980013	45.2688977622	36.3056591886
766	43.1220083529	60.1008992219	37.8631097172
767	77.1898602001	64.8975434196	38.4208861387
768	44.6339222151	72.6056349297	38.68167706
769	63.3466459006	47.7663914609	38.485603839
770	82.9845927602	50.7801565386	36.8160737367
771	78.6360323865	60.0556370558	37.5672903204
772	58.0969522704	38.432342077	36.7912432131
773	69.8274515054	40.0053796915	36.8384077925
774	45.4198340256	54.8099626329	38.403877492
775	74.5299273324	75.1437640094	38.3600968235
776	33.7718956097	65.1114668616	37.0845205766
777	50.4601747212	78.1132968042	39.0318750688
778	61.6837806169	83.0462106727	38.2993544681
779	60.5926647602	44.9321434272	37.8272924717
780	74.6002344799	55.0624417702	38.3676573826
781	53.4827720703	81.7014399027	39.2328299497
782	38.5940803641	52.9510436771	37.955962528
783	73.7174301433	67.4500719322	39.0502589417
784	66.1255159924	78.9270503609	39.7702315478
785	81.3533274917	80.815676582	38.1940577163
786	42.5193555941	66.5392937899	39.146915527
787	49.6188182094	74.338893947	39.7189946545
788	54.5524305612	91.0177525971	38.3325307928
789	71.2461607855	51.228259937	38.7784806503
790	86.4954202675	67.0451903405	38.0935780487
791	57.5636435117	81.536426121	39.0795079508
792	73.6146169391	58.8420264566	39.8565697554
793	70.7234658465	71.1168488767	39.9345240438
794	70.7253077326	75.8611577369	39.3615335511
795	44.6147150593	86.5805853571	37.5183952954
796	66.8298373942	49.3544832879	39.3453020241
797	85.4886559424	61.3911217028	38.4798833252
798	36.9492888091	76.7635882518	37.8339110884
799	41.7721527989	82.5727921687	38.8476911376
800	75.1590287078	86.4299143221	38.651462308
801	57.0234445039	48.7299500329	39.5297680391
802	63.000045322	39.5470841373	38.2408560827
803	66.2936573281	91.0770859018	38.7185138923
804	50.847162158	52.3021890188	39.7116570519
805	47.5016903662	71.0172125216	39.701048323
806	60.1544782963	79.2725012802	39.922839327
807	49.7811873753	88.8759842618	38.9349456912
808	77.6374600451	46.2764238337	38.6537871841
809	67.6092225429	59.8296113061	40.8554727912
810	81.2500189408	52.6587152614	39.3866663846
811	67.8262318543	55.3139778191	40.2044650261
812	36.9362490442	59.436312756	39.2852415478
813	50.8762036628	69.8377322617	41.2665488823
814	84.3173799532	73.849337029	39.2520839936
815	63.0089020211	52.4661001662	40.8442557274
816	53.6933819272	69.5044891601	41.4604217488
817	48.4324820091	43.9726332679	39.5042319666
818	47.61404146	60.9306111934	40.3700440529
819	54.6531084657	77.448826307	40.4536072184
820	68.931507279	88.9811556975	39.8489773582
821	43.8744569535	48.8933783767	40.2032840072
822	45.6038618347	65.9164130391	40.6156506537
823	54.4221173568	53.6866009506	41.5678156184
824	50.4726652464	57.4766879403	41.576842379
825	48.4088640554	67.7363451044	41.6117344145
826	55.9111714215	74.8872727044	41.8159743513
827	55.5046422016	42.6070060538	40.1289681836
828	58.4812989679	54.4433440584	41.8608199568
829	36.938899234	70.1589605195	40.2360299933
830	70.3947459474	43.6315502704	40.2368770328
831	55.3615766029	59.3288007273	42.1809471965
832	71.3456076228	62.6588145163	41.2766345143
833	80.750910778	77.1932707075	40.6851869115
834	82.9020695126	62.8666934955	41.083024891
835	66.7256937864	66.2396637036	42.0646027358
836	51.3621790347	64.0640528474	42.5438122971
837	59.5847708162	89.9777043653	40.3720481027
838	62.0821579796	61.4428285136	42.5047678019
839	56.2099006415	63.4582065966	42.2249583139
840	38.1869263003	63.5419738076	41.1629262022
841	41.2259062663	79.1688776789	40.7406456085
842	61.8357948845	57.821765011	42.3628643853
843	60.4796344094	72.499385491	42.691891321
844	72.5833383161	84.841042627	41.3674662366
845	57.3019737717	69.2891980799	42.9269731557
846	63.5448578095	70.294848555	42.5689192903
847	48.1277890367	85.7288242296	41.6629735352
848	61.1509322346	65.3655129454	42.7045098294
849	62.732477195	87.5905625458	42.2600447999
850	40.8680307824	54.1684443908	41.244883973
851	82.7190817878	68.6216676278	41.5484230395
852	40.0252330208	75.1226647672	42.109325128
853	76.7476971845	78.8689429077	42.5705573677
854	80.8568466365	57.414796114	41.7550537081
855	46.3164155612	81.6523474502	43.0500962769
856	63.3758156022	44.3357293873	42.8685990516
857	73.1851436838	48.8324041317	42.9516764901
858	76.7734440558	52.2384645167	42.4300454278
859	66.7876639574	86.2885922395	42.8067626278
860	53.9133628277	86.9218960991	42.9053394344
861	80.3308032643	66.3695251129	43.0439916306
862	78.7104502805	72.5229811557	43.3063578588
863	70.926286248	82.285338787	43.183949026
864	57.6626794104	44.8574206395	43.13245699
865	68.9652641406	47.5158421073	43.745651655
866	48.0018137326	49.4953693021	43.4312616677
867	41.45101916	58.963558202	43.6188775339
868	52.4579405006	47.0673812183	43.634702963
869	40.3519714466	71.2652959559	43.3678321678
870	43.9501826612	78.3115345754	43.4043419267
871	78.085442985	61.3158904498	43.9013533216
872	57.8771460452	84.8074622888	44.2069049129
873	45.5588018654	53.5943184305	44.2051405632
874	40.5412191545	66.1561356942	44.4377778395
875	51.3729909795	81.8310793795	45.089587056
876	76.2766016995	69.1992705939	44.8416253014
877	62.5045579347	48.5076509584	45.2242992868
878	75.3509738195	55.692368777	44.7169692876
879	75.9927333581	64.6012437703	45.0771774287
880	71.096154538	79.52439326	44.5750127058
881	73.7265881421	73.8811670472	45.1977993804
882	68.7737666714	76.2022010416	45.935731733
883	55.9218992399	49.1553622193	45.7202982659
884	62.8667498586	82.6652874149	45.0373571823
885	70.8214671494	52.5689509415	45.072844001
886	45.9793794648	59.1874722336	46.3670799554
887	43.9718841274	70.0693199051	45.843777099
888	44.6589154042	74.1327157343	45.2393975512
889	47.9715481051	77.0896506587	45.8940216685
890	66.993676917	51.9343704201	45.8465956426
891	50.4918512738	53.3935365197	46.5325074736
892	73.0055855185	61.1092439723	46.525620007
893	71.7203404863	68.8160621928	46.2202987437
894	64.678608737	79.4168977639	46.2295458154
895	69.6981437406	56.5275049196	46.6496966592
896	55.4325054928	80.0380669754	46.4292098314
897	51.2076172358	75.5526647382	47.0344244984
898	63.4989345633	55.0071324898	47.3240761099
899	67.8439815844	61.6289227832	47.3520865143
900	43.3165085459	64.5845593417	46.0317123008
901	58.7390369602	77.3062543035	46.9486749062
902	60.0797809564	50.9253840191	46.7905992594
903	56.9849175296	53.7636097231	47.6085637681
904	48.1555117391	65.4563382658	47.4913733008
905	66.4549605229	72.1989800083	47.1451306413
906	61.7042888488	74.9430000001	47.8702093807
907	48.2721144739	70.998728604	47.2170804492
908	49.6905265975	60.148041466	47.9860603875
909	52.2088954083	69.6719903169	48.3469012155
910	63.389361664	60.2145967813	48.3211699805
911	54.8260896006	64.8265083126	48.6089818167
912	53.2864186057	55.9816533843	47.9710147682
913	58.9024603123	57.8823615372	48.3095345927
914	54.6380188788	59.4013036524	48.4664640181
915	59.0534758424	62.591945154	48.4996737648
916	64.2180685696	66.2341632678	48.2937344889
917	69.3251530557	67.1497003904	47.8047686282
918	55.7992225753	72.4854130604	48.4820339619
919	61.1072106339	69.5443537884	48.5009037309
