1	471213.944343
2	8.4384625989
3	11.1752612796
4	33.350348026
5	22.0873688399
6	161.102706956
7	11.929635275
8	6.77182237666
9	41.0695237922
10	118.770045311
11	30.8240723207
12	71.8848243222
13	154.506320392
14	18.5260218387
15	20.5259901054
16	15.3769489978
17	17.5962120306
18	31.08722604
19	102.656265899
20	94.0774546499
21	136.015385716
22	67.0340240965
23	37.5695793255
24	83.2355214147
25	37.2888820249
26	66.6743806801
27	135.673285881
28	66.6743806801
29	263.837918971
30	29.7275984903
31	167.997334401
32	10.4296590749
33	171.356930218
34	342.871752667
35	5.85078435911
36	285.872657067
37	96.0511075447
38	92.2090632429
39	18.8681216738
40	167.909616495
41	82.270624444
42	82.0250143059
43	141.673190681
44	36.8064335395
45	28.6574400318
46	32.8064970061
47	477.018746976
48	690.962720767
49	98.428262809
50	161.909711695
51	25.1136366119
52	116.673587347
53	230.864757942
54	103.577303917
55	97.4107350944
56	175.313007798
57	235.075217451
58	50.9816472191
59	108.077232517
60	72.9198956181
61	41.5081133243
62	16.2365844808
63	139.980235087
64	233.355946485
65	125.726075291
66	60566.1091784
67	350.924256478
68	88.5249111727
69	49.9992066671
70	219.812301732
71	51.525498239
72	36.4643337044
73	96.8493404932
74	21.9908791429
75	80.7969636159
76	98.1475655084
77	47.8764333314
78	378.064176728
79	36.745031005
80	95.1739284803
81	46.6396108507
82	401.914675488
83	85.7793407013
84	44.1308787267
85	1199.00729125
86	239.82952798
87	33.7012196517
88	776.35610268
89	122.541915288
90	28.1925351277
91	153.567738793
92	409.72156916
93	104.936931466
94	533.631883788
95	88.5775419165
96	62.6218134029
97	325.222909893
98	188.900511504
99	57.67452348
100	133.559284336
101	100.691384795
102	549.850924688
103	72.9462109901
104	189.286470293
105	730.453322243
106	45.8413779021
107	341.266514979
108	74.0953155644
109	54.6833428706
110	197.996858402
111	214.996588668
112	163.102675222
113	152.70810331
114	60.1130812789
115	70.7532633292
116	25.8592388166
117	86.7880966253
118	79.0513772778
119	121.094569831
120	38.5520198775
121	126.559395402
122	162.585139574
123	92.7792296347
124	51.3149752636
125	47.762400053
126	207.645828109
127	50.5255141057
128	86.4547685808
129	176.462112372
130	173.181462672
131	20.9645796376
132	116.778848835
133	106.76146392
134	37.5958946974
135	16.0786922493
136	22.8856017885
137	129.050583945
138	54.6043967548
139	96.6475893084
140	46.1483905747
141	103.07731185
142	65.5077325245
143	101.551020278
144	101.024712839
145	108.585996374
146	34.35910395
147	20.9996668002
148	49.534301763
149	116.506923325
150	109.164934556
151	178.514711383
152	197.084592175
153	132.103167089
154	120.348967627
155	87.6915910615
156	247.118886004
157	167.70786531
158	138.489030677
159	243.294385284
160	125.70853171
161	165.883332856
162	197.531953498
163	167.892072914
164	211.242262273
165	143.269656578
166	165.778071369
167	339.977061755
168	248.846928761
169	149.83972777
170	171.777976169
171	114.094680898
172	176.067381793
173	197.058276803
174	200.777516036
175	354.748757198
176	202.391525514
177	172.286740026
178	162.365844808
179	146.620480604
180	132.9364872
181	221.645605976
182	176.751581463
183	172.909537162
184	284.241104007
185	179.172595681
186	267.127340462
187	332.898226706
188	195.79513895
189	111.147359242
190	175.418269286
191	210.768585578
192	410.712781503
193	156.058927336
194	291.258536522
195	194.654806167
196	367.871356001
197	113.340306903
198	220.803514074
199	211.715938968
200	268.565914127
201	97.4282786757
202	188.611042413
203	187.426850676
204	223.391192314
205	354.283852294
206	216.10183429
207	235.373458333
208	208.286168826
209	219.119330271
210	237.478688087
211	141.436352333
212	139.918832552
213	175.225289892
214	201.619607937
215	122.234902615
216	122.29630515
217	136.936423733
218	242.110193547
219	217.908823162
220	164.655282166
221	137.287295359
222	213.724679025
223	135.541709021
224	253.785446893
225	143.84859476
226	229.663022624
227	206.303744141
228	111.454371914
229	142.743349139
230	184.453213648
231	119.384070656
232	247.776770303
233	212.242246406
234	98.4808935529
235	144.638055918
236	215.610614013
237	165.093871698
238	405.76549158
239	183.233934749
240	370.152021568
241	124.050663278
242	215.470265363
243	348.406752563
244	136.199593319
245	146.497675535
246	82.4372884662
247	325.45974824
248	164.085115774
249	174.593720965
250	163.927223543
251	72.7707751772
252	93.4458857236
253	154.243166673
254	177.11999667
255	146.620480604
256	285.372665
257	221.628062395
258	60.9551731806
259	211.628221061
260	164.199149053
261	203.356422485
262	217.636897652
263	126.278698102
264	160.225527891
265	156.462429705
266	87.6038731551
267	216.996556935
268	274.820200856
269	164.286866959
270	195.768823578
271	114.147311642
272	202.628363861
273	187.979473487
274	187.979473487
275	221.69823672
276	199.795075484
277	457.405023097
278	200.768744245
279	154.444917857
280	59.0253792391
281	125.29625755
282	218.601794623
283	154.462461439
284	202.900289371
285	156.822073122
286	180.084861908
287	152.181795871
288	109.147390975
289	168.049965145
290	162.234267949
291	168.962231372
292	255.118759071
293	84.4284849422
294	64.8410764356
295	259.346762161
296	119.673539747
297	276.855256285
298	139.48024302
299	247.645193443
300	135.813634531
301	156.515060449
302	261.337958637
303	193.856573218
304	116.077105583
305	188.032104231
306	201.128387661
307	138.278507702
308	180.725202625
309	154.848420227
310	213.566786794
311	168.304347074
312	256.916976153
313	140.988991011
314	136.89256478
315	225.838521904
316	316.354629552
317	187.075979051
318	185.751438664
319	213.680820072
320	151.085322041
321	289.776103903
322	210.715954834
323	401.572575652
324	332.670160149
325	81.0864327071
326	156.769442378
327	290.767316246
328	228.005154193
329	182.339212103
330	194.058324403
331	227.42621601
332	199.75121653
333	88.024919106
334	232.022634307
335	160.62025847
336	194.444283191
337	647.551128873
338	232.320875189
339	198.742460606
340	201.005582592
341	171.067461127
342	272.179891872
343	174.155131433
344	240.075138118
345	180.146264442
346	240.768109579
347	234.426104943
348	134.673301747
349	125.401519037
350	145.927509143
351	239.917245886
352	266.188758863
353	247.013624517
354	185.812841198
355	161.488665744
356	175.33932317
357	190.005757126
358	177.444552924
359	206.417777419
360	470.755688457
361	235.978711887
362	155.681740338
363	135.190837395
364	151.146724576
365	104.945703257
366	239.926017677
367	202.88274579
368	222.408751762
369	262.32917098
370	115.594657098
371	193.005709526
372	291.460287706
373	252.539852622
374	102.621178737
375	144.445076524
376	205.093237032
377	124.910298761
378	148.34852336
379	193.488158011
380	126.383959589
381	169.979759087
382	194.628490795
383	220.75088333
384	287.135794919
385	156.330852846
386	105.972002762
387	246.24170694
388	280.670985215
389	147.918705619
390	134.769791444
391	185.804069407
392	154.953681715
393	217.435146467
394	199.628411461
395	258.680106072
396	151.769521711
397	98.1124783458
398	109.243880672
399	128.120774137
400	129.962850172
401	90.26172572
402	281.407815629
403	193.225004292
404	136.717128967
405	185.1549569
406	157.497501001
407	180.549766812
408	271.802704875
409	174.637579918
410	276.811397332
411	106.743920339
412	240.355835418
413	183.497088468
414	114.199942386
415	161.892168114
416	518.763698648
417	225.78589116
418	323.740477274
419	171.962183772
420	130.708452377
421	186.24265894
422	321.933488401
423	143.699474319
424	399.598922758
425	196.058292669
426	108.647398908
427	196.33898997
428	290.609424014
429	219.52283264
430	151.567770526
431	182.277809569
432	221.145613909
433	197.049505012
434	159.839569103
435	96.4458381236
436	167.558744869
437	181.558522736
438	133.120694803
439	214.812381065
440	211.19840332
441	239.075153984
442	380.318526924
443	114.822739521
444	145.129276194
445	152.550211078
446	174.444600524
447	181.251510063
448	217.496549002
449	153.80457714
450	132.103167089
451	133.024205106
452	220.092999032
453	151.708119177
454	168.988546744
455	150.567786393
456	135.611883346
457	183.365511609
458	169.286787626
459	194.663577957
460	137.962723239
461	197.461779172
462	178.61120108
463	224.496437935
464	212.873815333
465	149.480084353
466	227.01394185
467	135.620655137
468	123.419094352
469	111.147359242
470	124.603286089
471	119.059514402
472	184.19883172
473	214.417650486
474	186.716335634
475	226.777103502
476	91.0599586686
477	106.007089925
478	98.8054498067
479	119.29635275
480	164.97983842
481	133.392620313
482	208.856335218
483	144.717002034
484	105.603587555
485	342.213868369
486	124.498024601
487	163.093903432
488	284.162157891
489	144.918753219
490	44.1747376799
491	157.725567558
492	195.847769694
493	176.049838212
494	89.1126211458
495	122.954189448
496	578.622397998
497	401.449770583
498	344.775231237
499	127.173420747
500	176.356850884
501	340.740207541
502	174.269164711
503	154.216851301
504	173.304267741
505	225.724488625
506	125.375203665
507	108.305299073
508	167.067524593
509	132.515441249
510	249.38200799
511	384.827227314
512	152.927398076
513	171.39201738
514	160.07640745
515	160.33956117
516	206.637072185
517	142.313531398
518	112.884173789
519	219.52283264
520	50.6483191747
521	151.436193667
522	161.488665744
523	109.928080342
524	182.97078103
525	174.462144106
526	233.452436182
527	462.194420789
528	161.769363045
529	114.735021615
530	252.688973063
531	179.944513258
532	149.137984518
533	203.259932788
534	160.199212519
535	174.918277219
536	168.146454842
537	119.761257654
538	142.20826991
539	244.145248976
540	130.48915761
541	161.997429601
542	162.778118969
543	186.128625661
544	181.847991827
545	227.329726313
546	174.742841406
547	309.275794503
548	319.18791793
549	164.286866959
550	101.831717579
551	301.960121107
552	187.681232605
553	182.742714473
554	176.505971325
555	128.190948462
556	148.006423525
557	102.638722318
558	109.419316485
559	166.137714785
560	88.1564959656
561	174.742841406
562	166.88331699
563	111.007010592
564	213.014163983
565	126.840092703
566	198.303871074
567	226.294655017
568	140.331106712
569	48.3676536074
570	150.637960718
571	240.24180214
572	65.3147531304
573	121.778769502
574	100.165077356
575	323.889597715
576	164.760543654
577	89.8494515598
578	88.9722724955
579	185.146185109
580	165.216676767
581	81.8057195399
582	176.751581463
583	154.971225296
584	344.722600493
585	182.312896731
586	199.365257742
587	84.3583106171
588	160.629030261
589	227.478846754
590	173.558649669
591	118.226194291
592	101.998381601
593	242.724218892
594	138.199561586
595	120.489316277
596	186.339148637
597	148.646764242
598	143.515266716
599	216.873751866
600	120.52440344
601	126.112034079
602	109.48949081
603	170.523610107
604	102.568547993
605	130.340037169
606	170.374489666
607	113.042066021
608	187.698776186
609	180.312928465
610	151.015147716
611	120.401598371
612	208.531778964
613	81.0688891258
614	120.831416112
615	101.700140719
616	115.901669771
617	161.804450207
618	111.366654008
619	112.384181723
620	343.976998288
621	194.900416305
622	147.559062202
623	148.936233333
624	145.681899005
625	113.261360787
626	123.901542837
627	260.364289876
628	65.6831683374
629	141.287231892
630	49.6044760881
631	136.059244669
632	209.093173565
633	177.348063227
634	169.988530877
635	121.840172036
636	152.830908379
637	132.839997503
638	136.971510896
639	186.461953706
640	210.698411253
641	180.733974416
642	127.129561794
643	136.199593319
644	139.629363461
645	111.884189656
646	121.112113413
647	158.129069928
648	331.398250506
649	211.821200456
650	132.883856456
651	131.471598162
652	182.733942682
653	197.417920219
654	205.619544471
655	141.129339661
656	188.444378391
657	122.682263938
658	122.489284544
659	155.287009759
660	79.9022409703
661	184.488300811
662	123.462953305
663	215.198339853
664	153.462477305
665	203.02309444
666	83.3144675305
667	206.172167281
668	112.866630208
669	229.32969458
670	179.900654304
671	107.059704802
672	192.225020158
673	109.770188111
674	138.778499768
675	142.243357073
676	130.690908795
677	58.5517025443
678	230.119155738
679	212.742238473
680	106.866725408
681	114.594672965
682	98.551067878
683	163.88336459
684	87.902114037
685	170.988515011
686	156.015068383
687	161.927255276
688	324.082577109
689	184.084798441
690	149.190615262
691	150.155512233
692	117.050774345
693	174.260392921
694	141.910029028
695	193.119742804
696	177.049822345
697	110.296495549
698	137.278523568
699	110.743856872
700	157.629077861
701	149.155528099
702	104.647462375
703	193.110971013
704	86.6126608124
705	136.690813595
706	115.840267236
707	150.094109698
708	102.480830086
709	104.208872843
710	158.953618248
711	199.242452673
712	204.917801219
713	119.173547681
714	228.496374469
715	117.375330599
716	153.953697581
717	95.5423436873
718	99.928239009
719	190.900479771
720	119.077057983
721	173.348126694
722	150.576558184
723	170.593784432
724	187.023348307
725	145.20822231
726	122.30507694
727	120.015639582
728	137.585536241
729	206.391462047
730	149.427453609
731	133.410163895
732	134.313658331
733	142.550369745
734	121.445441457
735	171.409560962
736	169.172754348
737	87.1828272042
738	92.2616939867
739	179.102421356
740	115.033262497
741	228.145502843
742	132.576843784
743	170.716589501
744	145.681899005
745	130.804942074
746	109.822818855
747	182.137460918
748	146.716970301
749	81.235553148
750	72.8146341304
751	130.471614029
752	119.936693466
753	122.217359034
754	200.83891857
755	142.980187487
756	126.322557055
757	160.225527891
758	124.989244877
759	171.225353358
760	50.4553397805
761	110.050885411
762	109.75264453
763	113.480655553
764	147.295908483
765	210.11070128
766	168.830654513
767	201.163474824
768	149.743238073
769	107.682501938
770	103.647478242
771	117.849007293
772	137.471502963
773	162.751803597
774	190.356628751
775	139.681994205
776	209.952809049
777	173.821803389
778	99.9370107997
779	113.085924974
780	191.97063823
781	119.603365422
782	151.094093832
783	151.20812711
784	138.032897564
785	233.636643786
786	123.901542837
787	181.102389623
788	177.198942786
789	111.436828333
790	174.488459477
791	74.4198718182
792	138.348682027
793	202.61082028
794	127.419030885
795	98.9896574102
796	150.576558184
797	123.024363773
798	178.049806479
799	200.268752178
800	218.812317598
801	188.804021807
802	192.558348203
803	104.700093119
804	128.278666368
805	73.2532236626
806	137.348697894
807	150.944973391
808	220.005281126
809	169.576256717
810	150.79585295
811	175.988435677
812	150.129196861
813	75.3759969983
814	208.830019846
815	156.25190673
816	147.102929089
817	165.725440625
818	123.454181514
819	79.8934691796
820	116.57709765
821	169.102580022
822	125.892739313
823	139.366209742
824	226.899908571
825	68.44628239
826	136.550464945
827	179.856795351
828	165.778071369
829	230.882301524
830	218.69828432
831	131.84001337
832	175.927033143
833	94.0949982312
834	115.910441561
835	200.189806062
836	209.768601445
837	153.576510584
838	141.66441889
839	119.559506469
840	151.366019342
841	78.235600748
842	138.418856352
843	90.6038255551
844	130.550560145
845	190.593467099
846	130.568103726
847	131.857556951
848	128.70848411
849	147.38362639
850	100.068587659
851	95.9019871037
852	138.910076628
853	179.926969676
854	179.804164607
855	148.260805454
856	173.541106088
857	122.57700245
858	133.936471333
859	87.9196576183
860	161.550068279
861	91.8494198265
862	158.725551691
863	153.436161933
864	86.4459967902
865	103.568532126
866	146.515219116
867	213.882571257
868	124.848896227
869	76.4022965036
870	88.1564959656
871	131.813697998
872	171.014830383
873	135.673285881
874	114.80519594
875	186.988261144
876	112.454356048
877	168.286803493
878	116.866566741
879	110.454387781
880	98.8493087599
881	149.29587675
882	230.812127198
883	138.918848419
884	221.040352422
885	114.770108778
886	184.330408579
887	144.374902199
888	147.190646995
889	122.769981844
890	126.348872427
891	148.313436198
892	168.295575283
893	177.348063227
894	110.507018525
895	136.962739105
896	172.734101349
897	124.603286089
898	188.593498832
899	214.654488833
900	107.322858521
901	167.690321729
902	63.3147848637
903	140.383737456
904	201.330138846
905	147.716954434
906	131.813697998
907	129.603206755
908	121.62087727
909	149.050266612
910	111.015782382
911	220.022824707
912	83.9109492943
913	103.884316589
914	112.805227673
915	147.883618456
916	208.856335218
917	70.0339764965
918	203.996763202
919	191.918007486
