1	55.7148104984	55.5542922103	18.8947299636
2	50.4879883035	7.73335541098	0.533552013121
3	44.2402352464	9.73714736366	0.316621774264
4	53.152524835	13.9470077161	0.635224709353
5	36.8615857687	15.2719786777	0.803494568559
6	64.3738663736	14.7344709247	0.476046088539
7	76.548828462	15.5802451412	0.690833893913
8	41.4401761456	17.1332833102	0.395432866021
9	56.0224704809	16.8950951887	1.41508938121
10	46.0931685012	18.0176566034	1.30962063501
11	31.4514096717	18.8976056258	0.557817493194
12	67.3358602248	18.7196670547	1.35663675012
13	79.5486531007	19.3179165754	1.70840716985
14	72.2230227254	20.5462259884	1.33568026051
15	37.4711925698	22.1559636944	0.923098995696
16	51.6012742539	21.8914943	0.491235616733
17	60.9285112124	21.9049227142	0.476230414395
18	75.2232378207	22.2451300603	1.20369006279
19	85.6184180986	23.3623744415	1.40279016252
20	77.9509756252	24.5567139845	2.09410263148
21	27.1292197712	25.3127273971	1.20331590722
22	49.8409413374	25.9475094793	1.43035753247
23	58.3799013891	24.8938958626	1.74767419324
24	64.4104765827	25.6608807134	1.58655086563
25	80.8989672171	27.5337395264	1.73033970991
26	41.070902866	26.5800854895	0.701788798158
27	29.6452921054	28.3393340463	0.41807285917
28	73.7277346662	27.7555966362	1.14062761007
29	84.6339839044	28.6863544941	0.924470236525
30	48.1391838208	28.9447919723	0.998028053726
31	71.1440670408	30.0835379981	0.865740911267
32	66.2223227032	30.6203233018	0.781946524064
33	57.7968574526	30.8114538009	1.44731797689
34	80.7663321295	31.8367007267	0.5207795675
35	87.8820224889	31.7719641873	1.00269283705
36	35.7590067818	33.1777257438	1.08373833864
37	44.4002469801	32.5299231192	1.07466955245
38	53.2027506692	31.6268524418	0.743269418265
39	48.5404470388	32.9922582695	1.43024748286
40	75.0609864861	33.6206952676	1.11876132433
41	19.1685933077	35.8834358734	1.09136096118
42	66.2917834134	36.6920527503	2.73737609623
43	25.5301937445	36.1581880902	1.55537848606
44	56.9990945647	35.7137581531	0.746547627619
45	96.186840989	37.5258951099	0.695353627832
46	44.253886838	36.6112437222	1.14214007963
47	79.9655330701	36.4794789723	1.96972190446
48	51.1893827818	38.2717933243	0.631171819539
49	34.6538410458	39.0535985636	2.1870251475
50	75.3646055452	38.0083983904	0.735529122528
51	61.2610534228	40.0462637255	2.65891980114
52	71.9990258899	39.052059379	2.48331040061
53	84.6896707969	37.9711470554	0.681650018498
54	89.3882080704	38.6605549971	1.70774812561
55	66.2809128493	41.240779247	1.01491425633
56	56.0197725933	40.7445695903	0.814152505447
57	81.8543705727	40.5521775734	3.67877608056
58	46.2585661208	42.047970899	2.05605424798
59	20.8760200053	41.1051561909	0.691136106776
60	71.7344739086	42.2582742736	0.895828058627
61	76.0203769135	42.2588130312	1.1571389119
62	31.5783281453	42.235075003	2.28256049814
63	97.14339443	43.5394902087	0.911584131327
64	38.092198629	43.9270939339	1.04178161431
65	47.1437503746	45.3286876307	0.955676892767
66	28.9272431027	44.7067111279	0.602549246813
67	84.3809726292	45.9113519721	0.59194840727
68	21.6519071871	45.7234686342	2.65647966381
69	40.3639635342	46.2287315497	0.587045222713
70	72.7993834026	46.64621088	4.28481132032
71	66.3836701835	47.9801084488	2.45551350691
72	24.4533152856	47.0449119507	0.516632523656
73	77.3427597589	47.6793857063	1.77796097829
74	74.931876008	48.8825006396	0.757894736842
75	93.4998627602	47.8700421005	0.978137565574
76	27.1945551086	48.7243445462	1.58249995961
77	18.1577340456	48.1300054811	0.690041533855
78	98.5978084967	50.6483625595	0.781309795692
79	41.858943728	51.7949423371	2.62002862768
80	36.4432552481	50.9230950764	1.11797274723
81	81.5437923664	50.2638780306	1.79410967423
82	88.0753552497	51.4015276037	1.7365242675
83	14.3877967463	52.2603982815	1.30573859989
84	94.0526661503	51.8770414348	1.04163062284
85	31.6475273039	53.6635156132	2.5736318408
86	25.9389192632	52.6594177481	1.35137533274
87	76.764621805	54.0671504658	1.41642591828
88	19.5131649484	53.1246698065	1.47054870335
89	56.3011572248	53.5108089088	6.98892931629
90	69.4026830604	57.3361221322	4.09227009114
91	31.9829958659	57.2495279582	1.05621583672
92	28.1075887003	58.5360213229	1.06131824974
93	17.876866522	58.0041550973	1.1785558499
94	86.451463782	57.2341553467	0.850527615626
95	41.8498293579	60.004733352	3.1269947541
96	79.879461355	58.6524396703	1.76626084498
97	75.3640836979	59.0161931876	0.901768798218
98	63.6229321418	61.9226553915	6.69210482297
99	47.2653267187	61.7409253778	4.83020493127
100	94.604941346	59.4967310777	0.692220113852
101	35.3690301872	60.1154283448	0.581699346405
102	13.6101320957	60.2041775435	1.02553344191
103	70.6763278026	62.5100549702	4.6057111841
104	86.2129186438	61.5737823121	1.59947905361
105	98.3575602015	61.8965305541	0.925105281171
106	56.8995503896	63.4724561339	2.99407499025
107	77.5514283037	63.8194955816	0.94102826938
108	25.8376507144	65.3691073736	1.40458393989
109	32.6276751154	65.2535044569	0.888550895471
110	66.3221794334	66.4341316015	3.54287664147
111	14.4329546212	65.2239998392	0.862021116139
112	18.9922868181	65.2546532253	0.94836651238
113	46.0752774775	67.4317178631	2.83635208135
114	42.056219615	68.6835928831	0.821710345411
115	54.0971321279	67.4431296815	6.81431410963
116	93.2932657493	67.2794592095	1.23714197721
117	98.0817810682	66.6402138995	0.477195225916
118	61.8794981015	70.7188494654	3.8936239579
119	80.9153926411	67.8813076354	0.950456950457
120	38.3825736545	68.6727399113	0.955878039101
121	85.7568045619	68.0132304677	1.88317836421
122	69.8051349036	69.3811449738	1.57657107993
123	76.3342148065	70.0120441143	2.23475150224
124	29.6890443386	69.7214830572	1.37752825885
125	90.5395991648	69.6153920454	2.1202737766
126	58.4001125052	73.5673728938	2.23279343901
127	95.5914568438	71.8030220637	1.39842057543
128	52.892637506	73.93242292	2.26997640877
129	81.0445650408	71.8287782023	2.30095845461
130	40.4957498925	72.2632692321	0.588067466644
131	26.6501810488	72.9427225624	1.69891681893
132	69.2379675258	75.0990702351	2.68779689342
133	84.6988142321	74.3280849729	1.20507234233
134	34.1529555595	73.8336731519	0.861521168977
135	46.0894442153	74.8554831792	1.26745295227
136	39.9252137524	74.8356792991	1.69935658187
137	31.6343834156	75.0996812096	2.03187496335
138	80.291088077	76.2233609497	1.13094671936
139	23.3203033892	76.6796103508	1.12304203915
140	65.4328057904	77.6639633293	1.08060047677
141	93.6804424735	77.3839560718	1.17610255781
142	87.6396400808	77.1983739021	1.83231538034
143	60.0429735794	78.6242012278	2.80248251185
144	34.0809167152	78.5825926097	1.10556367016
145	50.4582500089	79.4445196762	2.69074252652
146	77.8563768704	79.3653408667	1.23879428749
147	43.9458706843	80.3730387855	1.11213417406
148	20.438329514	79.3772081898	1.61130971726
149	47.6895930609	80.7696815946	1.08351080327
150	73.9859428658	81.8131972509	1.54729020355
151	35.9562954472	81.7213085431	1.15727002967
152	61.4902810653	81.4922649586	1.21487834436
153	27.7507855379	81.8125183314	0.9072839244
154	56.0166170336	82.4255502364	2.35045985382
155	65.7391026407	82.5105861618	3.32105677684
156	92.569526698	81.5714417625	0.435661764706
157	22.1872765689	83.4801518775	0.500758864922
158	71.2683486074	84.9790764456	1.02411813495
159	30.7130146648	85.1933816391	0.923839782557
160	53.6044690142	85.7502643111	0.83285717774
161	67.9026398636	85.951788592	1.18787549642
162	45.1006978611	85.8155739523	1.45877210837
163	81.8170982392	86.1356005685	0.735681506645
164	87.351711404	86.498368936	1.22201267956
165	37.6764583583	87.9349286771	2.04358250664
166	50.0611658036	87.5467753466	0.706474287828
167	76.6596730837	88.1053735616	1.2118244252
168	33.8002038348	88.6396789335	0.677070828331
169	58.6589220869	89.2806132027	0.80940079102
170	45.6744556354	91.026051103	2.09524615602
171	82.7423571845	91.1898481912	0.909832033172
172	72.9090595773	92.0276306772	0.431136024977
173	42.347364553	92.9253001814	0.829172211871
174	31.0413215461	91.8206859995	0.974511115483
175	65.766054727	93.6143115604	1.09570071223
176	58.1055327864	94.1199452596	1.59954540984
177	61.9821813389	94.7101330828	1.12690823021
178	46.5918621971	94.8149156678	0.476637463496
179	52.0893740289	95.2482365555	0.696751752749
180	74.7210083766	96.2101451156	0.976122672508
181	69.3430114818	98.080488566	1.15399601744
182	48.113260773	99.0612522173	1.19947280059
183	54.8137977859	100.701158805	0.804223717062
184	60.9372891531	100.934937377	0.740954793761
185	33.3533904858	47.367552778	2.56436463631
186	48.773254956	72.8347699991	3.47229016508
187	72.4502236726	72.7911816276	2.71821430217
188	41.5134685518	88.5359185732	2.44517837484
189	30.189065784	31.462555491	1.80360253927
190	62.0669392711	11.5275501655	1.70550936483
191	16.412541672	43.7555410583	1.61980882085
192	70.6084446206	52.3909877998	2.79329349655
193	82.2582229484	54.9957986557	2.07455779515
194	32.4115724744	61.0015345861	1.92528858031
195	21.8806971035	70.2125029324	2.41620564537
196	62.2605225631	17.2800465641	1.6742081448
197	86.2983219162	44.0536599941	2.05536108977
198	35.9304101029	69.832564888	2.31990030772
199	76.2550619721	75.0947667734	2.72054006608
200	39.1532749269	79.5179168421	2.83502295628
201	76.9222277951	92.8350679843	2.42534071271
202	41.2745156882	21.9056503647	1.99799260195
203	36.2201522522	27.7089385666	2.45127883726
204	40.1432760366	38.2678955193	2.76745841693
205	80.1926278592	45.0931306924	3.10638511156
206	36.9058244866	57.2365217024	2.76866013329
207	39.8894582784	66.1791002819	3.11557834143
208	18.9880164211	75.2175521304	2.31188875106
209	67.4815451391	91.0043184921	2.01662550774
210	49.761511592	91.7001299463	2.68819403333
211	56.3254915299	10.6685446729	1.71038899431
212	42.9808273291	14.6499413917	2.13614958992
213	50.0008492485	18.3153543079	1.74294315833
214	41.4348192763	32.1552542562	2.96474736074
215	61.4532924166	32.3454839915	2.36220735631
216	30.3838154993	35.8199171616	2.90098244257
217	52.2907470073	41.8719975437	3.56443640333
218	77.6128618114	65.0834529576	3.09614866685
219	16.5227154258	70.4315159335	1.49135380947
220	73.2627495643	78.4032455452	4.33595628671
221	82.0353331379	82.4343276655	2.0453579022
222	49.6956792437	84.4971006782	2.70813413372
223	62.5892983505	85.8604958669	2.11764705882
224	54.799588812	92.7232769217	2.01513538882
225	41.0327104782	96.7008734617	1.65802801591
226	49.2378510152	13.0398357158	2.41375750567
227	51.3296717051	35.7261634595	2.98333170354
228	91.2439302834	63.8201718989	2.94766155988
229	37.0061599278	63.7357878288	4.09096650124
230	55.3789433753	78.4262435965	3.74308517377
231	89.6415571605	82.0826883129	1.96762007555
232	37.0561688912	94.0379997935	1.85114399742
233	67.3574701951	14.0529781778	2.50344827586
234	45.8678551276	22.8528591415	2.94373134745
235	67.9890934937	28.1746751924	3.00353565115
236	45.9263896115	28.1531125747	3.03388691384
237	91.1479245221	46.1358838219	2.81292916634
238	21.9983802011	50.8957775792	3.44302367719
239	91.5937406761	54.1431424994	2.85978667196
240	80.6471528558	63.1250076321	3.88734297843
241	62.8084179028	91.1846120683	2.9707077483
242	58.8667145842	98.4913623282	2.22750727085
243	72.1866984483	16.5367497016	2.72876309306
244	54.8987369778	26.3125059258	3.22137306766
245	24.1733957542	31.491503252	2.30532491503
246	53.8661780757	32.4868199991	3.43011161593
247	48.137964564	37.9624478414	3.71064304928
248	26.1384523604	41.6857978655	3.21312182627
249	42.7057777	45.3841741567	3.72927855797
250	22.627920603	55.9535873917	2.1477219717
251	97.1998489288	57.4035853644	2.45555356042
252	29.8171987009	64.506165638	3.72040154114
253	28.9718092721	79.5626016972	2.48663876441
254	25.655121633	84.4296940693	2.23761283771
255	65.3572126925	97.936366354	2.57050176864
256	91.9329130957	32.9919479186	2.79340871737
257	57.4445565753	38.2591219572	4.13422480709
258	25.8200646069	58.3476560491	2.85069439833
259	42.6853227522	71.4166460674	3.72608805903
260	69.3697170979	80.7032015072	4.6891263528
261	43.0897861071	82.7334183347	3.81259426848
262	33.3814678271	84.8508657793	2.84600823962
263	33.9618114633	21.7871677754	2.30328580789
264	84.4232656379	33.5933823768	3.16958626572
265	91.1151253589	59.2778596614	3.85016269595
266	21.1797088503	61.547903273	3.03623604019
267	73.4354260955	66.8772426658	4.97055473871
268	70.8415325173	89.2342708386	2.91694878269
269	53.8314494433	89.5406318833	3.37127791101
270	58.2711421486	21.0620832815	3.81636342355
271	37.5164838586	43.7688344225	4.78070689318
272	56.9960637213	45.2651167084	6.13351061391
273	63.0975176798	45.207623835	4.49220153986
274	75.610779818	60.1157753034	4.43248446226
275	87.73191606	28.4425353107	3.75460169075
276	66.9486137079	43.8472306934	5.01512114855
277	65.1765250562	77.1048633337	4.37783355154
278	56.5564018612	85.6064076293	4.93781708488
279	82.7653532526	88.4562048269	3.05825176982
280	38.4792525598	19.2237824133	3.46583592484
281	63.0064677806	21.4212507794	3.58931489754
282	76.3413398276	32.5614195814	3.95958167768
283	44.2668151728	41.9469757183	5.1954094579
284	75.5864135393	51.8274355535	4.43644666739
285	83.2194115687	58.9239318618	4.3546720841
286	21.7316198719	65.4568322893	4.16368286445
287	79.2617605443	68.2913252017	4.81125319693
288	44.6645927759	77.2128873478	4.44322631167
289	76.4307446797	85.3337674129	3.72081089897
290	52.0547078513	97.3852590774	3.49128752724
291	77.4547885862	39.4221705673	5.01362224016
292	94.13017121	39.6544114934	3.30079714969
293	96.2725448049	46.4473807045	2.97706538641
294	84.4874221014	51.9495562457	4.76138916086
295	86.7781816025	57.5747193615	4.59790706811
296	83.6355575689	66.6288345739	5.04059206809
297	30.9001987816	68.2431687733	4.58795357223
298	46.3905010884	96.4257125169	3.27499333906
299	67.9254936274	22.9577582357	3.99025958384
300	70.974549757	34.3187346405	4.67977921463
301	88.3626332155	70.7292031554	5.08876712819
302	82.3149952594	78.4659798907	5.12196056737
303	47.0343401657	88.7155479895	4.91761695723
304	54.3457241721	21.7584753931	4.5445139758
305	72.9050340381	26.12008368	4.82147430324
306	30.4082365486	27.2315257166	3.95486650495
307	35.3057767014	32.0522064444	4.94748704079
308	21.6250178115	38.4559330296	4.0349528716
309	39.0086015854	48.6867152099	6.50349667868
310	96.5455860506	53.6078142111	3.9430929939
311	77.4439334201	54.3445487699	5.73906604341
312	50.5297133343	62.5079973005	11.8954074893
313	96.1821045657	64.8963618716	3.73654235743
314	50.7952141684	71.8978376477	6.66326132223
315	67.929010504	72.2950958378	7.33401184823
316	36.6218918482	74.1671107316	6.06843462704
317	38.1715637715	77.2781423933	5.03099326323
318	59.9968098647	90.597903256	5.13300931863
319	25.3756316548	46.1279948556	5.32090516581
320	29.8407301973	53.3224037892	5.73652481005
321	16.909529134	63.7308658548	4.41505929279
322	33.6983138851	72.0806758067	6.17678193366
323	25.8701399146	74.9999805575	4.74109883027
324	38.3491884513	84.6517943606	5.21558808801
325	70.5102965152	94.9791352244	4.13830974116
326	54.5300822817	15.2438084151	4.62349520439
327	30.1647426391	47.1990543529	5.15550942426
328	44.3814840734	52.0108150591	9.66314078785
329	24.4816941146	67.1770157176	5.81094349728
330	81.1354279346	73.7067909998	5.59343255374
331	86.6006541616	83.355694963	4.87793664931
332	30.9033323032	88.5712060633	4.11950669252
333	40.8502984897	93.08074565	5.12058916989
334	52.0759445811	29.7663954548	5.7405825197
335	78.4959713664	29.3077685834	5.28508119812
336	62.8751290851	30.4285639346	6.17983472459
337	87.246042193	40.7630046302	5.53730476892
338	36.687063691	55.6810592291	5.72839772064
339	34.4442484761	59.1415334528	5.86659866259
340	29.7171088814	60.2107147593	6.23761407197
341	34.3163505821	90.4766330626	4.51728965004
342	57.3816225981	97.3489051956	4.59607843137
343	42.3116126868	27.3500714918	5.73382475545
344	47.9458241143	33.0142904388	6.18426793794
345	17.943937473	49.1889751613	5.17478770164
346	34.0286597542	81.0168879012	6.20528167241
347	49.9842744629	24.2897885663	5.31480359776
348	79.0186450725	49.5607194085	7.51437548797
349	36.7427988918	51.8262249922	6.58063528511
350	16.8550551031	56.6234502768	5.20362148933
351	18.6540695898	69.9967104534	5.26767062793
352	55.4871707935	75.6792309951	7.4556681849
353	90.9105953936	76.6810745641	4.98950614611
354	66.2687949507	87.9163612911	6.44106030742
355	79.0247242916	89.9176778383	5.09647434393
356	20.4306753356	43.2518914653	5.80927663992
357	88.6143063089	49.7105489893	6.46963044366
358	85.3499141155	74.0953671707	6.72873992646
359	29.7784423503	75.5337624719	6.34858073935
360	59.9956524676	82.5429871452	7.2783667535
361	50.3469352696	83.08397929	6.86118300483
362	71.3252248275	85.5609191476	6.22942668192
363	59.0756962335	16.7946688231	5.86175192653
364	58.5930076679	31.382039467	7.32535516631
365	24.7972857823	62.7544115309	6.49528503794
366	40.8104218808	71.8452226756	7.48179508891
367	78.4221424631	80.9117750407	7.21626130048
368	74.4234105126	83.00469737	7.04494165389
369	67.05687526	18.6339816267	6.29131812794
370	44.0079716499	20.0858897126	5.92272916234
371	81.9044980558	25.5247614024	6.0472286696
372	26.8039644848	33.3327764864	5.71179678224
373	44.8406351595	37.1793087925	7.47585738309
374	69.7991055896	40.6454073202	7.17189220516
375	94.4658722807	49.355234588	6.33592238157
376	25.5962023032	50.3881468256	7.02575140486
377	22.1227368604	57.0311773947	6.18033367634
378	88.2287825686	64.3146919559	6.55270901385
379	44.8767517784	71.909559307	7.46932200131
380	93.6272256642	71.0182589957	5.87912751255
381	56.2520199782	89.643388764	6.94208932103
382	62.8191717067	95.4321801453	5.91855917747
383	73.9758772284	21.2077782338	5.87214670815
384	39.279361536	37.3494620076	6.91022037954
385	75.9206836189	43.5047486041	7.83606406715
386	26.1916587491	69.8848535102	7.14171832225
387	46.2531517153	80.2235845733	8.84542028511
388	28.0638530089	83.7287289231	5.95797339915
389	54.7528861337	94.9707550861	6.32498107077
390	50.6534815958	19.4207785329	6.92329612689
391	77.2171508798	22.8260037002	6.84699501976
392	65.8999206963	35.193562291	7.15008912656
393	90.9740317351	37.414656263	6.58255405236
394	86.8539011395	45.567597639	7.17107101238
395	70.2125626908	48.9053628551	9.05501153267
396	80.7120549126	54.4220067529	7.32265830875
397	42.3019271502	65.4462110307	8.92366626626
398	24.0616048548	78.4100169901	6.50069660673
399	42.3739653595	86.1218825329	7.23407617104
400	62.5584638688	39.4055451496	7.84584688147
401	42.5471080289	46.0490829149	7.97898329923
402	36.7887768564	68.3808773379	7.30982333897
403	78.7308682938	70.6824122639	8.35473266082
404	72.4626209833	73.5934321314	7.29207351572
405	61.223687749	87.8539437965	8.04882281181
406	32.0243069371	36.1178211655	6.64512194305
407	82.6536563477	36.136187257	7.13906459406
408	74.9537595616	38.8105039312	7.88578173744
409	53.5204199414	44.7200784576	8.52451906039
410	47.0880702861	48.169163783	9.60585018128
411	88.1178812295	55.346699431	8.49099694135
412	32.1592408249	64.8693426308	7.54594460006
413	76.5083516217	76.2034697225	7.24774163001
414	62.5153556476	76.9542926659	8.30030074907
415	37.2002644205	25.4718758064	6.87303227501
416	68.7242632828	33.329172551	8.74006299112
417	35.103690503	38.0895703595	7.03375570894
418	35.699908265	43.7319513479	7.72780228291
419	81.4043618085	46.2357628099	7.94330469847
420	72.1748259008	53.9144640816	9.69807879273
421	41.236332811	55.9585926011	8.51155188173
422	83.9931677701	61.0225363081	7.66946282499
423	22.1467224576	74.4952778405	7.03967302894
424	42.9824624469	77.9239362514	8.24274600421
425	64.8880954965	82.3434124445	8.18246854811
426	52.9868384266	87.7985730089	8.20776981839
427	72.7515311338	91.6542045393	6.97161164012
428	61.3064456264	26.0485585282	7.59835854112
429	53.1589311723	39.1317487277	8.72877287729
430	30.9143909466	40.7929467278	7.91547548604
431	49.1463650324	41.045560036	8.39952661449
432	33.3745117105	55.6425375215	7.96898835719
433	78.9417038707	58.6640241249	9.00818677987
434	94.5921667019	59.3950426651	7.36385172333
435	75.6566172434	64.3770205962	9.71568052036
436	47.2721808799	69.2182163165	9.82272906608
437	66.233336721	69.0878791315	10.2435195556
438	49.8667283254	77.7944523622	8.46010077338
439	82.8369870264	85.3337804669	7.32620507606
440	47.9085562311	93.7912723485	7.61138256443
441	55.2337168826	35.2181806475	8.5648436491
442	57.9721504713	36.7757009747	8.33745034564
443	92.271981753	43.7013875532	8.17415931935
444	32.6007917941	49.0973422441	8.98315905769
445	56.6915796923	52.3584664086	13.1243396931
446	93.7693116274	53.4992618312	7.84826956694
447	73.9726522543	57.7149879433	8.89348074449
448	34.3057893082	61.4445471719	8.61581677888
449	80.5632998286	64.1552230902	8.89923362428
450	71.9056568222	67.7884250483	8.7084148728
451	54.1674823081	80.5777594867	8.8012331075
452	46.8886830698	87.4480336932	8.21650428036
453	77.3927578079	31.9374832428	8.5728013246
454	38.6872936895	32.563768933	8.71213555325
455	39.4253241513	60.5091990245	9.81500540997
456	66.8614068686	92.9831113189	7.98482276273
457	28.6912721039	44.5762307377	8.88372188055
458	50.2229291583	46.8491765474	9.18224453918
459	25.3618068707	53.5743607727	8.24961740794
460	60.151560149	67.0210657421	13.0191084683
461	81.1458010817	76.9436565257	9.03916736729
462	33.6333957668	86.581486082	8.18696231517
463	66.4985740504	27.9104714507	8.89556062922
464	47.5374632524	29.7767888301	9.22327446554
465	53.1638868649	32.8369857987	9.66392423119
466	26.974033803	36.6469846896	8.39795085176
467	61.89711573	44.8623993082	10.7157189152
468	85.186604356	70.2505581646	9.20556859646
469	37.9419364121	89.1366660352	8.575597168
470	42.6866531921	91.4621871679	8.13944728995
471	71.8526505182	30.7413059356	8.86328264656
472	41.597608466	41.954090047	10.4796866433
473	67.9736617961	43.0889068431	10.0627275749
474	26.9109604906	57.8679974894	9.88979098021
475	26.3067374498	64.1491931989	9.23283133822
476	68.9719142259	64.9633779799	10.8394635958
477	67.2179123596	77.869975977	9.97771420926
478	34.9671685128	78.7745759689	9.62085665972
479	86.3527060631	80.0723518455	8.7820253645
480	39.194517406	81.6708291727	9.99248099047
481	86.7950415341	33.7589896171	8.63977591036
482	20.8961343924	69.6779339418	8.5273091545
483	31.0839293546	73.3434489415	10.2096888121
484	76.3596199692	88.4667836133	8.85239326256
485	63.1590418753	21.3449385582	8.93636389992
486	55.8175715456	28.1686366023	9.67952024882
487	32.7142649911	31.1662712773	9.07083116432
488	82.9320133442	31.0786221609	9.18311186608
489	43.5233887377	31.8943613962	9.77190665814
490	74.6496359435	49.0823759695	10.6303190599
491	20.0031801742	60.6538790061	9.37244874346
492	29.2148005669	81.3527118035	9.28842778931
493	22.9413463935	43.6215410104	8.98186552027
494	20.577473562	52.5632720129	9.4234723938
495	87.4487303838	63.1426993043	9.66187357184
496	92.6089114597	65.384580377	9.43428431555
497	63.4415711194	73.3266782943	12.4112751678
498	89.6430198918	74.8605442519	9.2779408615
499	56.2352674059	93.4078238083	9.09279037587
500	56.8889830243	21.7164936521	9.60004629243
501	47.0329820669	23.6402001747	9.53907157718
502	85.6284379955	50.685764796	10.4817886612
503	44.2312102821	57.3629452919	11.4979901318
504	37.0465644824	65.3315733416	11.3369041696
505	48.6786124691	66.6043022583	11.6750623642
506	70.3844397032	24.5935721183	10.429486207
507	77.711326724	36.80048331	10.9768231599
508	56.9104197364	42.6304807634	11.4216048529
509	29.0703945843	68.5300519368	11.1220177662
510	52.2069898273	72.9632682836	11.726432348
511	73.4846245886	82.7317795078	10.5696073071
512	46.3669742803	84.3540982653	10.5932387505
513	63.0018968463	86.2780302534	10.4982840439
514	50.3377242529	36.0749760527	10.8072924514
515	62.6792220015	37.1119948554	10.7290545586
516	36.1929173385	51.9673362002	11.4177110591
517	68.2974357608	59.9965343214	11.9009591791
518	37.747643108	70.1262875743	11.4329877937
519	58.7316529551	74.2355084892	13.1915227954
520	47.1894255569	75.2043852503	12.6821345223
521	71.5555122337	75.9043996432	10.7218853845
522	56.9797504131	78.7708658622	11.7702190625
523	50.6340931136	92.0006326204	10.2159078821
524	46.3295390086	41.4399585477	12.0992775258
525	73.6508122232	43.7933018387	11.7683490315
526	37.5174054578	46.6478489086	11.0878772379
527	81.1653174076	55.7749036135	11.1721652533
528	32.7088543449	56.7118124092	10.7447735595
529	69.0364347663	83.658124813	11.3114231718
530	81.4901723355	84.2659759549	9.93959827834
531	35.4159314077	37.3898387043	10.9337252504
532	87.5929719737	38.6435010718	10.6090340382
533	90.5162441341	46.4778878599	11.008178407
534	59.0714665898	59.9095117906	12.6065289934
535	75.5583745073	71.2203339236	11.737274876
536	80.0172152363	75.2644972946	11.452316932
537	76.7065148338	28.3933879167	11.2195019894
538	70.1225732773	39.736186347	11.7579871209
539	84.72570577	45.9821572205	10.9868433102
540	28.7627303382	48.0845876112	11.1472362166
541	28.6543975465	52.5528908645	11.7439471596
542	91.8196557706	58.039314185	10.8829528315
543	29.574045135	64.7618646676	12.37150167
544	22.2132432493	65.9762664226	11.1027439237
545	42.3761831256	82.3858307063	11.4856793929
546	51.3181854443	85.2725280981	11.6815499448
547	69.8351108626	89.8994395248	10.8767545343
548	63.7812146819	92.2620141334	10.6465930876
549	39.5420913563	28.2890194901	11.0225759145
550	83.5224329186	64.9970542689	12.2924378168
551	90.3110068187	69.2903137448	11.0945652351
552	42.3382427928	73.2497302166	11.5597066932
553	62.8935344215	79.0862618669	12.6699495628
554	27.1828580727	41.2097858235	11.7456587852
555	81.6628742515	43.3110331411	11.8377204698
556	91.6722926398	51.762722374	11.0539033218
557	77.1509101302	53.7033529285	12.5713086905
558	39.1904709208	77.6903605625	13.0632945282
559	50.1997268754	78.8735182809	12.3848889714
560	56.9681648421	85.4904459137	12.1218431615
561	59.1595945955	91.4158093285	11.900094793
562	79.7697025552	40.1451692179	11.8120453661
563	44.7321716016	47.8629695581	14.5940891381
564	72.0019436706	71.1740789793	13.6742804311
565	81.9592038034	69.5823243363	12.6646320787
566	35.1127495254	74.9836926718	12.336107338
567	85.227295536	78.4698972443	11.5398788262
568	74.2680554427	79.5797315609	12.8163331902
569	73.6201415209	35.8073391845	12.6646292329
570	62.8835657846	41.8181536476	11.9887718027
571	87.6833489689	41.8873131127	11.888487844
572	24.0745427541	47.0737461192	11.8063892405
573	41.1943952179	48.0192828656	13.1975526888
574	39.9802178481	53.1766660307	13.6319126085
575	38.785149342	57.1573398873	12.8244651981
576	65.7825224634	58.2734060073	13.9268970075
577	77.2432764085	65.8778951298	13.1054887034
578	33.5514625745	70.2195922405	12.9212691559
579	35.4265173267	85.0585189075	11.6350716145
580	84.6933356123	55.5797520262	12.9322300691
581	46.354836107	62.6620075395	15.5228198109
582	61.1186740957	83.5597645249	13.4317962144
583	40.130449847	87.9787575373	11.658805378
584	63.538252859	25.0032493203	12.0979881163
585	56.7353313202	25.2327843293	12.1270305869
586	67.0472400971	33.1683904171	13.0381934764
587	32.418189887	34.6603068605	12.0938929662
588	41.2907184859	36.5408071647	13.2367366039
589	53.027987786	46.5775434127	13.9679536462
590	66.8501421956	47.0145994827	15.3640172571
591	75.6653688626	48.3311163867	13.3250800109
592	84.6811058048	60.1978283207	13.1684676216
593	79.8125299933	60.670528124	13.3176749373
594	25.4890918977	72.0127606298	12.6258438553
595	66.8492491705	76.5283078807	13.8406852176
596	27.6216456627	76.3218648004	12.0705721352
597	45.642679751	27.8763365438	12.8120330644
598	53.0341728717	31.1023385785	12.9577387886
599	46.4652836061	34.100967383	13.0542484627
600	82.0919482633	35.367018259	12.9754873311
601	52.3111167774	39.9455845004	13.5886024462
602	33.3018889139	63.0746887373	14.1704002968
603	55.3837969196	71.6459454886	15.2911338899
604	44.7227660057	89.4520571328	12.548522773
605	61.1970288226	32.0351565016	13.1524264283
606	57.3247886324	36.1535709279	13.10214683
607	30.1999211744	59.847937199	13.4623689711
608	23.0434628702	60.021477169	12.7343471135
609	41.1110199861	67.8748620296	14.154368155
610	73.3062058055	87.2918666125	12.9778137329
611	50.68978325	27.1785417571	13.0808660792
612	69.40506223	55.8631706386	15.3184606587
613	37.6264280943	60.7983598112	13.6289483239
614	46.1952863596	69.4143264735	14.6931474861
615	65.862370894	82.7615435844	14.2157381803
616	78.0535955565	84.2616960654	13.1501997007
617	49.5653222612	89.588728449	13.5299286422
618	54.0112338338	90.7507526555	13.1543357963
619	36.3986774902	41.6972280755	13.5946841486
620	70.1975689264	45.8791580874	14.8451270895
621	66.8208309761	51.3288641196	14.4730104796
622	22.4135901197	53.8830244637	12.6096332376
623	29.9968829896	56.5571828307	13.7028307738
624	76.2491984204	60.4761476049	14.7785885662
625	42.7313564636	62.0565972041	15.2460551717
626	63.7552044333	65.8797765624	15.627281704
627	87.301877079	72.1409557901	13.3832459294
628	43.0349663538	79.2547541719	14.6231407268
629	33.4718211754	45.6074544266	13.8716896419
630	81.5637170066	50.9085252824	14.5469278266
631	66.0723070013	64.2631997344	16.2830115702
632	31.7978481086	79.9770260081	13.5477816447
633	47.330299537	82.6791650406	14.2654867257
634	32.5637679468	50.0678007046	14.3485918526
635	71.2538482537	61.5971381396	15.318972016
636	75.6151244805	75.641907913	15.2937027205
637	81.7645927632	80.1021547007	13.917601565
638	52.0245067509	83.287842451	14.5054407109
639	63.3754977982	37.6572225055	14.2270744059
640	58.2092354571	49.5930013023	16.2629211286
641	46.9570988167	57.0183456268	16.3300496298
642	89.4836414282	63.7956638664	14.0281547117
643	70.2639244997	66.8483192309	16.2274405089
644	67.6029925322	70.7882313499	16.0653304082
645	57.8540086521	78.1166242666	15.0198515702
646	30.8804578097	39.2080957986	14.032206703
647	68.4234480214	39.3833603866	14.6514151322
648	49.4509930784	45.2337567444	15.8485533418
649	32.8563263425	53.1268982602	15.2745098039
650	51.3531062664	68.7398784984	16.2595690691
651	62.8074281876	70.5797102907	15.934796277
652	59.3567244426	70.4173134046	17.0874468321
653	88.4814493521	47.2948445601	13.8603573123
654	62.9781811863	48.9949037918	16.8901205537
655	52.9616802329	74.9521675103	15.5509073622
656	62.4648046787	88.7959340963	14.8784194347
657	76.79125859	32.7239834325	14.3235932117
658	57.5823825563	43.1693288298	16.313620054
659	77.6849110902	43.1583897315	15.0150356107
660	25.3238710949	50.165468427	14.3951272693
661	69.2362172052	51.4937714343	16.7738264278
662	74.0846461152	55.4249761032	15.7310342593
663	89.4990261341	57.587209353	14.6404078098
664	81.7842009939	65.7317899664	15.0050957102
665	33.8903004028	67.9725056878	15.1121714039
666	79.1230780187	70.2800219093	15.7832503795
667	37.3279320747	74.281152995	15.0686722441
668	69.9794354777	79.2122565826	15.7605093445
669	56.0459416517	83.2793734995	15.5595961248
670	66.6083520821	88.1047744649	15.0603482353
671	73.4388439693	40.1416894438	16.0461901021
672	84.8876285292	41.601780434	14.4882642712
673	63.9387002061	42.6043163582	16.2063999454
674	84.3055316633	74.3541228001	15.0581326394
675	40.4291501222	85.305581372	15.0794011358
676	65.5927419438	28.8706289038	15.0872921077
677	71.9021032434	31.1517147342	15.2316026157
678	36.5902326815	34.854644513	15.2241383287
679	58.4978894594	39.4280077901	15.7242941539
680	42.4484770118	39.5144858933	16.020383797
681	59.7423677436	57.945426076	17.572317912
682	55.3592907786	67.4607794784	17.5362811381
683	40.8738404135	73.5021508796	17.0051099228
684	35.121919058	82.0912659873	14.8186186313
685	57.2052778218	89.4442679017	15.3287472946
686	54.60199898	28.5212517916	15.6458248687
687	59.1038402638	28.6140527883	15.2483528436
688	56.3377547456	34.30274677	16.1220596347
689	25.0241370313	55.2286384595	15.0761853788
690	34.2391628253	57.8520335041	16.1138611405
691	87.8045549025	66.467196265	15.2901330369
692	46.9482572951	87.6575212411	15.7610441242
693	61.373261667	34.5746661024	16.16944624
694	66.9108515653	35.5962849508	15.8474539069
695	43.200831842	53.8237742129	16.3810116247
696	41.6506758057	32.2011614489	15.5729820236
697	47.2018419156	36.3984033398	16.1005825243
698	39.3244191588	44.513484981	16.5671975437
699	28.7889682246	46.4048958686	15.9951389944
700	87.6790701962	51.9926281321	15.8554081053
701	59.8797247559	81.5378998343	16.9213294326
702	36.7844616916	49.6995912793	16.8720366748
703	49.9392513748	59.0988938434	17.6379457646
704	26.3079342829	63.5525441955	15.9227386786
705	43.527364107	76.2596809683	16.8674726808
706	80.5124651573	77.6186031714	16.661611474
707	52.3192791075	80.5402156632	17.0756921673
708	53.373608334	41.1647753513	16.7965958737
709	76.8609085899	46.197266449	17.2738409547
710	54.1369602945	53.3627580435	18.6312327978
711	80.3996143093	57.3042527383	17.2209543922
712	56.1523494562	63.6124768786	17.9171614133
713	79.9851088628	64.0132382005	16.996889275
714	27.0708498032	68.0836432051	16.1900373949
715	71.7187780671	85.7590636929	16.3253919746
716	59.0290875973	46.6849268745	17.633061252
717	29.3476848591	72.1702918679	16.2820076006
718	52.7112848165	35.8817601751	16.8106677636
719	79.6413370338	37.9530192478	16.7066547376
720	48.1658313309	39.9005078368	17.6794892402
721	78.6378331098	51.5555542452	17.6784726475
722	36.1249735143	54.9304863844	17.3480491358
723	54.4414575247	59.9301652947	18.7577900176
724	61.4305871464	62.3940286649	18.6184476745
725	37.3451010915	68.9553151198	17.4701815039
726	85.3761998836	69.1371065817	16.8657042008
727	47.9002005286	79.0943984484	17.2025335168
728	39.5202382986	82.6263671096	16.9660234707
729	44.6208298687	43.0277023568	17.6880901652
730	83.7627077884	43.7514968701	16.7948841264
731	37.1297612129	63.6052674531	17.6527871124
732	31.2630169971	75.1074459531	16.6064583697
733	70.7099935215	75.9894849487	18.2696595637
734	47.0763075751	32.0613489033	17.165964205
735	28.5161883767	52.9297805238	17.5129732583
736	64.4668074269	57.7274925691	18.9502750107
737	27.0255643252	58.2966338021	17.1414842722
738	75.6976627286	69.6465777151	18.0396713936
739	84.5076436153	48.3676011437	17.8913230982
740	41.973920541	70.0584236284	18.929941241
741	55.0866010671	78.8407869829	19.2199781116
742	76.3307573413	81.3505272306	17.7810150298
743	57.5677273516	30.7335185481	17.6784341504
744	71.1891429063	43.5058681497	18.7519284854
745	53.431016726	47.853253875	18.5693658661
746	74.9589813192	50.3327821205	18.7150938011
747	45.6656368451	73.7374010776	18.5204128206
748	63.160895865	78.3224594504	18.5272059778
749	66.9540424945	39.3313025245	18.8215389621
750	31.9795941134	43.9523584226	17.9165538338
751	35.2740299909	78.6319062755	17.7238308582
752	53.8521785852	87.5072726231	17.7357231245
753	59.8092630242	87.093501677	18.041010213
754	40.167521913	51.2520358532	19.4061661233
755	85.9464227064	56.4406011045	18.5475504323
756	38.7365735365	59.2043481587	18.9034917028
757	86.3109571009	61.3016499982	18.2094655121
758	77.4321370233	64.3870356859	19.0352894666
759	51.2447702428	31.71993171	18.2454876413
760	61.4326110876	38.5610840918	19.2409456781
761	41.7458461021	46.4365190753	19.4326681256
762	41.390464797	65.2683956974	20.1064093203
763	66.3668419374	75.8799595551	19.6303481393
764	58.9501654721	76.8858490458	20.115753218
765	44.5808901825	84.1541043055	18.2289698719
766	69.9875009552	84.2044141422	18.6359276695
767	49.2709142455	86.2528450501	18.3465197718
768	36.4753901561	39.9397309248	18.5716287649
769	77.4514828658	59.5127025752	19.9118563041
770	30.2690687357	61.3052764565	18.8825692653
771	74.3609519291	66.7261998756	19.6109163873
772	45.4377733712	68.9144690578	20.5006020644
773	33.4259578986	72.4638878707	19.0403284098
774	55.5289023336	38.673395425	19.6518804243
775	31.413175955	66.4567060955	19.2894413382
776	49.3271459194	71.5086863365	20.9869007036
777	79.7164224255	75.447529326	19.1395475747
778	64.6529048405	32.6101598649	18.9708957209
779	70.6610997345	35.188359044	19.0933730935
780	75.6722330114	37.3350084156	18.7592111203
781	76.2848690613	55.5328930633	20.1123797639
782	82.8645180471	70.6481187437	19.3196364867
783	51.245187206	75.9392527207	20.1269799928
784	63.3240870809	85.5305847365	19.4642948883
785	42.2837925717	36.2294165522	19.258317279
786	84.0913259504	65.0150957066	19.4146975233
787	70.9914477249	71.1666637366	20.424084731
788	78.3800077877	41.6177427608	19.6651618094
789	81.1143837055	45.8369984293	19.7281170842
790	71.8352961281	47.7819506113	20.4395241243
791	31.7642001194	50.0066977685	19.6145781328
792	71.2708599503	52.399619983	21.2038285971
793	30.9159468956	56.0456085679	19.8735088684
794	41.9788456656	60.0026466253	20.6550650723
795	73.489799444	60.9530526502	20.8396293097
796	49.879083776	41.8757877288	20.1271755692
797	47.2580849411	45.4152624301	20.6150022306
798	45.7460708289	49.5593702341	21.3413790193
799	41.9744267488	55.6917522418	20.6097443555
800	71.0757373933	64.2426319472	21.8339532764
801	57.3561060346	73.4920425594	21.5287065674
802	37.4021598047	75.6426378548	20.2363359624
803	40.4616385169	79.7164526864	20.1282283328
804	56.2503889572	33.5722896429	20.7852625643
805	59.9593456398	33.5349137558	20.6418792256
806	46.641999065	53.1140442961	21.5202759898
807	70.1547586526	55.6748441705	21.8139240286
808	63.6319703971	72.6127181295	21.9803135253
809	53.5389720168	44.4549512531	21.723486071
810	35.0510176152	46.3119605554	20.7606342264
811	83.5753424636	54.3583089064	20.8182741117
812	45.4068577933	64.4870611141	22.2562802225
813	74.3104502069	79.0355504597	21.0272590431
814	43.6599459992	80.8279431413	20.8067450285
815	66.1082189367	82.9647332488	20.8993079236
816	39.4519498643	41.911653163	21.2594376676
817	58.1156741794	43.2781072502	21.8737280501
818	63.0237229891	43.7712766295	21.539689292
819	50.2307440211	65.8837952763	22.5317808357
820	57.5690210835	84.5230462441	20.9934942031
821	52.3236614774	84.8718768505	20.6940290882
822	66.5475447785	46.4042000146	21.9241091404
823	46.5855527165	57.9715356627	22.7298501131
824	33.9130968877	60.0333902181	21.6218816837
825	69.2674151775	80.8497256365	21.9189552355
826	47.8879430576	81.8668135214	21.4757509917
827	80.8414457276	49.5627122171	21.6773446502
828	67.2507059401	67.7576073715	22.4158160133
829	35.5310086255	70.8976085327	21.7414348384
830	53.490805636	70.6446884773	22.6056150864
831	44.5627260947	38.0835211728	21.3777874863
832	62.0992821045	47.9941755307	22.7597568545
833	78.5684866072	71.7235883004	22.0594879555
834	53.3030956869	36.2120038017	22.4807520817
835	34.657252169	52.6168430679	22.0247805635
836	65.3118177774	53.2510198835	23.2474847967
837	51.4944313379	58.6281078855	23.074558496
838	59.9409725406	69.1379300323	23.1452815634
839	65.8738247162	36.9834572365	22.4621861139
840	49.2978208179	37.3227361572	22.0077882548
841	72.4408862134	40.6148988516	22.3267822811
842	57.319916943	48.2896268828	23.1863772212
843	50.5362960556	51.3127488544	23.1171001625
844	60.6114296301	54.2940220586	23.4915281857
845	67.9329386042	60.2197058595	22.8354384025
846	81.9944737411	60.8310987902	22.0755112135
847	65.0486313542	64.6589364081	23.3039205159
848	39.6722570951	74.2492154414	22.3564066232
849	60.1765508203	81.6998137007	23.2136792764
850	76.0398098836	44.8756714855	22.7411684118
851	35.1543228576	65.9551941938	22.449276255
852	79.8597188488	67.0309201534	22.8171112161
853	75.2873644291	74.3782302333	22.6521184738
854	56.3364537833	51.3818653925	23.9497081275
855	53.1115394777	53.1871813406	24.0579673182
856	56.3420732203	56.4853931073	24.0978629159
857	63.9833169225	57.8612838843	24.4235407759
858	48.5988317903	61.6142565006	23.8400679773
859	58.2427472206	66.0770063312	24.0493381153
860	44.0826583432	77.0139925522	23.1088303716
861	72.3771041497	77.744043261	23.2877191486
862	80.098156081	55.0649633301	23.1805145973
863	59.123674032	61.2139126863	24.2670842263
864	53.7901662724	64.9687134915	24.0382899628
865	55.5181180436	82.4409269698	23.2007444776
866	50.8384538388	80.257091445	23.7170068565
867	42.4220605764	43.5719942645	23.2238302139
868	65.354831412	79.7172138763	24.2176551501
869	38.438948283	48.3489403021	23.2530714975
870	38.3500006514	55.489701657	24.3374570753
871	38.0133821621	62.1808572725	24.0115078493
872	38.7059200642	69.1229303081	23.6823206383
873	59.4140710643	37.7637239037	23.9326588906
874	46.012245058	42.1321386144	23.9400317894
875	76.7245547417	49.8784385905	24.1997289795
876	41.9428282532	71.0444214146	24.7124883387
877	69.6636112947	75.361342032	24.8124368465
878	76.7957022737	64.0933810715	25.1926360705
879	46.9769618693	75.2912779726	24.8444597058
880	50.7650717586	41.1382755401	24.5713985862
881	66.4497910624	41.0709962892	24.5916603608
882	71.6856473873	45.2183901744	25.1547802965
883	41.250059303	51.4158931699	25.1286906655
884	60.3845201837	40.9255687276	25.4764023196
885	74.035681609	69.6464001179	25.3559087461
886	43.8178763718	46.7657875947	25.3965815872
887	78.2081830313	57.3239371395	24.9177383339
888	62.5300504234	78.0148004347	25.4606758917
889	74.4232527712	57.8595637045	26.0049923516
890	40.9628481602	59.6179352692	25.8984430905
891	45.010992736	69.2922426341	26.3904034289
892	54.5209053234	79.1641521138	25.2587323301
893	54.699931529	41.5538950896	25.7799166603
894	49.912399605	45.7756563711	26.2598071458
895	75.0498609551	52.9014676069	25.745829214
896	42.1909219188	64.3966046067	26.2242175208
897	66.4351959141	45.4458709102	26.8033800446
898	70.5441412995	49.4901391581	26.4919712324
899	66.7510935335	72.6120917569	26.7632523874
900	57.0722343032	77.3710092602	26.2213635109
901	44.1036366252	53.2014427119	26.7226419125
902	70.7079372726	69.8716864251	26.6387046526
903	52.9833633878	74.9253771919	26.9422763789
904	60.501388125	74.9129669913	27.0240237991
905	60.7694762071	44.17091703	26.9081011597
906	49.3286910451	71.6362552879	27.3141476223
907	55.4467594686	45.6914608514	27.5099459282
908	70.3639392276	53.5276094595	27.4928846503
909	45.5663922589	59.2810377631	27.9034700171
910	49.1237219491	49.7445285134	27.7293407284
911	72.3863530642	60.8722549008	27.2506023749
912	70.1390868596	64.0205435171	27.8644603798
913	57.2334553951	70.5022915187	28.3666609704
914	66.2797322193	51.3555488056	28.107824363
915	64.1601945756	69.2662319856	28.1725341396
916	54.7810321255	49.4112122617	28.4408996174
917	46.9227438425	63.389867674	28.0172702772
918	67.7139440495	66.7034776329	28.188042993
919	68.3018860413	57.6782504374	28.2023106242
920	47.5543273027	67.6732113798	27.6987738388
921	61.9649131393	47.8352007419	28.2970544864
922	60.95817706	52.0767363384	28.8315422833
923	64.6349574543	62.6920774527	29.0631317316
924	61.5319735279	72.3232835851	28.109987136
925	46.8911172316	54.1179870627	28.1479275254
926	50.9580407928	54.2097597113	28.8927662332
927	51.7885896622	61.8789946137	29.079961645
928	61.792101872	66.5055989033	28.9904414686
929	56.9935445362	53.4537017221	29.1151249717
930	58.9940376826	62.0093938719	29.6154709189
931	57.0242401446	64.9517897654	29.4770238461
932	50.1725440955	66.1934810017	28.8343466746
933	53.2284329249	67.833598951	29.0759046476
934	52.5023957492	56.8498067585	29.1504544043
935	65.0213025223	56.9431526066	29.4374046387
936	61.1651035704	57.9920340491	29.3925142165
937	54.6143302214	59.5984913978	29.4124585614
938	57.6046932719	57.3767813895	29.7237394958
