1	56.0671460636	56.1172982224	18.0011552077
2	56.4026118241	17.6985058061	0.250296344219
3	52.9234302715	18.1335336161	0.328057357804
4	63.9581155537	20.7042656495	1.68285118947
5	45.9955788701	20.2868156712	1.08481891629
6	68.5711329509	21.9496700114	1.27911109614
7	38.7994346927	23.2996552209	1.12098752503
8	51.1915333259	22.9578464348	0.334311670161
9	57.8785046062	23.7114305069	0.75528857626
10	45.8195117729	24.9428844757	0.551152925112
11	32.5753966143	26.5554438273	0.935685845241
12	52.5200065643	25.9175294738	1.98051736396
13	61.6166670205	26.2831198497	2.66418035813
14	68.1002186837	26.1190944544	1.08714449943
15	42.5263552976	28.0592164348	0.974364427796
16	28.5844499092	29.2917804688	0.423467014971
17	64.4122426734	29.7515445374	0.996472416134
18	47.6025168473	28.6288952358	2.49803489495
19	58.220934231	29.8599616575	1.57656531008
20	68.6484498817	29.4169236002	3.08368196494
21	26.944273753	31.1105786596	0.414391070836
22	39.0950114398	30.4139020428	1.50627467323
23	74.8952951602	31.6213973507	1.71828253182
24	81.4534792386	32.7241347779	2.39938229651
25	62.6579905155	33.4539333268	3.44069416673
26	52.5218078193	33.397449819	3.73794811412
27	69.9619626928	34.7673084632	1.86668733579
28	35.92002503	34.7499802688	2.10824603435
29	45.3960233507	35.6674889231	5.91011560615
30	25.636883741	35.8977007488	1.20747078337
31	41.0174233045	35.3366346981	0.59463244896
32	78.4668303066	36.5559068173	1.7480889894
33	64.2206771406	37.7203918374	5.70795765242
34	30.6670330234	37.6371470501	0.990755118517
35	56.9181963295	37.6925845157	1.73865152209
36	68.5907623551	39.6783202097	0.521243544141
37	74.0489343758	41.1114668953	3.93304914563
38	44.3302644456	41.5903165278	2.12879917007
39	33.4731318894	40.4955728361	3.34894311693
40	61.3163442931	41.6580226528	5.71632937717
41	38.0342157487	40.5226857345	1.35402419297
42	66.6794963431	43.0585759962	1.84996244222
43	80.7180365126	41.6226678519	2.00858963252
44	22.5038416548	41.6000047026	1.27471923124
45	53.0710370397	43.7229312816	2.82449429659
46	30.3996476127	44.1157359455	2.07716155303
47	48.6591732068	43.8200098731	3.34045452337
48	36.9453190852	45.6730449719	2.22702096589
49	82.810892547	45.6912929811	0.864897448793
50	89.2195984862	46.0829521536	1.08965731667
51	71.1385999552	46.4637815366	2.79765969569
52	76.6701892394	46.7505228714	2.77544461454
53	41.764488151	46.6460052528	4.1596858829
54	20.3860199718	47.7080338464	1.02524101
55	33.6514810183	49.2118559111	1.62970536273
56	46.7393231416	51.3196214551	6.28298101293
57	27.8862365531	49.5372950651	1.50565014812
58	85.7868105408	49.2778598934	0.850289775135
59	74.3821884779	51.9904205072	5.74790814462
60	77.2079684527	51.4121400201	0.706145747041
61	37.7195039451	51.5847080321	4.10772124735
62	79.757624038	51.4156601686	3.09246911445
63	90.765019401	53.571003902	0.737903018209
64	19.9177097971	53.036669591	1.12060993904
65	59.9641843513	59.1967315457	7.52373006631
66	30.8816982696	51.6831661767	3.39912050151
67	83.9534008973	52.7892790141	3.7250661935
68	74.259043547	55.6268112444	5.52939892749
69	26.9617099325	55.4868117896	1.44193174396
70	48.8803687705	59.7525760528	8.59432609758
71	78.2279882815	55.7579456051	1.21089710606
72	86.3273077563	55.5105470146	0.92962409965
73	72.4190505523	60.3752671564	6.12351827805
74	34.0788762609	58.1746955401	3.06896469681
75	20.3053234774	57.7267810237	1.08076357558
76	31.1744038084	60.0230821664	0.761258622426
77	75.9282128792	61.1565949924	3.14397565793
78	44.6925984654	60.7671703723	3.14846867989
79	25.854505989	59.1423487305	0.672092163539
80	89.7453597278	60.1788908179	1.34944641297
81	80.5860439468	61.7152176799	2.40961942738
82	21.6316976982	62.2383043907	1.1847255316
83	68.6717995212	63.2576361632	7.2118126142
84	40.2277191112	62.5828163059	6.08389081553
85	28.29748103	63.9758839616	1.78853454875
86	84.9144618269	64.1851201375	1.2121902194
87	36.275257703	64.7942426731	3.07565554479
88	77.7207632657	67.4716181693	1.86278972096
89	83.0138000227	67.4606098336	0.730711751532
90	88.3794147766	66.6966781349	0.763449797647
91	46.5291181191	69.495083144	3.78312336926
92	30.2705848686	68.8419372047	1.56281402402
93	41.5052321331	68.3991649761	1.48968652916
94	69.630342511	69.7431805453	1.29025606021
95	38.0564661271	70.3167235377	1.67684546582
96	52.5176925704	75.0551364724	5.1694482126
97	73.3375904593	70.2894011171	1.69434607108
98	80.5843504754	72.6705317629	1.13706911442
99	33.5409788088	72.7259504614	2.0252088311
100	75.9113762849	72.6949654289	0.743240600004
101	43.0891037446	74.2980882329	2.14837340892
102	60.7462975029	75.1663749823	5.11655144232
103	28.2707592033	74.0272004495	1.02751008978
104	49.1445066487	74.1132785227	1.03106218839
105	71.7573276066	75.0146603922	4.85866972799
106	65.4713901644	76.8359612956	1.12111084967
107	38.202670082	77.6336185313	1.36493022077
108	48.5469880115	77.9881936176	2.00423295445
109	56.3809180309	78.3202281718	0.817528813072
110	74.5663456076	78.3510359427	2.20311313987
111	32.3324880225	78.1915535248	1.38322285055
112	43.1012119634	80.673678615	1.48126588745
113	68.7494217803	81.2578571116	1.628676511
114	65.0842675547	82.0534679346	0.918334879532
115	48.0757391632	82.7922466299	0.872167316956
116	54.2468135061	82.7856897108	3.51689935
117	60.3696692189	83.368233209	2.15053997515
118	65.367337949	86.7304136488	2.03080147403
119	41.7747456859	85.8441416838	0.573569340017
120	57.3144690265	87.7287010653	2.11989629944
121	50.6683349458	87.4025547232	0.968580972949
122	24.7179313331	67.8040692975	2.0532372365
123	38.337548907	82.4041036698	2.46274079306
124	85.2829631836	38.7321160268	2.2127820797
125	71.8821583879	66.6404334825	6.81198422078
126	63.0813456656	78.6918325448	3.72324674222
127	78.7270879328	80.2757304713	1.80632917093
128	37.9565576885	74.9140638448	4.58965438263
129	50.7293375507	38.9025710474	4.64957183345
130	84.2063640574	59.422491594	4.8329919205
131	68.1250583719	41.2474431385	3.8539858418
132	74.8570590376	26.5915827769	2.56944631203
133	39.6780784447	36.8940261123	4.02175617072
134	40.7692705628	41.4520168137	3.44955572237
135	57.6112033624	78.7868040108	4.36016639799
136	30.1494829352	32.9819947832	2.52865339671
137	80.0284428059	56.5646836243	4.35125590275
138	82.5717737323	47.390751187	3.20964526521
139	82.5155952723	66.1626962025	4.74313704118
140	24.537397357	45.8302536286	3.10065184177
141	29.4425912701	59.8659455585	5.07778624214
142	33.7250325871	69.2524406282	4.51770455886
143	43.4227084846	79.1373225071	5.2133263535
144	48.2640474966	82.3389458328	4.3002767643
145	42.6783526241	31.6673801118	4.53383050312
146	45.1819412662	85.6852567231	3.34575318961
147	35.1199827944	29.366591793	3.37674725157
148	31.5389552113	64.5078182171	4.70755659492
149	76.8688742573	73.7744952795	5.23938433195
150	82.2061045417	76.1846141147	3.83787305084
151	65.3858024373	82.5297322049	5.17956917833
152	54.6056040151	22.0785091634	4.0975746063
153	48.7738598557	22.2752252399	3.30876104126
154	41.5011048604	25.4838821835	3.83631670414
155	88.6446523597	53.1988333672	4.36707997613
156	80.441210728	71.2379100358	4.87249616768
157	59.8552385253	21.7150795921	3.98871542315
158	54.1851820991	28.0169839954	4.64328921101
159	75.1841477556	36.3120888801	6.06235281317
160	34.1917265814	78.4058772584	4.26298957503
161	57.1751221183	36.2380841923	5.98859413165
162	27.1538372471	39.7042873361	3.69278672322
163	29.7479602953	56.0172113884	6.87099029045
164	64.1031470501	65.4337533934	7.74988563728
165	40.9287035431	69.2768716583	7.31824771305
166	72.824882141	83.6324364871	5.19850564417
167	70.4811371638	33.7300935885	7.35456229326
168	23.8511577906	52.1598009814	4.18152856843
169	35.7934299774	59.2778197283	8.81823302624
170	86.1029282241	69.4520782752	4.91229835757
171	70.4497683336	78.8461832756	5.61856860863
172	86.0455538563	44.6433194924	5.34689525333
173	33.935033274	46.2416158333	7.34698606087
174	23.9408192809	59.6881547879	3.99793977513
175	88.1689089299	62.213182058	4.92065326543
176	73.4888201573	69.5129345057	6.80648973704
177	67.2141392203	24.8636717862	5.74259313094
178	79.4847531955	41.8309514079	6.11453999337
179	64.0519813922	30.1827713483	6.51763427095
180	58.053099845	30.4217252067	7.21540401599
181	81.0841166731	47.9399296235	7.04147214224
182	49.8373979932	31.0737085219	7.62368099079
183	70.0413922417	39.3722677498	7.33043535417
184	60.0642997805	82.660725256	7.57120607688
185	42.2505304894	41.1340501613	7.26525082232
186	56.0852755565	74.9602634988	8.23299171737
187	61.4186593716	87.4466532677	6.1688931323
188	81.4410864666	37.1551022695	6.92470418322
189	46.7619216154	44.3209049693	9.85022784371
190	31.8804198923	51.7503685276	7.68372061305
191	31.9962101384	36.3404498384	6.85608686616
192	37.2575621365	42.124885472	8.42117673266
193	29.1482882377	71.618457099	6.47706414817
194	75.474792835	30.7777050257	7.01453545095
195	73.8520716327	47.6546678896	8.78101315059
196	26.7712368161	65.6202867525	7.14156382169
197	69.3151702651	42.9180344161	9.09558135633
198	78.8002686523	67.6980669859	8.50759111591
199	40.1702222053	74.5961230812	9.70467368732
200	46.2428698201	74.3762666868	8.26892783751
201	55.7260644321	87.3572648083	7.19479681619
202	82.8299186705	54.7563637722	8.72576419616
203	35.5344521345	70.4136510971	8.53622389016
204	77.5513925387	79.5805424463	7.35761220903
205	42.1715382726	83.2324944482	8.10231262366
206	28.132183719	45.0238571441	7.65338192142
207	67.0411785011	86.123446572	7.80894722571
208	38.2903020676	36.6679817518	7.64163186173
209	68.9319674463	47.3608938478	10.8080392809
210	68.3587242282	79.7785573961	9.43732047435
211	52.8877903504	82.0947698723	8.84704800624
212	44.1962004198	27.3253108413	7.75339265381
213	32.9839400606	65.8023920444	9.09412887615
214	64.5552362017	33.1997084846	10.5964569651
215	81.2880617275	62.09472574	8.74104678152
216	32.7613450705	75.0438774424	8.4686021761
217	44.4721223204	78.1585118024	9.62381695715
218	37.9330903408	79.6171545231	9.19047378292
219	44.3360997989	64.7597682348	10.268887843
220	37.5797197405	31.9462911822	8.52500932194
221	51.6354440987	40.0379075263	10.5734475101
222	63.9706755998	42.5757091616	10.5445695858
223	52.1204965764	44.8791431584	11.4921720757
224	80.3960492311	49.9130428516	10.3967048859
225	79.5656222974	57.4487259812	11.2842902444
226	47.0074828435	71.4540822976	10.6784100596
227	48.9168894662	79.6042799376	10.6735828854
228	63.8622747892	80.4737367028	11.0512728028
229	49.2393182083	26.2597753769	8.8150395281
230	77.9739645529	44.254899694	9.71976904955
231	32.8399765334	61.6396820062	10.8379135169
232	57.9404256999	81.2889422539	11.0091721159
233	65.7845011381	46.6336180627	10.6727444189
234	33.6714466501	54.745924827	11.3843577174
235	87.2631671582	56.0643549053	9.65393141086
236	64.043192065	57.7877615323	15.7809990008
237	49.2686342784	85.6518683921	9.62540191262
238	55.5044993885	25.8949016527	9.19228168549
239	26.0635858691	59.1710040923	9.40676108366
240	81.3176497325	75.2668523006	9.39675429709
241	36.5549500307	47.7111301467	11.5600951732
242	48.7582340236	35.2729016545	11.8328295347
243	38.6273029609	51.9899109328	10.1655041328
244	70.6819165134	53.0021790044	11.4041126519
245	36.2457645518	66.6138300437	11.4386143181
246	76.5983114334	70.6221951543	11.3167152597
247	57.1325690109	37.7157338298	11.1260523635
248	67.9208191558	28.5650012485	9.82186637151
249	74.7703627926	39.6640693991	11.1276885331
250	45.3514392681	40.28111095	10.2222172725
251	60.8027941136	27.4599017536	11.1062144491
252	79.4886692532	63.3954331133	11.952601577
253	84.8870020167	48.2682106801	11.4903134967
254	27.1301619368	52.7182060692	10.5013144863
255	79.3363478687	53.3692333365	11.9791960924
256	60.9642853873	86.6553897979	11.0105037011
257	69.321879744	37.2071256091	11.8136801989
258	40.4840395808	40.3619975754	11.9555347358
259	33.254520516	40.0618157747	10.9652708788
260	43.0043277117	52.6261579258	12.1632240809
261	83.5332552219	70.8795612015	10.864860488
262	81.785975154	40.975315705	11.1942232602
263	42.4941155607	47.3857728653	11.1913568824
264	73.6469772854	74.0886233863	11.5259830382
265	76.743683965	34.8030793166	11.3301665172
266	85.4505292993	64.9164692228	11.2606122856
267	58.9171136886	78.2847538983	13.8105610445
268	60.7455651285	59.4293699362	14.2793872339
269	71.8214933047	82.8002972278	11.7274527435
270	60.6293250505	36.5192090716	14.2911201214
271	48.1664312566	49.9886341483	12.6841336502
272	77.1375516647	46.2651671108	13.1831632134
273	64.3552001138	77.5146967136	13.7664964192
274	57.5865784393	33.2082956198	12.0998647528
275	75.2825832788	66.0721437913	14.338577323
276	54.7235610872	51.4633052577	14.1449412967
277	45.7641665551	54.9528930901	13.2706326839
278	44.682006458	30.9645382385	12.4859646705
279	76.0609612274	78.5847730831	12.3293636285
280	65.7880626608	84.8585524744	12.9073341661
281	52.4199346626	36.2113979132	13.9310238904
282	29.288690875	65.5624825405	12.669581134
283	38.5822164236	69.0015896231	14.0110077111
284	72.5397244813	71.3377600216	14.2694766147
285	52.5604519146	29.907642858	13.4896621131
286	71.4070967263	31.7962818804	12.1871754562
287	47.9815185139	77.126121992	14.9550042855
288	53.1073965225	78.0511940797	14.0009878538
289	54.888295595	85.6165527401	13.7187908658
290	85.4812960846	59.1647506203	13.1233491819
291	77.6423387037	59.7346333088	13.9777205052
292	69.2595282341	73.9146689169	14.2555543254
293	43.6504216085	74.7677582718	13.5626819081
294	39.9293864405	44.2473442075	14.1555637895
295	30.9086102656	46.8730172084	13.0252442669
296	32.7008427316	71.889242235	13.4538887108
297	36.8644038973	77.1672595655	13.5260021788
298	73.5519583785	45.3641741814	14.7129224868
299	28.81478655	57.9803468121	13.907654848
300	39.3063623638	35.7959020901	13.6569319415
301	46.3692211069	40.331819778	15.088301503
302	76.4478259634	51.1654096319	14.5606322427
303	41.2454631697	72.6757543595	14.6518222902
304	64.2611350817	38.6416809211	15.6246446053
305	45.820681539	83.4330382435	13.4081910165
306	69.1512420274	40.9843100644	14.944017609
307	74.2838849913	62.4439693204	15.4782448363
308	79.9976769169	43.0372734438	14.8793397801
309	74.0384593752	58.5996120238	16.250102666
310	70.3182393801	67.4242214516	16.2776164634
311	43.8764313896	68.5835544524	16.3913000075
312	79.014617356	73.5614161144	14.6850187631
313	66.888767728	30.6970502442	14.1417659972
314	36.1057877888	55.415106327	15.4125103966
315	55.6560638367	74.9339419665	15.7965724972
316	74.4225657379	55.3870062533	15.8525565816
317	37.8718730792	62.2548172782	15.5767777176
318	81.8267559442	68.5602437739	15.0724907566
319	75.6411445664	36.8324689295	14.8751266822
320	83.9658810448	53.1558796004	14.8784414326
321	62.9214469648	73.9440347098	16.2290894265
322	35.4436141403	41.4554136247	15.0193750258
323	70.1259335162	59.017790525	16.5898147439
324	46.7486774459	72.8165932813	16.9320989878
325	51.3793101804	73.0238641362	17.1999820277
326	44.239949927	44.4272056455	16.7584139579
327	71.0111700454	49.4980180131	17.0596339886
328	42.1061310179	49.5357310222	16.8913384222
329	37.9683140505	49.457306995	15.5250598215
330	65.9394189139	67.8000556756	16.8446808832
331	42.2368385364	80.3482724277	15.720546649
332	83.3804914008	59.9974047336	15.819142514
333	64.9554494689	62.5947311	17.9888609285
334	44.7127698667	63.8678618591	17.7733320114
335	41.5487089488	65.1031337427	16.2157977401
336	31.7173562453	51.549821321	16.0802705508
337	35.5402879894	73.340548846	16.2842580478
338	66.2472960323	44.7212546881	16.3653282503
339	70.5721809087	45.139305956	16.5541458585
340	68.8839441446	33.3852605121	15.5660127912
341	58.8994728372	40.1420706328	16.7104692655
342	41.2159604801	60.8096975993	16.9960946681
343	54.5526601494	70.6700984426	17.7315586102
344	71.9841879034	78.4238940992	16.4908441619
345	60.7099187947	70.9215914818	17.6757101559
346	47.9372584184	82.881588993	16.4629376962
347	39.3933877852	54.8394832169	17.4033809259
348	30.806350203	58.7843936457	16.8081518289
349	68.2799932076	81.1593076069	16.2581493364
350	59.7724564743	84.1831759997	16.3675310197
351	54.8307120398	37.985406062	16.8253944106
352	46.5534143682	47.0682784346	18.788269439
353	64.1191195164	50.2174792372	18.0644987213
354	67.9239633433	53.5407591607	18.6607360453
355	68.4474795768	63.0893897514	17.5932429705
356	48.7018610803	68.0809032519	17.6256692664
357	60.2314163275	42.7301412311	18.3559920639
358	50.1936155044	42.2287727098	17.7425944018
359	54.8542517202	41.6034063334	17.4743769849
360	62.8293442331	45.821287985	18.3969020239
361	61.0591144315	32.367439639	17.5044924819
362	34.838203384	45.5146574881	17.3613902894
363	51.0016774019	48.5141665099	18.9962303743
364	81.0440503475	48.4210471288	17.2744260163
365	48.5339084271	59.4413796477	18.7219827312
366	80.8492330407	65.7103142714	17.4836320319
367	75.2904366606	74.9997908066	16.9050456898
368	45.6425165265	52.2333271396	19.3300963489
369	60.4336542067	65.8455498921	18.7966823626
370	63.046761423	82.1069340898	17.8616022866
371	54.6243162978	32.4592960424	17.5117760653
372	48.7940781626	34.5052205233	18.0341489135
373	50.4664588344	65.4035708575	19.1892763688
374	33.6176289547	69.0119192713	17.059586783
375	43.7748566343	36.7660358716	17.7978553804
376	42.6583736689	57.0086564248	18.3687878009
377	56.3362405977	67.1967015341	18.7891377103
378	51.6440216424	53.1234069912	19.3522760065
379	80.9130325421	54.5884101812	18.1391560608
380	32.6574121641	64.3118232903	18.2291400238
381	77.0280718747	70.172068657	18.5159765614
382	54.4213239096	44.8988586704	19.2242546821
383	58.1294765475	47.4356013374	19.4732045298
384	56.8777271759	55.6277420214	19.9566589483
385	75.1905422187	42.0921690754	18.574640996
386	58.0673550606	51.4246065855	19.4686333215
387	58.830184787	60.9135338922	20.164766912
388	47.1133348261	55.1310603834	19.7861623178
389	55.5681197712	63.1031500805	20.1404663797
390	40.7026721708	76.696375213	18.829649786
391	52.7937893943	82.3167557845	18.1690557521
392	40.4858054184	41.0562869471	19.0712543036
393	80.0937041464	60.8409984033	18.921009811
394	67.5046822465	77.7563692842	19.3836392201
395	71.6559137189	38.0553842282	18.7490649372
396	56.4277644008	79.8026711847	20.1825164969
397	52.4574194197	59.3649809633	20.4287454795
398	78.0968112716	48.24270406	19.3315916571
399	33.3404222037	60.1094265915	19.8355673146
400	66.9997252052	36.3895199413	19.3465373625
401	45.2322928349	78.4856831749	20.2360390126
402	36.8007268167	68.1454249396	20.286213475
403	39.0910534778	72.14842523	20.2845721477
404	72.2318009647	73.2077780089	19.9634775662
405	77.423875877	57.9859013315	20.432740628
406	36.2960971435	47.8414880871	20.1603934701
407	33.957312018	54.399089043	20.477169858
408	61.0552881054	78.5550912489	20.7562554659
409	65.8076589125	74.5819157973	21.2078763976
410	75.6140641229	52.1538279877	21.2996863607
411	72.6614426613	69.6968119702	21.2544660203
412	52.1992231088	36.9806241085	21.4515143718
413	75.1183726758	64.6082126017	21.0496612787
414	52.2172330528	77.5187371208	21.4708269863
415	59.5926860399	36.7335379813	21.1956926268
416	68.5113629189	41.8959362195	21.7805536722
417	73.1970345773	45.8507774606	21.6041829955
418	47.9732321476	78.1712274498	20.9921055421
419	40.5083903894	47.3445348161	22.6831233167
420	72.6396819946	60.7075410524	22.6849293722
421	57.9860221921	75.1013293253	22.6291071122
422	51.0193681995	75.0616549309	22.8176115918
423	72.844725967	55.6399695581	22.6329644029
424	45.9308094538	41.3563563212	22.521738421
425	37.5558669166	59.0152025662	22.7985209737
426	43.4319854299	73.0978569903	22.387408469
427	37.1804046608	53.1692019061	22.7220618206
428	37.8923811603	63.6454872546	22.3251274877
429	69.4887290156	65.5483067771	23.017826337
430	66.2950404308	71.331963494	22.5400558147
431	64.1283557648	41.1075073022	22.8262127135
432	67.7442967683	59.9082346067	23.7302993517
433	56.6590447049	39.2819630717	23.0671723474
434	66.7672213222	46.2866534817	23.7524011564
435	65.358734696	66.5658847805	23.610292932
436	41.4687917151	66.9824062894	23.2229833997
437	62.5877065788	68.4925761806	23.9652294575
438	49.4290300212	70.5388857083	24.1925705637
439	59.2736238633	70.6953119297	24.1446238773
440	45.8686317572	71.791557712	23.2269021229
441	41.139971293	54.1316274001	23.9186462553
442	53.035332722	42.2879592211	24.2978488937
443	44.6290618736	48.86895173	24.8030370176
444	69.8042518877	51.6824813975	23.9430946571
445	53.2074051547	67.8735057419	24.7929867623
446	59.1828441325	43.3124788495	24.4658021807
447	64.7293216026	50.2155095969	24.5395684577
448	49.1868762905	53.131335863	25.7898569704
449	61.8141201675	63.0941733651	24.8882361796
450	48.7340928332	44.4541298128	24.745039731
451	54.8740851446	46.9872961235	25.481884941
452	42.389876394	60.3914163208	24.5775545731
453	45.3447657856	65.5098939068	24.7232420855
454	55.1795452119	72.4433451708	23.9473540895
455	61.8335781893	45.7539648472	24.5837357791
456	63.7129199657	53.6487076397	25.1668437487
457	50.0883261671	48.4034134113	25.6632989055
458	59.7104663576	49.9069977149	25.5506919147
459	44.5582385518	54.746602755	25.4041315235
460	59.9309435601	56.4976339301	25.8214755176
461	46.973182045	59.2342602435	25.8054569742
462	56.5412924635	65.4833544492	25.7009473743
463	54.8016573271	52.2781216986	25.9596632069
464	65.3028773195	57.86483678	25.2575570118
465	51.6310833191	56.1669683144	26.3864708743
466	49.1133985328	63.8237440289	25.5979903172
467	57.4370243776	60.9345156795	26.0184186016
468	51.9793816953	61.1721393238	26.5556733573
469	55.1112409812	58.1750886486	26.4493175258
