1	56.8267760387	57.3085342036	15.5241443672
2	62.2143049922	14.9344717478	0.463576138958
3	52.2832601263	16.0648337323	1.9772961057
4	58.1195426226	15.9874815603	2.05654567371
5	45.8591417317	15.9640282543	1.27564602653
6	38.4995729608	19.00206789	1.44124332422
7	48.8561959726	19.313569503	0.677129056462
8	58.9016464229	20.1726829846	1.02063662455
9	72.3439951765	20.7852529012	1.02303640792
10	51.6827812938	21.4599764497	1.86283372911
11	44.7728601682	21.5983184452	1.06617636664
12	32.2193971378	22.7355590926	1.33662961383
13	66.6975447268	23.4806603358	1.36741510044
14	36.1300458101	24.4314850884	0.45734799312
15	39.7969679086	25.0575767732	2.1374300976
16	26.7893965099	26.3483099374	0.903499880604
17	49.7003891679	27.502553866	2.51765854605
18	60.3740321475	27.54578138	1.87669473521
19	73.1639756878	26.1579611886	0.487003250294
20	79.0797697207	27.4891929667	1.03015304336
21	32.7138052249	28.0091768762	0.722794731292
22	43.0419250801	29.6330310952	1.59944340241
23	67.3668279588	29.3970066199	0.917981332442
24	36.5024102591	30.2886196767	1.59797614159
25	61.7478713078	31.9215809104	4.23681923948
26	49.0125015148	32.8280397666	1.75467295736
27	83.0721515979	33.121623667	0.872305499486
28	23.8051205788	32.7905577801	1.50277645129
29	30.0040760865	33.9787612808	1.74749997768
30	41.7270983722	35.5050130258	0.880940773705
31	65.3406681152	35.8254108035	1.94683519197
32	71.8199657325	36.1146680876	2.76657569729
33	37.1575862462	35.4405696015	1.34790085213
34	19.5457467303	35.2567737536	0.235012144238
35	53.6229171954	35.2823843454	0.363520647426
36	49.302182436	38.3515348161	6.2346124153
37	26.8599765049	37.8171804082	0.753957063995
38	63.7312161958	38.0079913106	0.932751828925
39	20.6492345358	39.0881691573	1.39471819892
40	33.5514630604	39.3955876997	0.967222745843
41	54.7249757755	39.7608423686	3.35026743151
42	68.946986361	41.2793243067	1.65630329913
43	74.6443591014	41.6063305598	1.80825777411
44	80.3625770093	41.7175511158	1.38737757588
45	41.9492859783	42.0921714432	2.81225550195
46	30.6378368438	42.90127102	0.507515627208
47	25.985886451	43.3985465136	1.76811927894
48	60.9051231696	44.1613340587	5.16624118576
49	33.8429353399	45.343518514	2.56448310615
50	72.0929096724	46.8945725046	4.08478742287
51	40.4289643437	46.8324851387	3.31588540209
52	77.1682761735	46.4805630352	1.99248638657
53	86.3712068076	48.4359159804	2.02796191079
54	58.315707916	52.4648191133	6.45534891763
55	51.0674911964	47.5370129955	7.86020571108
56	81.7419281942	47.7744813461	1.97938729253
57	71.5584426955	49.5757912245	0.948342963165
58	22.8158757924	49.3938404896	0.489220852305
59	37.3972543605	50.3939282405	2.18063207714
60	42.7033342614	51.6958614382	2.74775679602
61	29.7627671187	52.0437529303	1.66739103903
62	77.2503382041	51.6817835446	2.68800812414
63	67.2297815923	51.7006955829	5.24230932371
64	46.7083564998	51.1022705086	5.30451843804
65	81.5956756973	54.6998796411	3.07865798345
66	25.4375087432	53.7737940703	2.64383963419
67	19.8384190602	53.3598314709	1.64981687318
68	35.7962589968	55.0518133576	2.00027908062
69	74.5107961769	55.3034561523	2.49431685983
70	70.9546131465	54.7671571731	0.422574508789
71	77.6796868595	57.5283036345	1.26527808264
72	53.4716262592	57.6684954993	6.43083099453
73	65.4694246073	58.255114035	6.11137050887
74	24.012132004	58.2245737077	0.405196989771
75	73.5565529227	58.8005367465	1.80499661879
76	32.4082621691	59.0771693799	2.14140863769
77	37.5087360756	58.5785154319	2.32787526285
78	27.974784178	59.662144319	0.271742598727
79	58.7105183946	62.0329048735	4.2503749294
80	42.6805893269	64.5089814843	2.30040172333
81	20.5005624804	61.4112529116	0.720662455652
82	47.9958295519	61.732715835	5.62217351559
83	69.0777899213	61.3873522518	2.28852957636
84	74.7734613893	63.0987931293	1.13114254413
85	29.4972743355	63.6067353167	2.19598875777
86	26.3361053592	62.7756557266	0.362250358617
87	33.9816155591	64.5886358167	0.875248351134
88	83.7707519328	64.9105398812	0.986879983563
89	53.2034991941	67.6031288262	4.81469713698
90	70.1358417762	65.781245518	0.752318419554
91	29.2393724108	67.413423396	1.03910544472
92	57.5639079884	70.790945294	4.40921689631
93	73.7921863687	69.2850461187	2.96484463375
94	39.3196253924	69.0584660772	1.16200797672
95	55.7482840216	70.0189671101	1.56092444036
96	63.3769229592	69.5115996856	4.4598700653
97	33.8112613817	69.6368566524	2.21300558726
98	79.132831386	71.5931875589	1.65547120525
99	43.8972441537	72.5051271085	1.3749880997
100	53.7356086156	73.9461602654	2.07358459347
101	71.6119054576	73.7327632154	1.16386878258
102	59.7334611755	73.9427889648	2.22500897643
103	38.7078208581	76.3505676325	0.548047606649
104	33.9822747845	76.8589420154	1.06593361324
105	50.1994984695	77.8524274062	2.11652607429
106	56.4588876609	78.8232916844	1.0707414508
107	40.9489951217	80.5220393009	1.66051206381
108	47.0546728916	82.0593854509	1.30379435087
109	61.9891629635	82.075861864	0.725706573041
110	53.0867568323	83.07464442	0.747362963223
111	43.9790616542	77.2820760569	2.04742515705
112	20.0480673575	45.5571926065	2.01501253817
113	79.902424873	61.7132912173	2.34864625485
114	61.465262377	78.0007051013	2.61328671863
115	69.2460155835	79.2454532656	2.57911087814
116	37.5872904864	40.0980602015	3.62857949129
117	85.6276470416	57.463280103	2.40633295486
118	68.7104742217	69.6564667929	2.27097692928
119	39.2542226612	73.9502497332	2.76104620858
120	58.8768692264	36.6689978389	2.44023383165
121	83.8776250543	39.4465502236	2.66551549994
122	66.7152371668	74.6881340557	2.68336559264
123	61.7236135844	24.1102647082	3.27967745415
124	73.6271734708	30.6773999432	2.79448641804
125	29.7555526015	72.6936150757	1.56922766955
126	30.1592620163	39.4451428962	3.31138147946
127	27.2123374064	58.4742977024	2.77147531831
128	77.5540755821	66.8317956042	2.2436129823
129	45.7504177303	37.8247715116	2.0333448658
130	25.7310993704	49.6141088786	3.89645433327
131	36.9974129073	64.1714072536	2.71039823985
132	77.5837993504	36.3159999932	2.81556559773
133	24.5493582993	66.1479254122	1.91942576769
134	68.2579840127	27.8524778265	4.48521517792
135	32.3171901227	52.3186394756	4.17627056615
136	70.9720574564	56.449322365	5.38302360266
137	55.5078154832	24.1120056955	3.69385219162
138	54.6616932358	30.4060652021	2.83350400606
139	78.920302396	42.6475706028	4.34451145781
140	28.0652852844	45.4453512357	4.60678591196
141	72.0742991477	51.3512575463	5.35500214558
142	65.0415519229	18.787136549	2.54600855098
143	79.4286629735	31.6704592079	3.66819099989
144	67.8223539629	33.620532839	4.72562004669
145	38.8510040614	34.7755698024	4.20652037108
146	57.4444416058	82.8243985348	3.16916654838
147	46.9056202917	24.5738440714	4.37767666823
148	45.763658418	32.7364596643	4.19554990061
149	71.4879977671	42.3882950338	6.21107685959
150	70.5847840159	64.8109009582	4.42497762834
151	22.6158532301	59.4198857884	3.72287290315
152	48.6408649598	68.4938662218	6.21553317938
153	28.6932369735	29.4942175602	3.53794513453
154	52.2583216351	70.0690461419	5.61623584697
155	78.5500541047	57.4133461029	5.64666171638
156	76.5266794851	64.1610952813	4.56464094346
157	74.2266656622	75.1780991979	4.3434760566
158	56.1497070547	78.0073474736	5.06817062826
159	43.0277585667	37.6496798142	5.80018750313
160	73.4287037469	25.0147692395	3.74913144219
161	24.4357720097	38.2491490726	4.40152330075
162	83.156518375	64.758420799	3.70474099008
163	33.5937011675	35.5974662179	5.07345908166
164	46.6224276139	19.4981732124	5.16593970613
165	59.6996601015	57.2752706152	7.39662790816
166	31.220370403	64.7233666863	5.71129973815
167	63.143700419	81.6221745194	4.79171914711
168	41.3145695671	20.6467913608	4.43794630507
169	41.9803741166	69.2650387613	5.71990977635
170	66.8462392449	37.3128777129	6.71356706968
171	80.4432212472	49.8398206857	5.82547285762
172	48.7634087035	77.2256606279	6.31660635713
173	51.4622660399	82.5939581467	4.36044856455
174	35.0195217666	30.0665498286	4.61039836951
175	34.3740866285	25.157183383	5.07211277497
176	35.7125640037	69.1093452525	6.8088891148
177	64.7239068556	75.2156943004	6.7679230602
178	41.1791764231	29.1096212327	6.4052502435
179	28.6676765338	59.8843834861	6.24405784723
180	40.2450575267	59.1524352268	7.69483381433
181	25.1902087688	64.7085103701	5.69232865626
182	28.2668741834	69.1636054724	5.30295157631
183	58.0383287314	34.6555395928	7.49201559117
184	52.7775810203	35.2188362034	5.40879157679
185	62.0357318825	27.028529484	7.4219516162
186	48.403768852	33.5359768775	7.78808517698
187	34.9360617749	58.1258091175	6.91845705651
188	56.8914845784	61.2196570001	9.38960323752
189	34.8169947001	45.7074616498	7.55193343697
190	36.7107167789	63.1946143711	6.66003556826
191	63.7630657501	65.3431007785	7.57058245276
192	52.9568808105	19.2606357019	5.73071985782
193	75.8431818955	38.678941581	6.79396473663
194	40.399726417	53.004282757	8.49536416772
195	69.321536439	71.6622932982	6.69132159713
196	39.9512604197	72.9246042031	7.11688552744
197	37.7188873045	77.9399218861	5.085330402
198	65.5057782579	22.334454485	6.3780647286
199	75.6476129368	62.5622248508	6.97082516253
200	42.4792821807	66.6967670231	10.6882620804
201	78.1998025538	70.9021775861	6.35112049875
202	53.8134194623	76.4786910942	8.06666484751
203	44.846187198	80.6397338964	6.59882326606
204	66.1640224593	41.8740158307	7.96226542047
205	44.5511093992	45.7661241983	6.84315320835
206	33.4080131145	74.0788712722	6.13588516616
207	60.0067743107	75.771816655	8.09257437216
208	30.0229091886	40.5728312291	6.67357540452
209	78.2169686925	44.7013667625	7.53859394051
210	21.8000046701	52.6078016083	6.00298745664
211	83.2821505407	43.1259492435	6.83595611522
212	84.7649811343	51.0142976828	6.46203429027
213	68.4666083823	62.4880962343	7.5404151806
214	54.1504414018	31.4282520723	8.19134355963
215	36.5275441606	55.3263008228	7.13408201104
216	41.9696190773	33.6178291747	7.33116859829
217	61.1759549845	36.7240505259	8.15749113705
218	35.8836631492	50.5144744724	8.21311464132
219	22.9333109705	46.0071643429	7.07939750737
220	56.4362172992	47.3030907053	10.4145019638
221	58.3219209879	21.0175961591	7.36939732125
222	36.7525673763	33.603284027	8.74401686611
223	38.6411969194	41.1288485991	8.68440781037
224	76.89332445	52.4517661248	8.73702846491
225	29.5118764167	33.2096349422	7.4556554869
226	72.4710468427	33.8459091955	8.07588811222
227	28.4480715798	55.4361070386	7.8894595974
228	58.2558598228	41.435576902	9.50438646506
229	63.4556306889	48.3814319202	9.92304132016
230	73.4348482098	66.0629223714	8.54046982214
231	56.7347177551	82.0023842457	7.8859471494
232	66.7582021541	31.049549904	8.99875261989
233	32.3174047143	41.3047240389	8.80341933219
234	67.7902070681	46.3462397583	8.59561170138
235	44.601585615	74.5973539079	8.07980895488
236	29.3861329788	48.3027694895	8.41568937611
237	82.6660420134	60.2249337001	8.06604616948
238	79.6778798334	35.3091780114	7.83336116144
239	76.6890109532	58.6300121505	8.92300330058
240	31.6410236037	60.8823044012	8.76088525671
241	80.4448785256	66.3223038226	7.68305944665
242	74.3998080682	28.7827802675	7.93186411537
243	45.4177049765	28.6229409694	8.80797126179
244	48.2341479062	55.5811777614	10.6206072097
245	70.2299835016	69.4089683137	8.70635940003
246	54.7943231902	26.7359980933	8.98365612165
247	44.3004767636	43.684403708	9.9312328042
248	38.991657387	46.5191455648	9.42965706573
249	47.0125947617	64.9437635611	9.37040006195
250	68.0458867613	78.3324173856	8.5065404089
251	41.4292078392	24.0643574006	8.82793828599
252	69.2300627102	25.602606618	8.69449714359
253	39.0449693912	69.5619910736	10.620731735
254	72.5017851753	74.1534966574	9.15502388874
255	61.7578189342	80.2722842622	9.6447246406
256	49.5961399851	23.0655595188	9.866966114
257	76.7789331855	48.3413445463	9.05591066071
258	54.4336918236	37.3184587865	10.5894255383
259	43.6773002852	38.698120642	10.1793673808
260	26.7189942137	40.1250570303	9.54363433684
261	41.8307348227	49.0506913245	10.627858281
262	49.6808561284	73.9744012485	10.1469397625
263	35.7313545299	28.8538025612	10.0832027953
264	70.9958314202	39.8712675086	11.6039801905
265	74.6501586308	40.7700588098	10.3155641054
266	49.0847483626	29.6125108709	10.9427618949
267	82.8749845644	54.1870464291	9.8856791513
268	47.8314252822	71.8978369764	11.9826611977
269	54.850579641	73.4995672497	10.7858754616
270	72.1165422256	61.3361551398	11.3532436847
271	65.5092134364	69.340055795	11.2380392632
272	32.0971946247	71.6321698009	10.2743047822
273	60.5083925305	72.7701002233	10.8588998524
274	41.1547714828	78.2669853624	10.1942685532
275	73.7689965962	45.9102364973	11.6206426259
276	30.4340362043	55.2050602689	10.6349290609
277	50.4131342278	80.7735092243	10.5623713306
278	24.2820961695	51.4826350221	10.393406729
279	64.5742369402	24.3270526718	10.3774645677
280	67.6899384739	54.9279049072	12.6161242995
281	74.8070565037	54.8150261188	11.0166584715
282	27.8815069424	66.1275109533	10.1534319161
283	43.568018128	71.9533192684	11.9947366247
284	57.7160392123	30.186231202	11.5881810513
285	66.5466155392	35.0226913415	11.9283572117
286	68.991185662	66.7702393131	11.2611046524
287	35.9433292527	37.7061283717	11.0946092661
288	33.9335849756	63.4299223621	11.116328673
289	68.7014131977	27.9095832654	10.1722279513
290	42.6815747873	33.624841573	12.21716143
291	70.9206430908	53.4428493864	13.0612536435
292	71.1241092928	57.6128447066	12.4547979477
293	24.6545536341	59.363541476	9.30636944082
294	36.5844977265	67.2613438505	11.6758601393
295	81.7048674305	42.9344193474	10.5791726757
296	81.4496366282	48.05665868	11.6268466578
297	38.1182903717	63.6608540493	12.9372617428
298	75.7660341554	69.0662560897	11.4853586202
299	31.4780200657	34.5770335635	11.4519456507
300	73.4436396735	30.950710689	11.3651351263
301	66.8755686766	62.7346776927	13.1688362525
302	77.7669790877	37.4869294026	11.5212776387
303	31.6512459865	49.1774272079	12.3346193863
304	71.4817307788	50.0985792983	12.9532154484
305	33.2851545614	56.4062401742	12.7053706529
306	51.5497756631	69.9249458721	12.5717378842
307	59.2012404775	69.0359779024	13.2527497038
308	78.6881134961	63.9596333627	11.7674252323
309	56.7874514846	65.8209241873	14.4578003045
310	37.5290761544	75.0879706015	12.603087781
311	61.4722231179	32.5547303202	12.8496295746
312	33.9042458225	43.0181986208	12.5921304822
313	30.6667657142	67.728784247	12.9877784057
314	65.6753389856	26.8363940799	12.6886943996
315	63.3535201875	38.9402429694	13.6767364772
316	27.2498085395	45.020821967	12.8148395768
317	62.2788667371	62.8585267758	13.7404813751
318	67.8512797299	39.5078940503	13.4752556263
319	68.0320685344	44.031132553	14.1327663755
320	66.0009748616	52.8518941828	14.7745405298
321	40.90381057	62.5358895836	14.2636497008
322	80.6350705036	55.2570641591	12.5539624673
323	44.5409203929	62.5703044337	14.5256080122
324	50.3936986197	65.407389051	14.7004585733
325	64.363007477	76.6647533151	13.1068921723
326	57.8426422484	24.3115812747	12.4154378182
327	40.3032408131	37.9693158465	13.8476239383
328	64.9470666213	57.9583711092	14.3603104136
329	37.1912010368	59.5045467574	13.3295922071
330	47.1029481036	67.9323699471	14.2461203966
331	59.8863710576	45.458653482	15.3929253497
332	51.685615642	31.4178653763	13.8046689411
333	55.8357559509	33.8478369881	13.7362836613
334	44.6325124952	53.5541440941	15.6347485324
335	36.7913235603	54.936651725	13.9302227545
336	68.2636951549	73.8827076271	13.2585045755
337	37.339024151	41.3820325843	13.9905998117
338	43.3298777719	77.7773415787	13.3125122281
339	51.5035261517	35.2941622044	14.5734444008
340	38.1537692123	44.0237036989	14.4133096136
341	40.4319225688	58.1390190025	14.9435215612
342	55.4416299999	79.4801437815	13.1796734458
343	35.0794869782	48.760634852	14.6239872996
344	61.4219322846	57.2529305524	14.9543289488
345	71.8428438615	70.4698402874	13.6980541673
346	30.6072420778	38.7542906436	13.9953225117
347	28.7688419897	63.22792727	13.8581589486
348	46.6122719239	35.8297001412	14.9808394064
349	65.6964565972	47.0482582844	15.1104015254
350	78.5450660085	43.0879700766	14.065501571
351	26.1282574774	52.4954627282	13.4336363434
352	56.6168602055	60.5219927268	15.5017164073
353	40.1459487641	29.8694659838	14.4925960891
354	57.1285181537	36.6045154474	15.4920605782
355	62.2639128496	43.2777907228	14.6702552007
356	58.9143931045	77.3438507128	14.5822905176
357	51.651011565	25.6657339856	14.0615578285
358	59.7330020132	39.9270520762	15.5549657884
359	52.319415602	61.8502587863	15.6532082376
360	45.3683186105	27.6121238218	14.7186855861
361	53.4531641912	49.8143884438	16.7751176539
362	77.7409657158	61.0163013174	14.2426635701
363	42.6598210825	40.7038015069	16.0324098132
364	47.3308034033	42.2991050047	16.1383446305
365	46.3770931366	59.7695010661	16.2847657149
366	48.2794412368	77.2110555577	14.9634027342
367	54.5838223309	45.5209519766	16.6053943385
368	47.8188875637	47.047326743	16.3075057728
369	73.6977957977	65.4915976126	15.3610288489
370	72.7165417487	36.2362967001	15.3755070091
371	38.3802038468	50.9882238259	15.576092025
372	69.1303313622	31.9373613684	15.4391688141
373	36.4935084905	34.211103425	15.8497828377
374	41.6984847542	45.9425229764	16.5149583502
375	58.7275910809	26.8532622689	15.2374219569
376	63.2305743818	49.3103397247	16.3261786509
377	59.0696044483	51.3720128368	16.6704850275
378	41.2240573177	53.6513310405	15.7701401742
379	27.8805202399	58.2791745386	15.0463524289
380	64.6323134766	67.9588692772	14.8141211394
381	50.9540092022	38.7037670549	16.315494821
382	54.7944019935	41.4293646548	16.5851286868
383	78.2018736405	49.4883245215	14.9261842332
384	77.097935898	55.9530147512	15.7213869508
385	51.7725595166	57.5426150865	17.0105601498
386	35.9131544772	71.2231940299	15.7271400812
387	63.573042493	72.989317032	16.1935122476
388	64.2894772361	30.0355323314	16.3032768883
389	55.3559276089	55.4561616784	16.8636621346
390	43.0892694208	49.0523601404	16.8927352503
391	48.6173734837	53.6516208343	17.4128591931
392	28.6539520412	53.914659559	16.6999443349
393	32.1277602776	62.3379916442	17.2252612939
394	68.6417193209	68.3668746501	16.6118325277
395	34.4629466565	66.5117003566	17.2020012449
396	52.1227508123	74.6611493208	16.9474637008
397	75.4724578589	42.7139657347	16.2895245085
398	32.0439046704	41.1343224612	17.0870362785
399	29.4422267978	47.8987961929	17.3782269921
400	56.9309683482	73.5207838561	17.6083378016
401	74.3524372392	52.7576302208	17.4809891198
402	47.8534344783	72.171222277	18.3904526339
403	43.4256946168	72.5737352629	17.8591894458
404	71.848732954	59.5358923061	17.9181410722
405	57.0385754765	30.3276976553	18.2641002945
406	72.7212732175	46.620991755	18.3316451922
407	61.7674447284	69.6677767385	18.2691609452
408	40.6596877146	73.1351485055	16.9962628842
409	65.8077276338	35.7237824844	18.8619793091
410	69.1666386929	64.7121001227	18.1009512319
411	70.409502283	39.9858440216	18.6674666056
412	53.1297098597	28.42233474	18.5994072919
413	48.8987854041	30.1411231168	18.4140474262
414	53.8867237128	69.7685322939	19.3562117304
415	36.7579717643	38.690395089	19.2211026361
416	33.4034551239	57.5693371251	19.3587152486
417	69.6516585699	50.1241401575	19.5838250104
418	69.367897419	55.3971107895	19.5494623162
419	46.8124801867	69.4910167791	19.8127148888
420	43.8204728009	32.7856859125	19.4093734982
421	61.2128508565	34.7552603683	20.0350398503
422	32.9137563061	46.5151881806	19.7439911453
423	37.0973767595	61.1073124427	20.2877407979
424	33.1244934714	52.6860044922	19.9354640871
425	64.3401846126	54.4007665627	20.7836532874
426	65.9933306175	60.2617774167	19.8456931401
427	61.7096861192	61.2181566746	20.455353837
428	53.4918546434	32.61963675	20.2430147688
429	41.1650509717	35.632008378	19.6417273433
430	38.9869896733	67.3902110463	19.2873763598
431	36.1933365675	42.6019500572	20.5143152532
432	67.5706879021	44.3559711763	20.717947851
433	55.3910288542	65.1982577214	21.0461247558
434	63.7311291063	40.2275581659	20.9660033972
435	41.5580119158	66.019385417	20.2101907209
436	62.5062918196	66.1782629558	19.3309316862
437	46.2290102761	66.0650463978	20.7174465413
438	36.9776855902	47.6174999543	21.2257485904
439	65.5188193222	48.0617363256	21.5378817059
440	58.1783804138	57.4636988106	21.7948126497
441	58.7780962064	63.0972760368	20.8953329177
442	49.1338884226	62.0569463793	21.9290146129
443	44.143926046	63.1686139232	21.8042768794
444	51.2187430501	66.8585201512	20.8356276221
445	55.9144397175	36.9108878002	21.7346070694
446	61.6169984357	44.3425667903	20.6578233392
447	38.2330354429	54.0602045083	21.7993352049
448	41.2294478399	59.486229057	21.6897146055
449	49.5756454841	35.5821299973	21.5763784637
450	45.0812938888	37.6815988447	22.0558930952
451	40.7404229991	42.2345941087	22.0954474804
452	57.9679429528	52.0383151071	22.7762448153
453	58.6658042513	39.4169932732	21.9428942022
454	60.4176913109	47.7728031443	22.1574483286
455	46.3701126827	41.8001099627	22.9785323315
456	56.3716581277	43.7596180873	22.7578708152
457	61.8375119484	52.1355877205	22.2712559962
458	43.0093084066	52.927108064	23.0116098981
459	53.7952204603	54.9544085847	22.8704816821
460	52.7214187849	59.7356720248	22.7192398341
461	51.4161073925	40.4893673003	22.7894468455
462	40.6329882282	48.1663124182	22.7616933994
463	48.1505865741	55.0334425142	23.7608779473
464	45.1365849556	57.7594468187	22.7522412533
465	45.5740335481	46.6609215241	23.0780912962
466	47.9064853344	49.8494301546	23.6289828896
467	51.4420785897	51.9886646301	23.6068607827
468	51.5203466268	44.9260033791	23.0041115034
469	55.1603094644	49.2431910533	23.3812382299
470	61.5162741716	44.0116538082	23.9902320687
471	51.0288665553	47.9734777422	23.4737816652
