2
3
4
5
6
9
12
16
20
27
28
34
39
53
67
81
88
98
101
104
107
108
109
110
112
115
117
121
125
133
142
143
146
151
153
157
160
161
162
164
167
168
173
175
181
182
192
197
198
201
203
206
210
211
212
219
221
225
231
237
238
241
242
250
251
252
254
255
256
260
263
267
272
274
277
278
279
282
289
293
295
296
298
299
300
302
308
310
313
314
316
322
325
326
336
338
342
345
346
347
350
351
353
356
357
360
362
366
369
370
372
373
375
379
383
384
386
387
388
392
393
394
395
396
397
398
399
400
401
402
403
404
405
406
407
408
409
410
411
412
413
414
415
416
417
418
419
420
421
422
423
424
425
426
427
428
429
430
431
432
433
434
435
436
437
438
439
440
441
442
443
444
445
447
448
449
450
451
452
453
454
455
456
457
458
459
460
461
462
463
464
465
466
467
468
469
470
471
