1	285750.625095
2	6.06097774189
3	92.6510990422
4	40.2108250461
5	73.004600932
6	96.0412775881
7	30.2387388842
8	75.3033073607
9	111.983385482
10	1.82738892354
11	104.996310186
12	183.201941131
13	32.0330528951
14	25.2113521624
15	48.6035841294
16	53.7880766862
17	32.0909339922
18	24.5498539095
19	172.708925095
20	51.5885949954
21	75.0717829722
22	101.548250543
23	49.6785187903
24	34.5054026152
25	60.3617155741
26	62.6438845465
27	178.811246478
28	160.066039737
29	74.2697163406
30	33.8439043623
31	15.2806096412
32	120.152888905
33	91.1131156042
34	9.45115628783
35	95.0821051214
36	54.8960862598
37	55.5079721437
38	47.7353676725
39	138.980782927
40	238.337820508
41	28.2625128537
42	82.3730699382
43	11.3529637648
44	29.3457162428
45	81.9844397147
46	49.6537126058
47	92.0392131583
48	250.906287312
49	111.156512666
50	29.6599279129
51	941.890824801
52	265.2607994
53	55.3591350368
54	91.7332702163
55	115.935837543
56	108.006127237
57	735.759700479
58	34.5632837123
59	134.127039497
60	72.4588648734
61	9.79017414243
62	52.6387234719
63	231.433432494
64	54.1436319971
65	115.390101484
66	240.702676762
67	81.0666108888
68	102.697603758
69	15.1813849033
70	137.095512907
71	6.47441414993
72	51.7870444713
73	25.9555376969
74	163.456218283
75	81.9844397147
76	114.951858892
77	128.810247289
78	18.7948191096
79	123.377692888
80	161.372498787
81	4.66356268271
82	244.274767327
83	22.3421034906
84	113.107932512
85	35.6960994703
86	79.0159663049
87	34.2325345859
88	91.2206090703
89	51.2991895098
90	288.826674658
91	95.1895985875
92	5.97829046028
93	15.42117802
94	90.534304633
95	125.353918918
96	178.753365381
97	72.7400016309
98	45.0976433892
99	110.197340199
100	165.523400324
101	10.3689851137
102	89.8976125646
103	162.836063671
104	60.0309664477
105	3.37364108962
106	10.4930160361
107	120.739968605
108	32.3224583807
109	148.870181808
110	63.5203697315
111	109.345661199
112	8.11162232578
113	80.7523992187
114	91.0800406916
115	32.7772384295
116	87.5989061359
117	51.8697317529
118	12.6676915424
119	109.51930449
120	219.352820651
121	143.545120872
122	261.994651776
123	102.970471787
124	184.880492948
125	150.102222304
126	170.17042555
127	176.347165486
128	144.826773737
129	141.635044667
130	223.31354144
131	173.907890679
132	162.935288409
133	223.139898148
134	112.479509172
135	118.829892399
136	175.354918107
137	224.603463033
138	114.844365426
139	221.60191471
140	225.529560587
141	183.077910209
142	163.142006613
143	193.860331731
144	118.209737787
145	146.670700117
146	74.7741087584
147	146.20765134
148	157.345628173
149	82.5467132296
150	163.373531002
151	212.167295879
152	110.635582792
153	139.402488064
154	151.201963149
155	177.918223837
156	168.359574083
157	223.412766178
158	190.709946301
159	189.329068699
160	178.869127575
161	193.893406643
162	245.52334528
163	156.262424783
164	162.389552351
165	125.023169792
166	106.749280556
167	141.271220628
168	187.700129251
169	233.773482563
170	87.913117806
171	132.365800399
172	336.570311059
173	216.772977464
174	146.290338621
175	216.698558911
176	116.167361932
177	220.75023571
178	144.868117378
179	191.867568244
180	271.296970957
181	75.3611884578
182	122.947719023
183	162.174565418
184	100.895021019
185	113.149276153
186	121.103792644
187	186.947674988
188	93.4697031301
189	117.143071855
190	263.41687302
191	112.115685133
192	174.627270029
193	189.560593087
194	166.5735288
195	119.243328807
196	42.7575933197
197	157.047953959
198	137.236081285
199	94.8919243737
200	151.689818111
201	156.81642957
202	188.667570446
203	87.4666064853
204	83.952397017
205	107.551347188
206	178.075329672
207	88.1859858353
208	157.932707872
209	30.7844749428
210	85.3580808043
211	112.090878948
212	135.557529469
213	183.350778238
214	193.091340012
215	173.659828834
216	126.06502954
217	173.36215462
218	169.740451686
219	220.560054962
220	181.606076596
221	84.2583399589
222	173.668097562
223	177.744580545
224	109.577185587
225	112.413359347
226	72.3431026791
227	190.528034282
228	102.441273185
229	58.6170139322
230	231.251520474
231	97.9844287059
232	192.206586099
233	97.2815868122
234	162.488777089
235	128.123942852
236	149.076900012
237	270.040124277
238	187.667054338
239	172.080501755
240	206.114586865
241	99.1668568329
242	213.010706151
243	132.770968079
244	110.916719549
245	79.8841827618
246	124.345134083
247	116.150824475
248	193.860331731
249	114.265554455
250	120.855730799
251	199.739397453
252	219.113027534
253	117.630926816
254	217.070651678
255	200.136296405
256	110.999406831
257	52.9860100546
258	127.437638415
259	199.6649789
260	117.184415495
261	228.241703424
262	198.63138788
263	123.840741665
264	218.939384243
265	197.374541199
266	102.482616825
267	168.061899869
268	102.838172136
269	145.62057164
270	165.457250498
271	96.7441194818
272	151.400412625
273	93.1637601881
274	171.592646794
275	163.398337186
276	121.054180275
277	129.380789533
278	145.157522863
279	181.18437146
280	136.169415353
281	173.130630232
282	226.149715199
283	136.963213256
284	205.031383476
285	177.314606681
286	61.229932031
287	161.71978537
288	137.021094353
289	155.791107278
290	143.115147008
291	154.062943093
292	186.989018629
293	163.886192148
294	184.46705654
295	127.933762104
296	137.03763181
297	129.231952426
298	107.493466091
299	109.676410325
300	242.505259501
301	253.419980673
302	147.125480166
303	117.424208612
304	160.355445223
305	215.425174774
306	130.406111825
307	155.824182191
308	71.3673927562
309	142.511529852
310	168.524948646
311	151.392143897
312	84.6883138233
313	218.195198708
314	197.267047733
315	179.29910144
316	186.005039978
317	214.259284104
318	231.755912892
319	198.499088229
320	105.806645546
321	205.610194447
322	111.983385482
323	199.020018103
324	267.749686576
325	201.451024182
326	153.682581597
327	216.309928687
328	196.746117859
329	187.319767756
330	204.626215796
331	180.092899343
332	76.4195856624
333	165.482056683
334	169.806601511
335	102.160136427
336	136.475358295
337	131.299134466
338	128.380273425
339	151.615399557
340	196.134231975
341	170.344068841
342	195.199865693
343	220.361605486
344	91.4769396433
345	183.52442153
346	130.199393621
347	228.448421628
348	155.923406929
349	154.84020354
350	150.358552877
351	137.03763181
352	114.323435552
353	158.379219193
354	232.268574038
355	90.1125994968
356	104.144631186
357	205.246370408
358	125.626786948
359	183.706333549
360	108.551863295
361	224.520775751
362	127.197845298
363	180.919772159
364	219.948169078
365	205.55231335
366	118.490874545
367	200.954900493
368	159.520303679
369	171.807633726
370	106.997342401
371	155.625732715
372	98.7038080559
373	164.928051896
374	155.493433065
375	70.6645508625
376	192.78539707
377	143.586464513
378	138.046416645
379	207.454120827
380	240.297509082
381	101.151351591
382	154.038136908
383	136.698613955
384	145.628840369
385	127.115158017
386	121.872784363
387	159.048986174
388	221.759020545
389	148.340983205
390	91.7580764008
391	164.41539075
392	103.0035467
393	115.795269164
394	200.210714958
395	177.033469923
396	186.211758182
397	163.29084372
398	227.332143326
399	101.771506204
400	199.028286831
401	227.208112403
402	205.171951855
403	184.252069608
404	132.068126185
405	115.613357145
406	119.524465565
407	158.825730513
408	177.198844487
409	144.702742815
410	92.0640193427
411	190.445347
412	228.57245255
413	130.455724193
414	215.003469638
415	132.241769476
416	160.843300185
417	106.385456517
418	138.418509412
419	109.618529228
420	153.49240085
421	157.171984881
422	70.5570573964
