1	55.7823335574	56.9136379891	13.9831206076
2	57.2058836699	18.6753508269	1.38810345955
3	50.455439445	19.541965654	1.35759188406
4	45.0872944726	20.4657375893	0.604147341059
5	59.7012734535	24.0630665453	1.0388313423
6	78.6656389244	25.1731845324	1.01257907409
7	51.8877191945	24.2307459445	1.37637833273
8	66.3718851087	24.0627859706	0.700081592447
9	37.5524774115	25.5359861474	1.20735030102
10	44.2838330671	29.1141422658	2.48553934172
11	53.9128675974	28.3926877915	1.0454207517
12	74.0830189163	28.0636403947	1.79260204661
13	32.0649754583	29.7151808736	0.516124186688
14	60.3979490889	29.8041815829	0.971061188345
15	38.6686811945	30.2460324545	1.10707155616
16	79.3132497131	31.3920678367	0.801982402619
17	57.427693187	31.9055518716	1.27179178298
18	85.2879530728	32.0304886639	0.848002707478
19	67.6493747077	31.8385209316	1.36860286906
20	49.8012914657	33.0705613614	1.20722441831
21	53.9503471869	34.032846283	0.282786900538
22	73.8146172478	33.9331345079	1.19016468014
23	41.6050219527	35.7502144209	1.38806065909
24	57.0182745924	35.8176847902	2.05192377198
25	83.9777882257	37.2427965682	0.892544436682
26	46.6783700094	38.5001344904	2.37548372728
27	36.4368810172	36.2076332902	1.94818892037
28	68.7072713572	37.5408445417	0.324153224436
29	26.9629770675	39.2792555895	0.965215781639
30	78.0669509205	37.777496005	1.8057090225
31	64.138997005	38.6094576157	0.846129436234
32	53.9278580052	39.287629631	0.859279290353
33	58.6636678682	39.3792639026	2.30508434667
34	50.5800317753	39.3490617245	0.621780043746
35	89.3076488728	38.9876475791	0.949055311466
36	30.6356156453	40.765068899	0.467583486871
37	80.9496570114	43.3846248245	0.729204401742
38	47.6272379734	42.9676018817	0.654515311781
39	40.4714308218	41.4127287361	1.27767125141
40	76.1271254573	43.4595143648	1.43759586098
41	91.5710069922	42.8324945225	0.349930816836
42	54.9816576955	43.1436457871	2.5645441287
43	51.5986767672	44.5157203416	1.72027046074
44	59.7922333829	44.7784819245	4.06630213122
45	44.2647526319	44.2144213824	1.3558618444
46	85.3892508581	43.5822464494	1.60001722913
47	35.9567284036	44.8294664613	0.943869846588
48	68.4633100081	45.1386787334	1.64599100388
49	25.1886579307	46.1785438	1.23075920719
50	30.2268621758	46.2029944453	1.44131405945
51	78.3941967157	48.7680529752	2.64583639683
52	92.5580328137	48.2005006479	0.381804080827
53	34.5927286569	48.089057356	0.943087224032
54	56.0460711176	49.1558399664	4.79076024998
55	83.4273180099	48.2991277248	0.813201992174
56	43.6783182453	48.9810256423	1.4129876496
57	48.0196523773	50.1841954406	1.47812312182
58	50.9439277915	50.5754531413	0.805016505994
59	68.2149061507	51.4451746205	1.73217446303
60	29.0268320354	51.7173875514	1.62743924268
61	40.7742500213	52.4629344837	0.527940406762
62	77.6702172493	53.4169845837	3.00127672304
63	46.4625461523	53.9533023266	1.09035673485
64	58.9761437749	51.6891880948	3.82055645621
65	82.9811539651	53.5959047138	1.46958409522
66	24.6292924666	54.1698882265	1.80497412852
67	34.8965212465	54.0722616396	1.69854807449
68	72.691529867	53.9376986361	5.69837160462
69	28.7989153435	56.0658057565	0.786811580181
70	52.5495946941	57.4286338459	4.22162811067
71	80.541766696	57.9843282139	1.14485547123
72	87.3981123769	56.8605243908	1.64714661722
73	64.2244622097	59.2220524534	4.40150971949
74	39.5325258722	56.8626820622	0.489241797505
75	44.6411635057	58.4112356702	0.891460344261
76	67.7193524753	57.4739781338	1.96091174997
77	76.5018458361	57.8143762837	3.10231120116
78	84.6572547417	59.6831311186	2.7075685921
79	91.4889203195	59.299797692	0.761946275349
80	29.4037140758	60.1201828037	0.685550966606
81	56.6718014903	60.0598056029	4.91614793331
82	40.6260333869	60.739579932	0.692123447171
83	70.2507884076	61.5251331756	1.86772516912
84	24.9006408011	59.9040244451	0.797826726697
85	47.3027924749	62.3586399682	3.67725753523
86	35.5961172034	61.5146513795	0.703903331032
87	65.5234614897	63.3417360776	3.38059289823
88	79.4324382094	61.7696038839	0.604863647448
89	25.9409032255	62.9699883119	0.772444584036
90	50.9458046114	66.3414582149	4.16036837568
91	59.3221023842	63.667410781	1.3567171559
92	73.762575309	63.670365289	1.28474822745
93	86.0558297538	64.1382358524	1.13501387725
94	45.2545254965	65.3297573346	0.900398313096
95	68.7605544583	67.6198357495	3.93629262965
96	89.1964269822	67.1508925256	0.951619069379
97	62.3476008732	68.1033107401	1.60187503783
98	75.8902924611	67.6770445089	2.091279705
99	82.3476253586	66.999066303	1.64863886494
100	33.8577607188	67.0321925535	2.11163604434
101	40.6719060524	67.9347321383	0.984269656223
102	47.6746254524	69.8608160573	0.894755896702
103	83.1924358981	69.9968219573	0.950203203546
104	52.4901273511	71.5227838769	3.45396811328
105	66.3019177068	71.0670662518	1.49761005499
106	36.1906651506	72.3539174615	0.622099787237
107	56.6134769793	73.0823696438	2.71389337494
108	74.3502199649	74.2123011068	2.90113825826
109	68.767233884	73.1549339332	0.646713646795
110	45.2462361625	72.136378592	2.76347916192
111	79.0985834453	72.4432295072	1.67933502129
112	62.0026210109	74.5372185254	2.24478676134
113	51.0408387719	76.036685251	1.79038509131
114	72.5755312193	77.96114564	1.36382340608
115	43.0462216984	77.7731991409	1.16163036923
116	57.7388101896	77.7057922774	1.08965945301
117	64.6887999903	77.5463424613	1.37492670694
118	35.3779649492	76.8390956167	0.8625313218
119	79.3541119766	78.4479406898	1.73287947638
120	47.4909192811	80.4033114175	0.6479331472
121	53.0074159161	80.996150508	2.55974486604
122	60.2347970084	81.4852378941	2.29710175817
123	40.8474943209	81.0425813816	0.792556501428
124	65.9601283379	81.5289046759	1.19267693375
125	73.9361824664	82.4587196093	1.04483660217
126	67.8327822399	85.1230644208	2.2131247987
127	55.2449946183	86.1857674129	1.74120382006
128	61.7497379501	86.2681882691	0.922167315601
129	72.3705747154	37.9274299719	3.61518927034
130	47.7936980844	84.3814822631	1.34604793152
131	70.8175361174	21.8829291545	1.91360110953
132	47.7380631318	73.1912367694	1.10820917089
133	31.2542030448	71.4656707885	1.70689917495
134	48.2581303792	47.1338848541	3.45677550598
135	67.8535667365	41.6171848358	4.68521744574
136	32.8748392747	41.1855637057	1.78108635099
137	28.0265468542	66.7102643041	1.57106651608
138	31.3021091456	61.8675756879	2.31909535757
139	38.8028944261	52.1298199363	4.97152952677
140	91.2712563804	54.7762568836	2.36820229905
141	38.5865205762	71.8348944145	3.52517150946
142	47.8290581262	78.9349927116	3.2037033201
143	62.5467939627	34.428651451	1.38977603715
144	82.1731866678	39.4798320949	3.27078452087
145	37.5337978891	60.0292764074	3.81953402995
146	64.2001398174	48.8468165864	4.85686666905
147	86.8780632293	51.0805795536	2.47454388152
148	81.7094835232	65.0143327732	4.15184847647
149	43.4792902815	61.3479042316	2.33878424088
150	77.5586788979	61.2304120856	3.51558069087
151	69.5401695483	73.2605331735	3.12321937606
152	69.6800776125	78.4877702005	3.91193884679
153	63.0933455322	20.623987315	3.06985010426
154	67.0388033349	26.7165740137	3.31868759369
155	32.3963953509	33.3015302583	2.38184135489
156	37.7761636716	47.2077550377	3.85985713937
157	39.5853359318	57.3216683822	4.30502471414
158	70.9912811082	59.9363720986	5.54416837555
159	66.2171937992	36.8707260964	4.93069528996
160	89.6769840313	44.1321387354	2.95786244149
161	43.7649014958	54.4308614141	3.67631699746
162	62.0141875576	67.6634721773	5.42430688082
163	30.8576172179	57.1523038563	4.02328840351
164	39.7532120755	65.3433578878	3.19777797283
165	83.8853898864	73.813502165	3.11440321357
166	43.0980188299	75.9466986755	4.0396249013
167	52.1818770706	33.5934829095	4.73481906114
168	73.3379965123	34.1092285196	3.7814425558
169	77.9151384802	43.4016577002	4.58451748946
170	90.9322779279	50.2803394055	3.24445135001
171	52.21586911	62.5419399192	6.56553569003
172	53.7758687852	38.4837714443	4.29195772725
173	72.9561880838	47.704687782	5.41614521981
174	47.6045397092	58.2644426898	6.31952430381
175	47.7923247409	70.5313270869	5.20622393826
176	89.7794042935	61.7735883674	3.28132905852
177	80.2557761572	28.7793167925	3.42995074732
178	61.1003924309	31.0703941804	4.13894972448
179	45.1001872146	33.9175634819	4.00801067193
180	86.0266115286	35.8216383498	3.69805118843
181	62.8214766859	34.9893425939	5.08399277547
182	34.7371471897	42.1270435885	4.75469131151
183	84.3956768079	45.7695529217	4.63077578774
184	65.3843244013	54.5290634178	6.54697035064
185	26.6532519408	60.6718793981	3.41854505972
186	61.3457778417	71.6104154087	5.23755936608
187	59.0877909885	25.8568361778	3.81753350456
188	78.5347264666	34.1592149184	4.63027694071
189	31.8350260025	49.3647720515	4.6636803301
190	73.3901149532	30.8700037974	4.89258751449
191	71.5630281095	42.8399688837	4.8612753867
192	49.3423665011	52.8874505147	5.29495303103
193	34.0649744869	62.9769912016	5.33662609594
194	44.9801800328	23.5515985989	3.64409780077
195	63.779238652	41.6889626743	5.93529260074
196	57.7123056497	79.935211358	5.39153443193
197	44.8109290778	67.3648782499	4.99277065001
198	86.9477287113	68.6925420851	3.2545602245
199	37.2353915771	77.1181173955	3.35742528885
200	41.5772417231	81.0164292281	3.50746516571
201	48.9072677902	28.1473735143	4.75466747737
202	43.211384516	61.3747822117	5.83518799377
203	61.2537604057	63.6545729313	7.08106503905
204	66.7596636587	72.3109877557	5.06357478119
205	57.1643033041	31.1822317075	5.43389041747
206	67.5281488981	32.3091595748	4.47154463531
207	39.665808997	33.5531465734	4.64717212791
208	25.9703069475	47.9151622823	3.68812701081
209	73.6844939606	65.1598245961	5.18222722579
210	64.5335233307	79.2372155287	5.61848724171
211	41.9517748099	47.626846626	6.25106736195
212	57.6395682153	65.5796971959	6.86330268522
213	41.5277534531	41.6800800263	5.40041511945
214	49.4513166282	43.8514488794	5.93609289511
215	56.083593411	67.7837395668	4.1071054681
216	73.5584809603	82.0354263632	4.19618408503
217	29.0463193815	40.6416443972	4.66782633148
218	55.0526650036	54.0986110967	8.59966204313
219	60.4738896598	59.7959744293	7.08215357031
220	58.6167975464	77.3634212492	7.593120059
221	48.5801972413	83.6039960418	4.4846594124
222	74.8236574485	25.0586072561	4.33457842008
223	40.1381288957	26.8977838172	4.40111991872
224	68.3118116583	51.1966815308	7.6475649402
225	60.8140613161	85.635125746	4.76546235145
226	51.4028385056	39.5643519329	6.53174200124
227	44.9835139828	50.3238689569	7.28851072041
228	82.9414138435	54.1820513609	6.1204905903
229	57.293476267	57.2298897574	8.08338304811
230	82.511552708	60.7045530418	6.37535156116
231	85.8218895357	69.0892485719	6.10234973782
232	54.2681919179	22.0236780524	5.00316663443
233	35.9218330462	67.2609234584	6.19575714996
234	69.8567035395	23.5860961702	5.79879666699
235	37.5566775628	29.7702459755	5.86430187607
236	51.6732353855	50.1163775386	8.2307532463
237	32.90639679	56.7278159144	7.09397244125
238	68.5340185132	55.5903468562	7.1517619672
239	71.2532033206	30.6769764727	7.0965336118
240	61.9955841008	57.1141502689	8.66432081563
241	30.168626374	68.0982022015	5.97925039459
242	49.7138035321	22.7714127244	6.43649035606
243	58.6954771888	37.4535111942	7.32385242129
244	38.4837255281	37.8110105301	7.53336641192
245	75.5603084848	72.3054005658	6.13330255425
246	52.848666023	28.6600641214	7.62035121249
247	60.4757908362	43.068047934	8.08551964212
248	82.9187712131	49.715833708	6.56285650754
249	26.4910901507	52.6846276943	5.83041019201
250	89.0759499873	55.954836978	6.51811129943
251	34.6440968346	74.0438875739	6.31240331989
252	48.2994161267	77.5001129418	6.30741781977
253	77.8900314827	77.2375749869	6.28197145659
254	54.7848592831	84.9401866825	5.93645371074
255	53.496409405	46.4421786858	7.98406870534
256	68.0313185478	47.726284881	7.36111083197
257	39.458054596	68.7903317054	6.41603646748
258	53.3023379087	77.1179881021	7.30159495141
259	46.9113103851	38.7583216674	7.12676119608
260	41.9301587514	72.1268826463	7.54995559588
261	46.2286357761	45.0472959709	7.41024020668
262	43.0863911758	55.4531028226	7.66400563754
263	74.8529730295	27.2932525112	6.56594877326
264	76.4876211388	38.1347528345	6.37730951804
265	80.7116516623	41.2346674475	7.66397749863
266	28.0195707076	46.3093065243	6.89274916695
267	80.4298003587	56.5012487716	8.3795229661
268	79.0597747417	68.7241994833	5.84249634864
269	50.3352059814	56.7206105798	9.04638156111
270	27.4574192092	61.2467098327	6.74566560209
271	87.9031182624	62.920825453	6.27996721964
272	72.3382783841	81.3140228332	7.28980927538
273	44.2638059215	81.3019988659	6.94731870913
274	59.477356899	26.7489584316	7.16135174405
275	55.384782188	42.3099413981	8.05095917234
276	78.8611228884	63.3240516537	8.05826728573
277	64.9561271145	75.5997637452	8.0549025714
278	66.2307189702	83.6732768697	6.82716025748
279	79.3426492747	30.6986153883	7.46342949555
280	33.9052271768	34.4123278207	6.6956202186
281	87.9822026873	43.6140514738	6.94251467319
282	79.5767366892	46.6822514755	9.05591657989
283	60.677405572	53.7697695984	9.03036408026
284	51.2318605399	74.5133732931	9.50052818938
285	39.1576025671	78.0329603679	7.84995161781
286	74.02558625	69.2418337159	8.68186351186
287	70.2396718739	71.7645603875	8.63836091414
288	59.3797644394	75.0544700139	9.42088067459
289	62.4127904634	29.5184463121	8.31820471783
290	43.4182409223	33.0048431615	8.49143584811
291	85.3976176877	39.5680118973	7.35895183131
292	76.7784998095	40.5358816576	9.77622768376
293	70.8782258249	25.9397811002	8.61838353248
294	67.4775431177	29.9915014384	8.46551661308
295	62.5131044687	23.0688850996	8.13802872495
296	82.9435609643	36.5724009087	8.70829221564
297	33.8078214284	50.1174759853	9.12069303668
298	39.1757455408	69.5501536824	9.18432919951
299	81.2748251511	71.4930172109	8.82445864684
300	73.5214360553	35.2230455142	9.08482156625
301	36.5882568729	64.6500991216	8.89884189513
302	40.7591520915	65.5024970108	10.1494482542
303	46.5410261039	74.5094582527	9.28862282989
304	36.0710576743	43.5636261905	9.28936597318
305	87.6573831678	49.0921459341	8.5722768494
306	70.1448499557	34.1948680784	9.49626127978
307	76.0669514875	63.3777874173	9.67280207874
308	73.1463034772	39.6759477547	10.8597904679
309	53.3912678567	83.3682770667	8.8736591698
310	42.8244080033	28.1572398014	8.97717022618
311	46.8395147377	32.7886061349	9.68715036801
312	76.9427607197	51.1091100037	10.379778008
313	35.5144637645	57.9696794751	9.88817096638
314	78.2167342559	59.1273415335	9.73185003795
315	32.9660078949	69.6341743303	9.37603671283
316	55.513783613	72.453613665	9.89503344971
317	74.6660062301	59.6342864122	10.1658176716
318	48.4289441591	24.9646377141	9.201505993
319	68.3133404255	38.6775332968	11.1963967897
320	71.7875245516	64.5702677139	10.7000741161
321	65.3524753217	70.6205138257	10.1826369653
322	32.5815529326	38.6735179894	9.85126226112
323	65.847573123	32.9724568279	10.9624080106
324	48.4392807494	53.3979635378	9.60832635621
325	43.8897030848	64.2396042	11.7152896593
326	66.8808588743	43.6146962987	12.0304968219
327	39.6124738976	61.0720495632	10.872533925
328	29.8728166232	45.066604637	9.77578077821
329	64.1257827283	46.031316559	11.5128187277
330	28.0925929399	53.499114183	9.37603405784
331	76.1715350142	54.8194195365	10.5966937024
332	86.557754058	56.6557530292	9.61251230355
333	84.4401552648	66.0212726871	9.08708006653
334	69.7042421403	59.3646872855	11.9911484475
335	30.8253540069	64.7991719858	10.2225253828
336	50.5582221446	69.8951976194	11.7325062557
337	61.1869914069	72.1647099016	11.1447846834
338	68.8990273217	79.5124015457	10.6090605817
339	55.6170482967	24.2821616451	10.2838763415
340	45.2826823043	69.569528796	11.3286941652
341	59.2387610258	82.4629777414	10.4445399315
342	55.5396748826	30.5895306348	10.9341001195
343	66.7887926915	64.5917007661	11.3143159866
344	73.206314372	76.4615220205	10.8745734553
345	46.4331355532	80.4226488791	10.4316300192
346	43.041253315	37.4279053913	11.2283387707
347	39.734167295	41.5046016376	11.3994568046
348	60.9498431219	67.7908318925	12.218159639
349	28.7599683174	59.1437517994	10.3262131608
350	54.1716908618	67.3818242198	12.3617343079
351	74.2966518951	45.4394216687	10.9493298266
352	43.3912276291	59.4908682671	12.6758975937
353	77.0528367886	72.7488633187	11.2306949537
354	40.8658161807	44.4059610436	11.8306112017
355	37.4149531082	49.5676658026	11.9542435631
356	60.2892475399	33.2587850423	11.007859544
357	55.1199541375	34.8156305312	11.6950232243
358	61.4017717347	36.1813584816	13.0105725382
359	84.6224501837	43.3657134516	11.2398898144
360	47.7737922912	64.3356670819	12.2300381928
361	37.8122826408	33.4356570612	11.2620863401
362	50.063485118	40.9794000791	12.3105289485
363	71.1444517681	43.0474997303	10.7529168361
364	41.1970065508	51.6840172416	13.0622087249
365	65.9418347279	58.2763273296	12.5567870044
366	41.1734413544	77.2149064274	10.8054570848
367	52.7286602132	80.9461764962	11.4023570717
368	45.6730389162	40.6597583896	13.2848712801
369	63.0790959807	80.0061702261	12.1399265263
370	79.2335967365	35.9265712256	12.0385169564
371	49.4876143803	36.5919709643	12.4010653066
372	39.2130766069	56.1600803772	11.6552430859
373	63.37627849	25.5215821834	11.6868405065
374	50.6598360198	33.2064640274	12.1116245402
375	64.2475830127	39.7887589121	12.8163475132
376	48.2733207744	53.0343459041	13.8089309528
377	64.7102136891	54.0026834236	13.7524268934
378	70.6687248843	53.9252997894	12.3292161489
379	56.17605998	63.4417674595	13.421262566
380	59.7158055057	45.8593670914	13.9267681205
381	70.5362978356	47.5734628433	12.7056468284
382	60.7513812654	61.8702720222	13.4360657936
383	54.5934017389	38.5012404822	13.5623653233
384	83.3463262023	62.5722414071	11.7517357251
385	59.9851385656	40.9243628187	13.6940677913
386	44.7683839137	46.1853035133	13.9110312563
387	83.9612260914	50.1473333349	12.4745687403
388	74.6310129508	31.137401778	12.4723731413
389	51.5265054465	47.2337139167	13.5249721272
390	44.2828976713	54.6034085461	13.0070083447
391	38.4538154938	73.1826339603	12.727824304
392	56.720347805	42.2833314155	12.1763638846
393	71.371823463	42.8747236693	13.6699859002
394	47.3038077029	56.6885643053	14.0855129207
395	49.7873068152	60.964542563	14.0212957094
396	55.9579712894	45.2962610893	14.2753808106
397	57.1204817662	50.1404588251	14.1850048009
398	78.9235066983	67.2104882087	12.9691069989
399	46.3166598358	49.4762068021	14.2442954158
400	51.3011228631	43.114472854	14.2902900613
401	62.5453482189	50.8571101397	13.949626963
402	30.599573067	54.8193410822	13.477899682
403	48.7848113501	27.1975461435	12.3453850687
404	75.8601165643	35.7859575584	13.0324567936
405	67.6929552177	49.7760044875	13.7732345854
406	30.996945102	59.993897092	13.1779929459
407	50.417474111	78.4412264146	13.5522843683
408	69.243731506	28.8611030641	13.4039840624
409	59.3892492266	56.2092233472	14.5383526014
410	31.319613562	48.2255003964	14.1178960731
411	52.6430192976	53.0312794556	15.0700620441
412	34.2148912615	63.6621122927	14.4146464559
413	73.4483006469	70.155224456	14.2633102844
414	81.1294470162	42.8506908921	13.9003349954
415	51.4037707472	56.8758800489	15.1475134307
416	82.6465714955	57.0901573153	13.3603563624
417	55.4421949775	58.5363006233	14.830959106
418	68.0705933014	75.0431685396	13.8981852823
419	43.4680505137	29.7166392823	12.9355099438
420	56.6457847127	42.1053282874	15.4105405583
421	40.5415032524	33.3102243668	14.0586883939
422	34.1262395953	40.7409149294	13.8773545527
423	64.0120699749	45.5408181147	14.9606401304
424	36.683619736	68.0905107058	14.3624918605
425	55.7657879579	77.7299094924	13.9694274198
426	53.5842760813	27.239239192	14.545410359
427	58.6646883951	27.5584377556	14.7275857411
428	79.1210333193	48.0521499053	15.5954030844
429	43.4005317085	75.0653882136	14.483664927
430	74.0233400249	65.9754387903	15.9000359331
431	68.3930705898	70.5851752474	15.375597608
432	60.9295054962	75.5106959907	15.4435220161
433	76.8546522102	35.3378544254	15.5603421011
434	79.6249110849	53.4042157119	15.1260224506
435	78.0392895606	60.4159008641	15.2488959054
436	46.4370365259	74.4379261184	15.558164305
437	62.6955191063	29.6701891676	15.3200542475
438	34.3957832794	59.032908615	16.0901157869
439	75.5786468467	39.7172624707	16.3247940795
440	51.2463755827	74.0002513447	16.1296121996
441	33.7222152954	53.5787017615	16.3496324231
442	70.976286368	62.8099465304	17.0305224608
443	51.4326512471	29.853913476	16.4257328324
444	39.2045231342	37.9936453763	16.4568302986
445	41.6545277718	68.7388911563	16.7989585351
446	76.720793757	45.440343148	16.4927890097
447	35.054941808	46.5647059482	17.0634151567
448	64.1982920728	71.7610367172	16.5147642503
449	55.8918063886	75.1428097207	15.8779050292
450	46.9317795693	31.6358006262	16.559031943
451	43.9214132061	34.65379806	17.0592532272
452	70.8126461175	34.9138229096	16.5189041979
453	39.680220138	62.066134905	17.7692077539
454	57.1551343007	31.4475223183	17.6652814568
455	74.5193539816	50.4255409662	17.1777332831
456	67.353552456	67.2824179727	16.726117096
457	38.5864762679	42.190772421	17.8545253121
458	50.0045614865	70.8957638199	17.5272633389
459	74.7787853189	61.0674445198	16.3908868737
460	57.6106674589	71.3966471357	17.1363717588
461	61.554698231	30.038106532	18.4116506358
462	36.9967313163	52.8151888745	18.1207679933
463	74.166513052	56.1689599732	17.0899005855
464	66.0230538787	61.9696336926	18.1714942789
465	65.6502787045	33.6910930939	17.7396435265
466	37.3087049572	57.6007610727	17.7641589338
467	49.3739890525	67.1919975921	18.5031470716
468	69.8893904233	40.2907166933	18.3643302649
469	59.2025310795	66.2949836042	18.9450143357
470	70.063130494	53.0080736565	18.4066852125
471	70.2311775969	59.4420891053	18.2027701644
472	72.3320864895	44.1762797593	18.2973491953
473	70.02391632	48.0963108134	19.0153205198
474	62.8472058908	64.1046712478	18.8706101454
475	44.4163826461	67.1391140003	18.0329440752
476	54.7282845264	68.0130332618	18.7570850449
477	66.7577874232	39.044624623	18.8342335656
478	65.8382513136	43.9084292334	19.308805686
479	39.5783792528	47.5280277563	18.8010236417
480	41.0659503148	54.4493019254	19.3565533994
481	62.2277900836	57.9891377769	19.6748306289
482	59.847710984	35.8686174127	19.0252298229
483	48.238341451	36.8657160611	19.481191831
484	63.8393159597	68.5488787403	18.8740143743
485	43.6159906009	41.6896477201	19.6658396921
486	67.8603755541	56.2937014159	18.6545585116
487	47.3124775619	64.0158610873	19.6467317422
488	53.0686681299	34.6470525635	19.1233129983
489	44.2184531718	60.217198014	19.4255976636
490	62.9067937157	38.7061621964	19.2655649373
491	43.6374476085	48.0810577534	20.1843357707
492	57.6307858092	55.2844111795	20.5887152525
493	53.5319835314	64.1551889748	19.5869554789
494	55.1098894594	39.8744483765	20.2565059045
495	49.7307667253	41.2554488751	20.4197801655
496	60.3318429044	43.2121118525	20.3334863113
497	48.9266628413	46.4288586783	20.573827164
498	56.4274678235	60.2738811067	20.5905754551
499	64.5778733854	47.7157089689	19.7499515226
500	59.1120225313	49.1660383197	20.671064981
501	66.1711798201	52.3153839966	19.8053478325
502	45.5074125901	53.2134330115	20.3625978352
503	55.2395716843	44.4974903583	20.4757627885
504	51.4749502753	61.1847380864	20.1682471577
505	62.0521215122	52.2018882231	20.3682883645
506	48.3716632183	58.0686974023	20.4548056871
507	51.6147654245	55.1147248028	21.3162224161
508	51.364539327	49.7627898444	20.8846465552
509	55.1660329879	52.0254320282	21.2073010664
510	59.4033923541	37.5776202009	21.9133255361
511	54.6983693073	47.6862007858	21.0243705468
512	48.2149491666	52.658063074	21.8483411133
