1	512	2	3	4	6	9	13	18	29	35	41	49	52	66	79	84	89	96	118	119	123	125	126	127	128	130	131	133	137	140	153	155	160	165	170	176	177	180	185	194	198	199	200	208	216	217	221	222	223	225	231	232	234	235	241	242	249	250	251	253	254	263	266	270	271	272	273	278	279	280	281	285	291	293	295	296	299	305	309	310	315	318	322	328	330	332	333	335	338	339	341	344	345	349	353	359	361	366	367	369	370	373	384	387	388	391	398	402	403	404	406	407	408	410	412	413	414	416	418	419	421	422	424	425	426	427	428	429	430	431	432	433	434	435	436	437	438	439	440	441	442	443	444	445	446	447	448	449	450	451	452	453	454	455	456	457	458	459	460	461	462	463	464	465	466	467	468	469	470	471	472	473	474	475	476	477	478	479	480	481	482	483	484	485	486	487	488	489	490	491	492	493	494	495	496	497	498	499	500	501	502	503	504	505	506	507	508	509	510	511
2	1	3	5	7	232	153
3	1	2	4	7	232	194
4	1	194	3	9	7
5	2	7	8	11	14	232	153	154	187
6	1	131	12	16	177	18	222
7	2	3	4	5	232	201	10	11	194	246	187
8	153	154	131	12	5
9	1	194	4	235	13	15	155	223
10	194	235	7	201	11	290	15	179	20	310	23	207	223
11	5	7	201	10	167	205	14	17	20	21	246	187
12	131	293	6	263	8	234	16	177	19	222	22	279	154	188	190
13	1	15	155	9
14	5	11	205	143	17	178	19	154	187
15	194	155	9	10	235	13	207	23	27	223
16	6	12	177	18	22	25	188	30
17	167	11	205	14	143	178	21	24	187
18	1	35	6	16	177	180	25
19	129	289	168	12	14	143	206	178	181	22	154	159	28	190	31
20	32	34	167	201	10	11	172	179	21	24	26
21	32	167	11	172	17	20	24
22	129	168	12	16	19	190	188	30
23	39	10	207	15	179	244	213	26	27
24	32	33	167	172	205	143	17	178	243	20	21	181
25	160	144	35	37	46	16	177	18	180	188	30
26	32	34	259	261	38	39	226	43	172	45	179	20	213	214	23	167
27	39	136	235	207	15	244	182	23	280	155
28	129	135	31	19	159	191
29	1	36	136	49	50	217	155
30	129	37	40	169	144	16	168	22	265	25	188	264
31	33	195	135	44	143	48	19	181	28	159
32	33	34	42	43	172	226	20	21	24	26
33	32	195	275	172	42	44	143	243	181	247	24	31
34	32	226	38	43	172	20	26
35	160	1	41	46	18	180	25
36	136	217	50	29
37	40	169	183	46	144	51	55	25	30
38	34	134	43	45	214	26
39	45	47	211	244	213	182	23	26	27	156
40	129	37	169	173	48	51	30	191
41	160	1	35	52
42	32	33	226	214	172	43	44	275	54	255
43	32	64	34	134	38	236	42	172	226	54	57	26	255	58	214
44	64	33	195	389	392	42	396	397	48	146	275	54	247	255	380	31
45	38	134	39	211	213	214	56	26	156	261
46	160	35	37	291	183	144	147	180	55	25	281
47	39	136	50	53	182	156	189
48	256	191	195	135	40	44	173	146	51	59	31
49	1	66	208	50	217	60	29
50	67	36	136	266	47	208	49	53	189	217	60	29
51	65	68	37	40	169	183	173	48	312	55	248	228	282	59	62	191
52	160	1	41	170	140	147
53	50	67	156	189	47
54	64	411	134	236	42	43	44	397	58	283	218	255
55	65	147	37	46	51	183	248
56	161	227	134	139	45	211	57	156	61	63
57	64	161	227	134	43	192	56	58	63
58	64	192	134	70	43	54	57	63
59	64	224	68	256	76	173	238	48	146	51	184
60	66	163	69	208	49	50	67	249	189
61	161	67	74	139	56	156	157	63
62	65	331	228	71	267	77	51	312	68
63	192	161	70	74	75	174	56	57	58	61
64	134	397	401	146	283	43	44	54	329	184	57	58	59	192	195	70	73	76	81	218	219	229	236	240	247	380
65	147	71	72	78	51	55	248	228	62
66	1	163	69	208	49	84	249	185	60
67	163	156	74	139	157	237	138	80	145	50	53	86	189	60	61
68	224	51	459	331	76	77	238	173	83	334	158	463	381	312	378	59	317	62
69	66	163	80	84	249	185	60
70	64	192	171	229	417	75	269	174	81	85	218	58	415	395	90	63
71	65	228	230	77	78	148	150	88	62
72	65	228	140	78	79	176	147	250	93
73	64	343	219	203	76	365	238	240	81	87	184	91	158
74	161	67	75	157	145	82	61	63
75	149	161	70	74	174	82	85	157	94	63
76	64	68	73	238	83	87	184	59	158
77	331	68	230	71	267	83	276	158	150	88	228	314	92	317	62
78	65	99	228	230	71	72	332	271	176	148	150	88	250	93
79	96	1	72	140	176	93
80	67	69	137	138	163	84	185	89
81	64	417	203	229	70	379	73	171	212	219	90	91	395	382
82	164	74	75	145	149	86	157	94
83	68	76	77	209	87	92	158	95
84	1	66	69	80	89	185
85	75	197	70	360	202	171	174	149	90	94	325
86	193	67	164	138	145	82	100
87	97	162	73	203	76	83	343	91	158	95
88	98	71	77	78	148	150	92
89	1	137	138	80	84	185
90	360	70	102	104	316	171	325	175	336	81	212	85	303	215	340	350	91	284	94	197
91	97	162	73	203	81	212	87	90	215
92	98	77	209	83	150	88	158	95
93	96	99	198	103	72	78	79	176	148	271
94	197	164	101	102	75	82	85	90	149
95	320	97	98	203	162	105	151	108	109	321	209	286	83	204	245	87	343	186	92	158	287
96	1	165	198	103	79	176	93
97	162	105	107	112	87	186	91	215	95
98	99	268	108	111	209	148	245	150	151	88	92	286	95
99	98	198	103	231	268	78	111	148	93
100	193	164	101	137	106	141	241	86	233	251	138	133
101	100	197	102	106	141	110	164	94
102	132	101	104	110	175	113	90	94	197
103	96	99	165	198	268	111	93
104	258	132	102	284	107	110	175	113	316	215	90	303	252
105	97	204	109	112	117	151	186	95
106	100	101	199	141	115	118	251	133
107	97	258	196	104	316	112	113	116	215	186	220
108	98	151	109	111	344	114	245	119	152	287	253	95
109	105	108	112	114	117	151	152	95
110	197	132	101	102	104	260	141	142	175	113	115	164	303	252	166
111	98	99	165	103	268	108	245	119	253
112	97	196	105	107	204	109	210	116	117	151	122	220	186	277
113	258	132	166	102	104	196	107	110	115	116	142	120	121	252
114	151	108	109	253	272	216	117	119	152	124	125
115	130	166	199	200	106	273	141	110	113	142	118	120	123	221
116	196	107	112	113	117	121	122
117	210	105	109	112	114	116	151	152	122	124
118	1	251	133	199	106	115	123
119	1	165	108	111	114	253	216	125
120	130	142	113	115	121	123	221
121	130	196	258	142	113	116	309	120	122	252	221	254	127
122	128	225	196	112	254	210	116	117	278	121	124	126	127
123	1	130	199	200	115	118	120
124	128	225	210	114	117	278	152	122	125	126
125	1	216	114	119	152	124	126
126	128	1	225	216	278	152	122	124	125
127	128	1	130	225	121	122	221	254
128	1	225	122	124	126	127
129	188	292	135	40	169	300	206	319	168	306	19	308	22	264	191	28	30	159
130	1	200	115	120	121	123	221	127
131	1	6	8	234	12	153	154	222
132	104	113	110	102	166
133	1	100	137	106	141	241	118	251
134	64	192	227	261	214	38	43	236	45	211	54	56	57	58	255
135	256	129	195	326	191	48	319	146	31	28	159
136	27	36	266	47	189	50	182	280	217	155	29
137	1	100	133	138	80	241	185	89
138	193	67	100	241	137	270	80	145	163	86	185	89
139	161	67	262	227	297	355	364	237	157	189	211	372	56	313	156	61
140	1	72	170	79	176	147	52	250
141	257	315	100	101	166	199	298	233	106	391	110	241	115	164	251	260	285	133
142	166	273	110	113	115	120	121	252	221
143	33	14	206	17	178	19	181	24	159	31
144	291	37	296	169	265	46	180	183	25	188	30
145	301	193	67	164	327	74	237	302	157	82	163	149	86	202	313	138
146	64	224	195	326	135	329	44	256	48	401	377	184	283	59
147	160	65	228	72	170	183	140	46	305	52	55	248	250
148	98	99	230	198	71	231	268	333	78	271	209	276	150	88	299	93
149	161	164	197	202	75	174	145	82	85	157	94
150	98	230	71	77	78	209	307	148	88	276	314	92	317	158
151	98	245	277	210	105	108	109	112	114	204	117	152	287	95
152	210	338	108	109	253	272	344	114	117	278	151	216	287	124	125	126	277
153	1	2	131	5	295	8	234	232	154	187
154	289	131	373	5	294	295	8	234	12	274	14	239	178	19	206	153	187	190	293
155	1	136	9	235	13	15	280	217	27	29
156	354	67	39	297	139	45	47	304	189	211	53	182	56	355	61	213
157	161	139	262	327	74	75	237	145	82	67	372	149	202	313	61
158	320	68	307	73	343	76	77	238	365	209	83	334	150	87	92	317	95
159	129	195	243	358	135	323	206	143	306	19	181	375	319	28	31
160	1	35	291	41	170	46	180	305	147	52	183	25	281
161	192	139	262	74	75	174	157	227	149	56	57	61	202	63
162	97	321	348	203	337	212	87	186	91	316	215	95
163	193	66	67	69	138	330	237	270	335	80	145	349	249	185	60	189
164	193	100	101	257	233	202	141	110	301	145	82	302	149	86	260	94	197
165	96	1	299	198	103	231	268	111	119	253
166	132	199	200	366	273	141	110	303	113	115	142	260	251	252	285
167	226	259	342	243	201	11	172	205	374	17	179	20	21	246	311	24	371	26	357
168	129	300	206	239	306	19	190	22	188	30
169	129	292	37	40	265	173	144	264	51	308	183	282	351	30	191
170	160	1	140	305	147	52	183	250
171	70	360	395	269	174	81	212	85	215	90	379	350
172	32	33	34	357	167	275	42	43	226	243	20	21	24	26	383
173	224	256	68	40	169	48	351	51	312	282	59	381	191
174	192	161	390	171	324	262	70	360	202	75	269	352	149	395	63	325	394	85
175	260	197	102	104	284	110	303	336	340	90	252
176	96	1	198	72	140	78	79	250	271	93
177	1	6	263	12	16	18	180	279	25	188	222
178	289	356	243	205	14	143	206	17	274	19	181	24	154	187
179	290	259	167	201	10	311	207	20	213	23	244	26	346
180	160	1	35	296	281	46	144	177	18	291	279	25	188
181	33	195	356	358	243	323	289	206	143	178	19	24	31	159
182	322	39	136	297	266	47	304	328	244	213	280	217	27	156	189
183	160	291	147	37	359	169	170	46	144	305	51	55	248	281	282	265
184	64	224	283	73	76	365	238	240	401	146	377	378	59
185	1	66	163	69	137	138	270	80	241	84	249	89
186	288	97	162	316	321	105	107	204	112	337	212	277	215	220	95
187	289	5	295	7	232	274	11	205	14	17	178	339	246	153	154
188	129	292	300	168	265	144	279	12	16	177	370	388	180	190	22	264	25	30	296
189	67	136	156	266	139	237	47	208	328	50	163	53	182	297	249	60	330
190	388	293	263	168	300	12	206	239	19	22	279	154	188
191	256	129	292	326	135	40	169	363	173	48	51	308	351	28	381	319
192	64	161	262	227	324	70	134	236	269	174	57	58	218	63
193	163	164	241	233	138	237	270	301	145	335	86	313	100	315	349
194	1	3	4	7	232	9	10	15	242	310	201	318	223
195	64	33	326	135	329	375	44	48	319	146	243	181	385	247	159	31
196	225	258	107	367	112	113	210	116	309	278	121	122	220	254	341
197	257	164	101	102	202	110	175	302	340	85	260	90	325	298	94	149
198	96	1	99	165	103	231	268	271	176	148	93
199	1	251	166	200	106	141	115	118	123	285
200	1	130	166	199	285	273	115	123	221
201	339	194	310	167	232	10	11	403	290	242	179	20	246	311	7	318
202	352	161	164	197	262	327	174	145	302	85	325	157	149
203	321	162	219	379	73	343	365	81	212	87	91	348	382	95
204	321	105	112	277	151	186	287	95
205	289	356	342	167	11	274	14	17	178	243	246	24	187	357
206	129	323	294	289	168	306	143	178	19	181	154	239	190	159
207	290	361	10	235	15	179	244	310	23	280	27
208	1	66	266	49	50	249	217	60	189
209	320	98	307	268	286	83	148	245	150	343	276	287	92	158	95
210	196	341	220	112	369	338	117	278	151	152	122	124	277
211	354	227	261	134	39	139	364	45	386	355	213	56	156
212	162	203	337	379	348	171	81	215	90	91	316	186	350
213	368	354	259	261	211	39	45	304	179	244	182	23	26	347	156	346
214	226	259	261	38	134	389	42	43	236	45	275	26	362	255
215	97	162	171	104	107	212	90	91	316	186	350
216	1	253	272	114	278	119	152	125	126
217	328	1	322	36	136	266	208	49	50	182	280	155	29
218	64	192	411	324	229	70	417	236	269	397	54	376	409	283	415
219	64	229	73	203	365	240	81	343	382
220	288	258	196	425	107	367	112	369	210	277	186	316	341
221	1	130	200	142	273	115	309	345	120	121	252	254	127
222	1	131	293	6	263	234	12	177
223	1	194	9	10	235	15	310
224	256	68	173	238	401	146	405	184	377	378	59	381
225	128	1	196	341	254	278	122	124	126	127
226	32	34	259	357	167	42	43	172	275	214	371	26	362	383
227	192	161	262	324	261	134	364	139	236	386	399	376	211	56	57	390
228	416	65	387	147	230	71	72	267	332	77	78	305	434	51	248	250	62	312
229	64	417	283	70	240	81	409	218	219	382
230	384	416	228	71	267	332	77	78	271	148	150	276	314	333
231	1	99	165	198	299	268	333	271	148
232	1	2	3	5	7	201	295	194	242	339	246	153	187	318
233	257	164	193	298	141	301	241	100	315
234	1	131	293	263	295	12	153	154	222
235	1	155	9	10	207	15	310	361	280	27	223
236	64	192	227	261	214	134	389	43	397	399	54	376	324	218	411	255
237	193	163	406	297	330	139	189	145	402	67	349	313	335	157
238	224	68	73	76	365	334	184	377	378	59	158
239	388	293	294	263	168	300	206	306	408	154	190
240	64	283	229	73	365	409	184	377	219	382
241	1	315	100	133	193	137	138	141	270	335	233	185	251
242	232	1	194	318	201
243	33	195	356	357	358	167	375	172	205	385	178	275	181	247	24	383	159
244	290	347	421	422	39	361	322	207	304	179	213	182	23	280	346	27	444
245	353	98	268	299	108	111	209	151	344	287	253	286	95
246	443	374	167	232	201	426	11	403	205	274	339	342	311	7	187	318
247	64	33	195	243	329	44	385	275	375	380
248	65	387	228	55	305	51	147	183	312	282
249	1	66	163	69	266	330	270	208	185	60	189
250	1	228	72	332	170	140	78	271	176	305	147
251	1	315	100	133	166	199	106	391	141	241	118	298	285
252	258	166	273	104	407	142	175	113	367	110	345	121	303	284	221	309
253	344	1	165	353	268	299	108	111	272	216	114	245	119	152
254	1	196	341	225	309	121	122	221	127
255	54	134	236	42	43	44	397	275	214	389
256	224	326	135	329	173	48	401	146	405	59	381	191
257	164	197	233	298	141	302	301	260
258	425	196	104	252	407	107	367	113	309	284	316	121	220
259	226	261	167	362	371	290	368	179	213	214	311	26	346
260	257	164	197	166	391	298	141	110	175	340	366	303	285
261	400	354	227	389	134	259	362	236	45	386	399	368	211	213	214	26
262	192	161	227	324	390	327	202	139	364	174	352	372	157
263	1	388	293	234	12	239	177	190	279	222
264	129	292	265	300	308	169	188	30
265	291	292	359	264	169	144	296	370	414	183	282	188	30
266	1	136	330	208	328	50	182	249	217	189
267	416	228	230	331	332	77	434	312	314	62
268	320	353	98	99	165	198	103	231	333	398	111	209	307	148	245	299	276	253	286
269	192	395	324	70	394	171	174	376	218	411	415
270	193	163	1	138	335	241	349	249	185	330
271	384	1	230	198	231	332	333	78	176	148	250	93
272	344	1	338	216	114	278	152	253
273	1	166	200	142	285	115	366	345	303	252	221
274	289	342	295	427	205	178	339	373	246	154	187
275	33	226	389	385	392	44	42	172	400	243	214	247	396	383	380	362	255
276	384	435	230	268	77	398	333	209	307	148	150	314	317
277	288	321	418	369	204	338	112	337	210	432	151	152	186	220	287
278	1	196	225	338	369	272	216	210	341	152	122	124	126
279	1	388	293	263	296	12	177	370	180	188	190
280	1	322	155	136	361	235	207	244	182	217	27
281	160	1	291	359	46	305	180	183
282	387	292	359	169	183	428	173	305	51	446	265	248	351	414	312
283	64	229	397	240	401	146	54	409	184	377	218
284	425	258	104	316	303	336	367	436	407	440	90	175	252
285	1	260	166	199	200	391	141	366	273	251
286	320	353	98	268	398	209	307	245	430	344	95	413	287
287	320	321	418	277	344	108	343	204	431	209	338	245	151	152	413	286	95
288	449	337	220	432	369	277	425	186	316
289	339	323	356	294	295	437	274	427	205	206	178	19	181	342	154	187	373
290	259	421	201	10	419	207	179	244	310	311	346	361
291	160	1	359	296	265	46	144	180	183	281
292	129	264	265	439	300	296	370	308	446	169	404	282	351	188	414	191
293	1	388	294	263	234	295	12	239	190	279	408	154	222	373
294	289	323	293	206	239	306	373	408	154
295	1	293	289	232	234	274	339	373	153	154	187
296	1	291	292	359	265	144	370	180	279	188	414
297	355	422	328	330	139	237	304	402	182	441	313	410	156	189
298	257	315	260	197	391	424	233	141	302	301	340	251
299	1	165	231	268	333	398	353	148	245	253
300	129	292	168	404	452	370	239	264	306	308	388	188	190	319
301	257	164	193	424	233	298	327	302	335	145	313	315	412
302	257	164	197	327	424	202	301	445	145	453	340	412	298	325
303	260	166	391	104	284	436	429	110	175	336	273	340	366	407	440	345	90	252
304	322	355	422	328	297	354	244	213	182	410	347	156	447
305	160	1	387	228	359	170	332	147	183	248	281	250	282
306	129	323	388	294	168	300	206	239	408	452	319	159
307	320	384	459	268	398	209	435	276	158	150	430	314	317	286
308	129	292	439	264	169	363	300	351	404	393	452	319	468	191
309	1	258	196	367	341	345	121	252	221	254
310	1	194	419	201	10	235	290	207	403	311	361	318	223
311	290	259	310	167	201	371	403	419	451	374	450	179	246	346	421
312	331	228	455	428	267	387	173	381	434	51	446	248	68	282	378	62	351
313	193	355	438	327	297	139	237	301	145	402	372	406	441	335	412	157
314	384	416	435	331	230	267	77	307	276	150	317
315	1	193	424	233	298	391	141	301	241	335	251
316	288	425	162	440	449	104	284	107	460	258	336	337	432	212	215	348	90	220	186	350
317	320	435	459	68	331	77	334	463	307	276	150	314	158
318	1	194	310	232	201	403	242	339	246
319	129	195	452	358	326	135	393	363	300	465	306	323	308	375	468	191	477	159
320	456	431	459	268	334	413	209	307	430	158	398	343	442	95	317	286	287
321	448	162	456	203	204	418	431	337	277	343	186	287	348	95
322	1	422	328	361	304	244	182	280	217
323	289	356	358	294	373	437	206	465	306	181	408	452	319	159
324	192	227	390	262	394	236	269	174	376	218
325	352	197	327	360	489	202	302	174	340	85	90	475	445	453
326	256	393	195	423	135	329	363	477	146	468	405	375	191	381	478	319
327	352	325	262	202	301	302	145	466	372	438	313	412	157	453
328	1	322	422	297	266	304	182	217	410	330	189
329	64	256	195	423	326	385	375	401	146	405	247	380	381
330	1	163	328	297	266	237	270	349	402	249	410	189
331	416	68	455	267	77	434	378	435	312	314	463	317	62
332	384	1	387	228	230	267	78	271	305	416	250
333	384	1	230	231	299	268	398	271	148	276
334	320	68	486	471	459	365	238	463	464	343	378	317	158	442
335	1	163	193	424	237	270	301	241	406	313	315	412	349
336	360	284	458	460	303	467	340	440	436	90	175	316	350
337	288	321	162	448	449	348	460	418	432	212	277	186	316
338	1	418	369	272	344	210	277	278	152	287
339	1	427	342	289	232	201	426	295	274	403	373	246	187	318
340	458	475	260	197	391	360	298	429	302	175	336	424	467	436	366	90	303	445	325
341	1	196	225	425	367	369	210	309	278	220	254
342	289	356	357	454	167	426	427	205	274	339	246	374	443
343	320	321	456	73	203	365	334	431	287	209	464	382	87	442	219	348	474	158	95
344	1	418	353	108	413	272	338	245	152	253	286	287
345	1	429	366	303	273	436	309	407	367	252	221
346	290	259	421	361	371	451	368	179	244	213	311	347	444
347	368	354	422	457	304	244	213	346	444
348	448	321	162	456	203	460	337	212	382	343	474	379	316	350	469
349	1	163	193	330	237	270	335	402	406
350	395	360	348	458	171	460	476	493	336	467	212	469	215	90	379	316
351	292	439	455	169	363	428	173	472	308	393	312	282	381	446	191
352	480	325	262	327	360	489	202	395	174	466	453	372	394	390
353	1	299	268	398	413	245	344	253	286
354	368	386	355	261	422	444	485	304	211	213	479	457	347	156	447
355	354	297	139	364	386	462	304	211	372	441	313	410	479	156	447
356	289	323	357	358	454	427	205	178	243	181	342	437
357	226	356	374	358	167	454	371	172	205	488	243	342	443	383
358	383	385	482	323	356	357	454	437	490	465	243	181	375	159	319
359	1	291	296	265	305	387	183	281	282	414
360	352	395	325	487	489	171	174	336	467	340	85	90	475	350
361	1	290	419	421	422	235	322	207	244	310	280	346	444
362	400	226	259	261	389	371	483	368	275	214	495	383
363	326	393	191	308	319	381	351
364	480	386	355	390	262	227	139	462	399	211	372	491	479
365	409	464	486	471	481	73	382	203	238	240	334	470	343	184	377	378	219	158
366	1	260	166	391	429	303	273	340	345	285
367	1	258	196	425	220	309	284	407	345	252	341
368	354	259	261	457	362	386	451	483	400	371	213	495	346	347	444	485
369	288	1	418	425	338	432	210	277	278	220	341
370	1	292	296	265	439	300	433	404	279	388	188	414
371	226	259	357	167	488	362	450	483	368	451	374	311	346	383
372	352	480	355	390	262	327	139	364	462	466	438	441	313	157
373	1	323	293	294	289	295	274	339	437	408	154	427
374	246	450	357	167	488	403	371	342	311	443
375	385	195	358	326	423	329	490	465	243	247	159	477	478	319
376	512	227	324	389	390	508	394	236	269	399	502	218	411	507	506	415
377	224	481	486	365	238	240	401	146	405	470	505	184	409	378	283	501
378	224	68	486	455	331	365	238	463	312	334	470	184	377	381	405
379	417	203	476	171	395	493	81	498	212	382	504	348	350	469
380	64	385	420	423	392	329	503	44	397	499	496	401	275	500	247	396	478	511
381	224	256	68	326	423	329	363	173	472	468	405	393	312	473	378	351	455	478	191
382	417	379	229	481	203	365	240	81	498	464	469	343	409	474	219	348
383	385	226	483	420	357	358	243	392	454	362	371	172	482	494	495	400	488	275
384	416	1	435	230	332	333	398	271	307	276	314
385	482	195	420	423	358	243	392	329	490	375	494	496	275	247	380	478	383
386	400	354	355	261	227	457	485	364	399	368	497	211	495	479	491	389
387	416	1	228	305	428	359	332	312	434	248	282	414
388	1	452	293	263	300	370	239	433	306	404	279	408	188	190
389	386	261	44	362	236	397	399	400	497	275	511	214	503	376	396	411	508	255
390	352	480	227	324	262	489	394	491	364	174	399	372	502	376
391	1	315	260	424	298	141	366	303	340	429	251	285	445
392	385	420	44	396	400	275	380	383
393	326	363	308	439	472	468	319	381	351
394	352	324	390	489	395	269	174	502	376	506	415
395	352	417	70	487	360	489	394	171	269	174	493	81	467	504	506	379	350	415
396	420	389	392	44	397	400	275	503	380
397	64	396	389	511	44	236	411	509	505	401	508	500	54	503	409	218	283	380	492	255
398	320	1	435	353	299	268	333	430	384	307	276	413	286
399	386	227	261	390	236	491	364	497	502	376	411	508	389
400	386	420	261	497	389	362	396	494	495	368	392	275	503	383
401	64	224	505	423	329	397	256	146	499	500	405	409	184	377	283	380	501
402	1	438	297	330	237	406	441	313	410	349
403	1	450	419	246	201	426	339	310	311	374	443	318
404	1	388	300	433	370	308	439	292	452
405	224	256	326	423	329	455	401	499	501	470	473	377	378	381	478
406	1	237	335	402	438	313	412	349
407	1	258	284	303	436	425	440	345	367	252
408	1	323	388	293	294	239	465	306	373	452	437
409	417	411	229	481	492	365	397	240	401	498	500	505	377	218	283	382
410	1	355	422	328	297	330	304	402	441	447
411	417	507	389	509	492	236	269	397	54	376	409	218	399	508	506	415
412	1	438	327	424	301	302	335	406	313	453
413	320	1	418	353	456	398	431	430	344	286	287
414	1	387	292	359	296	265	428	370	439	282	446
415	417	507	70	394	395	492	269	504	498	376	218	411	506
416	384	1	267	228	230	331	332	435	434	387	314
417	481	411	229	70	395	492	81	498	504	409	218	379	507	382	415
418	448	1	321	369	432	337	338	277	344	431	413	287
419	1	290	451	421	361	450	403	310	311
420	385	392	396	494	400	496	503	380	383
421	1	290	419	361	451	244	311	346	444
422	1	322	328	297	457	354	304	244	361	410	347	444	447
423	385	326	329	496	401	499	405	375	380	381	478
424	1	453	391	298	301	302	335	340	315	412	445
425	288	1	258	449	284	407	367	432	369	341	316	440	220
426	1	246	454	427	403	339	342	443
427	1	356	454	289	426	461	274	339	373	342	437
428	1	387	455	434	446	312	282	414	351
429	1	391	436	366	303	340	345	445
430	320	1	456	459	435	398	307	442	413	286
431	320	1	418	321	456	448	343	413	287
432	288	1	418	337	425	460	369	449	448	277	316
433	1	388	370	404	439	452
434	416	1	267	228	455	331	428	435	463	387	312
435	384	1	459	416	331	398	463	434	307	276	430	314	317
436	1	458	429	303	336	340	407	440	345	475	284	445
437	1	482	323	356	454	358	289	427	461	465	373	408
438	1	453	327	466	402	372	406	441	313	412
439	1	292	393	452	433	370	308	446	472	404	468	414	351
440	1	425	449	316	458	460	303	336	436	407	284
441	1	355	297	466	462	402	372	438	313	410	447
442	320	1	471	456	459	430	464	334	343
443	1	450	342	246	454	426	488	403	374	357
444	1	354	451	421	422	361	368	244	457	346	347	485
445	1	325	391	424	429	302	340	436	475	453
446	1	292	455	428	472	439	312	282	414	351
447	1	354	355	422	457	462	304	441	410	479
448	1	418	484	321	456	460	431	432	337	469	348
449	288	1	425	460	432	337	440	316
450	1	419	488	403	451	483	371	374	311	443
451	1	450	419	421	483	368	371	311	346	444	485
452	1	323	388	465	300	477	433	306	308	439	408	404	468	319
453	352	1	325	327	424	489	302	466	480	438	475	412	445
454	1	482	356	357	358	488	426	427	461	437	342	443	383
455	1	331	428	463	472	434	405	470	312	473	378	381	446	351
456	320	1	484	474	321	430	431	464	448	469	343	442	348	413
457	1	354	485	422	386	368	479	347	444	447
458	1	460	336	467	436	440	340	475	476	350
459	320	1	68	435	334	463	307	430	471	442	317
460	448	1	484	449	348	458	476	336	337	432	469	440	316	350
461	1	482	454	427	465	437
462	480	1	355	364	466	372	441	479	447
463	1	459	68	486	455	331	334	434	435	470	471	378	317
464	1	486	481	456	471	365	334	343	442	474	382
465	1	482	323	452	358	490	461	437	375	408	477	319
466	352	1	453	327	462	372	480	438	441
467	1	487	360	458	395	493	336	340	475	476	350
468	1	452	326	393	477	308	439	472	381	478	319
469	448	1	484	456	476	460	493	498	350	474	379	348	382
470	1	486	455	365	463	405	473	377	378	501
471	1	486	459	365	334	463	464	442
472	1	455	393	468	478	439	473	381	446	351
473	1	455	499	405	470	472	381	478	501
474	1	484	481	456	464	498	469	343	348	382
475	1	325	487	360	489	458	467	436	340	445	453
476	1	458	460	493	467	469	379	350
477	1	452	326	490	465	468	375	478	319
478	385	326	1	490	423	477	496	499	468	405	375	472	473	380	381
479	480	1	354	355	485	457	491	364	386	462	447
480	352	1	453	390	489	491	364	462	466	372	502	479
481	1	505	486	417	492	365	464	498	501	377	409	474	382
482	385	358	454	1	488	490	461	494	496	465	437	510	383
483	1	450	451	485	488	362	494	495	368	371	383
484	448	1	456	460	469	474
485	1	354	451	457	491	386	495	368	497	483	444	479
486	1	481	365	334	463	464	501	470	471	377	378
487	1	360	489	395	493	467	504	506	475
488	1	450	483	357	454	482	494	495	371	374	443	510	383
489	352	1	325	390	487	360	394	395	480	502	506	475	453
490	385	482	358	1	496	465	510	375	477	478
491	480	1	386	485	390	364	399	497	502	479
492	1	507	417	397	498	481	500	505	409	411	509	415
493	1	487	395	498	467	469	504	379	476	350
494	385	482	483	420	1	488	495	400	496	503	510	383
495	1	386	483	485	488	362	494	368	497	400	503	383
496	1	482	420	423	490	494	385	499	500	510	503	380	478
497	512	1	386	485	491	399	400	511	502	503	495	508	389
498	1	507	417	492	493	481	469	504	409	474	379	382	415
499	1	423	496	401	500	405	505	473	380	478	501
500	1	505	492	397	496	401	499	503	409	380	509	511
501	1	505	486	481	401	499	405	470	377	473
502	480	1	390	489	394	491	399	497	512	376	506	508
503	1	420	389	396	397	494	495	400	497	500	496	380	511
504	1	507	487	395	493	417	498	506	379	415
505	1	481	492	397	401	499	500	501	377	409
506	512	1	507	487	489	394	395	504	502	376	411	415
507	512	1	417	492	504	498	376	506	411	508	509	415
508	512	1	507	389	397	399	497	502	376	411	509	511
509	1	507	492	397	500	411	508	511
510	1	482	488	490	494	496
511	1	389	508	397	497	500	503	380	509
512	1	497	502	376	506	507	508
