512
513
2
3
4
5
518
519
8
521
522
523
524
13
515
25
28
517
34
43
47
520
63
66
78
514
90
97
111
113
117
118
119
120
123
125
131
137
138
141
516
154
158
160
173
174
176
181
182
184
187
191
194
196
207
215
218
220
223
230
234
237
243
246
247
251
252
255
257
258
262
263
266
272
280
281
282
287
291
293
299
301
302
303
305
307
309
324
326
327
329
332
333
335
339
341
344
349
350
354
355
358
361
364
367
374
375
378
379
380
383
387
388
403
405
407
409
410
411
412
414
415
418
423
424
426
427
428
429
430
431
432
433
434
435
436
437
438
439
440
441
442
443
444
445
446
447
448
449
450
451
452
453
454
455
456
457
458
459
460
461
462
463
464
465
466
467
468
469
470
471
472
473
474
475
476
477
478
479
480
481
482
483
484
485
486
487
488
489
490
491
492
493
494
495
496
497
498
499
500
501
502
503
504
505
506
507
508
509
510
511
