1	57.3581029697	55.6220897548	15.2162497758
2	50.6887985251	23.2522127004	0.785090757933
3	57.4335933761	23.9267262303	0.631310165429
4	43.4230867647	24.3830351464	0.824453150181
5	64.4775323524	26.5599020556	1.03861717268
6	52.9277510886	27.8831193433	0.442336151148
7	59.4061521472	27.8611118796	0.316154663981
8	30.2193545023	30.6401834976	0.799474491516
9	45.5853163601	29.1975889019	1.04315813981
10	63.3083263089	31.7539361643	2.3245053552
11	36.9839580479	33.8926102763	2.42329714932
12	47.2481425838	33.2227496289	0.856636656181
13	68.4910605356	32.914568192	1.44545949693
14	31.3929021187	35.2751906005	0.576698112195
15	53.3774988586	34.5349291647	0.555348095284
16	61.6182042947	35.4316752065	0.621227637357
17	42.9582098496	38.2787152576	1.14323507181
18	50.6975460977	36.6677077561	0.801914561417
19	59.6013059562	36.8412250438	1.00538548753
20	67.5946915575	39.0632346953	1.93536380489
21	56.5319100711	39.5064681017	3.88345773837
22	50.6240504887	40.7998199536	1.85143057007
23	34.407965318	41.2997225511	1.31841269841
24	29.0791454453	41.422276842	1.77229020042
25	79.9740492258	42.6643487246	0.17629456154
26	40.9454194855	41.8326642039	1.7185273974
27	57.165080105	43.3009016621	0.322292285763
28	19.9582877531	43.2776802443	0.644288316419
29	72.1472101652	43.4028044978	1.50318410797
30	39.1025533146	44.7249506857	2.12357815781
31	68.2793718342	43.7505698106	2.93299600938
32	52.2597332365	44.5489541827	2.11326354746
33	61.8254029307	46.7509360823	4.27098034652
34	19.0254729876	46.6521520721	0.713809597058
35	31.909829397	46.0696856474	1.07872700265
36	34.3601746654	47.586839144	0.915498045676
37	25.413416829	46.714025774	1.4942085697
38	56.199414445	48.6042928068	1.58404490829
39	65.3892344228	47.9549984112	1.99640346721
40	69.9081675275	49.126277625	1.03940185953
41	79.618004762	48.2835892397	1.12985676399
42	47.8940475135	47.9269602394	5.25892753745
43	84.0627553988	49.4251278832	1.83856906454
44	37.2535902157	49.5936796989	1.12761555679
45	44.2727231137	49.632297105	1.67341710087
46	61.8754543439	51.0128219971	1.38409905576
47	17.8548706375	51.0700360073	0.958722624071
48	53.064133712	49.9046163502	2.64897382756
49	22.7853816604	51.4529974303	1.27237857509
50	27.9977203796	51.4239552101	0.877352110435
51	30.4647143834	52.5926293647	4.00712366958
52	49.9469306468	52.5675393157	4.54822677952
53	69.5647983288	54.3501449557	0.750239980802
54	43.0512235691	54.8630573681	2.61726233338
55	73.5440709312	54.4814729196	2.75558098668
56	36.7722737688	54.6708382284	1.30500206387
57	62.2308582725	56.818990053	4.86483440786
58	21.9230677937	57.4682584114	1.46166491498
59	80.8946619945	56.9750144437	1.98502908451
60	66.5673213356	57.583718092	0.84478534143
61	55.65238522	59.4128871723	4.26725761508
62	76.9821765015	59.03570767	0.966414123154
63	17.4544237003	59.6552339749	1.55991414702
64	27.3875035276	59.9172945216	0.606001373289
65	40.4523379907	60.100439932	0.862537173555
66	85.4218184739	60.8138670229	1.41661698587
67	66.0607240807	60.2643141055	2.61386566562
68	21.4598719046	61.8962025454	0.567306649311
69	46.2421201917	63.1423464358	4.49531122639
70	81.635734061	62.0856565146	1.31732817997
71	62.1823154584	62.0885551829	4.65817661552
72	32.600203339	62.1238409699	0.407018168864
73	71.3652396391	63.4260710409	2.71730344107
74	37.5828645061	64.0336243049	0.751640775877
75	51.056843023	65.3819091196	1.9987671444
76	22.0098970532	64.9876104441	0.573203981992
77	79.2573159916	65.2577656126	1.83470549133
78	17.8977125427	66.658119913	0.443966661358
79	23.9850921691	67.5814413554	2.1111379327
80	71.7305211216	67.1378247534	2.60520670152
81	63.6691634261	68.2005376277	1.64880702691
82	28.3747523405	67.4170243655	0.514350018614
83	46.2527436656	69.0349388811	0.836540563142
84	59.9391892648	70.0987660109	5.32481810775
85	52.6484453518	69.3493285712	1.06738903146
86	67.1215738687	69.9949456331	0.516928813489
87	80.0665096102	70.17961708	0.717917887828
88	43.8411730401	72.2488454737	1.77769467298
89	62.492965017	71.2241921713	0.747962447127
90	20.8768859069	72.3056134958	1.42059678102
91	63.4948832906	73.4103529018	3.21367166683
92	76.5417175105	73.253772164	1.08707296362
93	69.6155165216	74.0608590149	1.56135899499
94	55.3172808112	76.0912322676	3.39760933002
95	41.1148866567	75.8854966452	0.756115604411
96	60.1748632982	78.009289287	3.15533686434
97	24.0380249433	77.1847099965	1.47121193017
98	46.138280917	76.5806441247	0.424478310127
99	28.2948173958	78.131066526	0.700139623751
100	38.672501586	78.3101692987	2.45369924214
101	50.0001178347	78.2338176544	1.42716340591
102	31.7863294048	77.8743130028	1.77568861605
103	72.9325948479	78.5115689524	1.26894176682
104	55.029518133	81.0171842832	2.22780279013
105	63.1062490358	79.6158400184	2.70875453686
106	68.2729241892	80.7703104618	2.77894536146
107	44.3996189798	82.2849161356	1.83720384706
108	50.6478001046	84.0026056151	0.890792656288
109	66.697894841	84.4906756526	1.18034425483
110	36.2397009079	84.3732446242	0.962807787587
111	28.1328244983	83.2911334518	0.477167119006
112	58.0154164837	83.9617793999	1.01056169757
113	73.0877491268	84.8220861063	1.18294231273
114	40.3917497141	86.9302872731	0.628548773063
115	53.5471558696	87.7488240913	1.80911349058
116	58.996611341	87.9338625458	1.01839002863
117	66.9278719867	88.5296159683	0.531899034123
118	40.5398892156	90.6642391965	0.952684387264
119	61.2860429924	91.4025947244	1.71866483802
120	48.2272493278	92.4033084588	1.21229679858
121	31.9999885785	71.9497954816	3.67236795746
122	63.0893136212	38.5146792565	0.904518670213
123	85.2071222672	55.9192282939	2.11753556374
124	63.3120445724	84.8405535876	3.23534618308
125	25.2235423639	38.1618824651	1.91123951428
126	64.9090119152	42.1611773659	3.52811004393
127	32.6089954345	57.3117309545	2.76662983512
128	26.7419939089	72.9519090564	1.99919459242
129	72.937991646	39.0036836076	3.52457276908
130	47.1093123971	43.4643130285	3.41666780078
131	84.0927827762	67.520077717	1.76140445402
132	40.3851731263	68.22299692	3.89051757573
133	36.0245391121	82.0268442316	3.99362296176
134	47.3873156138	38.6893623266	2.91128305853
135	76.6589133752	44.4420918165	2.08392636418
136	71.8497838301	58.975630647	2.88870220198
137	77.708229141	79.7578761378	2.47044828918
138	74.3610454114	33.4789404795	2.03906786267
139	45.6380652717	77.5974331795	3.66130461205
140	59.5705590179	30.6819843067	3.04578452386
141	80.4171227576	40.8297377684	2.28216344977
142	72.2821361266	48.7695473087	3.70194364565
143	27.8878058574	59.6035563249	2.5170716079
144	66.10640074	65.0449557234	4.19724979176
145	52.8086041876	30.1968965525	2.89231783247
146	68.8567724489	70.0028072824	3.96319264885
147	75.8958490502	71.0079801042	3.55271364534
148	24.6723207704	54.1441239791	2.8433605552
149	40.8421656243	85.0069119788	2.92385193137
150	45.8941235295	87.1193695955	2.65577268099
151	60.164150039	41.7256799461	4.56045690298
152	36.8671753728	60.1470102533	3.37520162704
153	49.5695847959	73.660681788	4.42089984077
154	81.4031291911	74.5789335663	1.91611621288
155	67.1530265081	53.0757779865	4.55450032437
156	66.4540998794	72.2584485566	4.61339740112
157	37.879459087	72.8936287257	4.24456286092
158	38.4260594039	27.9825851098	3.07699482098
159	67.7655559735	35.4006155534	3.83708864593
160	34.3921879362	87.152120118	2.5884528692
161	61.6649215561	36.7954033937	3.86153117403
162	38.0823272183	38.8194847711	3.84881264975
163	78.8470098575	51.1587576785	3.40216944787
164	42.6140642012	58.4483506053	5.07813105806
165	77.9394700314	61.2661019822	4.04310379685
166	32.469174923	62.9159536559	4.4778626401
167	55.5186617419	73.5872731478	5.34579065809
168	60.7146760144	74.4110047864	4.8252338506
169	74.4125330701	75.7701714105	3.53851499736
170	49.6255492097	80.4473668679	4.07415667228
171	40.7882585906	63.8673907252	6.34813016787
172	36.2035149672	67.0841333138	4.86280538581
173	29.8971356056	82.9585505611	2.9011538746
174	67.2694275509	88.382649324	3.20688808153
175	57.6459694726	46.6426606195	5.35293873734
176	19.4452234233	66.2712852529	2.98117272778
177	42.0498511756	32.6193510979	4.54924345508
178	54.9094912888	35.6219795346	3.61535049344
179	23.7062067036	62.5057975573	3.92726947358
180	40.9915162708	76.5387607736	5.40787873157
181	56.5724333391	25.6574875495	2.7872572408
182	49.9492082388	25.9861632401	3.87114122835
183	32.5945051214	38.3260346156	4.32827794688
184	18.7912572895	53.2080758967	3.00922607561
185	30.7099949818	65.7018088291	3.46722590372
186	45.582597328	68.1741220452	6.50310559006
187	33.1912330314	31.4293323647	3.75380261372
188	44.5839612758	37.843666623	5.53031379602
189	58.1905213864	85.3674345561	5.24136440262
190	51.1697828237	86.1436018608	5.09873193991
191	45.2638859561	26.5747631744	4.39224386724
192	50.699885074	35.7384307743	5.29722215438
193	59.27345596	60.0023516576	6.15230206282
194	54.3213427676	91.8330397546	3.85686894594
195	67.3900246999	57.0049165976	5.757172916
196	21.9017696266	45.6445862938	4.19913825124
197	42.8801917459	48.8298125222	6.30875140607
198	77.0765863086	58.5858033498	6.25446320432
199	50.1049791656	55.6769078388	7.78947715326
200	31.107588624	77.5471882456	5.11504984304
201	27.4072960208	47.2500171546	4.7982954383
202	34.9735657298	52.799792791	6.41274010634
203	54.4437680964	53.601849155	7.12079867289
204	57.8338604955	55.9592477975	6.05417680165
205	54.9412075708	69.2926040779	7.01188656214
206	51.0302522031	71.0451277039	6.78318160427
207	41.6684628399	89.7855322114	4.11550149062
208	35.3531508035	46.1457248502	5.42535390576
209	27.0150765846	68.5756923739	5.40884769322
210	42.2743502268	72.238373292	6.96026229571
211	32.5922598457	47.7680145571	5.29160821268
212	65.7796677286	48.101597721	6.2173992404
213	46.8993133726	51.3927817223	8.03584001981
214	69.8000782334	78.3610403222	5.69933450245
215	65.4077347712	28.427395121	4.09364961018
216	44.8037755908	44.2763981609	6.27330186002
217	24.529954929	55.1917819583	6.10243680619
218	48.1750156535	91.1187146052	5.46360033782
219	62.0309911627	53.0533527619	6.7220753874
220	83.6745187996	61.3726943133	5.26992980612
221	54.2770383561	65.4130756226	7.22483674199
222	58.1431507572	33.1550997306	6.63447724759
223	30.5433074042	34.3923976678	5.24300317279
224	63.2976291797	66.9905886736	6.17932265565
225	77.0251853013	66.33141428	5.38027434948
226	45.142557291	74.0626123596	6.88278095238
227	30.5097399631	42.883264667	5.9944000356
228	44.6865588193	54.5289069169	10.3487946304
229	77.5584204056	55.0101442107	5.60501532564
230	79.6528684348	74.8264388389	5.15676007835
231	41.5197105933	83.4208606364	6.54031640061
232	51.210795956	41.2026537283	6.98713783582
233	75.3360279046	46.2717369209	6.9377787279
234	82.627831994	48.681372689	5.6762536075
235	25.9296440631	62.1712440021	7.47985320737
236	51.017600521	62.7316505923	8.63311523932
237	82.3426486471	68.6229769028	4.94443908315
238	60.9257955517	81.9404326604	7.88400187661
239	65.7739572725	35.3052626401	6.66412950866
240	50.6716670257	46.7399080919	8.0354450193
241	49.1174482971	66.050139094	8.30273131064
242	52.117119573	83.526630145	8.39721406904
243	80.1276560926	44.5177375263	6.22915298257
244	38.2497538869	55.7028318815	7.69585882335
245	67.3751621673	61.8743521722	9.39147440997
246	60.0026233029	89.8884490025	6.40600242745
247	74.1136444183	35.3547725979	6.44593211666
248	40.096517403	43.4821639573	7.31779424997
249	39.4314101526	49.8668106942	7.75807158043
250	31.0809145935	57.9174042639	7.02662578836
251	23.1236946563	73.6240057511	5.92420009452
252	71.9896484339	83.3696355675	5.59948175868
253	53.9766560789	43.3445502887	8.03459994756
254	75.5204235608	52.09245111	8.0020297904
255	83.1633647217	55.3617576234	6.68522288613
256	46.4917796945	32.7647814569	7.75569932459
257	19.4069290749	57.9430805737	5.65201781002
258	66.3718891006	87.4859978179	6.80099484152
259	53.5033301573	30.937016875	7.20212347869
260	72.3281361742	73.476543541	6.75759929353
261	34.9565826445	77.9859589747	7.96543416653
262	26.8485697248	39.1414249025	6.57292802924
263	21.0394457854	51.4224677453	6.86399616103
264	75.0598680261	61.9178294319	7.93270862723
265	64.389498014	77.4254353092	8.70065952878
266	77.7955315976	41.3798989488	7.83104262305
267	71.4374215367	45.0691700716	8.85470471266
268	43.8951420911	62.2675920487	9.01876662151
269	73.5781235988	69.1503354389	7.45045779176
270	68.381496232	75.0114965576	8.60677937589
271	55.8814974375	62.5570402981	8.77039944068
272	27.6112267477	79.7623160998	6.34823074128
273	38.2964148531	80.7167362423	8.97939555884
274	57.3251645646	81.4930972976	8.52758613058
275	46.6716181176	83.2175469531	7.64206460023
276	68.2744150193	39.8146201831	8.75697768819
277	54.5278072041	47.9712243224	7.9612163678
278	48.7393526357	59.4419703718	9.0299314346
279	72.8203113712	64.6711893224	9.5208236389
280	20.4282145668	66.5650716286	6.78000878478
281	37.4148557445	87.2880831054	7.11487321834
282	56.767975173	27.1431365054	7.6525681331
283	61.9126379103	34.243408247	8.66860473989
284	36.6915611684	37.4011257725	8.83770703427
285	36.269474468	60.7849389926	8.29316382493
286	44.5549144	79.5308421919	7.67663878255
287	66.3170285904	30.5337775678	7.57419359287
288	26.9245051062	53.6639427346	9.28157663308
289	53.3045673334	80.8992834026	9.39107388987
290	64.6894961553	38.7703479233	9.57907163242
291	75.7852683621	77.4370518975	8.24115576163
292	70.8331706411	60.215463065	10.410196361
293	79.1706103373	71.7089222883	8.49364096984
294	71.6814666876	56.3339791657	10.1993676661
295	32.386922232	75.1487456717	9.44956398698
296	49.2218937355	78.1507746701	10.2768558616
297	55.5344009528	34.076890802	9.97491731788
298	72.9081075489	51.6317981511	9.64697017558
299	81.387394812	62.1036105527	8.8205394169
300	70.7167951995	68.9768903743	9.36366412669
301	32.2944171988	83.9636964585	8.12022838374
302	36.0675037669	32.3366033444	9.17144469171
303	47.0546704285	89.5370750691	9.01645357661
304	62.9581555451	45.0362894779	10.8718313196
305	26.0853063257	75.21880348	9.75998213383
306	59.5756835159	76.4909735479	10.1615367036
307	42.0746805568	28.9536516919	9.18015775529
308	40.3436671069	37.1716509476	10.553893538
309	81.4133485572	52.7578996178	9.0522052765
310	29.7209068942	70.110168342	9.63614983766
311	65.0532549502	72.0841652542	10.7490550146
312	60.2685538119	37.5085029794	11.140404306
313	29.140813907	48.4359843171	10.0596725601
314	69.2008478786	65.2114589033	10.2450949258
315	66.735998256	69.2538173053	10.6502670749
316	41.110208826	80.0453764258	10.663043821
317	44.8242113303	80.5593092317	10.9651139168
318	32.2348140935	42.4687463829	9.53990629873
319	69.0167463543	50.6279223338	10.8660157625
320	28.6344934785	61.3557688516	10.6509308096
321	28.7590979558	65.252411217	10.6955353687
322	60.899364383	69.1907239079	11.9562000239
323	34.0326508529	71.1818481617	10.8864585952
324	25.6035142395	43.3832462527	10.3633559881
325	67.810980606	44.5471412269	10.7033681678
326	21.1575092346	58.6402992608	9.79172132195
327	53.1239708472	88.5892395793	10.6197104721
328	54.478818632	37.708464334	11.3329758623
329	47.5525569007	27.9990418405	9.64544359743
330	62.6958336878	42.0898788315	11.6490225764
331	43.9265636838	45.8113708152	12.7337644523
332	22.8839101819	50.0723912852	10.379091466
333	23.9480910369	70.2040602319	10.7896160441
334	55.184046955	77.9849841087	11.5607952743
335	63.0996097	85.5988687465	10.6114306371
336	61.275000859	48.6678259165	12.0934558263
337	32.9335359278	66.5364647994	11.7920545963
338	37.1795152434	75.820566364	11.4515958882
339	79.6430733499	48.3932104487	10.6727820123
340	65.2782100643	59.2952024458	12.2648360185
341	21.8656356219	64.3979334253	10.9042008828
342	64.119009862	64.9448930147	11.8709866821
343	37.2883182178	69.8345561107	12.5256323195
344	50.904519545	28.3047185336	10.9173660294
345	49.6584069318	34.7434271268	11.5362784538
346	26.7804334116	57.5753654303	10.3238783406
347	41.4415167349	69.797210698	12.9948303817
348	54.990433145	73.4511754143	12.540510844
349	67.5932748604	82.4796851081	10.7693135876
350	70.2115908672	34.6265542537	10.6042218462
351	40.1827889254	74.7342520563	12.5501796602
352	44.2874827547	75.5492539635	12.2815877605
353	42.0505320209	58.4081743112	13.4369204
354	71.6483244096	78.5774088723	11.1269237567
355	74.2619257099	40.6142998408	11.7262413676
356	55.7914788503	40.8196411108	13.432520641
357	53.9078093471	50.8636156105	14.2082953366
358	78.2081334497	68.1464145379	11.3358096714
359	65.1427996386	52.8083428508	12.4902050265
360	49.3783475615	73.9253144205	12.768865062
361	39.9088399062	86.36601154	10.8596229973
362	49.0418080498	39.3906233731	12.0415007635
363	58.332305764	50.8751087046	13.0598275726
364	79.8622785443	57.0542219059	10.9387957228
365	60.0874393262	63.8500114652	12.7381949343
366	36.9066486432	65.0111628706	13.4561985418
367	34.5047418493	83.1626258395	11.5956733214
368	36.385182715	42.0579627703	12.0061068648
369	58.6658469705	44.614739524	13.0175552876
370	59.654647517	58.7267427953	12.9072028464
371	48.608202149	43.3192033908	13.9670538751
372	34.3289175579	49.4065397904	12.7143377089
373	37.8888072703	59.9330532582	13.7184860454
374	57.1623257487	86.0891965102	12.4024397214
375	57.9178750696	29.5914537668	11.8344802789
376	32.4776329678	61.5832193772	12.4679816253
377	46.64489265	71.8451952285	13.3062172938
378	30.2156135245	79.2648360022	11.8989288493
379	64.8223344319	32.0715871802	11.7749642875
380	30.9194308115	37.9109468801	11.7853396065
381	50.0975541723	50.3117046466	14.3522791103
382	46.7382076044	51.8048860715	14.3542236875
383	78.2529935048	53.9730003606	12.7700002891
384	30.0130664544	57.0536367383	13.1100876724
385	54.884536965	67.4179414626	13.843716448
386	65.9881731497	47.9720882528	12.6694542776
387	73.7156058292	72.9415376107	12.9026743705
388	46.4478131853	86.9989014244	11.7992769356
389	43.2396846785	41.2460443852	13.2291163566
390	33.0659051365	46.372424318	12.1993731475
391	31.0670381557	53.3475042088	12.6912023677
392	44.4287097426	37.5372465531	13.1325524834
393	39.326955601	45.4450425323	14.1791268653
394	43.0718195625	49.0003539121	12.0018317262
395	56.786657025	56.0571965699	14.4174834612
396	62.1478272342	55.125962979	13.9215459607
397	50.0975451257	68.9282334672	13.9986865303
398	51.3455012272	55.2489879243	14.9104538446
399	34.6086435079	56.9736189048	13.8924079066
400	45.0396270943	67.2840004442	14.6805172118
401	54.1371883519	45.7730510157	13.9930295853
402	36.6246957893	52.2868926787	14.053572811
403	77.6624539872	62.4898196147	13.0016687049
404	42.1091638822	65.5435236825	14.6639386771
405	76.1422759299	47.8447129903	13.5784823346
406	53.6200234486	61.5897618798	14.9099443139
407	23.8696645816	60.0990440307	14.2907748638
408	41.0847058845	62.1032060434	14.8119800601
409	42.6332691319	31.0691456148	13.0051773655
410	37.0504481205	33.9818159747	13.5621435823
411	28.6787654562	74.2457351967	13.9071314692
412	71.2222808691	40.3949308532	13.7833885886
413	58.2162677569	59.9930170708	15.1247200613
414	24.3226140369	65.2981549315	13.9068902061
415	44.1167267539	84.3590773491	14.1083243351
416	40.0607033115	50.3169816325	15.3091533092
417	45.3226797119	62.2986638881	15.6624825662
418	62.4566132676	81.031959029	14.125939387
419	40.0062188236	54.5769737115	14.9801923253
420	50.8383320805	47.0280341097	15.2409842255
421	45.5992507941	48.0117689503	15.3122800676
422	49.4817598677	63.9619808361	15.4630248951
423	68.0562652885	75.9785992749	14.4195321187
424	24.6085642073	53.3514840556	15.0489753113
425	46.6475613707	58.1035665898	15.7020686076
426	33.2013257197	78.4950761538	14.8022639928
427	47.6784518276	31.3582965194	15.2106549494
428	63.5580302382	34.0521541678	14.7332598062
429	68.9453408961	36.7386946284	13.9106198674
430	33.9436211016	37.7887890995	14.8948719847
431	72.9738247406	65.9912272946	15.2333444649
432	74.1112573623	53.3442346898	15.3896263631
433	74.6110287162	58.8068204355	15.0043978157
434	62.8840735604	76.4778045448	15.6009205592
435	49.5171320756	83.6900314825	14.7129672485
436	53.0229679829	31.7327870717	15.3584942265
437	27.3815525106	45.5541223032	14.8413572623
438	27.543404616	69.1733397122	15.2674421192
439	68.7360547327	71.6987424602	15.9273398553
440	55.0535164992	81.4672117896	15.9793613794
441	71.8891253563	46.0258227922	16.0438209401
442	65.625143732	39.8182876368	16.6556036556
443	65.6531906454	68.5076014161	17.1964815614
444	40.1418946546	80.2131337319	16.460535483
445	36.9935565168	80.8704512013	15.1762780198
446	69.5506450044	43.6669011628	16.562850528
447	27.0889423598	58.8376419224	17.3700273436
448	45.1835419501	79.7746823639	16.9259138735
449	57.0486944581	34.1536506521	16.6061322196
450	71.6875574268	50.6828427793	16.4599412126
451	27.7904632219	64.4592054872	17.0106486032
452	31.3873911584	73.2599835364	16.4023393763
453	69.3840200577	55.8723254505	17.2081872476
454	69.6266463269	66.6732453435	16.519663695
455	58.5565339429	77.6637884141	16.7164375298
456	61.409029831	73.2180071921	17.3162666416
457	32.8181257509	42.7312245327	17.5154765409
458	68.970281383	61.6512476016	17.2881084115
459	35.265027924	74.3833699353	17.6886207738
460	40.8651872211	36.0695547182	17.5461920068
461	45.4828486839	34.2364112382	17.323127307
462	60.2469933784	37.0663015439	17.7275647752
463	51.7928743383	77.2135715474	17.8445452656
464	49.9302083601	81.0763643944	16.520409436
465	37.6416387343	39.2995934456	18.0909121448
466	28.571977418	51.6780370607	18.0942468671
467	31.8983522112	68.6065244623	18.1956961092
468	32.2752813631	47.2379975512	18.8761230097
469	64.6858951891	45.5264244995	18.3998014652
470	67.206637532	49.4982006702	18.3456518468
471	64.7788053208	58.4876255759	18.4865463661
472	64.9677367223	65.0564807327	18.2607443218
473	43.9586148022	76.6374044474	18.4330385107
474	30.8857763324	63.1626757753	18.8550235863
475	51.4989545445	36.1263715129	18.3662864751
476	61.4470046078	44.1898841508	19.0363431892
477	64.7161647062	53.5644432677	19.1473978944
478	57.2727756258	69.8208039426	19.1860252699
479	43.3306685363	72.8929093262	19.300352102
480	57.4536575421	43.83610447	19.5105506264
481	60.4460221426	49.3159613335	19.439152142
482	62.4510791548	61.8680180142	18.5867584981
483	60.4365374111	40.3035502418	18.6410725874
484	53.486587456	72.0173631214	19.4783771365
485	54.3193253981	40.967947523	19.7737213273
486	30.6232537689	58.1828158599	19.1108771452
487	34.3412033669	67.0664433085	19.2695028763
488	38.1733421601	72.7848011816	18.9763462575
489	60.5560907998	67.6618267596	18.4795628882
490	33.3195775199	52.8939514569	19.6697802437
491	48.8277912505	73.7354952532	19.423682872
492	45.8485925244	38.1789984412	19.2105035398
493	59.0176133256	53.1503271166	19.9661701172
494	48.4125476001	40.6071778075	20.1327051795
495	37.4576175499	45.0114181047	20.4565917647
496	42.2367286908	41.8162398243	20.4145162111
497	60.6865301489	57.9279400127	20.0318591747
498	38.0725551186	65.7202947908	20.3439122717
499	54.6203432209	47.2060927167	20.2604453562
500	37.5361710154	53.4112237269	20.9469934241
501	39.4196980997	58.7106564358	21.1379809775
502	56.520421751	57.7636320938	20.6975158123
503	47.5348117088	69.7735443976	20.2227145501
504	43.7890962882	46.4156829428	21.0552134567
505	49.4033891835	45.0181797999	20.7541257111
506	34.862832405	58.0321739089	20.3788322142
507	57.7422541444	62.5371501885	19.7988076133
508	41.2391787409	69.6966113632	20.6327025813
509	37.5593050925	48.6203233441	20.6903747567
510	42.9694388461	51.7521539271	21.2551041192
511	53.4864472186	54.632545009	21.1027923528
512	52.0300859577	60.8691756348	21.1656195312
513	42.4352678653	63.6813267825	21.2205156026
514	34.9148513022	61.4993403133	20.0980440535
515	49.5586591723	49.7821009434	20.9578734841
516	50.7225322664	65.9326400546	21.2377613806
517	55.0830104618	50.4312824851	21.152265222
518	49.4021367546	57.5357203461	21.7601031302
519	55.4325587027	64.9439284834	20.4825332186
520	45.5705584978	66.7812414888	20.9494617033
521	45.7718021851	60.6209387338	22.0006604879
522	49.0326140168	53.0634954988	21.5392066351
523	45.5209286589	55.1310075151	21.4633953913
524	42.268048398	58.2173496606	22.4636753231
