1	512	513	2	3	4	5	518	519	8	521	522	523	524	13	515	25	28	517	34	43	47	520	63	66	78	514	90	97	111	113	117	118	119	120	123	125	131	137	138	141	516	154	158	160	173	174	176	181	182	184	187	191	194	196	207	215	218	220	223	230	234	237	243	246	247	251	252	255	257	258	262	263	266	272	280	281	282	287	291	293	299	301	302	303	305	307	309	324	326	327	329	332	333	335	339	341	344	349	350	354	355	358	361	364	367	374	375	378	379	380	383	387	388	403	405	407	409	410	411	412	414	415	418	423	424	426	427	428	429	430	431	432	433	434	435	436	437	438	439	440	441	442	443	444	445	446	447	448	449	450	451	452	453	454	455	456	457	458	459	460	461	462	463	464	465	466	467	468	469	470	471	472	473	474	475	476	477	478	479	480	481	482	483	484	485	486	487	488	489	490	491	492	493	494	495	496	497	498	499	500	501	502	503	504	505	506	507	508	509	510	511
2	1	3	4	6	181	182	191
3	1	2	5	181	7
4	1	2	191	158	9
5	1	3	7	10	140	13	181	215
6	2	7	9	140	145	181	182
7	3	5	6	10	140	145	181
8	1	14	187	125	158	223
9	256	4	6	177	11	12	145	182	158	191
10	161	5	7	140	13	239	16	287	215	283	159
11	162	177	9	183	14	17	302	23	187	284	158	223
12	192	256	134	17	9	177	15	145	18	188
13	1	5	129	10	247	20	215	287	138	159
14	8	11	183	24	187	125	223
15	192	12	178	16	145	18	21
16	161	10	140	15	145	178	19	20	21	122	159
17	130	134	11	12	162	177	216	26	188
18	192	134	12	15	178	21	22
19	161	140	16	178	21	151	122
20	129	161	13	239	16	276	122	159	29	126	31
21	32	161	356	178	232	297	175	15	16	328	18	19	22	151	312	27	253	222
22	32	192	130	134	232	178	18	21
23	162	35	36	11	208	227	183	24	26	30
24	35	196	37	262	201	23	14	227	183	125	223
25	129	1	41	43	141	135
26	130	162	17	23	216	188	248	30
27	32	175	21	151
28	1	34	196	125
29	129	135	40	233	267	142	20	31
30	130	36	197	162	44	45	208	248	54	23	216	249	26
31	129	325	276	39	40	267	142	20	212	29	126
32	240	130	38	232	42	175	48	21	22	27	253	277
33	336	38	39	46	175	304	212	151	219	61	126
34	1	28	196	47
35	227	36	211	201	208	50	51	23	24
36	35	211	202	44	208	51	23	30
37	196	262	263	201	49	50	148	24	125
38	32	33	203	46	175	48	61
39	33	219	40	142	212	46	155	126	31
40	39	142	212	53	55	155	29	31
41	163	135	234	43	141	142	243	25	59
42	32	240	130	420	197	394	331	45	48	371	52	213	216	381	382	421
43	1	59	41	234	141	163	25	123	255
44	36	202	45	208	51	54	56	249	30
45	130	228	197	42	44	52	213	54	216	249	30
46	33	219	38	39	175	57	155	61
47	1	34	196	49	184	63
48	32	38	42	203	175	240	52	277	61
49	196	37	263	47	50	148	184	58
50	64	35	37	201	143	49	51	148
51	64	288	35	36	391	201	202	44	372	143	50	211	148	313	56	217	250	127
52	240	228	357	199	42	203	45	398	381	48	213	54	61	277
53	195	40	136	55	155	60
54	65	164	69	199	202	44	45	152	52	213	278	249	56	228	244	61	30	197
55	163	229	198	40	298	142	294	136	195	53	254	155	62
56	65	202	44	51	244	54	152	127
57	193	67	71	396	359	204	395	46	370	195	340	219	155	60	61
58	64	257	68	143	49	179	148	184	217	63
59	198	66	163	165	70	41	43	255	123	220	62	229
60	67	136	73	195	53	57	155
61	406	395	398	271	278	413	33	38	199	46	175	48	52	54	57	193	322	75	69	71	203	204	205	336	84	85	342	219	221	224	363	236	365	370
62	198	163	165	70	136	73	77	55	59	229
63	1	68	257	78	47	176	179	184	58
64	179	166	72	82	79	50	51	148	185	58	143	127
65	164	69	74	171	152	54	56
66	1	59	70	131	123	220
67	195	71	136	73	144	245	57	60
68	176	58	179	76	63
69	65	171	132	278	422	417	268	74	75	236	400	241	83	404	54	164	186	61
70	66	131	165	77	59	220	62
71	224	193	67	340	365	144	81	370	195	84	245	342	57	61
72	64	166	74	143	152	185	127
73	144	67	292	165	225	136	279	300	77	80	81	146	147	245	86	264	314	60	62
74	65	132	69	166	72	171	172	152	185
75	69	236	205	206	221	241	83	85	186	61
76	176	179	68	78	79
77	225	131	165	70	73	299	237	147	87	220	62
78	1	76	79	176	90	63
79	64	128	76	333	78	176	209	82	179	280	185	90	251
80	225	73	300	269	144	146	147	86	279	314	93
81	224	71	73	144	146	84	86	89	91	156
82	64	128	79	209	185	121
83	132	69	75	206	85	88	153	186
84	224	322	456	71	168	265	167	205	434	81	306	85	311	348	89	91	156	61	94
85	167	75	205	206	83	84	153	61	94
86	144	73	80	81	146	89	91	156	93
87	131	77	237	147	154	92
88	98	132	139	226	210	83	180	153	186	157	95
89	81	91	84	86
90	128	1	97	78	79	176	251
91	96	224	168	105	311	270	81	84	86	265	89	156	93	94
92	230	103	137	147	87	169	154	93
93	260	214	103	156	105	106	80	146	147	86	169	91	92
94	96	289	101	167	104	170	306	274	334	168	242	84	85	153	91	296
95	98	100	139	180	88	157
96	104	105	306	238	168	274	265	91	94
97	128	1	99	173	111	272	90	251
98	107	100	101	139	88	153	95
99	128	97	173	102	272
100	98	139	261	133	102	231	200	107	273	180	149	121	157	95
101	98	139	104	170	107	108	153	94
102	128	99	100	133	200	173	110	272	121
103	291	169	106	113	252	214	137	92	93
104	96	289	101	105	170	108	274	112	242	115	190	189	94
105	96	104	156	106	109	238	189	112	168	274	214	265	91	124	93
106	103	105	109	349	113	252	214	265	124	93
107	98	100	101	231	170	139	108	110	275	149	150	190	133
108	101	104	170	107	115	150	190
109	258	105	106	174	113	252	117	124
110	160	133	102	107	173	111	114	149	118	281	207
111	160	1	173	110	97
112	104	105	115	116	124	189
113	1	103	137	106	109	174	117	252
114	207	150	118	110	149
115	194	246	104	108	112	116	150	120	218	189	190
116	194	112	115	246	119	124	189
117	1	109	174	113	119	124
118	160	1	110	207	114	150	120
119	1	194	174	116	117	246	124
120	1	194	118	207	115	150	218
121	128	323	100	261	102	295	200	172	305	333	209	82	310	185	251	157
122	161	16	19	20	151	126
123	1	66	163	43	59	220	255
124	258	105	106	265	349	109	174	335	112	238	116	117	246	119	252	189
125	1	196	37	262	8	14	24	28	223
126	33	290	325	276	39	161	330	239	304	20	151	212	122	31
127	64	166	72	202	143	152	51	244	56	250	285
128	97	99	102	305	200	79	272	209	82	121	90	251
129	355	276	135	233	138	267	13	141	20	247	25	266	159	29	350	31
130	32	134	232	42	45	240	17	371	22	216	26	188	362	30
131	1	66	70	77	237	87	154	220
132	323	69	74	171	172	210	83	343	88	186	347	157
133	160	100	261	102	231	200	361	107	173	110	301	273	149	281	367
134	192	130	232	362	12	17	18	22	188
135	129	163	41	266	141	142	243	233	25	29
136	67	292	165	198	264	73	294	195	53	55	60	62	245
137	1	291	230	103	169	113	252	154	92
138	1	129	247	141	13	215	287
139	98	100	101	231	296	170	107	226	275	180	88	153	286	95
140	161	259	5	6	7	10	375	16	145	178	19	181	215	282	283	222	287
141	129	1	41	138	43	243	247	25	266	135	234
142	163	229	325	39	40	41	298	135	233	319	212	55	267	155	29	254	31
143	64	179	166	72	235	50	51	148	217	185	58	250	127
144	224	67	342	71	73	300	80	81	146	245	86	314	315	156
145	192	256	259	6	7	9	12	178	15	16	140	181	182	329	344	282	222	191
146	144	260	73	300	269	270	80	81	147	86	315	156	93
147	225	291	260	293	230	73	77	237	80	146	387	269	87	169	154	92	93
148	64	257	179	37	263	201	143	49	50	51	184	217	58
149	100	133	231	361	107	110	207	114	150	281
150	231	275	361	107	108	207	114	115	149	118	120	218	303	190
151	33	290	356	161	330	175	304	369	19	21	312	122	27	253	126
152	65	164	166	72	74	171	172	244	54	56	250	285	127
153	98	101	167	296	170	139	226	206	360	83	85	88	377	186	348	94
154	1	131	230	137	237	147	87	169	92
155	195	142	294	39	40	298	359	46	212	53	55	57	219	60	319
156	224	315	260	214	105	311	270	144	81	146	84	86	265	91	93
157	100	323	132	261	295	172	338	210	180	343	88	121	351	95
158	1	4	8	9	11	302	177	307	187	191
159	129	161	10	247	13	239	16	20	215	276	350	287
160	1	133	173	110	111	301	118	281	207
161	290	10	140	239	16	222	178	19	20	21	151	312	122	283	126	159
162	368	227	177	284	11	208	17	308	318	23	248	26	188	183	30
163	339	59	229	135	233	41	234	43	142	243	254	55	309	123	62	255
164	65	278	228	69	353	171	268	244	54	152	285
165	225	198	70	136	73	299	77	264	59	220	62
166	64	320	376	321	72	74	235	172	143	337	152	185	250	285	127
167	334	168	205	206	296	306	84	85	153	348	94
168	96	167	105	205	306	84	265	91	94
169	291	260	230	103	137	147	214	154	92	93
170	289	107	101	104	139	108	296	242	275	190	153	94
171	65	408	164	69	353	268	74	172	366	337	404	373	343	152	132	186	347	285
172	343	323	132	166	74	171	366	285	337	310	185	152	121	157
173	160	1	99	133	102	97	200	301	110	111	272
174	1	258	252	109	113	117	246	119	124
175	32	33	363	38	369	203	304	46	253	48	336	21	401	151	27	61	277
176	1	68	257	76	78	79	179	280	90	251	63
177	256	162	9	11	12	302	17	307	308	284	409	188	158	191
178	192	161	259	328	232	297	140	15	16	145	18	19	21	22	222
179	64	257	68	326	235	76	333	79	176	209	148	341	217	280	185	58	143	63
180	352	226	100	261	231	139	338	273	210	88	351	316	157	286	95
181	1	2	3	5	6	7	140	145	182	215	282
182	1	2	6	9	145	181	329	344	282	191
183	162	227	262	380	11	14	302	23	24	284	318	223
184	1	196	257	263	47	49	148	58	63
185	64	320	323	166	321	72	74	235	172	337	79	209	82	179	310	121	143
186	226	171	132	69	75	268	397	206	400	241	210	83	404	377	88	153	347
187	1	8	11	14	302	158	223
188	192	256	130	389	134	177	392	362	12	162	17	308	216	345	26	248
189	374	327	104	105	274	238	335	112	242	115	116	246	124	190
190	194	388	246	327	104	275	170	107	108	303	242	115	150	218	189
191	256	1	2	4	177	9	145	307	182	329	158
192	256	328	259	134	232	297	362	12	178	15	145	18	22	345	188
193	71	204	365	271	370	340	57	61
194	1	327	115	116	246	119	120	218	190
195	67	292	294	71	136	359	340	53	55	57	155	60	245
196	1	34	324	37	262	263	201	332	47	49	24	184	28	125
197	228	42	331	45	248	213	54	216	249	394	30
198	165	294	433	136	299	364	255	264	403	55	59	220	62	229
199	228	278	425	203	398	52	213	54	61	382
200	128	100	133	102	295	173	301	272	305	121	378	251	261
201	288	262	35	196	37	211	227	324	263	332	50	51	148	313	24	217
202	36	211	391	372	44	399	208	402	51	244	54	56	249	250	127
203	395	357	38	199	363	204	398	175	48	52	277	61
204	193	203	363	396	370	57	219	395	61
205	385	322	167	168	75	397	206	221	241	306	84	85	348	61
206	167	360	75	205	397	241	83	85	377	153	186	348
207	160	1	150	231	361	110	303	114	149	118	120	281	218
208	162	35	36	390	227	393	202	44	368	211	372	318	23	248	249	30
209	128	321	235	333	79	305	82	179	341	310	185	280	121	251
210	352	226	132	180	343	88	377	186	347	157	351
211	35	36	390	227	201	202	208	51	372	313	318
212	33	386	219	325	39	40	267	142	359	304	319	336	155	126	31
213	228	197	199	42	331	45	398	240	52	54	394	249	381	382
214	354	291	260	103	105	106	265	270	349	252	169	156	93
215	1	5	10	140	13	181	282	287	138	159
216	130	197	232	42	331	45	240	17	371	248	26	188	362	30	389
217	288	257	179	326	263	201	235	332	143	51	148	58	346	250
218	1	194	327	207	115	150	120	303	190
219	33	363	39	396	359	204	46	336	212	57	155	61
220	198	1	66	59	165	70	299	77	237	131	123	255
221	385	322	75	236	205	271	241	365	61
222	161	259	297	140	145	178	21	375	312	282	283
223	1	262	8	11	14	302	183	24	187	380	125
224	322	315	71	144	81	84	342	311	91	156	61
225	165	358	264	73	299	403	77	237	80	147	269	279	293
226	352	296	139	360	210	180	377	88	153	186	286
227	162	35	324	262	201	23	208	211	183	24	313	380	318
228	416	353	278	419	164	197	199	425	394	523	45	398	52	213	54	249	244	510	382	421
229	163	294	198	364	142	383	254	55	309	59	62	255
230	1	291	293	169	237	147	137	154	92
231	107	100	133	361	388	139	207	273	275	180	149	150	281	303	316	317	286	415
232	32	192	130	356	134	328	362	240	178	371	21	22	216	253
233	339	129	163	135	266	267	142	243	405	355	298	29	254
234	1	163	41	339	43	141	243	309	255
235	320	321	326	166	407	333	143	209	179	341	185	217	250	346	414
236	385	69	406	422	75	61	271	241	278	221
237	1	131	293	230	225	299	77	358	147	87	154	220
238	96	418	105	306	335	274	374	265	124	189
239	161	290	379	10	429	287	20	350	276	283	126	159
240	32	130	420	357	232	42	381	48	401	371	52	213	216	253	277
241	385	69	422	75	236	205	206	397	400	186	221
242	289	388	327	104	170	435	296	274	275	190	374	189	94
243	1	163	135	233	234	141	339	41	266
244	353	419	164	202	399	152	402	373	54	249	56	228	250	285	127
245	67	292	454	71	136	73	458	431	144	195	340	342	314
246	1	194	327	258	174	335	115	116	374	119	124	189	190
247	1	355	129	138	141	13	287	266	350	159
248	368	162	197	284	331	208	308	393	216	249	26	188	30	389
249	416	419	228	197	393	202	331	44	45	208	402	244	213	54	248	372	394	30
250	288	320	166	391	202	235	143	376	384	51	244	152	217	346	399	285	127
251	128	1	97	200	305	272	79	176	209	333	280	121	90
252	1	258	291	103	137	106	354	109	174	113	214	124	349
253	32	356	369	232	175	240	328	371	21	401	151	277
254	163	229	294	405	233	298	142	432	339	309	55	383
255	1	163	229	198	234	43	364	59	309	299	123	220
256	192	409	259	145	392	9	427	12	461	177	307	308	329	344	345	188	191
257	1	326	263	176	280	179	148	184	217	58	63
258	1	124	109	174	335	246	252	349
259	192	256	297	140	145	178	436	375	344	345	282	222
260	354	291	293	169	300	269	270	146	147	214	387	156	93
261	100	133	295	200	426	301	367	272	273	338	180	121	378	157
262	1	227	196	37	201	183	24	324	380	125	223
263	1	196	37	326	257	201	332	49	148	184	217
264	225	294	292	165	198	136	73	299	433	403	279
265	96	418	423	168	105	106	434	306	238	335	156	84	270	214	311	91	124	349
266	1	355	135	129	233	339	141	243	405	247
267	129	386	355	325	233	298	450	142	212	405	441	276	319	412	29	446	31
268	353	164	69	417	171	404	278	408	186
269	225	387	260	293	358	300	80	146	147	279
270	354	315	260	423	265	439	300	146	387	214	311	91	156	349
271	193	385	236	365	221	370	406	413	61
272	128	1	99	261	102	97	200	295	173	301	305	378	251
273	100	261	231	361	426	367	338	180	281	316	445	133
274	96	289	418	104	105	306	238	335	242	334	374	440	189	94
275	139	388	231	296	361	170	107	303	242	435	286	150	317	190	415
276	129	290	355	325	330	267	429	239	20	350	442	31	412	126	159
277	32	240	363	357	401	203	175	48	369	52	253
278	353	228	69	406	199	268	236	398	417	422	54	425	164	61
279	225	292	358	264	73	300	269	431	80	433	403	314
280	1	326	257	333	79	176	209	179	341	251
281	160	1	133	231	361	301	110	207	273	149	367
282	1	259	375	140	145	181	182	215	344	222	287
283	161	290	428	297	10	140	239	375	312	379	222	287
284	162	11	302	368	177	308	430	183	248	410	380	318
285	353	164	166	171	172	366	399	337	244	373	152	250	376	127
286	352	226	231	296	139	275	180	316	317
287	1	375	379	10	247	140	13	239	215	282	283	138	350	159
288	384	326	391	424	201	332	51	437	217	313	250	346
289	104	170	242	334	464	296	274	435	374	440	94
290	161	379	330	428	429	239	276	151	312	442	283	126
291	1	354	387	260	293	230	103	137	147	214	169	252
292	195	453	294	433	136	73	458	431	264	403	340	245	279	314
293	1	291	260	358	230	225	387	237	269	147
294	453	450	195	292	229	198	359	136	298	364	432	264	383	340	433	55	155	254	319
295	323	452	261	200	426	272	305	338	310	121	378	411	157
296	352	289	226	167	360	170	139	435	334	463	464	242	275	448	286	440	153	348	317	94
297	192	449	259	328	178	436	21	375	312	345	283	222
298	450	294	233	267	142	432	405	55	155	254	319
299	1	165	198	225	264	364	77	237	403	358	220	255
300	144	387	260	454	358	73	439	269	270	431	80	146	279	314	315
301	160	1	261	200	173	367	272	281	378	133
302	1	380	11	177	307	308	183	409	410	187	284	158	223
303	1	388	231	361	327	207	275	150	218	190
304	33	386	325	330	175	336	369	212	469	151	442	476	126
305	128	1	411	295	200	333	272	209	310	121	378	251
306	96	418	167	168	265	455	205	238	434	456	274	84	334	348	94
307	256	1	329	302	177	409	158	191
308	256	162	389	465	392	284	460	302	368	177	430	248	409	410	188
309	1	163	229	234	364	339	383	254	255
310	321	323	295	172	305	337	333	209	438	185	121	411
311	224	322	315	423	456	265	270	434	84	439	91	156	443
312	161	290	356	449	328	297	330	375	428	462	21	151	442	283	222
313	288	227	324	390	211	391	424	201	332	466	51	372	437	318
314	144	292	454	73	458	300	431	80	245	342	279	315
315	224	322	387	454	423	439	300	270	144	146	342	311	314	443	156
316	352	448	231	361	445	273	338	180	415	444	317	286	351
317	352	448	231	296	444	435	275	316	286	415
318	368	162	227	324	390	380	457	430	208	211	437	183	313	284
319	386	325	294	359	298	267	450	142	432	212	470	441	155	453
320	384	321	451	166	235	407	376	185	250	346	414	447
321	320	451	438	166	337	235	333	209	310	376	185	414
322	224	385	443	365	456	489	205	61	84	342	311	315	348	221	478
323	459	132	438	295	452	343	172	337	338	467	310	185	121	411	157
324	1	227	196	262	201	332	437	313	380	318
325	386	330	267	142	304	469	276	446	441	212	442	319	412	126	31
326	288	1	263	424	332	235	257	179	341	407	280	217	346
327	1	194	388	374	303	242	435	246	218	189	190
328	192	449	356	232	297	362	178	436	21	312	345	475	253
329	256	1	427	145	307	182	344	409	191
330	290	483	356	325	462	304	369	276	469	151	312	442	476	126
331	197	393	42	421	496	248	371	213	216	249	504	394	389
332	288	1	196	326	263	324	201	424	437	313	217
333	1	411	438	305	235	321	79	209	179	341	310	280	121	251	414
334	289	418	167	296	455	306	463	464	274	440	348	94
335	1	258	374	265	418	238	349	274	246	124	189
336	33	386	359	363	396	175	304	369	481	212	469	219	476	61
337	321	323	487	438	166	467	171	172	366	451	310	343	376	185	474	285
338	323	452	261	295	444	426	459	445	273	180	343	316	157	351
339	1	163	405	233	234	243	309	266	254	383
340	193	482	195	292	453	294	71	458	359	396	365	370	245	342	471	472	57
341	1	326	235	333	209	179	407	280	414
342	224	322	443	454	71	489	458	365	144	482	340	245	472	314	315	61
343	323	132	487	488	171	172	338	366	337	210	467	498	347	157	459	351
344	256	1	259	329	427	145	436	182	375	345	282
345	192	256	259	328	297	362	427	461	392	436	344	475	188
346	288	320	326	391	424	235	384	407	217	250	447
347	352	132	488	171	498	366	400	210	404	343	377	186	479	508	351
348	385	322	456	167	296	455	205	206	397	360	306	84	334	484	153	463	478
349	1	258	423	252	106	418	354	270	335	214	265	124
350	1	355	129	379	429	239	276	247	287	159
351	352	488	444	459	338	445	210	180	343	473	347	316	157	479
352	448	226	296	444	463	360	210	180	479	473	377	347	316	317	286	351
353	523	417	419	228	513	425	171	268	244	373	278	521	408	164	285	524	501
354	1	291	260	423	270	387	214	252	349
355	1	446	129	233	266	267	429	276	405	247	441	412	350
356	480	449	483	485	369	232	330	462	401	328	362	371	21	151	312	475	253
357	481	203	420	517	363	493	398	240	401	499	52	277	515	395	381	511
358	1	387	293	225	299	300	269	237	403	279	431
359	481	386	195	453	294	340	470	363	396	336	212	469	219	471	57	155	477	319
360	352	226	491	484	296	473	397	206	463	377	153	348
361	367	1	388	133	231	444	207	273	275	149	150	281	303	316	445	415
362	192	130	356	389	134	232	392	492	461	494	328	371	216	345	475	188
363	481	395	357	359	396	203	204	493	175	336	369	499	277	401	219	61
364	198	1	229	294	299	433	403	309	383	255
365	193	322	406	71	489	482	61	271	385	472	370	340	342	413	507	221
366	408	487	171	172	514	337	498	467	404	373	343	376	474	347	285
367	1	133	361	426	301	273	281	378	445	261
368	162	389	390	380	457	430	208	465	308	393	248	284	318
369	480	336	483	356	481	330	363	175	304	401	499	277	151	476	253
370	193	482	71	396	395	204	365	271	497	340	471	413	57	61
371	496	130	356	389	232	42	331	492	494	240	401	362	505	216	420	504	475	253	485	421
372	416	457	390	211	391	393	202	466	495	208	402	51	468	437	313	249	509	490
373	353	514	419	171	366	399	408	498	244	501	376	506	285
374	1	418	289	327	274	238	335	242	435	246	440	189
375	1	259	449	379	297	140	428	344	436	312	282	283	222	287
376	320	321	514	451	486	166	366	399	337	384	373	250	474	285	447
377	352	226	503	360	491	397	206	400	210	473	153	186	347	479
378	1	261	295	200	426	301	367	272	305	411
379	1	290	428	429	239	375	283	350	287
380	1	457	227	324	262	437	302	368	430	183	410	284	318	223
381	515	420	357	42	398	240	52	213	382	421
382	522	515	228	421	199	425	42	523	398	213	510	381	394
383	1	229	294	364	432	433	339	309	254	405
384	288	320	486	391	424	399	466	376	250	346	447
385	322	484	422	519	489	236	205	271	241	406	365	397	516	507	348	221	478
386	336	325	359	267	304	212	469	470	441	446	319
387	1	354	291	260	293	358	423	300	269	270	431	147	439	315
388	1	231	361	327	435	303	242	275	190	415
389	496	465	392	393	362	331	460	494	368	248	371	308	216	188	492
390	368	393	468	208	211	372	437	457	313	318
391	288	384	486	424	202	466	399	402	51	372	313	346	250	490
392	256	389	492	362	460	461	308	409	345	188
393	416	368	389	390	457	394	331	468	495	208	465	372	496	248	249	504	509	421
394	416	228	197	393	42	331	213	249	382	421
395	203	357	502	396	363	204	493	398	413	497	370	406	57	61	511
396	481	395	453	359	363	204	493	336	497	370	340	471	57	219	477
397	385	484	422	516	360	491	205	206	400	241	503	377	186	348	520
398	512	523	522	395	228	357	406	199	425	518	203	502	381	515	52	213	278	61	382	511
399	384	490	514	419	486	391	202	402	244	373	376	500	250	285	506
400	417	69	422	513	520	397	241	404	503	377	186	347	508	479
401	480	481	356	357	363	499	175	240	369	371	277	505	420	253	485
402	416	419	391	372	202	500	399	244	249	509	490
403	1	292	358	198	225	264	299	364	431	433	279
404	417	69	513	520	171	268	366	400	498	408	186	347	508
405	1	450	355	233	266	267	432	339	441	298	254	383
406	512	385	502	422	519	425	395	236	365	398	271	278	413	507	61
407	320	1	451	326	424	235	341	346	414	447
408	353	513	417	171	268	366	498	404	373	501
409	256	1	392	329	427	460	461	302	177	307	308	410
410	1	380	460	302	465	308	430	409	284
411	1	323	452	438	295	426	333	305	310	378
412	1	355	325	267	429	276	441	442	446
413	482	502	395	365	271	497	370	406	507	61
414	320	1	451	321	235	333	341	438	407
415	448	1	388	231	361	435	275	444	316	317
416	419	228	421	393	394	500	402	372	504	249	509	510
417	512	353	516	69	422	513	520	425	268	400	404	278	521	408
418	1	423	265	455	434	306	334	335	274	238	374	440	349
419	416	353	228	425	490	523	500	399	402	244	373	249	506	510	501
420	515	357	42	499	240	401	371	505	381	421
421	416	505	228	393	42	331	515	371	510	394	504	420	381	382
422	512	385	516	69	406	417	520	425	519	236	397	400	241	278	521
423	1	354	387	456	265	439	418	270	434	311	315	349
424	288	1	326	391	332	466	384	437	407	313	346	447
425	512	353	419	228	406	422	199	521	518	523	398	417	278	382
426	1	452	261	295	459	367	273	338	378	411	445
427	256	1	329	461	436	409	344	345	475
428	1	290	379	449	429	462	375	312	442	283
429	1	290	355	428	239	276	442	379	412	350
430	1	380	368	465	308	457	410	284	318
431	1	387	292	454	358	458	439	300	433	403	245	279	314
432	1	450	453	294	298	433	405	319	254	383
433	1	292	198	294	264	453	364	431	432	403	279	458	383
434	1	418	423	456	265	455	306	84	311
435	448	1	388	289	296	327	464	242	275	374	440	317	415
436	1	259	449	328	297	427	375	344	345	475
437	288	1	324	390	424	457	332	466	372	313	380	468	318
438	1	323	452	321	333	467	337	451	310	411	414
439	1	387	454	423	456	300	270	431	311	315	443
440	1	418	289	296	455	334	463	464	274	435	374
441	1	386	355	325	267	450	405	470	412	446	319
442	1	290	483	325	476	330	428	429	462	304	276	469	312	412	446
443	1	322	454	456	489	311	342	439	472	315
444	352	1	488	361	459	445	338	448	473	415	316	317	351
445	1	361	426	459	367	273	338	444	316	351
446	1	386	355	325	267	469	470	441	442	412
447	320	1	451	486	424	466	384	407	376	346	474
448	352	1	296	444	463	464	435	473	316	317	415
449	1	356	485	328	297	428	462	436	375	312	475
450	1	453	294	298	267	432	405	470	441	319
451	320	1	321	337	467	438	407	376	474	414	447
452	1	323	295	426	459	338	467	438	411
453	1	450	292	294	359	458	396	432	433	340	470	471	477	319
454	1	443	458	300	431	245	342	439	472	314	315
455	1	418	484	456	434	334	463	306	440	348
456	1	322	484	455	423	489	439	434	463	306	84	311	443	348	478
457	1	390	393	430	495	368	465	372	437	468	380	318
458	1	482	292	453	454	431	433	340	245	342	471	472	314
459	1	323	452	487	488	426	338	467	343	444	445	351
460	1	389	392	492	461	496	465	308	409	410
461	256	1	392	492	362	427	460	345	409	475
462	1	483	356	485	449	330	428	312	442
463	352	1	456	455	296	491	484	334	464	360	448	440	473	348
464	448	1	289	296	334	463	435	440
465	1	389	393	460	430	495	368	308	496	457	410
466	384	1	486	391	424	490	468	372	437	313	447
467	1	323	452	487	459	366	337	451	438	343	474
468	1	390	457	490	495	466	372	437	393	509
469	1	386	325	359	330	304	336	481	470	442	476	446
470	1	386	453	359	450	481	469	441	477	446	319
471	1	482	453	359	458	396	497	370	340	477
472	1	482	454	489	458	365	340	342	443
473	352	1	360	491	463	488	448	377	479	444	351
474	1	514	451	486	487	366	337	467	376	447
475	1	356	485	449	328	362	427	492	461	494	371	436	345
476	480	1	483	369	330	304	336	481	469	442
477	1	453	359	396	493	497	481	470	471
478	1	322	484	385	456	489	519	516	348
479	352	1	503	488	491	400	473	377	347	508	351
480	1	483	356	485	481	369	401	499	476
481	480	1	357	359	470	363	396	493	336	369	499	469	401	476	477	517
482	1	489	458	365	497	370	340	342	471	472	507	413
483	480	1	356	485	330	462	369	442	476
484	1	516	455	360	491	397	463	385	456	503	348	478
485	480	1	483	356	449	462	499	401	371	494	505	475
486	384	1	514	391	490	399	466	376	474	506	447
487	1	514	488	459	366	337	498	467	343	474
488	1	487	508	459	498	479	343	473	347	444	351
489	1	322	507	385	456	519	365	482	342	472	443	478
490	1	500	419	486	391	466	399	402	372	468	506	509
491	1	484	360	503	397	463	377	473	479
492	1	389	392	362	460	461	494	496	371	475
493	1	395	357	481	363	396	497	517	502	477	511
494	1	389	362	492	496	371	504	505	475	485
495	1	457	496	465	372	393	504	468	509
496	1	389	393	331	460	494	495	465	371	504	505	492
497	1	482	395	396	493	477	370	502	471	507	413
498	1	514	513	487	488	366	404	373	343	408	347	508	501
499	480	1	515	420	357	369	363	517	401	481	505	485
500	416	1	419	490	399	402	501	506	509	510
501	1	514	419	513	353	523	524	498	500	373	408	506	510
502	512	1	395	493	398	497	406	507	413	511
503	1	484	520	491	397	516	400	377	508	479
504	416	1	515	421	393	331	494	495	496	371	505	509	510
505	1	515	420	485	494	499	496	401	371	504	421
506	1	514	419	486	490	399	500	373	501
507	512	1	482	502	385	489	519	365	497	406	413
508	1	513	488	400	520	498	404	503	347	479
509	416	1	393	490	500	495	402	372	504	468	510
510	416	1	419	228	421	522	523	524	515	500	501	504	509	382
511	512	1	515	357	518	522	395	493	398	502	517
512	1	516	502	422	417	425	518	519	398	406	521	507	511
513	1	417	520	521	524	353	400	498	404	501	408	508
514	1	486	487	366	399	498	373	376	474	506	501
515	1	420	357	522	517	398	499	510	504	505	511	381	382	421
516	512	1	484	422	417	520	521	519	397	385	503	478
517	1	515	357	481	493	499	511
518	512	1	521	522	523	398	425	511
519	512	1	516	422	385	489	406	507	478
520	1	516	513	422	417	521	397	400	404	503	508
521	512	1	516	518	422	417	520	425	523	524	353	513
522	1	515	518	523	398	510	382	511
523	1	419	228	518	353	425	522	524	398	501	521	510	382
524	1	513	521	523	353	501	510
