512
513
2
3
4
5
518
7
8
521
522
523
524
514
526
527
528
529
530
515
20
21
534
535
536
516
538
539
540
541
542
517
544
545
34
547
548
549
550
532
40
519
45
49
54
63
68
78
525
81
84
89
94
98
99
102
103
105
106
107
110
111
112
113
531
116
121
123
124
125
126
127
128
131
135
140
143
144
145
146
148
149
150
537
155
160
162
164
168
175
176
180
543
533
190
193
199
201
202
204
546
214
216
218
219
222
224
225
226
227
229
230
232
234
551
241
242
243
244
246
252
256
258
260
520
264
266
276
277
278
279
281
286
287
292
294
296
297
298
300
306
310
312
319
328
334
336
338
340
341
342
343
347
351
352
353
357
359
361
367
369
370
377
380
381
382
384
385
387
388
392
393
396
398
399
402
416
422
423
424
426
428
431
438
439
441
442
444
445
446
447
449
450
451
452
453
454
455
456
457
458
459
460
461
462
463
464
465
466
467
468
469
470
471
472
473
474
475
476
477
478
479
480
481
482
483
484
485
486
487
488
489
490
491
492
493
494
495
496
497
498
499
500
501
502
503
504
505
506
507
508
509
510
511
