1	55.0184811168	54.9419841103	18.1285285244
2	59.3263529998	21.4280292703	0.617851106318
3	66.5243679378	21.920533374	0.689435274648
4	73.5464776397	24.1889555421	0.804868109986
5	43.2128887651	25.342458451	0.5051188196
6	58.2086237587	26.7117367657	0.72508674779
7	36.7484451283	29.2584101635	0.378648628777
8	82.3609001263	29.5997875467	0.630837818015
9	63.0992734612	29.2857122897	2.89901830556
10	70.4638710525	29.5804847012	2.25733627742
11	51.8627649359	29.9271611773	2.7848462605
12	45.605068888	31.232708498	1.4322945975
13	77.4938706955	32.9145287877	0.912442448295
14	68.9317815568	33.8050086787	1.94633089431
15	62.5674808183	34.1427092139	3.49813153125
16	48.7176344854	36.2466519252	1.26919360034
17	64.8880768372	36.8615581082	2.82903614078
18	83.435713659	37.5516269106	1.81668768495
19	42.7154706798	37.4947227139	1.21486810451
20	89.5717958131	38.2674262968	1.54876181161
21	28.2471650879	39.9624762953	0.798826959616
22	56.8897945361	40.2667054572	2.11627404665
23	68.0294948928	40.119222125	1.43430776255
24	53.8928446519	40.0274187198	0.511685644842
25	71.6899548568	37.6721306214	3.92805061813
26	62.4193642908	40.9838638447	0.826155309279
27	34.6100985954	41.2140304338	1.03754813464
28	47.800854178	41.8878110617	0.751970843086
29	41.8943573213	42.9593616963	0.950238767189
30	72.9947391828	44.1294437361	2.08675285654
31	66.8224240835	44.9099415296	2.53225352765
32	88.0069736922	44.0734150658	2.10281587304
33	82.3919430291	44.4022494193	3.55524688503
34	93.597426687	45.5730668353	1.51256618721
35	52.3425390104	45.2103590646	2.64820260531
36	56.7005561773	45.317443499	6.26970642126
37	34.3418200845	47.1775513935	2.38516608684
38	77.3723888926	49.3531845734	1.19435949711
39	38.7018786257	47.2429023037	0.856517952976
40	24.4803886009	47.001052434	0.777657301013
41	60.7818466307	61.9681614591	8.77728467209
42	42.9483247825	48.4687450249	3.66184713477
43	85.0587323496	50.3883502924	2.1849694839
44	73.3892104791	51.5616046626	7.15219615479
45	95.4036050694	50.2983029952	0.724770519888
46	45.9142688577	50.9532059716	4.55418950398
47	30.3436354762	51.7028622044	1.41765810125
48	37.2072607968	53.0889945431	3.5436380282
49	24.0783214455	53.9083430237	1.23536368122
50	42.0178443866	53.7240066984	2.02524065575
51	46.6425078845	55.3200510255	1.91587224554
52	87.401579236	55.4447161509	2.08689227132
53	82.8545449397	55.7034411639	1.77084132219
54	96.4388150413	56.1171418964	0.778953250387
55	40.0261980399	56.7464897148	1.13324255289
56	92.1705293616	56.860139238	1.15397778581
57	78.7560733346	55.8076104509	2.9802711766
58	40.8274842341	59.8326494546	8.81402181506
59	34.4036303942	61.4997622002	2.05724993344
60	46.2656732805	61.1535917984	8.16561698584
61	81.934102694	60.8452075962	5.65135102587
62	87.642229756	61.7681716692	4.92262679203
63	23.6669010626	62.4754414396	0.89893997398
64	29.8380128728	63.2018108362	2.78797547715
65	80.9591934073	65.9894330731	7.84853822968
66	87.252899569	66.7583735168	3.80348636018
67	91.8957556555	64.4993414856	2.67551547119
68	95.9350026362	66.9776379487	1.29787953437
69	37.4573278435	68.9585225485	3.07876959544
70	42.8460055537	68.5524360298	2.97530701812
71	31.8074772077	68.2461763923	2.80580708208
72	47.583577104	72.1220113739	2.82845564611
73	88.913632947	73.3465929588	3.00161632364
74	68.5566866642	78.7108301818	7.03901387169
75	42.3003943969	75.1037841502	3.26241693069
76	34.350682274	73.8912308607	2.31527809775
77	84.3873033022	74.0742029431	1.13616721322
78	93.3975539204	75.4561370393	1.72742881404
79	39.1942106429	74.5253841526	0.537962572725
80	73.3369562064	75.3628141436	5.5513309078
81	28.7739403251	76.5256936582	1.19512872219
82	80.0399185883	75.9344191719	4.78057540179
83	49.6552056089	78.5284213913	6.2702796501
84	87.37629443	77.9844597634	1.99670496907
85	54.8057854318	79.9991544425	7.22370328433
86	33.9209581794	77.6914828068	0.586101986375
87	63.8143742771	83.7408082069	7.73793162457
88	44.7053374661	79.812848577	1.38561032921
89	83.1338440395	80.9707658725	3.29485237477
90	77.2988785949	81.0031418257	2.80405731484
91	38.7476496432	80.149802964	2.45663950815
92	54.5070407676	85.0475076659	7.65090493723
93	49.9147004832	83.9498906252	1.73602525043
94	34.3817095497	83.7102674548	1.0237235723
95	67.5161226827	85.9449485701	3.02537531796
96	44.5843280469	85.5381485442	3.2501900883
97	60.469970052	87.7457076413	6.85819689919
98	79.9251331371	85.3045160973	1.05865146629
99	74.3597962451	87.1400301525	5.62364323585
100	49.8288335684	89.0218215383	2.28619388507
101	56.5606710825	89.8830221505	2.58086076513
102	38.3691524955	88.0173405987	0.550004393508
103	69.4713142759	90.1943866968	2.63937306475
104	63.0636440161	90.8382735713	1.00791014218
105	46.6521434699	92.3627070537	1.25527438307
106	52.6526571907	93.931608457	0.852929199182
107	64.6833925935	95.1336717675	2.29505468873
108	29.9944170584	58.5020326575	3.92846192511
109	38.1115856373	61.1885333061	3.20793116232
110	83.3856123844	87.1689373454	3.36132441979
111	42.4032010113	89.3962147587	2.67181915589
112	71.0815842188	94.1559633301	4.22006958294
113	33.3100283393	36.0590943841	2.21003978746
114	80.3639310531	50.3538127106	4.22529591389
115	51.9213605253	39.020227411	4.61121232962
116	47.2344416889	26.2906032722	2.25149047965
117	56.3326017748	34.0158113783	3.39477291476
118	77.762218005	39.9288265258	4.38264188051
119	38.0273149591	42.4242627772	3.42122616538
120	90.080579227	50.8316406486	3.10338253433
121	67.3194266198	24.8350217006	3.17705263369
122	78.1629916806	45.1516710535	6.63629860965
123	57.8981800961	95.0245133681	3.50476254586
124	53.2223908106	24.6067608721	3.15723118888
125	26.7428791159	68.778378536	2.85022641918
126	83.0256884932	31.7519528983	2.3271611504
127	28.5693292581	45.7387110997	3.09735431425
128	37.6230568767	85.2189328479	3.68705025394
129	56.0790605094	29.5195375983	4.47088138105
130	75.4533705632	49.1830098334	6.04230979957
131	39.4236415176	30.8811332626	3.35277616799
132	39.8094239469	36.207177804	3.0970040198
133	60.4230150307	37.8844259755	3.8075525917
134	32.148746639	53.8640419634	4.46620898945
135	75.0826962326	27.4478894403	3.57664215197
136	43.4819006939	41.8491490499	4.87059726014
137	59.9657864463	42.0045371253	5.92199172881
138	63.3386130881	90.5944959262	5.51791669675
139	91.2779708688	58.7066848365	5.2454490553
140	95.9650184391	62.1809130487	3.63591941808
141	46.8382341236	33.8909766855	4.81729390488
142	78.3539878377	34.0478786602	4.3676255721
143	94.4805049604	51.0089450844	4.81285317527
144	60.561987316	23.9762837459	3.24863384645
145	94.5637848927	69.6482114313	5.10026140484
146	50.1281216016	93.1585361518	4.49100505617
147	86.2413655346	73.4112632993	7.86005018868
148	32.8045107773	79.6389595008	4.95421281477
149	88.1247710384	82.323658152	5.54637842558
150	26.4739363231	53.4937720007	4.69043392897
151	45.4516018207	82.5651674521	9.67509614248
152	35.8806067552	75.3253870595	7.00535014566
153	66.0093611143	40.675083467	8.79140480945
154	83.7885489735	56.1518568789	7.34571413969
155	25.7368990886	61.4006856817	5.13721673037
156	83.6137572438	39.5437961294	6.15764223993
157	49.3520657619	42.7576488572	6.18181596823
158	69.7791262175	42.9535298456	7.02233775525
159	82.7594449471	70.1230960128	7.46870432948
160	29.430141359	74.5255319556	5.10089569776
161	73.3304351898	32.4504551896	6.91304519416
162	90.8644153843	42.1565344057	5.8864643371
163	74.722869224	43.4521650983	8.66913117316
164	95.6857734277	57.4466268936	5.08836813486
165	86.8935462625	45.9276162058	6.68623498013
166	40.0660249249	47.2635944542	5.48535934683
167	58.8861752702	77.391938751	11.5583183304
168	91.8300861623	76.909130844	5.72012067166
169	40.1170321645	80.2725167105	8.65496072962
170	47.5427015141	46.038478144	6.42096202574
171	32.6983270266	69.8064643574	7.54296978633
172	41.3795673999	72.5038102374	6.9318762616
173	33.8722078409	48.2724621836	6.62129873147
174	84.3560410455	50.5581042835	7.25960584393
175	84.7678854502	34.4900090101	5.85691858101
176	33.4944304633	39.8381534333	6.41459180478
177	38.9182552872	54.8504956025	8.34672311107
178	35.839338169	61.5617083622	7.36889096412
179	54.8818510137	89.9299392491	7.93427355887
180	45.6617921566	28.5977965701	6.17051608585
181	44.7020703626	69.5653206956	10.8899668238
182	78.3139002301	83.9442354636	7.95521216217
183	89.2934775536	52.8907391457	8.12918058657
184	78.9991909902	72.5630700009	9.06174531331
185	69.3557997385	31.2335102607	8.2645120131
186	40.9739959857	64.9682902528	8.33336740129
187	49.8998222215	87.9796644184	8.27250492282
188	87.3681333734	68.7305478369	10.1165961551
189	76.1046784289	74.4745705314	10.0130478646
190	77.0577386906	91.2893150049	7.4904451341
191	38.9258940992	68.0759593702	9.77601164967
192	84.5022931927	78.4155756283	8.19422014847
193	43.2785966258	89.8570211276	7.60712745339
194	32.8324303778	56.4439551623	8.91413217434
195	62.0529687155	30.6598986262	8.67198026968
196	78.0278430538	36.4333682293	9.2339568711
197	37.3813035518	42.8437808004	7.74061096856
198	46.4447736529	75.6419224174	10.6050469036
199	38.4768279119	85.469319512	8.0459678476
200	64.4927845881	36.4211273905	9.39039095367
201	63.8586343976	94.9331152749	8.41840713398
202	66.2288187374	25.9999148964	7.7661149375
203	46.4582735471	39.9249250731	9.71956176911
204	27.7327882282	68.6264170235	8.28628734526
205	70.1840010351	77.0671360681	10.4379807962
206	71.5456604008	37.7964189489	9.67224333242
207	31.9075044596	64.8013538605	9.76349620529
208	51.2962949911	32.8443105133	9.09605708305
209	44.5556014175	35.4174837272	9.28123242062
210	56.3051655346	39.7875085483	8.75900694381
211	81.2665252628	50.3070987933	10.0228222702
212	79.937887756	81.3506538665	10.6111993965
213	67.6276802359	88.5731055618	10.4931568441
214	50.720131614	92.748539923	8.92293917209
215	40.5952302417	39.5346720465	10.3830413183
216	26.8401568925	55.3181171611	8.44842533258
217	87.4150429175	60.6823534357	11.2532703893
218	82.5823417268	86.4099635668	8.87169062542
219	75.4050667425	29.0274823963	8.98197361345
220	87.966022639	56.9886071674	10.5742952748
221	77.4341079925	59.051311114	11.0301101445
222	94.1064100488	63.5008963514	9.18583412073
223	41.1584841476	74.7599472466	10.4171584792
224	90.0870994655	77.5157755436	9.26920142197
225	59.1280708203	26.3781341343	9.39386559126
226	57.4575788464	94.4160492945	10.1913625417
227	53.9732579874	27.094318204	10.0177341386
228	53.3799266839	45.8183933298	12.2642847509
229	92.8197019194	70.9782231132	9.12304268669
230	29.7601341822	47.6628541429	9.76548821265
231	43.1513377973	55.0046954469	12.8736819239
232	41.4202713962	32.312159057	9.27353758945
233	75.7032710242	49.8067631412	11.6767927015
234	93.097621897	50.5145886666	9.93007041671
235	71.7387784123	54.9927719781	12.2808454455
236	82.8845874171	41.0266382459	10.5838661592
237	43.4831336385	47.747807125	11.9826556131
238	35.20602605	49.3772629802	10.8368983018
239	45.6910625902	58.5753697263	12.7850865755
240	73.3765198227	68.4410050655	15.3262242035
241	38.3553045557	35.6567687434	11.1964215377
242	47.5993927801	28.9644026712	9.82119449464
243	90.5548098314	46.2419217441	10.6399201227
244	93.5971597896	57.3344741647	10.7886673548
245	35.1232668288	71.1776821153	11.5489265264
246	69.511359793	93.1460963162	11.2457686387
247	59.6263994876	36.5582111628	11.3976054441
248	53.0397597509	38.8489599963	11.8573925959
249	69.9187011523	42.9264297027	12.2523737312
250	63.2904802511	44.9069204233	13.529188047
251	50.3891935353	86.8102120721	12.2976875728
252	84.373769802	36.6298305389	11.0916868097
253	53.1997052239	56.7670416029	16.6311930144
254	68.5993608715	68.4784044245	12.7051274041
255	75.6249966824	36.2484020197	12.5561917511
256	76.1720606697	90.6430935607	11.4483523549
257	56.028877315	32.5895727152	13.0428038546
258	27.3360658259	60.2493276445	11.3278429324
259	82.4114543387	76.4006878436	12.2570959423
260	31.1056945906	76.2232470874	11.4879261099
261	60.2341534765	42.5926162668	12.7915587963
262	85.6471915607	48.0643789257	11.9387668272
263	70.4405849917	84.9965694383	13.0332089759
264	88.0752156966	43.0201715298	12.6525475858
265	32.3414535582	57.5054997404	12.5736550584
266	35.8712186663	82.6790702356	12.0326250944
267	40.4706839249	49.7359457623	11.9469070099
268	85.7707307645	54.0857950751	13.1989201414
269	37.0703789783	75.7739661325	12.6685619521
270	81.2958579642	44.9607822668	13.3323255265
271	48.4230399868	44.9729722727	13.8589690644
272	38.0486910814	44.62819768	12.555748492
273	85.311002391	64.2902924364	13.0354877004
274	67.6389678127	33.8904462098	13.0054651145
275	49.1012210006	34.2290288548	13.0200978674
276	34.4046473596	40.8238248636	12.4352482106
277	28.6317682633	53.8507262899	12.7617704051
278	85.9547149267	80.4677277063	12.9307101008
279	78.1264002982	32.1271473629	12.182122176
280	48.5466101597	66.9711613915	14.8774941515
281	28.2979391257	69.0518063078	12.3779173086
282	80.8019377887	71.7688205398	14.8580542036
283	38.4713119266	54.1906358452	13.6110397225
284	33.8110471733	64.8459470793	13.8305235817
285	78.0827577846	78.2429003601	13.9735267731
286	46.0292885836	90.470479779	12.4637047507
287	89.4309927545	74.5755499388	13.0140918983
288	62.6454587455	31.6461899757	13.433194453
289	78.1809385897	41.4482417177	14.8641424369
290	83.4347665237	58.9664448133	14.4160651412
291	66.6236172408	84.945349954	14.5897849432
292	81.0324541397	86.4875831728	12.3307226977
293	82.9358340813	53.85746892	14.9394120308
294	91.7483612378	54.9354636791	13.5964582019
295	62.4030872509	84.371060163	15.2164555513
296	66.1372486544	27.5957050552	13.4009634657
297	91.7740148095	64.4553005174	13.3479519776
298	40.648517304	87.1306479615	13.6373117833
299	80.821806789	62.6985901759	15.7478239776
300	56.020522219	93.0411785153	14.1717679843
301	71.5190410169	35.1746856151	14.967604055
302	74.271653806	40.199311214	15.6967200657
303	81.6844334388	49.1076083481	15.9593729887
304	70.7724490868	75.1491342042	16.07293553
305	46.7711043562	84.0139294792	14.9589423867
306	90.5139017251	70.1153537568	14.3428988346
307	40.4569711845	78.2001849467	15.8205711753
308	73.8800076813	78.9417751886	15.1539123184
309	37.574441737	73.0804321589	16.0279614184
310	73.5353054554	30.2503271654	14.1286725271
311	44.48225122	38.6070495163	15.8013775552
312	28.3570506818	62.0036150643	14.7440528895
313	74.6615567758	75.2639408893	16.6258184232
314	68.8708460256	79.6718817818	16.0873578501
315	39.8119052719	44.0734151868	16.5998257888
316	34.3918877981	55.8295200191	16.4083641186
317	76.5006713515	72.3550734104	16.2321445022
318	57.2996265199	81.9242071772	16.5408136715
319	63.0355587056	93.2062001217	14.5312295521
320	77.5670489209	46.519791601	16.6567494447
321	72.395735845	46.9697642756	16.927162345
322	70.6927217345	50.6800521428	17.943448553
323	78.7631520097	52.8462113973	16.4689899035
324	79.0699083983	67.9367996786	15.8539501811
325	53.4015523621	83.8415781393	16.4028258776
326	70.1311133687	72.1120085518	17.763123712
327	41.9614604836	74.2668863226	17.5369204564
328	50.214225028	29.6893813974	15.5011742968
329	79.9327316599	58.3692692915	16.9041148921
330	36.1939556353	64.1085395708	17.5434724799
331	64.2752715984	81.1651500939	17.3661843054
332	69.4712185678	38.9267447599	17.6273044174
333	63.3746468937	39.1519092255	17.894681838
334	90.171981299	59.3682949645	15.9238933685
335	34.2552991947	60.3021802669	16.9458127625
336	43.7882643136	33.2795540118	15.7452122121
337	64.6081069233	35.1265671215	16.6386238932
338	89.900385529	50.4727841408	15.5524354588
339	36.6581789521	50.4857996255	17.1284978214
340	33.9304122148	78.280360139	15.8120220796
341	56.1350678794	28.6260779008	16.2224234758
342	80.2612979759	35.9456786449	16.2664163053
343	30.1587286406	52.5243239946	16.9080143094
344	53.2682840241	35.1823166783	16.7923814058
345	74.6520566216	55.0370590512	18.1851213306
346	36.5004380882	68.1473766852	17.3740109191
347	72.6334938172	89.1018469369	16.0299300725
348	74.8191344696	61.8169016373	18.120586604
349	45.3753794481	79.014633813	17.8806026443
350	49.5942883222	83.4317362814	17.0645382268
351	77.3395007799	85.8638643348	16.139520699
352	67.3149687896	91.1627451485	16.2980432706
353	84.3702518641	42.477912132	17.2342822695
354	72.1937526039	43.8500279624	17.8186416118
355	67.5221650433	53.0591752071	18.8600925861
356	65.1467161778	75.9090683199	18.6953651039
357	81.5333561721	81.9733272636	16.3015749892
358	48.4106356486	38.40027558	17.6291059224
359	32.8194641327	45.5065251334	16.8645225868
360	75.4758457136	50.0823750332	18.5110880302
361	29.3953166718	67.178679301	17.1298786536
362	45.430016486	72.9089872447	19.2476244767
363	52.3848956812	47.927828765	19.2871501912
364	57.6813453296	40.9687540542	18.5312151064
365	50.3391797395	60.9843337627	20.0992998097
366	49.8045571389	72.915777835	19.5968135588
367	31.5977097424	73.136316479	17.028093889
368	52.80393087	78.908445869	18.7995141925
369	48.431274907	89.9046255961	16.8169502523
370	59.7711281259	29.0337360342	17.4105061008
371	61.9280114722	77.6671163317	18.8216268454
372	67.8666331528	46.4197893209	19.1192394601
373	40.7635046669	69.4694448159	18.653913379
374	48.4419873391	77.9234557692	19.1884960558
375	43.6715068083	50.9634682034	19.8755087578
376	69.3113468172	66.6009811844	18.853258743
377	55.2572519624	90.7221458239	17.6290777538
378	66.5527487208	42.0245899091	19.1355439093
379	43.2175898361	44.2797807385	18.2971542327
380	88.2886158521	56.3536493317	18.0733489334
381	87.1197808911	71.6183824719	17.4599976463
382	83.6110118384	76.0963112644	18.2147079607
383	58.1704405631	77.2972122846	19.1140901964
384	42.6862072425	86.5931596102	17.6085535789
385	29.313955648	60.3717228753	18.0050046694
386	40.2284939449	64.3274054814	19.4414682634
387	87.7859729239	65.2211852498	18.1465769707
388	38.1434196614	39.4047446568	18.7673745187
389	63.0843899586	47.7077421262	20.1145230516
390	40.4881092817	52.2642334684	19.6733287971
391	68.0784913911	61.8225669758	19.8995646766
392	38.1815316771	82.5957537048	18.0540914757
393	74.3893637967	33.0542696855	17.9977184251
394	58.3352962114	35.8322274341	18.3483300404
395	51.4626394499	43.0249008402	20.0350017655
396	61.3403718867	91.2879127995	17.7912796215
397	63.2103818991	43.0498862652	20.2689973673
398	64.9948652461	29.9064400833	18.5843114611
399	69.0701543285	30.8995055916	18.1596725472
400	58.8054602634	45.2390287201	20.517290388
401	45.5672429215	47.7569857493	20.2403760974
402	86.1482552131	50.0483472687	18.9270597775
403	71.540743984	57.5471866517	19.6206511824
404	63.8241569815	70.4261746836	20.1949175063
405	55.3536639214	75.0504563497	19.7924107759
406	45.8839144788	62.5200561758	20.6497154404
407	40.692383726	48.2513783894	19.5579615436
408	48.1063195223	57.0394518339	21.5578453618
409	55.2322870855	54.189676739	21.2576592921
410	50.4119632066	68.577073067	21.4003492677
411	65.7455864801	58.4322644419	20.2856449903
412	58.9757630907	72.0388149484	20.6010310161
413	52.7151316134	39.002782224	20.0952524266
414	38.689939613	55.7300373791	19.9218551704
415	44.9495913623	67.8430989818	20.5410360294
416	65.8271760759	88.8561295837	19.1285931587
417	45.6878270439	42.935512421	20.5064551221
418	37.5267286309	59.5747822628	20.2187782913
419	49.3176761067	64.9324680351	21.5097942852
420	58.8433416506	52.5645466989	20.6863082179
421	42.4996417075	59.5465030868	20.7575727528
422	73.6626044341	83.6029418542	19.3684963906
423	50.7255247398	32.0441640846	19.9903604963
424	81.0229799717	42.3311063586	19.7608229679
425	60.960654431	59.1329490552	21.4069662437
426	78.5972228982	38.3906745818	19.8915917271
427	63.5767028478	65.7919189749	21.206961933
428	69.753530769	85.2916114834	20.1553737933
429	53.8831994842	50.30137664	21.4124520902
430	59.3075776208	56.4982186168	21.4503688707
431	85.8284100647	60.311296173	19.5294324156
432	53.5444871547	70.3087736943	21.4616110774
433	48.2301953332	52.4550007945	21.9906291484
434	44.5926397042	54.6192609101	20.9919718134
435	61.3582991507	62.8151742421	21.7880684661
436	48.5745947204	47.2000023902	21.5152969331
437	58.2226494032	66.8140042957	22.100035865
438	31.7398842307	68.2098035619	20.5141765343
439	36.3337530251	77.5055627958	20.4332699032
440	55.5351023858	45.2933032703	20.3454362104
441	82.8413701568	68.8970176838	20.8994533803
442	52.6165421363	88.0200389374	20.3903769382
443	59.5596971141	49.1604921574	21.5101617597
444	83.9021449907	55.7267617635	20.9893266367
445	58.317914078	87.3678710852	20.795702319
446	44.6534345924	35.2016448951	20.8918594055
447	31.1315734552	62.7961352539	21.1979260847
448	53.8250879724	65.0929082894	22.5274356214
449	77.5672887657	79.2782452705	19.9523984661
450	83.4189554757	62.1963712038	21.3390143106
451	30.306851428	56.6202060275	20.579020917
452	41.0370185793	81.8271145415	21.3610205661
453	72.8737829388	35.3849506264	21.3851290108
454	64.0329860085	85.0058678494	22.0168179178
455	81.2958131776	53.0389365722	22.2124738404
456	78.3260164245	74.8396404633	21.8519669266
457	72.1223123807	79.8030701158	21.5498623695
458	81.6223110509	48.1618839798	21.9338998509
459	33.0601656559	49.312961142	21.3851282713
460	35.1033428867	72.2669758938	22.1106073041
461	45.0855805217	84.2970544235	21.7156436096
462	61.7794291168	32.8938831799	22.4672016465
463	79.0296876806	45.778864342	22.6741612257
464	56.1550047934	32.4908603801	22.46664012
465	41.4437011406	39.3139224135	22.4515637783
466	78.462824379	64.3691199649	23.1745429969
467	79.2129105488	69.5934527698	22.3162032784
468	35.6006583686	46.421066552	22.7032237757
469	78.9148397159	58.3811123195	23.1098764462
470	75.0177121583	71.5413886455	23.3416920674
471	70.5799876269	76.3812470993	23.3768515985
472	67.520990359	81.0897858591	22.9491990503
473	76.6056706808	42.6651339731	22.6379543928
474	32.4434848978	55.5861763725	22.8233072353
475	39.0503883837	76.4705362504	23.2989195872
476	48.4292599711	83.7402400194	23.1415997488
477	67.1709671002	34.2661006379	22.7834249377
478	73.9134108186	40.9653556666	23.3846189716
479	53.7382910335	83.3537456145	23.5255397733
480	35.2260541332	67.4244070121	24.1001695941
481	58.6113524591	84.6599999905	22.876114421
482	73.9382331886	47.7215753639	24.5273968663
483	76.5301254693	51.8765756913	24.2830532868
484	74.2587454763	67.9623525473	24.5038686278
485	43.1953570258	77.7051637358	24.5842775041
486	60.6253928338	80.5991090917	24.2765692006
487	74.0700609905	61.1005639725	24.5404132704
488	34.5500714107	61.6057541802	24.5941641324
489	64.907661077	36.9769422635	24.2647962309
490	52.4231907108	80.073291703	25.2725012268
491	48.9365550871	37.7592250279	25.04695484
492	69.2555471579	38.8575367258	24.5188620685
493	40.380928591	44.6371979879	25.1326312934
494	73.9455173165	56.0632569271	25.0621865231
495	71.6326013553	64.635150966	25.003713993
496	69.598626537	70.6635574139	24.7946042092
497	53.6619691151	35.7273597008	24.684792523
498	70.5746078885	46.4130279568	25.1852277076
499	66.1448201162	72.9446449602	25.6290211223
500	69.5244141202	42.331165536	25.2714619493
501	69.4384376316	51.6310028122	25.6059145401
502	60.0230891563	37.8944736951	25.3591209123
503	36.0244765804	54.1816741161	25.5106918417
504	45.4950229843	41.1873625291	25.6247536399
505	66.4045659259	45.9929801463	25.8992015573
506	39.6049285128	71.7332018417	25.2423113446
507	61.2874680377	73.9635986728	26.4139108319
508	63.3196239507	76.5817156622	25.554795884
509	67.96698934	55.6066456079	26.1176381605
510	57.5247613357	77.0046800095	26.0336733769
511	51.728034587	76.1728176652	26.2559401684
512	46.3134276552	76.1331273466	26.0047774707
513	66.656610424	65.2974686438	26.4033301901
514	38.3686341489	60.9462448913	26.4209002148
515	38.5282142116	66.0350202315	26.1479375089
516	63.1212300815	43.1224874541	26.3853820567
517	39.9498492681	49.5464034064	26.4106600718
518	41.1539899051	55.4300243463	26.982041828
519	69.7342075376	60.5365921995	26.1693078842
520	57.9590676755	47.3173238873	27.376919143
521	42.863515486	64.2923244745	27.3864813697
522	42.1483680406	70.0409187788	26.4797557936
523	56.0118007061	72.9145015528	27.1794990713
524	54.2395386291	40.2274736462	26.309066299
525	57.0236895324	42.7986550227	26.9383245419
526	50.4401331446	44.1133922795	27.5216578633
527	63.4721157365	49.4789707192	26.4786613105
528	64.2605119534	67.8858796813	26.9033994491
529	63.8397442317	52.846013491	27.5217707621
530	62.2216383654	57.1341592375	27.5213275374
531	49.4564849809	72.8421082285	27.5181581117
532	65.3688444544	60.3495479329	27.1418095289
533	60.7458076381	63.6310738454	27.8018167589
534	45.4148625295	47.4117680698	27.4857279793
535	58.0856025879	52.1764736153	27.3766301876
536	47.4827722152	61.4400672245	28.0180560402
537	46.1176788738	68.7537029167	27.5341871956
538	52.1176053446	48.9652268368	27.8546713815
539	59.2540439382	68.8825296261	27.9440951636
540	50.1176605819	54.7028719328	27.881775753
541	45.5656124623	56.0515548202	27.9537777367
542	53.9108505733	69.7965362287	27.9063655936
543	42.7368728443	60.7131573112	27.7525862631
544	57.5387103666	55.5383335852	28.034479716
545	53.884462595	57.6774493011	28.0818020079
546	45.5089784565	51.1318103669	27.9567700801
547	50.6437823967	66.5858361822	28.1927220554
548	58.0439743534	60.1408734225	28.3770297539
549	53.3127563159	53.6022708608	28.3319751281
550	54.1582675128	63.3777215712	28.7809105318
551	50.4559915475	60.997231336	29.3706775138
