2
3
4
5
6
519
520
521
10
11
524
514
526
527
16
529
530
515
532
533
534
535
24
25
538
539
540
541
542
517
544
33
546
547
548
518
38
551
552
553
554
555
556
557
558
559
48
561
562
51
564
565
566
567
568
569
570
59
572
522
574
575
576
577
578
523
580
581
582
71
584
585
586
587
588
77
590
525
592
593
594
595
596
597
598
599
600
601
90
603
604
605
606
607
608
528
610
611
612
613
614
103
616
617
618
107
108
109
110
111
624
113
114
531
116
117
630
120
128
130
619
135
620
139
140
141
516
621
536
146
148
622
150
537
153
623
156
158
161
163
164
167
173
174
178
115
625
183
628
187
190
629
195
197
545
201
204
208
209
462
216
217
549
550
230
234
239
242
243
244
246
250
251
253
543
260
261
263
264
266
267
273
275
276
279
179
283
286
289
293
296
297
300
303
307
602
309
321
330
334
336
337
338
339
609
342
343
347
349
229
352
571
359
360
361
362
366
573
368
626
374
375
377
319
380
387
395
397
398
399
401
403
407
408
412
413
418
419
420
583
563
433
437
560
440
442
579
444
446
615
454
455
458
461
145
589
466
467
471
474
591
476
477
627
483
491
492
493
497
498
500
501
502
504
507
508
509
510
511
