1	56.3187720523	56.4914324258	17.2021905882
2	63.4922464099	18.6232305551	1.71372459554
3	49.1193278868	19.0909754993	3.69916133715
4	51.2319319369	22.6522734708	1.12019192042
5	76.3982508944	24.0491338621	1.12336228934
6	35.3287247822	25.1800373453	2.40216003777
7	46.145271341	25.2800972745	3.13232950731
8	71.0781512988	26.4067270444	2.9094082925
9	81.1022399566	27.6676756671	0.832794638865
10	51.7660841603	27.2013078118	1.07176452653
11	57.787759126	27.7241783968	0.731850929893
12	76.996279831	28.0526303196	0.651731389317
13	46.4896439192	30.7618209419	0.846967135202
14	55.9815424432	31.3510713837	1.10851848725
15	66.3996421615	30.784317144	1.11763628826
16	70.4925861453	32.1034695491	0.912998628751
17	51.1018515247	32.3882498653	0.895856374231
18	33.8735919895	33.1798342174	1.35029162219
19	41.0920434487	33.1083140334	2.3127344791
20	80.9576689621	34.3338433684	1.17383034546
21	46.7738240092	34.6954236404	1.08682345846
22	61.4701369591	35.3902670751	2.43433071769
23	88.2197054799	36.4269893256	0.681128692984
24	66.4241484067	37.2932122133	2.19815541975
25	44.1879073515	37.3235378852	1.86829641478
26	36.330731328	37.4393895141	1.52387839078
27	71.4618995891	38.0946299739	2.53656406252
28	30.8373966563	37.9212601182	1.2422704151
29	55.6211327069	36.0285886255	1.89264696162
30	90.2857570762	39.6122745874	0.65989246979
31	51.4335006612	38.9795297596	3.649697608
32	58.201494032	40.4794072191	2.3780280411
33	75.2176191832	40.5420637423	1.34363424989
34	79.5153141238	39.9761345996	1.76467133464
35	84.4099306011	41.5743286175	1.64257140403
36	55.4552738707	41.7686203701	1.08469315562
37	28.9483866685	42.0573112594	1.90573394077
38	33.7740250095	42.3306867193	0.974763730649
39	67.778472304	43.6292320998	2.31039374356
40	71.6592719212	44.8429880673	1.69517910195
41	36.7866313338	44.1218317802	0.836752762822
42	61.310829524	45.3496194018	1.81343021098
43	52.0906341755	44.8916157358	2.32052799066
44	81.5994686103	46.3462551199	1.86861670338
45	25.9428855188	45.1775777364	0.501660421872
46	40.3247220181	46.1755628788	1.40605195155
47	48.2601605226	46.7905983351	1.44279633642
48	66.4087629372	47.1969050918	1.5004565685
49	57.5836442605	46.8845212423	2.6294837487
50	76.5176353919	47.3494272929	1.12396119303
51	52.5691823438	49.2679131462	1.29876606767
52	92.7698826386	49.5115810268	0.598646634448
53	43.7817620038	49.0023972995	1.16498190816
54	86.776171853	48.3570267486	2.52855112469
55	68.5234906457	49.7154253337	1.13685567329
56	63.6056285726	49.8144906776	4.42271743204
57	20.0081768252	50.0253879272	0.658357262815
58	40.0265283692	52.0664517109	1.15670333275
59	53.6031472886	51.735977745	3.030476712
60	26.3333356798	51.3281121435	1.0928150774
61	79.1957083778	51.4658032571	1.28624755277
62	91.9884187296	53.1961818743	0.251436302486
63	35.259429086	54.5343568603	2.75412550422
64	58.9249827456	52.3117497275	6.02421652888
65	67.8152233748	53.4396343027	1.30310057852
66	88.2639654953	55.6994535613	1.13565020123
67	48.2173589493	54.6938465128	3.40386224083
68	70.6861972751	55.680967179	0.429886628762
69	30.2213974729	56.9428512617	1.63418620971
70	78.9817665741	57.2432940403	3.08967993834
71	66.5420324966	56.6628365538	1.80358735146
72	56.8099537766	57.6768681753	6.17151891833
73	83.9693439371	56.1140260738	0.455103042198
74	38.6534166878	58.2425358836	3.08597462771
75	72.921235398	58.6440804595	3.43108647637
76	25.7203472946	60.3401825992	2.32233164165
77	84.914821992	59.0722826139	0.513196206644
78	34.8240050429	60.163023769	2.73227946132
79	66.6902943342	61.951946699	2.32248019577
80	49.6116391137	64.1292826547	7.23313111802
81	57.0822065737	64.8873078798	6.35362521199
82	61.7341811647	63.1435496116	3.51409206889
83	77.2458059668	61.375132101	1.80336321751
84	32.5174337454	63.0453028184	1.69523993078
85	72.4683051045	63.0728727264	2.97042670145
86	81.1967476788	61.8967673315	1.3231147873
87	25.8529202113	65.6983879106	1.1006012778
88	85.0479173517	64.9260066013	2.7698258086
89	49.0937089945	65.9619250279	1.63749195501
90	78.6017404561	66.3656310926	3.03169240469
91	43.6214630029	67.004039918	4.71447075724
92	62.698291344	67.0389716655	1.45737326732
93	50.815197476	67.909868511	1.9419885845
94	55.464313083	68.932157223	4.55306557448
95	69.2898614109	67.2158391222	2.20573909147
96	29.9690025359	66.3293335501	1.86060494543
97	35.1528482273	68.067877141	1.01202498157
98	81.4299485858	70.2952141236	1.79702574691
99	29.4249780395	71.5622245063	1.35295710019
100	47.1285602958	70.7628401782	2.2521754223
101	67.4359109342	71.3318128031	0.456393048213
102	61.5457110608	73.8235090382	1.1628040209
103	74.2053599449	72.8546134795	0.473094537128
104	65.7057141181	74.2852156031	4.63266417064
105	57.7068871319	74.9118706382	0.683396632446
106	33.8086577703	76.6788713589	2.93620653426
107	63.9379440826	76.2610308775	0.5887906071
108	75.2820162047	75.3197268506	2.08132459487
109	48.9522068856	75.9875910082	1.35328504439
110	53.9405505428	77.1568246892	1.22657993884
111	70.2928062307	77.9001494364	2.23893175739
112	41.4184489585	77.7076599585	2.64343821642
113	60.0008277767	79.0704542083	0.890066878997
114	79.1276806466	79.2294784696	0.99249436771
115	83.8655078299	80.2243778676	1.70605135836
116	38.6441171947	81.7464245822	1.228987621
117	67.0505495863	81.5087297106	2.02626438978
118	74.1810461476	81.9032172573	2.62573498682
119	32.8684203295	82.3549572009	1.33063620931
120	47.8854404274	82.2102632941	1.87706980196
121	43.7249660658	84.7935565305	1.73268354837
122	78.7452190595	84.5355016893	2.44795106263
123	63.0320548831	85.5529407019	0.587964913431
124	69.1406056375	85.7374687496	3.02982585883
125	49.1771271376	87.2735166841	2.32690312631
126	36.9260226592	86.3317528293	1.00751844421
127	44.7656522099	89.9120685796	2.31532824806
128	72.1920073163	89.691606356	1.23677445362
129	51.9221151794	92.0157210924	2.85385104637
130	64.4727941255	91.9432058537	0.370000159385
131	72.5971482066	51.0208249466	2.39140440531
132	38.6981082187	65.5220632423	5.66492124095
133	59.7563032429	82.5527138404	3.28704536088
134	55.6049123026	18.0729906076	3.68567918734
135	78.3067002996	72.1468537195	1.58257087223
136	38.4604937451	28.4217198833	2.77454949251
137	75.4342831956	34.8666729948	3.04367836501
138	53.4227338114	72.4499586178	3.21488793824
139	81.003743815	75.9394387455	2.54832804157
140	41.5063134073	40.7777630417	2.09941477542
141	40.6007848469	71.4804178134	2.94214335516
142	53.6786194386	80.7581177408	4.34003115546
143	41.578608712	21.7515147796	2.55552595313
144	66.4913110653	24.328522376	3.64502631017
145	20.918468258	55.1818040649	2.30730653149
146	41.6209556838	56.9142188315	4.17291323019
147	85.2265796601	60.0541499247	3.14418312399
148	91.1835283855	60.1219729607	2.21707936279
149	42.9163822343	60.7347701464	5.81817327451
150	75.5036521804	69.6899240673	4.01106857685
151	35.2671667361	70.9127822304	3.99879205735
152	55.6947548995	22.6797189192	3.6259220484
153	60.537808018	22.9854081374	2.93770475442
154	61.9688591541	28.3180182641	4.05340924657
155	63.6089804629	41.6137513846	4.72975807631
156	59.1484266149	71.5858059937	2.86084701728
157	24.7439086869	71.9245543435	2.7402475005
158	71.5959779165	21.4591273671	3.15322454421
159	31.9866286246	49.7575407028	2.6230999337
160	63.272699518	53.7266473558	6.20010803844
161	89.7148902915	67.9627221569	2.39511046179
162	69.4814507067	73.1013769112	3.94316222121
163	43.9144896592	76.2516385426	5.85401440988
164	65.3287051855	78.7066585626	4.05430861882
165	55.659696326	87.4263933115	3.53696417603
166	31.7762891178	28.993721093	4.27786079353
167	84.4451317706	32.2905858047	2.47347232817
168	47.7380716267	41.2653712651	4.48047816354
169	90.9475069573	46.4696837593	3.05713369599
170	44.4477651913	49.4195431939	4.28571344455
171	81.3002894758	52.4141520991	3.39598752959
172	65.3562048731	69.1402508332	4.79464036843
173	29.5054937439	79.0226186394	4.22466892195
174	62.9380220411	86.8578107626	5.03919377178
175	58.466981194	92.8455063662	2.53427011447
176	75.1757713629	29.8484343143	2.13276391772
177	51.2808459074	33.4869046336	4.42969955621
178	23.1582878539	42.5250422983	2.21834808792
179	45.0212860957	44.0716051305	4.56572681419
180	22.0507035829	48.6825135148	3.63767933081
181	37.7899545996	49.2075136551	4.14760758154
182	74.6232280675	54.9577109117	5.78017478643
183	72.3481792761	71.4995361884	4.96850338204
184	83.9293427384	71.632318388	3.63877055293
185	54.9517475068	27.6856957995	4.25179138991
186	85.5455970203	53.0146531635	4.79504481923
187	91.2854960429	53.6213824881	3.86185841464
188	21.8216995269	64.2268147895	2.86724100311
189	86.7920969484	74.9518091035	2.6232720691
190	38.67381152	81.9424496638	4.8841343103
191	86.6293294258	36.8095954098	4.41343739435
192	37.434938717	42.0440532543	5.505101325
193	84.9961620997	56.9661352522	5.53592761326
194	61.7377663502	77.5297729843	5.02300297483
195	49.0280460889	78.7819216279	5.20764086998
196	59.4950157792	31.2180789304	4.93643000618
197	88.6897582057	41.6892952877	3.94269913029
198	28.0249395373	45.2849030202	4.74521774722
199	78.606183672	45.3680017506	4.79461713868
200	57.7884050012	77.5822675638	5.20709638799
201	68.9922359041	31.4350313292	5.57064207057
202	27.5372943564	34.741722546	4.28315687846
203	76.170468988	39.6902100363	5.50437330464
204	26.1436702218	52.6488781023	4.8027198338
205	45.9947299629	57.1018745271	6.18620509967
206	44.8402754719	63.3467452786	5.62321489661
207	30.8812159414	71.9421241021	5.71532717242
208	39.9693614912	87.5692718045	5.09067204857
209	77.4881138385	30.8583250762	5.85496222094
210	63.7421820608	33.3400616694	7.17257391581
211	81.3898152315	35.7014407902	5.23966727196
212	73.7637296451	43.1244225086	6.07044673021
213	68.3639260313	50.181485614	6.9772875368
214	39.8611373626	53.7954932286	7.16842926088
215	64.760343742	58.3776260492	8.09818018696
216	50.9293972083	48.4079531624	8.81607776202
217	28.2238549513	58.8146067548	5.05938003025
218	32.9582786863	64.710047066	5.902840672
219	48.603378942	74.2651088505	7.88233758125
220	76.5473341714	79.1833645892	5.57329484032
221	68.8327531375	42.5648992802	6.21376193965
222	64.2577712313	44.7591799685	7.71126115762
223	75.4647482588	50.4333260051	6.41374390612
224	68.8599067921	54.5626214323	7.96632701387
225	72.0715155474	88.9101687468	5.24504390828
226	64.7282133379	91.3905085187	4.54728101481
227	81.5465095241	29.459655482	5.24579674611
228	34.0447243086	33.2208002168	5.61075490877
229	78.5855099973	62.4203882336	5.29262432346
230	28.3678550421	67.2168398349	5.52914144159
231	44.601641085	84.2874894538	6.41310121019
232	46.4577180174	33.8282482093	7.36371270258
233	47.1282604909	45.957162895	7.77311398253
234	72.4887276093	46.1067530292	6.67679443609
235	32.7563290848	55.6875945253	7.70460076285
236	69.594385759	66.1174172248	7.34901161722
237	53.2372657952	74.9788083167	7.83600389349
238	34.5005377608	84.0299325575	5.99293471424
239	39.4996344359	33.8748070152	6.607064977
240	72.6864375776	37.5462100695	7.09566884309
241	83.5392058309	41.5546757512	6.47625993739
242	84.3224754052	45.2195574325	6.96264764832
243	55.7156399338	48.4375814533	8.6522506621
244	60.4739118182	48.5815969301	8.23748147576
245	73.6027517012	65.1853474423	6.97427089345
246	76.8979688917	25.4044450035	6.32031943401
247	56.2262633761	36.2432323052	7.88618286879
248	33.8808511914	44.2051397649	6.7603035433
249	48.276500499	51.5890431571	8.32188056555
250	21.8689598278	57.1213028417	6.38231907101
251	84.1787259012	66.5415489239	7.41309802163
252	45.200123067	71.7087172477	8.57643235939
253	79.4195530759	73.9629033303	7.44211749803
254	60.1940437915	74.692852077	7.89203780751
255	55.588248999	30.1334971504	8.32315102128
256	67.1184601791	36.7759324286	7.99374827065
257	31.1208822156	38.8284290236	6.57643474368
258	60.0708765958	44.5227375435	8.31439784392
259	83.0326589614	61.0273017495	8.21493482877
260	24.3845018896	68.2495167822	7.05675353598
261	59.8879418662	38.9398235731	8.62021744922
262	51.5958390308	43.603593093	9.06792083931
263	41.4345170683	44.9259950172	8.78445485195
264	83.9696278645	49.8175413705	7.88981787378
265	40.0655009296	72.7625331238	8.27558678923
266	50.2272549027	84.3620892973	8.38167721453
267	43.1364764235	26.5772864773	7.65349289312
268	48.2230197387	29.9846672207	6.54018838994
269	31.9534454408	48.9458645051	8.10006377465
270	68.9575804655	59.9434838171	8.1780970341
271	27.2958955119	61.3297584496	7.50448035565
272	34.6499729516	61.6347706096	7.57471793246
273	37.1911038431	78.1079530415	8.28144628349
274	70.4118094991	80.2436973592	8.00027839468
275	56.2346208785	85.3584489553	9.25420224716
276	48.3165474924	38.2016228342	7.86822110075
277	40.8466521732	81.3023493033	9.34900742379
278	66.5175086326	83.1658856221	8.28990772716
279	65.7300414474	19.7603819131	7.87177836605
280	43.4940266929	40.4792350557	8.41469696514
281	55.455756994	42.8793993853	8.27901825671
282	54.3483738977	53.3125030763	10.0127780196
283	61.1050106739	61.4887248866	11.0774090691
284	89.6494503228	61.3265758552	7.19421757325
285	53.2572369127	65.3082600238	10.7872724236
286	64.7972981967	65.0135093825	8.42050637281
287	83.0687789602	78.3863030674	7.50345573728
288	77.2517735257	84.8057405048	6.46105315995
289	61.2706686818	18.7998032353	8.17313079279
290	84.390166117	32.2129013974	7.4567058229
291	36.3687862136	50.2113377212	9.61435194596
292	90.0452748053	51.0696234491	7.59128699803
293	81.4142943797	69.3137870588	8.06346527679
294	86.9414857366	72.0646584863	7.54807389264
295	34.2631675329	74.9090756773	9.84737343104
296	58.0602387699	91.6218663797	8.29887476962
297	79.794478574	39.4974221388	9.10879332704
298	41.976837943	51.8437437882	9.94384821695
299	50.4043288599	57.0524574029	11.2081389837
300	74.0038202476	29.4924378129	8.59407463781
301	43.1487359066	48.0005951227	8.84426112103
302	37.1051778294	57.9163462149	8.90455669039
303	55.9942437983	71.7626400359	10.6155687637
304	27.5171258648	74.5133576735	8.19095917169
305	50.610121593	91.0375493946	7.72206157184
306	51.688260157	24.2832470212	8.63856412062
307	42.2175133577	37.1199315123	8.96783474431
308	81.4063642955	55.0679688511	9.48452500281
309	88.3366848097	67.2878296224	8.6018162226
310	61.1505198912	69.7003944856	8.21243535375
311	65.0310863346	26.4017142568	9.35943509654
312	49.2026885486	53.9898548592	10.9576194741
313	59.8187884421	57.1847320995	11.0527239327
314	40.3002103742	57.7742664764	9.64386586882
315	46.8576556744	61.0216113507	10.6405747403
316	44.257329889	89.2433250754	8.24418851335
317	44.8027813654	21.2096420107	9.9561081923
318	59.345285646	23.5847081124	9.19984652767
319	87.1250552462	39.5714331816	9.06441183752
320	36.6957444838	40.4485311109	9.66636343638
321	70.3785326161	76.568688162	10.5601671406
322	62.3444083582	82.9806303719	10.0552896941
323	71.9658899915	22.5886539183	9.10680204466
324	24.8587202763	40.7144756682	8.10482099059
325	80.9423998084	49.2651627262	10.050354155
326	27.6654145654	50.7714103713	10.2454742774
327	55.771398206	61.315463998	11.3439678621
328	37.6255866373	60.7948350178	10.2881772455
329	22.9474630227	62.7934750954	9.1517382879
330	78.1078798077	68.9914976939	10.785137033
331	31.2929986522	69.3498484868	10.0325809617
332	57.6537510033	82.349480316	10.8699706476
333	77.5789725645	34.5701589123	9.76704473106
334	28.93616692	44.3794471911	10.1227334613
335	76.2174630512	49.0887477094	11.9068017922
336	27.7175540452	55.7096061935	10.5466368252
337	74.2970700949	60.9247699391	11.3743319727
338	43.4498134473	64.7024305863	10.908771062
339	80.7849613279	64.3316938878	10.4423785379
340	74.9584756672	75.8037625128	9.22798151082
341	38.825202958	24.5254206997	9.72932758762
342	69.9056601738	41.576444612	12.2484063932
343	88.6679439875	46.0951193316	9.74844975979
344	23.1722511527	47.3941434007	9.35968271146
345	88.5771697417	55.8055660399	10.2079690692
346	65.0491637393	78.5903436916	11.028680126
347	34.1429660498	35.8351142802	10.5510554392
348	76.4666607167	42.7254927757	11.4816696139
349	35.3569880439	26.9201307291	9.6769565996
350	69.4303529819	27.7219509613	11.5233389195
351	63.6712276606	46.3219634811	13.5150292015
352	76.5109226228	64.5714916974	11.6254375987
353	47.9379321443	81.353163684	11.7363358844
354	80.2817547686	44.0908364544	11.3683498045
355	77.2038982587	46.3873442921	11.9340253431
356	35.6732763721	70.6886745423	12.4391986292
357	51.8963336473	19.7545939688	11.4540145067
358	29.8175015584	59.9198434862	11.5450057182
359	71.4142771987	72.4669601716	12.5444533727
360	68.7252264674	87.618262684	11.0585861962
361	75.6400736792	36.5716405426	12.482206279
362	77.6613508104	54.1578058904	12.0031925565
363	78.42440103	59.015725422	11.2760408973
364	38.1374036994	30.9980981262	11.1612924786
365	72.4336244905	33.6602249588	12.2925542968
366	83.6822347853	34.9279195941	11.3140016402
367	75.0739340088	40.2564347099	12.7806397232
368	22.7321095223	55.7738088012	10.3624071926
369	66.6198897022	69.0014859422	13.9659227295
370	25.7346677804	69.4665338968	10.733900181
371	31.8700433719	79.5673236387	11.4166171495
372	43.8583302651	80.8741497971	12.3353671249
373	74.0151694707	83.9775788148	11.2909768825
374	62.841828921	89.881180542	10.9150356675
375	79.6002463353	29.3437745374	11.6187540334
376	73.3552194283	56.8091926799	12.9623922335
377	73.5886372014	69.3383927318	12.2895218642
378	67.1430922729	72.4257789808	11.9846984804
379	36.6447623989	83.9124852017	11.0704607741
380	41.9293536645	86.7067422852	11.9531695568
381	26.6832622119	38.2759105397	12.1798969487
382	30.1141462314	64.2323831243	11.4994953463
383	64.5757711143	75.6060457502	12.7320011458
384	78.7144067741	79.9518984411	11.4259533088
385	49.7638136177	88.8313168206	11.9257671204
386	43.3867475127	29.2473656324	12.8497727265
387	60.7400191408	32.982838541	12.9502105902
388	67.9323627801	45.7825272114	12.9607795781
389	64.9032814468	49.6156580608	14.0054455753
390	70.6151172911	64.3880858403	13.7649019378
391	47.3969963878	41.9629972162	14.0354551609
392	73.3402969156	45.1574035597	13.7202248193
393	71.081734387	48.7969488236	13.4003977098
394	86.9353116762	52.3761149841	12.6169833641
395	34.2107590447	64.6871410799	13.5067784269
396	39.3367786486	76.1787978709	13.21404427
397	46.9393838029	77.6676727899	13.867804851
398	52.1810426496	79.6514328253	12.5820968604
399	48.2959857935	27.0640672727	12.7316294797
400	32.0776258588	30.9191415162	11.8236244008
401	52.0335746301	34.524369319	13.3722071869
402	69.8466639416	37.9411867833	13.7652076304
403	31.7474019705	39.1443410735	12.8936273521
404	64.8964192531	39.7672116324	14.0168718462
405	70.7279524946	58.8697440852	14.4286596016
406	85.1258271035	68.8196495498	12.6015400758
407	82.9300605003	74.1243036675	12.1341212489
408	55.2365313943	78.5379500024	13.1636439422
409	60.0370709584	78.7942934237	13.2133669968
410	56.445127336	89.737376801	12.3616772068
411	66.9256086222	32.1487241115	14.3033806486
412	47.647692261	37.3964813852	15.3256417087
413	44.957797531	56.1086827357	14.964213281
414	33.194096398	59.9389678872	13.5311439008
415	87.0306224587	61.391469645	12.1710285545
416	56.4194564989	20.3650525082	13.1411473604
417	61.3564200717	27.7203106697	13.1586311559
418	36.8444072611	37.3744411669	14.1554035967
419	61.0662761746	73.0570901572	14.9658428447
420	83.7262244537	39.2515940627	13.519952944
421	73.1604676556	52.2166552866	12.9554875123
422	34.993947995	67.2043402961	14.4500635628
423	30.0849157255	45.1770859402	13.7987381922
424	34.1532996701	46.7543641241	15.0318237854
425	54.8185812779	47.2829491326	15.4632184572
426	47.2137339683	50.1310049457	15.0919221211
427	43.5632702092	50.4893720574	15.2508043378
428	62.4230570833	53.8238861404	15.7053865951
429	40.6912943543	55.7845076359	14.8558405743
430	43.0633098405	75.0452505946	14.7979491644
431	53.1233026698	29.5779964436	15.0708623548
432	63.6295282107	35.9405273645	14.9991261914
433	59.9851460592	42.2820792356	15.1416648927
434	85.5905213196	43.0230625781	13.2968859803
435	84.7665603166	46.9610824392	14.332387228
436	59.3682084527	48.0362338845	15.5192744668
437	23.4779887485	51.9852567144	13.7309496514
438	68.7335776318	53.0617418568	14.9763348386
439	31.0171979707	55.0305312195	14.8349721957
440	37.8074493964	63.6127585696	15.3788386945
441	25.2561248413	64.2853623044	13.4939116999
442	39.6117095643	69.5674946504	14.932515041
443	29.871417689	74.335979192	14.0440448097
444	55.8711798211	26.6405854088	14.2855694394
445	42.4277148048	32.4145707732	14.5126977527
446	65.2918987041	42.5191698296	14.8909379928
447	35.6745112353	55.9310055515	14.911423306
448	65.8097991755	63.3119365411	15.1210220056
449	53.5078125332	74.6535056962	15.3870964624
450	61.5421619239	87.3817273213	14.2919296192
451	67.123814952	23.0606598902	14.4267066761
452	30.1839393496	34.288117679	14.6102619823
453	51.230828765	39.4549784281	15.1327011055
454	55.0388223586	39.4615695574	15.4214650789
455	49.1762815824	44.8695538346	16.0517630585
456	59.2095930798	66.1882883814	17.0350624284
457	57.7254807885	74.9739019277	14.9185953255
458	73.3107972331	25.5841069845	14.1287250427
459	59.9486078404	37.1071016467	15.7445294163
460	55.761926722	43.7177941422	16.288719115
461	37.7530394638	45.291865064	14.9971279317
462	84.4237253128	56.7138529407	14.5555289563
463	64.8583968087	57.848621492	16.1366251536
464	24.5139888071	58.6072277173	14.2371553189
465	60.6822798858	68.8463127322	16.0596547729
466	55.5891669308	34.253767478	15.0879168598
467	34.3284667594	42.2603302783	15.3444942139
468	50.8827056542	49.1359698578	16.2949503003
469	32.3212857388	50.7159857445	14.9296629292
470	43.9286169027	60.711806798	16.5878086396
471	48.0600952421	75.1030147598	15.48896547
472	62.3107281763	21.8146650288	14.7549580522
473	47.9263611431	22.2740955186	15.1416434983
474	47.876850019	31.8910466388	15.9899828781
475	39.8567936839	59.1329892993	16.1686425265
476	84.6227890828	63.0266067543	14.5709756998
477	55.5597685592	69.2506429368	16.7615654395
478	46.0316540465	70.6517918357	16.125492134
479	80.3662006656	73.2557983659	14.5074544887
480	40.0948055885	35.954303753	16.4439232621
481	80.1528798486	36.7135630865	15.6470227352
482	55.5357849127	51.6270541217	16.388541116
483	37.7904271152	53.6436599346	16.0183341137
484	43.305622236	69.0509038636	15.6076601222
485	50.458631683	72.020468466	16.1018291196
486	58.4920493263	31.6287264641	15.7574634106
487	43.4620815953	41.2512439535	16.6154860655
488	25.8674541838	43.7930150699	15.5923420505
489	42.8624109418	47.0997517364	16.7360920794
490	38.9670318463	49.4117213104	15.9873654194
491	42.4095903505	52.6275137079	16.8540595384
492	35.5527835779	60.1647032374	15.8229028934
493	45.1256427262	64.9013517616	17.2107492373
494	28.6524301822	68.9061331667	15.7813316915
495	70.4200191211	81.6730790676	15.1501187581
496	65.944393576	83.658076082	15.7685671586
497	47.144592148	86.0893539281	15.3613189286
498	44.8617299814	35.4566446198	16.2097559108
499	57.0303323836	54.5943612948	16.9462665129
500	40.7018957678	64.3315313891	16.7632938729
501	74.6884800552	77.024876135	15.8221913918
502	34.9014411136	79.1687092775	15.6199987018
503	77.5427385331	32.228977169	16.0260322679
504	39.9304589626	41.6459468089	15.7605564858
505	25.4606507694	48.843148728	16.4071318973
506	57.5329323447	58.6101205362	17.7336044866
507	48.902131708	60.9205693753	17.9935418635
508	48.645142851	66.827860454	17.4892815872
509	53.4302413568	85.7850649984	16.1801747222
510	82.4120612156	51.7397892986	16.007548303
511	59.7330336429	62.1954417215	17.5443437938
512	53.7662588637	63.1700798205	18.2393403445
513	80.8963261279	65.7529691144	16.5264264471
514	39.1508850598	81.8999475091	16.2123487601
515	38.7846176565	27.4265261149	16.5842328032
516	50.6418382151	56.076060782	17.7960057042
517	81.6172918877	58.5011636908	16.5188959778
518	52.3444645219	67.717271405	17.8093989599
519	25.8103403207	53.1743638383	16.9819657271
520	68.7323415516	77.635827597	17.4483057901
521	44.5996266698	24.6928484713	16.5332152336
522	79.6176432373	48.6273762196	17.261511672
523	28.6491461106	40.3516014725	17.6548783562
524	80.2766329663	43.466838709	17.2730410339
525	77.7229795044	53.8818730862	17.9375540578
526	75.6968301131	72.2475389329	17.7585282952
527	59.7437456633	83.320818423	17.8428692085
528	29.4699945678	65.2333878527	18.2236984861
529	32.809442138	73.6406486946	17.581412349
530	35.0574554784	32.320111409	18.0385410623
531	77.5325630325	40.8090879927	18.1585515393
532	28.0491139485	62.2025070335	17.7282960646
533	58.8614566653	24.2290146978	18.1232605656
534	52.2037422431	24.882318672	18.8287364415
535	71.2047775564	28.7318761478	17.8919128532
536	77.1890575825	59.5820119731	18.3468801481
537	63.7307474626	79.1411569916	18.8711841202
538	76.9530408323	66.542761425	18.2775203016
539	48.5925843878	81.3607491795	19.2414898654
540	42.7054576741	81.4658213967	18.2992260743
541	27.9900196101	57.4328840479	18.6476736564
542	64.8499659601	74.7164052355	19.8704195875
543	53.9668351213	82.7980970655	18.5561200806
544	75.0885256501	37.1401825639	18.6846573436
545	73.7227244966	48.1889415919	19.193086354
546	37.2141735653	74.9520981508	19.6124403131
547	64.5495308075	27.4784696025	19.2309138109
548	72.0664593063	35.4631451852	19.5202544403
549	71.8504386974	42.9700257383	19.629659374
550	29.5366940835	47.2905377459	20.0066827537
551	75.1917220494	62.0458093918	19.1777235594
552	33.4212605186	68.5725694937	19.8827313623
553	71.606471207	51.7901900097	19.9840042679
554	72.3376487355	68.7499451516	19.4488147877
555	69.3414354314	73.2703146505	19.2984302008
556	68.2309064667	41.4909860001	20.2904348578
557	74.9771047908	55.1320920281	19.1913505135
558	71.7365259246	57.2897124683	20.0807650525
559	71.5890618573	64.7866763852	20.5277381326
560	67.2615951247	69.2885344745	20.6924646718
561	61.8095624449	30.758543028	20.4763148499
562	32.2497712571	38.188822922	19.6805251012
563	75.8508927863	46.0119939947	19.4032973503
564	68.5084173219	48.1845853894	20.3469299875
565	57.9696492162	77.7422092509	20.382377418
566	58.0719327566	27.307015025	19.9232906601
567	66.8877308781	32.9030304498	20.6130105768
568	29.7432410681	51.6669960557	20.4234070325
569	32.4295485326	56.6402389217	20.9278580661
570	32.4657139358	62.2953601043	20.5805844161
571	49.4977840822	29.043094165	20.7909523361
572	43.3451739145	29.2867562821	20.3636104329
573	39.2486363965	33.1013079904	20.8827586738
574	67.2566126073	36.9157514146	20.713668197
575	68.9021321195	61.1713219651	21.0107081765
576	54.3132101716	79.3491855796	20.4418563729
577	36.0644526636	38.932704425	21.3096951458
578	65.1920999624	51.1743844518	21.0884732708
579	55.6531803702	30.9650452344	21.219969716
580	63.6664935106	40.9803372309	20.9497152898
581	50.1206346047	34.3797509354	21.8349437032
582	32.2951046714	43.0086727727	21.1706030032
583	65.545475447	46.2111706072	20.6353370843
584	67.7073751484	55.1943862442	21.1897929276
585	40.8184851553	73.3827877114	21.5243026334
586	47.3637823954	77.8335753353	21.0767394341
587	58.1300770179	33.4330859081	21.5598948426
588	53.2766757461	37.4378077614	22.002374695
589	58.9347201511	38.7046395556	21.6346230539
590	60.3366880851	44.5026062677	21.4074610415
591	34.9925198978	44.9076160376	21.7331060161
592	35.6739120453	48.9690691316	21.8225700486
593	66.2392673476	58.165403419	22.182145512
594	36.4509816407	66.6618617885	21.4714612432
595	65.5350795052	66.1951456051	21.82187169
596	62.5828204781	70.1904812003	22.1169651289
597	59.5573993418	74.2699795856	21.8987046634
598	44.6899710397	32.5275694792	21.790270734
599	61.8291893034	36.3421453988	21.7081924351
600	41.1595821376	36.3949941623	22.1199925315
601	54.4127515789	47.1591069765	22.1413550441
602	60.8413685648	48.1761666578	22.2909952076
603	35.4163273035	52.3863015809	21.7076735795
604	58.7622729562	52.7244426624	22.7374053065
605	46.8891733291	73.5075496558	22.3275005009
606	53.2213336895	74.5617515636	22.2980263005
607	40.4082327718	41.981671081	22.5641594425
608	52.7350433215	42.4838981694	22.0567095815
609	45.931688378	43.9340141419	22.6068929322
610	49.4689219649	43.584524635	22.4701189604
611	45.244695556	49.7711502518	22.5442056793
612	37.3840081331	60.3631004842	22.4238718088
613	63.4667941324	61.77148448	22.54808365
614	57.4138943875	71.2062590363	22.8548579646
615	45.1311347752	38.3407084374	22.6182837544
616	56.0385259909	41.9033749164	22.1657220889
617	40.4349798331	46.0782534281	22.6835862819
618	53.7385302551	50.7579249682	22.7615732801
619	40.3760352264	52.5626898999	22.4338302185
620	37.3435138959	56.4016508678	22.2557820172
621	48.8621634113	48.6410900314	22.8024836751
622	42.4374463898	57.1203351673	22.9558549072
623	40.4140366214	63.3300982429	22.8955043309
624	41.2737850904	66.8371695647	23.0934844661
625	44.4790331457	69.7850818149	23.3865031458
626	51.7092058463	69.9604471455	23.5274657445
627	40.5092792189	49.7258783722	22.5781176025
628	49.5149188175	53.010123094	22.9678193865
629	60.7475229012	64.6707146017	23.3973888639
630	48.3676590856	39.0380459382	22.8980430354
631	62.2967150811	56.2520481828	22.7866987289
632	45.8904349133	62.6978463385	23.8504037419
633	54.236754958	55.9029145937	23.7819068419
634	49.4900624302	66.3382346044	24.0595798295
635	50.0023167369	59.3027841055	24.3791241086
636	56.0884249072	67.0009175455	23.9202523445
637	45.7923085331	56.6105893593	23.8888109266
638	57.2122961157	59.9153947221	23.8415611037
639	54.2855991732	63.8062456205	25.0163100468
