1	305240.724237
2	160.125551859
3	271.233580079
4	38.5419052023
5	49.8545883326
6	123.270085818
7	278.607135243
8	145.341512208
9	40.252963913
10	59.9855330728
11	25.2350385387
12	19.3878954627
13	33.7164734427
14	53.0920591305
15	72.6399816669
16	43.8104888582
17	50.6054846013
18	82.0077203634
19	189.041213092
20	100.97708348
21	46.9125521323
22	185.385209948
23	23.166996356
24	145.316892658
25	76.5052509845
26	73.6740027582
27	138.805021738
28	69.1193860463
29	118.789327756
30	13.2699373389
31	219.951057859
32	108.966127388
33	63.9985196892
34	82.0692692379
35	99.1552367949
36	31.7592192341
37	98.7120848986
38	41.7916857751
39	102.121892545
40	94.3790441349
41	35.24288553
42	76.8991637812
43	129.228016868
44	101.814148173
45	9.81089059286
46	69.402510869
47	90.5014650423
48	61.9797166061
49	176.21442765
50	43.7612497586
51	46.5555686602
52	11.7681448015
53	52.1688260133
54	199.910744326
55	37.150900639
56	220.111084932
57	21.3205301215
58	60.8349075407
59	159.805497712
60	104.743874598
61	66.1896596209
62	2.53581362877
63	146.560179923
64	273.104665864
65	48.7097792672
66	43.601222685
67	387.01932276
68	3.16361214851
69	97.3826292097
70	198.568978863
71	86.2176633782
72	547.292591918
73	10.2417327143
74	159.583921764
75	202.557345929
76	170.576550747
77	23.893273075
78	127.713914556
79	161.787371471
80	756.447977192
81	530.182004811
82	180.104316517
83	67.5437348595
84	113.323787701
85	166.08348291
86	30.2451169218
87	42.641060243
88	238.415720204
89	24.607240019
90	179.907360119
91	244.570607652
92	91.3139101855
93	70.5227003846
94	210.27557479
95	114.468596767
96	77.994733747
97	53.4244230527
98	71.0643304801
99	82.5124211342
100	148.11121156
101	7.63206043611
102	45.5461671187
103	6.49956114559
104	202.40962863
105	21.7021331433
106	239.905202967
107	11.0049387579
108	108.69531234
109	92.089426004
110	56.7111329502
111	103.734473057
112	207.518185213
113	52.9566516067
114	32.5101155028
115	98.7243946735
116	95.0191524295
117	124.353346009
118	168.779323612
119	71.7167485496
120	120.795821064
121	86.8454618979
122	184.806650528
123	23.9425121746
124	223.39779483
125	112.018951562
126	45.8292919413
127	165.332586641
128	96.4347765427
129	192.401781639
130	10.6110259612
131	191.256972574
132	394.626763646
133	221.723665444
134	234.673548635
135	35.0213095818
136	181.175266933
137	169.271714608
138	175.426602056
139	128.858723621
140	176.423693823
141	191.577026721
142	231.202192114
143	219.594074387
144	234.218086964
145	201.30174889
146	97.1979825863
147	97.9734984048
148	167.917639369
149	306.439536285
150	210.989541734
151	213.254540315
152	184.215781333
153	192.697216237
154	216.861304359
155	221.662116569
156	120.303430068
157	243.511967011
158	225.601244536
159	247.131040831
160	195.786969736
161	175.808205078
162	181.273745132
163	219.667933036
164	119.380196951
165	359.322329242
166	240.225257114
167	98.8351826476
168	141.291596267
169	174.060217043
170	123.097748969
171	128.083207803
172	187.096268659
173	251.648728218
174	234.008820791
175	146.92947317
176	110.234034202
177	145.563088156
178	158.611449547
179	97.2102923612
180	155.103163702
181	170.551931197
182	195.122241891
183	168.483889014
184	132.108504194
185	140.762275947
186	155.066234377
187	187.760996503
188	206.287207723
189	148.702080755
190	121.928320354
191	150.683954513
192	227.226134823
193	172.299919233
194	94.2190170612
195	172.029104185
196	119.121691678
197	158.86995482
198	222.917713609
199	243.142673764
200	163.239924908
201	283.6787625
202	326.787594189
203	103.328250485
204	209.992449967
205	136.21996901
206	72.5661230175
207	94.120538862
208	176.719128421
209	107.895176972
210	167.609894997
211	187.083958884
212	108.09213337
213	176.953014144
214	171.401305665
215	233.184065873
216	207.702831836
217	74.5972358755
218	137.918717945
219	204.206855765
220	173.309320774
221	153.921425311
222	133.78263358
223	184.634313679
224	219.926438309
225	176.903775044
226	277.486945727
227	143.298089575
228	183.009423393
229	103.992978329
230	170.83505602
231	198.716696161
232	192.771074886
233	137.635593123
234	119.946446596
235	249.888430408
236	137.414017175
237	154.376886983
238	187.059339334
239	187.354773931
240	102.971267013
241	127.17228446
242	105.15009717
243	151.828763579
244	57.9174908901
245	101.715669973
246	220.997388725
247	251.722586868
248	200.883216543
249	132.945568887
250	179.538066872
251	93.6281478662
252	184.018824934
253	147.53265214
254	135.210567468
255	279.591917234
256	205.720958078
257	264.832497133
258	151.004008661
259	174.146385467
260	83.1648392038
261	218.04304275
262	166.58818368
263	198.568978863
264	123.282395593
265	124.931905429
266	218.880107443
267	214.202392982
268	276.280587787
269	139.925211254
270	196.340909606
271	141.365454917
272	92.5202681254
273	167.363699499
274	185.372900173
275	184.129612908
276	149.2683304
277	125.572013724
278	170.305735699
279	169.308643933
280	131.000624453
281	198.741315711
282	204.157616666
283	177.026872793
284	242.613353444
285	212.245138773
286	129.05568002
287	266.949778415
288	112.535962108
289	133.794943355
290	53.4490426025
291	202.889709851
292	105.876373889
293	110.640256774
294	172.484565856
295	205.056230233
296	152.86278467
297	176.534481797
298	125.030383628
299	107.156590478
300	195.429986264
301	128.280164201
302	54.8523569408
303	146.794065646
304	196.697893078
305	189.201240166
306	316.595100575
307	233.52873957
308	167.929949144
309	109.483137933
310	220.603475928
311	191.330831223
312	88.6673085827
313	183.538743713
314	56.144883305
315	163.104517385
316	90.0829326958
317	266.395838545
318	221.403611296
319	108.522975491
320	111.255745519
321	141.279286492
322	161.381148899
323	156.137184793
324	206.508783671
325	122.826933922
326	185.151324225
327	136.293827659
328	63.3584113946
329	160.777969929
330	164.470902398
331	158.488351798
332	136.958555503
333	125.608943048
334	117.64451869
335	134.102687727
336	155.718652446
337	149.89612892
338	97.9242593052
339	124.082530961
340	158.648378872
341	206.348756597
342	144.947599412
343	177.051492343
344	276.699120134
345	134.98899152
346	133.573367407
347	121.202043635
348	71.6551996751
349	116.967481071
350	192.869553085
351	101.272518077
352	146.683277672
353	156.764983313
354	137.069343477
355	65.7095783999
356	195.836208835
357	171.204349267
358	122.679216623
359	107.612052149
360	258.751468334
361	81.4414707182
362	138.792711963
363	176.2390472
364	221.58825792
365	191.1461846
366	157.63897733
367	129.129538669
368	95.0560817542
369	229.638850703
370	109.409279284
371	150.52392744
372	142.017872986
373	253.28592828
374	110.726425198
375	212.688290669
376	116.179655477
377	192.377162089
378	139.11276611
379	167.203672425
380	177.753149512
381	125.719731022
382	145.206104684
383	102.18344142
384	229.109530382
385	202.50810683
386	159.620851089
387	155.016995277
388	201.523324838
389	122.617667748
390	190.641483829
391	145.833903204
392	124.574921957
393	105.187026494
394	157.331232958
395	114.960987763
396	134.053448628
397	80.2474225532
398	175.808205078
399	169.037828885
400	166.674352105
401	213.451496713
402	186.911622035
403	120.118783444
404	105.113167845
405	98.8598021974
406	161.787371471
407	85.3067400358
408	87.1778258202
409	187.613279204
410	124.919595654
411	248.522045394
412	171.733669587
413	252.042641015
414	127.467719058
415	154.216859909
416	233.52873957
417	235.682950177
418	214.362420055
419	173.986358393
420	126.285980668
421	114.567074966
422	61.6719722337
423	124.414894883
424	131.160651527
425	97.3087705603
426	157.922102153
427	50.5685552766
428	228.395563438
429	72.4922643681
430	179.845811244
431	172.964647077
432	128.501740149
433	216.553559987
434	101.457164701
435	175.697417104
436	220.677334578
437	83.731088849
438	177.99934501
439	111.994332012
440	118.629300682
441	133.068666636
442	219.520215737
443	151.767214704
444	124.624161057
445	124.83342723
446	61.6473526839
447	125.633562598
448	273.904801232
449	168.705464963
450	173.087744826
451	201.104792491
452	144.233632468
453	133.930350879
454	147.48341304
455	202.877400077
456	146.781755871
457	100.226187211
458	179.870430794
459	132.760922264
460	108.202921344
461	140.94692257
462	99.0567585957
463	159.670090188
464	194.64216067
465	86.8947009975
466	118.260007435
467	125.572013724
468	147.089500244
469	216.959782559
470	127.935490504
471	103.217462511
472	170.847365795
473	94.36673436
474	169.591768755
475	150.031536444
476	86.8454618979
477	167.942258919
478	82.9186437058
479	158.796096171
480	134.311953901
481	116.647426923
482	147.840396512
483	90.4029868432
484	141.254666942
485	149.514525898
486	71.1628086792
487	207.961337109
488	148.406646158
489	157.848243504
490	140.122167652
491	110.443300375
492	68.7500927994
493	154.192240359
494	221.514399271
495	151.188655284
496	154.438435857
497	167.597585222
498	107.907486747
499	115.490308083
500	89.6274710247
501	218.449265321
502	150.560856765
503	183.40333619
504	139.506678907
505	115.85960133
506	153.256697467
507	133.770323805
508	173.186223025
509	223.804017401
510	161.319600024
511	140.885373696
512	233.491810245
513	241.283897755
514	154.11838171
515	230.402056746
516	266.654343818
517	137.217060776
518	57.5481976432
519	93.5665989917
520	184.228091108
521	195.84851861
522	152.567350073
523	201.683351912
524	139.445130033
525	168.914731136
526	214.559376454
527	224.013283575
528	96.0901028455
529	149.588384548
530	196.439387805
531	180.36282179
532	87.4732604177
533	105.667107715
534	198.667457062
535	212.269758323
536	146.006240053
537	188.351865698
538	121.423619583
539	184.868199402
540	220.000296958
541	177.359236715
542	120.66041354
543	112.91756513
544	108.301399543
545	140.479151124
546	209.500058971
547	145.833903204
548	182.603200821
549	165.763428762
550	159.47313379
551	120.266500743
552	122.790004597
553	165.800358087
554	174.503368939
555	128.157066452
556	158.599139772
557	60.5394729432
558	149.563764998
559	166.895928053
560	131.911547796
561	146.941782945
562	126.052094945
563	67.7037619332
564	84.9743761136
565	163.941582078
566	108.916888288
567	180.030457868
568	142.534883532
569	189.558223638
570	160.851828578
571	220.160324032
572	88.9381236304
573	119.183240552
574	136.281517884
575	188.056431101
576	140.3929827
577	161.098024076
578	179.464208223
579	133.216383935
580	139.851352604
581	161.25805115
582	69.3286522196
583	118.038431487
584	92.926490697
585	217.809157027
586	201.523324838
587	85.639103958
588	198.802864586
589	160.088622535
590	146.769446096
591	135.641409589
592	114.259330593
593	86.2915220276
594	177.97472546
595	112.979114004
596	228.641758936
597	108.855339414
598	107.476644625
599	100.287736085
600	119.306338301
601	190.124473283
602	95.4499945509
603	115.490308083
604	228.70330781
605	210.82951466
606	160.359437582
607	147.581891239
608	107.525883725
609	114.764031364
610	128.575598799
611	185.643715221
612	158.352944274
613	151.607187631
614	143.519665523
615	165.997314485
616	97.2841510106
617	139.851352604
618	101.5064038
619	97.8134713311
620	121.81753238
621	89.0981507041
622	231.706892885
623	115.527237408
624	140.159096977
625	166.465085931
626	179.094914976
627	69.0209078472
628	161.245741375
629	136.983175053
630	49.4237462112
631	167.609894997
632	204.551529463
633	150.671644739
634	160.753350379
635	230.808279318
636	130.889836479
637	74.6341652002
638	231.817680859
639	102.73738129
