1	512	513	2	3	4	517	518	7	520	521	522	523	524	514	526	527	528	529	530	515	532	533	534	535	536	516	26	539	540	541	542	543	544	545	546	35	36	549	550	551	552	553	554	519	44	557	558	559	560	49	562	563	564	565	566	567	568	569	570	571	556	573	574	575	576	577	578	579	68	581	582	583	584	585	586	587	588	589	590	525	80	593	594	595	596	597	598	87	600	601	602	603	604	605	606	607	608	609	101	104	113	531	118	125	129	131	132	140	142	143	145	537	154	156	538	160	162	163	166	167	168	170	171	173	177	179	180	183	186	190	196	199	204	205	209	547	548	220	221	222	228	230	231	244	245	249	250	251	254	255	555	265	266	269	274	281	287	291	293	561	298	301	304	306	307	311	315	316	317	318	319	320	322	323	328	329	333	339	341	591	350	352	355	357	572	362	599	372	592	380	382	387	388	389	399	403	404	580	411	412	414	417	420	422	423	428	435	436	444	445	446	448	449	451	453	456	458	460	462	466	467	468	470	471	475	476	477	478	479	480	481	482	484	485	487	488	489	490	491	492	493	494	495	496	497	498	499	500	501	502	503	504	505	506	507	508	509	510	511
2	1	220	5	231
3	1	8	265	168	220	157
4	1	167	137	11	12	212	7	249	255
5	288	2	6	231	10	162	144	282	220	157
6	288	162	197	231	167	322	144	311	312	5
7	1	163	4	12	274	255
8	3	198	168	265	234	299	13	17	157
9	144	137	197	213
10	288	385	164	5	198	395	270	144	18	151	282	157
11	137	213	4	212	15
12	160	163	4	7	15	208	274	275	212	255
13	132	145	8	234	206	17	20	168
14	16	144	19	191	151
15	32	160	11	12	207	208	243	212	213	22	24
16	192	187	14	207	144	338	213	25	27	191
17	353	227	164	294	198	8	234	13	200	20	21	342	23
18	227	164	232	201	10	19	21	151	223	29	31
19	192	201	14	18	151	223	29	191
20	256	353	132	229	200	234	13	206	17	23	28	30
21	34	227	164	17	18	23	31
22	32	135	15	207	243	214	187
23	34	227	37	200	17	20	21	28
24	32	160	139	173	15	208
25	16	27	187	135
26	1	132	138	145	307	228	36
27	192	416	135	39	174	16	338	181	25	187	29
28	256	257	343	132	37	295	200	330	43	146	20	23	30	229
29	192	41	215	18	19	181	201	27	31
30	132	229	138	43	146	20	28
31	289	34	227	232	201	354	367	18	21	182	215	29
32	214	38	135	139	15	208	243	22	24	175
33	42	180	173
34	165	227	37	289	200	48	344	21	182	23	152	283	31
35	1	42	180	183
36	1	228	138	44	50	244	153	26
37	289	34	325	295	200	330	43	146	23	152	28	247
38	32	135	202	45	175	340	214	47
39	59	135	41	203	45	174	176	181	27
40	240	51	52	139
41	176	39	215	48	181	54	55	59	29
42	33	290	35	193	173	240	180	277	183	52	58	251
43	259	37	46	241	146	147	30	247	152	28	62	53
44	1	68	177	50	244	36
45	66	203	38	135	202	39	175	174	47	433	340	439	408	331	59
46	153	146	43	147
47	66	235	38	202	203	45	175	51	59	60	63
48	34	165	326	41	215	54	55	57	283	345	182
49	1	58	251	140	183
50	36	44	177	147	244	153	61
51	64	193	235	40	233	202	139	47	240	271	52	175	60
52	64	193	133	40	233	42	240	51	277	58
53	67	165	241	43	76	302	303	152	242	259	278	247	56	57	188	62
54	65	326	41	55	48	215	57	345
55	65	386	459	260	182	326	72	41	176	398	48	368	54	215	392	345	59	349
56	67	165	76	53	152	57
57	65	165	76	302	303	48	376	53	54	56	345	283
58	133	236	42	140	49	148	277	183	52	251	266
59	66	331	39	72	41	203	45	47	176	392	181	55	440	361
60	64	133	69	70	233	235	421	47	51	308	346	379	63
61	318	68	73	242	177	50	147	245	62
62	67	73	74	43	241	242	147	53	188	61
63	66	69	71	235	47	308	60
64	69	70	169	51	52	233	60	133
65	386	260	72	76	368	54	55	376	57	381	345
66	392	393	45	47	433	308	567	440	59	63	577	331	71	72	202	203	77	464	472	351	224	443	486	235	252
67	74	75	76	242	53	56	188	62
68	1	73	44	177	245	154	61
69	64	262	379	133	70	71	169	426	235	332	83	308	346	351	60	63
70	64	69	262	169	83	89	60	133
71	224	66	69	77	83	308	351	63
72	65	66	260	464	486	263	194	459	76	77	79	272	392	465	84	463	55	472	59	252
73	68	230	74	304	242	382	245	184	154	61	62
74	67	73	75	216	242	85	184	188	62
75	67	261	74	76	81	82	85	216	188
76	386	260	519	524	272	536	410	303	178	53	56	57	188	309	65	67	502	72	75	79	504	82	368	373	374	376	505	381
77	224	66	71	72	263	83	84	217	90	252
78	170	140	148	87	91	221
79	194	178	72	76	141	272	82	84	95
80	1	230	209	184	88	154
81	261	134	75	82	85	149
82	261	134	373	300	75	76	79	81	178	149	374	309	188	381	410	95
83	224	262	69	70	71	136	426	427	77	285	434	89	90	383	218	351
84	194	263	72	141	77	217	90	79	253	94
85	267	261	184	74	75	216	81	149	279	88	155	92
86	98	347	296	169	237	305	148	89	218	91	284	93
87	1	170	91	221	78
88	230	104	171	80	209	85	184	155	92
89	100	262	70	136	169	83	86	218	93
90	136	394	401	402	285	158	429	441	442	224	195	77	83	84	217	94	96	483	105	107	238	252
91	99	101	170	204	237	78	221	291	148	86	87	284	93
92	97	264	267	85	279	88	185	155	149
93	98	99	100	237	86	89	218	91
94	103	105	107	141	238	84	217	90	253	158
95	178	134	103	106	327	108	141	79	82	292
96	136	105	90	107	195
97	102	264	110	239	149	150	313	185	92
98	99	100	172	237	111	305	210	86	218	93
99	98	204	237	111	210	91	93
100	225	98	195	358	136	172	109	334	305	210	115	89	218	314	93
101	1	170	91	204
102	97	134	106	110	239	149	246	313	348
103	161	105	108	141	238	112	94	95
104	320	1	171	113	150	88	185	155	222
105	96	161	103	107	238	112	158	90	94
106	292	102	134	108	110	239	246	95	348	159
107	96	225	195	105	109	335	273	402	116	158	365	280	377	90	94
108	161	292	103	106	141	321	114	246	119	248	159	95
109	225	195	100	107	115	116
110	97	102	106	239	117	150	159
111	98	99	204	172	210	118	121	125
112	161	219	103	105	268	336	114	310	120	123	158
113	1	166	104	117	150	222
114	161	219	108	112	310	119	248	123
115	225	226	100	172	109	142	116	121	122
116	225	179	107	109	142	273	115	280	120	122	158
117	315	166	124	110	239	113	306	150	250	287	156	222	159
118	1	172	298	204	111	210	125
119	219	108	114	211	248	123	159
120	128	336	268	112	179	116	280	123	189	158
121	129	226	172	142	111	115	281	125
122	115	116	179	142
123	128	130	268	112	114	211	119	120	219	189	127
124	131	117	250	156	126	159
125	129	1	298	172	111	118	281	121
126	131	124	269	143	211	250	127	156	159
127	130	219	205	143	211	269	254	123	189	126
128	130	196	328	205	301	179	120	186	123	189
129	1	226	293	142	281	121	125	190
130	128	205	123	189	127
131	1	124	269	143	250	156	126
132	256	1	323	228	229	257	138	13	206	145	307	20	26	28	30
133	64	193	419	356	69	70	296	169	236	371	52	277	233	332	148	58	379	60
134	292	102	327	106	300	178	81	82	149	313	348	95
135	32	187	214	38	39	45	174	340	22	25	27
136	96	384	195	100	394	334	285	83	89	90	218
137	359	4	197	167	9	11	212	213	249	316
138	257	355	132	228	276	146	307	244	341	153	36	26	30	229
139	32	240	258	243	40	418	173	175	208	51	214	24	271
140	1	266	236	78	49	148	58	251	221
141	161	194	292	103	364	327	108	238	79	178	84	321	447	253	94	95
142	129	226	179	1	225	301	399	273	115	116	286	121	122	186	190	293
143	1	131	205	269	126	254	127
144	288	197	5	6	9	10	14	16	270	213	151	312	191
145	1	323	132	168	329	13	206	307	26
146	37	295	138	43	46	241	147	276	247	153	28	30	229
147	420	350	241	242	43	146	46	177	50	244	318	153	61	62
148	266	133	296	169	170	140	333	78	362	291	236	86	58	91	284	221
149	97	134	102	264	267	300	81	82	85	313	92	261
150	320	97	357	166	104	171	110	239	113	306	117	264	185	313	222
151	164	10	395	14	144	337	18	19	270	223	191
152	289	34	259	165	325	43	302	344	53	247	56	283	37
153	36	138	146	46	241	50	147	244	341	276	350
154	1	68	230	73	80	245	184
155	387	230	209	104	171	304	184	85	279	88	185	92	319
156	1	131	166	117	250	124	126	287
157	288	3	5	198	8	265	10	299	435	282	220
158	161	369	105	107	365	238	112	280	402	116	336	120	90	94
159	388	106	108	269	110	239	211	117	246	119	248	250	315	124	126
160	1	163	199	297	12	173	15	208	274	275	24	317
161	321	103	105	108	141	238	369	112	336	114	310	248	364	158
162	1	322	5	6	231	167	311
163	160	1	199	7	12	274	317
164	227	390	198	337	232	10	395	396	17	18	21	151	282	223
165	34	302	48	152	53	56	57	283
166	1	113	306	117	150	156	222	287
167	1	162	4	197	6	137	322	249	316
168	1	3	389	294	8	265	234	13	206	145	329
169	64	262	69	70	296	332	148	86	89	218	347	284	133
170	1	291	101	204	78	148	87	91	221
171	320	1	104	209	150	88	185	155	222	319
172	225	98	100	422	423	298	226	111	210	115	118	281	121	314	125
173	160	1	258	33	297	42	139	240	366	208	339	180	414	24	290	317	199
174	416	187	406	135	361	39	45	176	340	181	203	407	439	27
175	32	258	443	38	425	202	139	418	45	47	433	51	340	214	408	461	271
176	39	392	41	203	174	181	398	55	59	349	215	361
177	1	68	44	50	147	244	245	61	318
178	194	134	327	300	76	141	79	272	82	374	95
179	128	1	301	142	189	273	403	116	120	122	399	186	280
180	1	290	35	33	42	199	173	417	339	183	251
181	192	416	59	407	39	41	215	174	349	176	370	406	201	27	29	361
182	289	34	326	215	354	367	48	370	55	344	283	31
183	1	35	42	49	180	58	251
184	304	387	230	73	74	80	216	242	451	85	279	88	154	155	382
185	320	97	357	104	171	264	150	279	155	92	319
186	128	1	196	328	205	142	301	179	190
187	416	400	214	135	174	207	16	338	243	340	22	25	27
188	67	261	74	75	76	242	303	82	53	278	216	62	309
189	128	130	219	328	268	205	301	280	179	120	123	380	403	254	127
190	1	293	129	301	142	186
191	192	144	454	432	338	14	431	16	337	270	19	430	213	151	312	223
192	416	432	201	223	16	338	19	181	406	27	29	191
193	290	419	133	391	233	42	371	271	240	51	52	277	378
194	452	263	72	327	141	79	272	178	84	374	217	253	447
195	96	225	100	358	136	394	107	109	334	335	401	402	377	90
196	128	1	186	205	328
197	322	6	167	9	359	144	212	213	137	312	316
198	353	227	164	294	8	10	299	396	17	342	234	282	157
199	160	1	163	173	339	180	317	414
200	256	289	34	227	37	353	360	330	343	17	20	342	23	28
201	192	232	405	370	18	19	181	406	215	223	29	31
202	66	331	38	235	45	175	271	433	51	47	443
203	66	39	361	331	45	174	47	176	440	439	408	59
204	352	1	99	101	170	237	111	210	291	118	91	298
205	128	1	130	196	328	143	186	189	254	127
206	256	323	132	294	168	329	234	13	145	20
207	208	450	455	400	457	15	16	338	243	213	22	375	187	437
208	32	160	258	275	297	139	12	173	437	15	243	212	213	375	24	207	415
209	1	230	171	304	80	88	155	319
210	352	98	99	100	422	204	298	172	237	111	305	118	314	475
211	219	388	412	159	269	254	119	248	123	380	126	127
212	4	197	359	137	11	12	476	467	15	208	275	213	375	249	316	255
213	144	450	375	197	455	359	9	11	208	270	15	16	338	212	431	137	312	207	191
214	32	258	38	135	425	139	461	175	400	243	340	22	187
215	176	354	182	326	232	41	398	349	48	370	181	54	55	201	29	31
216	482	267	261	471	74	75	242	451	85	278	279	184	188	445	382	309
217	194	483	452	263	77	238	429	465	84	90	252	253	94	442
218	384	98	100	262	136	169	363	334	285	305	83	86	89	347	93	383
219	448	412	268	112	114	211	310	119	248	123	380	189	254	127
220	288	1	2	3	5	231	265	449	435	282	157
221	1	291	170	140	333	78	362	148	87	91	266
222	320	1	166	104	171	113	306	117	150	287
223	192	164	232	201	432	337	18	19	405	406	151	191
224	66	71	77	464	434	83	441	90	252	285	351
225	226	195	100	358	107	172	109	142	335	273	115	116	314	286
226	225	293	422	129	423	172	142	115	281	121	314	286
227	289	34	164	390	198	353	200	396	354	397	17	18	21	342	23	360	232	31
228	1	355	132	138	307	244	341	36	26
229	256	257	132	295	138	146	20	276	28	330	30
230	1	209	73	304	80	184	245	88	154	155
231	288	1	2	5	6	449	162	311	220
232	354	227	164	390	201	370	337	18	405	215	31	223
233	64	193	419	133	235	271	51	52	379	60	443	421
234	256	353	294	198	8	265	299	13	206	17	20	329	168	389
235	66	443	69	233	202	331	421	47	51	308	393	346	271	60	63
236	480	356	133	296	266	140	148	277	372	58	444	362
237	352	98	99	428	363	204	305	210	291	86	347	91	284	93
238	161	103	105	364	141	365	369	402	94	429	217	90	253	158
239	97	411	246	102	357	264	470	106	110	306	117	150	313	315	348	159
240	193	258	391	40	42	139	418	173	366	271	51	52	438	290	378
241	259	420	350	458	43	242	146	147	276	53	278	247	153	62
242	318	382	67	420	241	73	74	451	216	147	53	278	184	188	61	62	245
243	32	400	258	214	15	425	469	139	461	207	208	424	437	22	457	187	415
244	1	36	228	138	44	177	50	147	350	341	153	318
245	1	68	230	73	304	177	242	382	154	61	318
246	321	411	292	102	460	106	108	239	248	388	315	348	159
247	259	37	295	458	43	462	241	146	276	53	152	500	325
248	161	388	310	321	460	108	114	211	246	119	219	412	492	159
249	1	4	167	137	476	212	316	255
250	1	131	124	269	306	117	315	287	156	126	159
251	1	290	417	42	140	49	180	277	183	372	58	444	266
252	224	66	486	263	72	77	464	465	441	217	90	442
253	194	452	364	141	238	429	84	217	94	447
254	1	328	205	143	211	269	219	380	189	127
255	1	4	453	7	487	12	274	275	212	375	249	476
256	257	323	132	229	294	353	200	234	468	206	456	307	20	343	404	28
257	256	355	132	229	295	138	462	307	276	343	404	28	330	479
258	240	418	438	424	297	139	173	366	175	208	243	214	425	415
259	420	325	471	488	458	43	302	303	241	500	53	278	247	152
260	65	386	263	72	459	76	463	272	55	473	474	381
261	482	267	309	373	489	75	300	81	82	85	216	188	149
262	379	69	70	169	426	332	83	409	89	218	347	383
263	194	260	72	452	77	463	272	465	84	217	474	252
264	320	97	484	357	470	267	239	149	150	279	185	92	313	446	319
265	1	3	389	8	234	299	168	435	436	282	220	157
266	1	140	362	236	148	277	372	58	251	221
267	482	484	261	264	489	300	85	279	216	313	92	445	446	149
268	448	336	219	494	112	280	403	310	120	123	380	189
269	1	131	388	412	143	211	254	315	250	127	380	126	159
270	288	385	454	10	395	430	431	144	337	213	151	312	191
271	193	418	235	391	233	202	139	419	175	240	51	443
272	474	194	260	263	72	76	79	178	374	452	410	381
273	225	481	107	403	493	142	335	179	116	280	399	286
274	160	1	163	453	7	12	413	275	317	255
275	160	453	487	297	12	413	208	274	212	437	375	415	317	255
276	257	355	229	295	138	462	241	146	341	247	153	458	350	479
277	193	290	356	133	417	42	236	378	371	52	372	58	251	444	266
278	259	420	458	303	241	242	451	53	471	216	505	188	382	309
279	387	264	267	216	451	85	184	185	155	92	445	446	319
280	517	107	268	365	494	335	336	273	403	179	116	120	377	493	189	158
281	129	226	293	422	1	298	423	172	121	125
282	288	385	395	164	5	198	449	265	10	299	396	435	220	157
283	376	34	165	326	518	302	48	344	501	182	345	152	57
284	291	296	169	332	237	428	333	148	86	347	91	477
285	224	384	136	394	427	434	83	441	90	218	383
286	225	226	293	358	423	493	142	335	273	481	314	399
287	1	166	306	117	250	315	156	222
288	385	5	6	231	10	466	270	144	449	430	311	312	282	507	220	157
289	360	34	227	324	37	325	200	330	354	367	344	182	152	31
290	193	417	42	173	366	240	339	180	277	378	251	478
291	352	1	428	170	204	237	333	148	91	284	221
292	321	460	134	327	364	106	108	141	527	497	246	348	95
293	1	226	129	423	301	142	399	481	286	281	190
294	256	353	323	389	198	168	329	234	299	206	17	468
295	257	37	325	330	491	462	146	276	247	479	28	229
296	480	356	133	169	362	236	333	148	86	332	284	477
297	160	258	424	173	366	413	208	275	495	317	414	415
298	352	1	422	172	204	210	118	281	125
299	353	294	198	8	265	234	395	396	397	528	498	435	436	485	282	157	389
300	526	484	261	134	327	520	489	267	178	516	496	82	149	374	313	410	373
301	128	1	293	328	403	142	399	179	186	189	190
302	376	259	165	488	501	303	344	53	152	57	504	283	510	325
303	259	502	488	76	302	505	504	53	278	471	376	57	188	309
304	1	387	230	73	209	245	184	155	382	319
305	352	384	98	475	100	490	363	428	237	334	210	533	86	503	218	347	314
306	320	1	411	357	166	239	117	150	250	315	222	287
307	256	1	323	228	257	456	138	145	355	404	132	26
308	66	331	69	71	393	235	558	568	472	603	346	351	60	63
309	482	261	502	76	303	82	373	278	471	216	505	188
310	448	161	515	321	364	268	494	369	112	336	114	248	219	412	492	511
311	288	1	162	6	231	322	466	449	312
312	288	322	197	6	359	270	431	144	466	467	430	213	311	506	316	191
313	97	484	102	134	327	264	470	267	300	239	496	149	150	411	348
314	225	226	100	422	358	423	490	172	334	305	210	481	475	286
315	1	411	388	269	239	306	117	246	250	287	159
316	1	322	197	167	137	359	467	212	312	249	476
317	160	1	163	453	199	297	173	495	274	275	413	414
318	1	420	382	177	242	147	244	245	61	350
319	320	1	387	357	264	171	304	209	279	185	155	446
320	1	357	104	171	264	306	150	185	222	319
321	161	292	310	364	108	141	527	246	248	460	492
322	1	162	197	6	167	466	467	311	312	506	316
323	256	1	132	294	456	329	206	145	307	468
324	512	289	354	325	360	330	367	344	508	510
325	289	259	324	37	295	488	330	491	302	344	500	462	247	152	508	510
326	54	518	55	530	398	367	48	370	182	215	344	345	283	349	549
327	194	292	569	134	364	300	141	516	527	496	497	178	374	553	313	447	348	95
328	128	1	196	205	301	403	186	380	189	254
329	1	323	389	294	168	234	206	145	468
330	257	491	324	37	325	289	200	508	295	360	499	404	343	479	28	229
331	576	66	235	472	393	202	203	45	558	440	433	308	567	408	59
332	480	514	379	356	69	262	296	169	525	409	347	284	477	133
333	1	291	296	362	428	477	148	284	221
334	384	490	195	100	358	136	394	305	533	218	539	314
335	225	195	358	481	107	493	273	537	280	377	286
336	161	515	517	369	268	365	494	112	280	310	120	158	511
337	528	546	164	454	390	232	395	396	270	432	405	534	151	223	191
338	192	400	450	187	432	455	431	207	16	562	416	564	213	406	570	27	554	191
339	1	290	199	173	366	417	180	478	414
340	416	582	38	135	583	45	174	175	400	595	214	439	408	461	187
341	1	355	228	138	462	244	153	276	350
342	353	227	198	200	521	396	397	17	499	468	343	360
343	256	257	456	353	200	330	360	499	404	342	468	28
344	512	289	34	324	325	326	518	302	367	501	182	152	283	510
345	65	518	326	524	398	48	368	530	501	54	55	376	57	283
346	69	552	393	426	235	421	591	308	568	379	60	351
347	514	262	169	363	332	237	305	532	86	503	409	218	428	284	477	383
348	292	102	134	327	470	106	460	239	496	497	246	313	411
349	407	549	326	361	55	398	176	370	181	215	550	541
350	1	420	458	462	241	147	244	341	153	276	318
351	224	592	66	69	486	71	426	464	568	434	83	308	472	596	346	603	605
352	1	291	422	428	298	204	237	305	210	475
353	256	227	294	198	200	521	234	299	396	397	17	20	342	343	485	468	389
354	512	289	227	324	390	232	522	535	367	360	370	405	182	215	31
355	1	228	257	138	462	307	276	341	404	479
356	480	419	133	296	236	523	332	525	531	371	277	379	444
357	320	1	470	264	239	306	150	185	411	446	319
358	225	195	100	481	394	334	335	401	559	537	377	314	539	490	286
359	544	450	197	137	476	430	431	467	212	213	375	312	506	316
360	512	289	354	227	324	390	200	521	330	535	397	499	342	343	508
361	587	571	439	392	203	174	541	176	181	398	407	440	59	349
362	480	1	296	266	236	333	477	148	372	444	221
363	384	428	237	305	532	503	218	347	383
364	161	292	321	327	492	141	238	429	560	369	310	527	569	511	253	574	447
365	560	517	561	107	429	238	493	336	369	402	574	537	280	377	158	511
366	258	424	297	290	173	240	529	339	478	438	378	509	414	415
367	512	289	354	324	518	326	522	549	370	182	344	31
368	65	386	392	524	459	76	578	398	530	55	376	345	572
369	161	364	365	238	429	336	574	310	560	158	511
370	354	547	406	326	232	201	522	407	549	367	181	182	215	565	349	405
371	193	419	356	133	391	523	513	277	378	444
372	1	362	236	277	251	444	266
373	482	261	76	300	526	82	309	502	489	410	381
374	194	452	327	520	300	76	178	272	584	82	594	553	516	410	474	447
375	545	450	453	359	437	487	207	208	275	212	213	476	413	255
376	65	386	519	524	76	302	303	368	501	345	504	57	283
377	195	358	107	365	335	401	402	589	280	537	493	559
378	193	290	391	556	366	240	417	371	513	277	438	444	509	478
379	419	356	69	262	552	233	426	332	525	421	531	409	346	60	538	133
380	448	1	328	268	269	403	211	219	412	189	254
381	65	386	260	584	76	526	573	272	82	373	502	536	473	410	572	474
382	1	387	420	73	304	216	242	451	245	278	184	318
383	384	514	427	262	426	363	83	532	409	218	347	285	542
384	427	136	394	363	334	305	579	532	533	503	218	539	285	383
385	288	449	10	395	270	528	435	430	282	507
386	65	578	260	524	459	76	368	536	55	376	473	572	381
387	1	451	304	446	279	184	155	445	382	319
388	1	411	460	269	211	246	248	315	412	159
389	1	485	294	353	168	265	234	299	436	329	468
390	360	354	227	164	232	522	396	397	337	546	405	534	535	548
391	193	418	419	513	551	556	557	271	240	371	438	378	443
392	368	66	571	72	361	599	459	578	398	176	472	558	598	55	440	587	59	541
393	577	66	235	421	331	558	591	308	567	568	346	443
394	384	195	358	136	427	588	334	559	401	579	441	90	539	285
395	385	546	164	454	10	299	396	270	528	337	435	430	151	282	507	540
396	353	546	227	164	390	198	534	299	397	528	337	498	435	342	282	395
397	353	227	485	390	360	521	534	299	396	498	342	535
398	368	578	518	326	392	361	55	541	176	530	215	550	345	349	549
399	1	293	481	403	301	142	493	273	179	286
400	416	455	595	457	554	461	207	338	243	340	214	585	564	187
401	195	358	394	588	589	559	402	441	377	90	442
402	195	601	561	107	365	238	429	401	483	589	537	377	90	442	158
403	448	1	328	268	301	494	399	273	179	280	493	380	189
404	256	1	355	257	456	330	462	499	307	343	479
405	354	547	548	454	390	232	201	522	546	581	432	337	370	406	223
406	192	416	565	547	405	201	554	439	370	174	432	338	181	566	407	223
407	549	361	566	174	541	370	181	406	439	571	349	565
408	576	203	582	583	567	331	45	175	433	340	439	440	461	571
409	514	347	262	552	426	332	525	379	542	383
410	520	76	300	526	272	584	82	373	374	553	474	381
411	1	388	357	470	460	239	497	306	246	313	315	348
412	448	1	388	492	460	269	211	310	248	219	380
413	453	487	297	469	495	563	274	275	437	375	317	415
414	1	199	297	173	366	495	529	339	317	478	415
415	258	243	424	297	555	366	495	208	529	275	437	413	414	469
416	192	27	566	582	554	174	400	338	595	340	181	406	439	564	187
417	1	290	513	339	180	277	378	251	444	509	478
418	258	443	391	425	586	139	557	551	271	240	433	438	175	575
419	193	443	356	133	391	233	523	551	271	531	371	513	538	379	421
420	1	259	382	451	241	242	147	350	278	471	458	318
421	538	419	552	233	426	235	591	531	393	346	379	60	443
422	352	1	226	423	298	172	210	281	314	475	490
423	1	226	293	422	481	490	172	281	314	286
424	258	297	555	366	529	243	469	438	425	415
425	258	438	424	586	555	418	590	175	433	243	469	214	461	557	575
426	383	69	262	552	421	427	592	593	434	83	568	409	346	379	542	351
427	384	579	394	285	593	434	83	532	441	426	542	383
428	352	1	291	363	237	333	305	503	347	284	477	475
429	483	452	465	597	364	365	238	369	402	561	601	217	90	253	574	447
430	288	385	454	359	395	270	431	466	312	543	506	507	540	191
431	544	450	454	359	455	562	270	432	338	213	430	312	506	543	540	570	191
432	192	547	581	454	554	562	431	337	338	564	405	406	191	223
433	577	66	583	425	202	331	418	45	175	567	408	461	443	586	575
434	224	592	426	427	464	593	83	596	441	603	285	351
435	1	395	385	265	299	396	498	528	449	436	282	220	157
436	1	485	265	299	498	435	389
437	545	450	580	243	457	487	590	207	208	563	275	469	375	413	415
438	258	391	424	425	555	556	418	366	557	240	529	378	509
439	416	566	582	361	203	45	174	440	340	406	407	408	571
440	576	571	66	203	392	361	331	558	472	439	408	587	59
441	224	609	579	593	394	427	588	464	401	434	596	600	90	252	285	442
442	609	483	601	465	588	589	464	401	402	441	600	217	90	252
443	577	66	419	421	391	233	202	235	418	551	271	591	433	393	538	175	586
444	480	1	356	513	417	362	523	236	371	372	277	378	251
445	1	482	387	484	489	267	451	279	216	446
446	1	387	484	357	264	267	470	279	445	319
447	194	452	327	553	364	141	429	374	569	253	574
448	1	515	412	268	494	403	310	219	380	492
449	288	1	231	385	466	435	528	311	282	507	220
450	544	545	580	359	457	455	431	338	213	375	570	207	476	437
451	1	482	387	420	471	216	242	278	279	184	445	382
452	194	263	553	429	272	465	594	597	374	569	217	474	253	574	447
453	1	487	413	274	275	375	495	317	255
454	546	581	395	562	430	431	432	337	270	405	540	191
455	544	450	580	457	431	400	338	564	213	570	207
456	256	1	323	499	307	404	343	468
457	450	580	455	585	461	590	207	400	243	564	437	469
458	1	259	420	488	471	462	241	276	278	247	500	350
459	386	260	486	72	599	578	463	368	392	598	55	472	473	572	606
460	1	292	321	412	492	527	497	246	248	388	411	348
461	585	583	425	586	590	175	400	433	595	243	340	469	214	457	408	575
462	1	355	325	295	458	491	257	500	276	341	247	404	350	479
463	260	486	263	72	459	465	599	473	474	606
464	224	608	66	486	609	72	465	434	596	600	441	442	607	252	605	351
465	608	483	452	486	263	72	604	429	463	464	594	597	473	600	217	442	252	474	606	607
466	288	1	322	449	430	311	312	506	507	543
467	1	322	359	476	212	312	506	316
468	256	1	323	521	389	294	353	456	329	499	342	343	485
469	424	425	555	461	590	495	563	243	437	457	413	415
470	1	484	357	264	239	496	497	313	411	348	446
471	1	482	259	420	488	458	303	504	451	309	278	216	505
472	66	459	486	72	331	558	392	308	599	440	602	603	605	351
473	386	260	584	604	459	463	465	598	599	474	572	381	606
474	260	263	584	463	272	465	594	374	473	452	410	604	381
475	352	1	422	490	428	305	210	533	503	314
476	544	1	450	359	487	467	212	545	375	249	506	316	255
477	480	1	514	296	428	362	332	333	503	347	284
478	1	290	417	366	529	339	378	509	414
479	1	355	295	330	491	257	462	499	276	404
480	1	514	356	296	332	362	523	236	525	531	444	477
481	1	539	293	358	423	490	493	335	273	537	314	399	286
482	1	451	261	489	267	373	502	471	216	505	445	309
483	429	465	402	597	601	600	217	90	442
484	1	264	489	267	300	496	520	470	313	445	446
485	1	389	353	521	299	397	498	436	534	468
486	66	607	72	459	463	464	465	599	472	602	603	252	605	606	351
487	1	453	545	495	563	275	437	375	476	413	255
488	1	259	325	458	302	303	500	501	471	504	510
489	1	482	484	261	520	267	300	526	373	502	445
490	1	539	358	422	423	334	305	481	533	314	475
491	1	325	295	330	462	499	500	508	479
492	448	1	515	321	460	364	527	560	310	248	412	511
493	1	517	481	365	494	335	273	403	537	280	377	399	286
494	448	1	515	517	268	493	336	403	310	280
495	1	453	487	297	555	317	529	563	469	413	414	415
496	1	484	327	520	300	516	497	470	313	348
497	1	292	327	460	527	496	470	569	516	411	348
498	1	485	299	396	397	528	435	436	534
499	1	360	521	330	491	456	404	342	343	468	508	479
500	1	259	325	488	458	491	462	247	508	510
501	1	504	518	488	524	302	376	530	344	345	283	510
502	1	482	519	489	76	526	303	536	573	373	504	505	381	309
503	384	1	514	475	363	428	305	532	533	347	477
504	1	519	488	524	76	302	303	501	502	471	376	505
505	1	482	502	519	76	303	309	278	471	504
506	544	1	322	359	430	431	466	467	312	476	543
507	288	1	449	395	430	385	466	528	540	543
508	512	1	324	325	360	521	330	491	499	500	510
509	1	417	556	366	529	513	438	378	478
510	512	1	324	325	518	488	302	500	501	344	508
511	1	515	517	561	492	364	365	336	369	310	560
512	1	354	324	518	360	521	522	367	535	344	508	510
513	523	1	419	417	551	391	556	557	371	378	444	509
514	480	1	332	525	532	503	409	347	477	542	383
515	448	1	517	492	494	336	310	511
516	1	327	520	553	300	527	496	497	374	569
517	1	515	365	494	493	336	561	280	537	511
518	512	1	549	326	522	550	398	367	530	501	344	345	283	510
519	1	536	524	76	504	502	376	505
520	1	484	489	300	526	496	374	553	516	410
521	512	1	485	353	360	534	397	499	468	342	535	508
522	512	1	354	547	548	518	390	367	370	405	535	549
523	480	1	419	356	513	551	531	371	538	444
524	1	386	536	519	76	578	368	504	530	501	376	345	572
525	480	1	514	356	552	332	531	409	379	542
526	1	520	489	300	573	584	373	502	553	410	381
527	1	292	327	364	460	321	560	497	569	516	492
528	385	546	395	1	299	396	498	337	449	435	534	507	540
529	1	424	555	556	366	495	478	438	509	414	415
530	1	578	518	326	550	524	398	368	501	345
531	480	1	419	356	421	552	523	525	538	379
532	384	1	514	427	539	363	593	579	533	503	347	542	383
533	384	1	539	490	334	305	532	503	475
534	1	546	548	485	390	521	396	397	528	337	498	535
535	512	1	354	548	390	360	521	522	397	534
536	1	386	519	524	76	573	502	572	381
537	1	539	517	358	481	365	335	561	402	589	377	493	559
538	1	379	421	551	552	523	591	531	419	577	443
539	384	1	579	358	481	394	588	334	559	532	533	537	490
540	1	546	454	395	430	431	528	562	507	543
541	1	578	549	550	392	361	587	398	565	566	407	571	349
542	1	514	552	426	427	525	592	593	532	568	409	383
543	544	1	562	430	431	466	506	507	540	570
544	1	450	455	359	431	545	506	476	570	543
545	544	1	450	580	487	563	437	375	570	476
546	1	548	454	390	395	396	528	337	562	405	534	540	581
547	1	548	549	522	581	432	370	405	406	554	565
548	1	546	547	581	390	522	405	534	535
549	1	547	518	326	522	550	398	367	370	565	407	541	349
550	1	578	549	518	398	541	530	349
551	523	1	418	419	513	586	391	557	577	538	443
552	1	421	426	525	591	531	568	409	346	379	538	542
553	1	452	327	520	526	584	594	374	569	516	410	447
554	416	1	547	566	582	562	400	338	432	564	565	406	595	581
555	1	424	425	556	557	590	495	529	563	469	438	575	415
556	1	555	513	391	557	529	438	378	509
557	1	418	555	513	425	586	391	556	551	438	575
558	576	1	587	568	392	393	599	331	472	308	567	440	602	603	605
559	1	358	394	588	589	401	377	537	539
560	1	561	364	492	365	527	369	569	574	511
561	1	517	601	365	429	560	402	589	537	574	511
562	1	546	581	454	554	431	432	338	564	570	540	543
563	1	580	487	545	555	590	495	469	413	437
564	416	1	580	455	457	554	562	400	338	432	585	570	595
565	1	547	549	554	566	370	406	407	541
566	416	1	582	554	407	595	565	406	439	571	541
567	576	1	66	568	393	583	331	558	591	433	577	408	602	603	586
568	1	552	393	426	558	591	592	308	567	346	603	542	351
569	1	452	327	553	364	527	560	497	594	597	516	574	447
570	544	1	450	580	455	562	431	338	564	545	543
571	576	1	587	582	392	361	439	440	566	407	408	541
572	1	386	584	459	524	578	573	368	598	536	473	604	381	606
573	1	584	526	502	536	572	381
574	1	452	561	364	365	429	560	369	597	601	569	447
575	1	418	583	425	586	555	461	590	557	433	585
576	1	587	582	583	331	558	440	567	408	571
577	1	66	551	393	586	591	433	567	538	443
578	1	386	587	550	392	459	524	398	368	530	598	572	541
579	384	1	609	394	427	588	596	593	532	441	539
580	545	450	1	457	455	590	563	564	437	585	570
581	1	546	547	548	454	554	432	562	405
582	416	1	583	554	595	340	566	439	408	576	571
583	576	1	582	585	586	461	433	595	340	567	408	575
584	604	1	553	594	526	381	573	374	473	474	572	410
585	1	580	583	457	461	590	400	595	564	575
586	1	418	551	425	583	461	557	433	577	567	443	575
587	576	1	578	392	361	558	598	599	440	602	571	541
588	1	579	609	394	589	559	401	601	600	441	442	539
589	1	601	561	588	559	401	402	377	537	442
590	1	580	585	457	555	461	563	469	425	575	437
591	1	421	577	552	393	567	568	538	443	346
592	1	426	593	434	596	568	603	542	351
593	1	579	426	427	592	596	434	532	441	542
594	608	1	452	584	553	465	597	374	569	474	604
595	416	1	582	583	585	554	461	400	340	566	564
596	1	579	609	464	593	434	592	441	607	603	605	351
597	608	1	483	452	429	465	594	601	600	569	574
598	1	578	587	392	459	599	473	572	606
599	1	587	486	392	459	558	463	598	472	473	602	605	606	607
600	608	1	483	609	588	464	465	597	601	441	442	607
601	1	483	588	429	589	561	402	597	600	442	574
602	1	486	599	587	558	567	472	603	605
603	1	486	558	592	568	434	308	567	472	596	602	605	351
604	608	1	584	465	594	473	474	572	606
605	1	607	486	558	464	596	599	472	602	603	351
606	608	1	486	604	459	463	465	598	599	473	572	607
607	608	1	486	609	464	465	596	599	600	605	606
608	1	464	465	594	597	600	604	606	607
609	1	579	588	464	596	600	441	442	607
