1	56.1647372535	56.1941871747	15.5565488826
2	64.6959312687	18.6040413678	0.241191213327
3	73.7467961478	21.4943250071	1.5337403599
4	42.0616022893	22.0815430368	1.01548639302
5	62.7946179302	22.7090516235	1.70584705732
6	57.1314494175	22.1639758923	2.43702104097
7	35.8373520763	25.6878856548	1.12361992624
8	73.6851793629	26.7314655855	1.95258123277
9	52.2821576832	26.9506432802	0.347025324125
10	63.9324784642	28.3096137824	2.99015262198
11	44.8965860082	27.5226906603	0.539254777946
12	38.2823618518	29.1238892387	1.6495130972
13	78.7758709178	30.6408146624	1.15970784449
14	57.0389726838	32.0997340719	0.257142857143
15	41.7056106857	33.819498701	1.01513418624
16	52.2159943706	34.0242526748	2.19902038306
17	72.5249392021	33.0484288676	2.36740790416
18	63.1742942014	36.4302719626	1.16035881726
19	58.2964294538	35.8822698396	0.556457193181
20	78.2831690854	35.71854972	1.96839330709
21	68.553756997	38.1133663575	0.827613906561
22	44.7687080349	38.1933530706	0.835118205698
23	73.7314462624	39.1865813119	0.963306093315
24	36.2719487267	37.9625200763	0.489929435955
25	50.6732181947	38.6815470407	0.468143431932
26	89.7507096414	38.3505355335	1.61865662427
27	53.0381690937	39.9289567614	2.51458855629
28	78.8753266649	41.1102176386	2.66849423613
29	59.3293761239	41.649355522	0.759015006089
30	82.450472351	41.1677516673	0.555392874573
31	65.4801792432	42.6028108705	2.76192008088
32	41.7849488376	41.3051151144	1.02508373824
33	28.2823801135	42.4186421904	0.394688644689
34	70.6402350119	44.7391235618	2.62787726573
35	22.6846737483	44.578247082	0.467054051091
36	91.7255497986	44.4388002523	1.3780883226
37	76.0714851763	44.809815416	2.94082224287
38	45.6491665657	45.2192945402	2.60643478615
39	52.934593077	46.486688661	0.811968797299
40	35.5513346682	46.8319386606	0.36456477853
41	58.5550304085	48.1941097844	1.07361756584
42	27.998038088	46.7919633952	2.16629856975
43	80.8172814755	48.558476299	1.42606490011
44	93.5349125242	49.2714032434	0.957923337555
45	47.9218649021	47.7515276673	4.79379392841
46	84.9401597853	48.7801590807	0.373188405797
47	45.1813505061	51.1562733015	1.58060994479
48	66.1329792382	50.2570981945	2.56340369825
49	21.6906744777	51.5504819341	1.18642647675
50	89.8169822896	50.3747966783	1.00155774439
51	38.1259399975	50.8169652066	1.90533527497
52	31.9673695623	51.8453194958	1.04304855658
53	77.6184367081	52.7287387953	2.8780586577
54	64.9526940143	52.4056392505	2.44816726446
55	60.8552487409	53.1475935089	4.8364522544
56	73.6755658679	52.4987345511	0.938053097345
57	69.8848986881	53.1109019239	4.00448588093
58	26.2264342519	54.4687274319	1.50871985158
59	53.5630912245	52.9489342603	4.12854201108
60	40.0127101271	55.8660700305	3.69843932541
61	88.0765589161	55.7047769144	2.26250258457
62	83.3010702532	55.0440702598	1.38765041963
63	45.4906804744	56.139017953	2.94716664432
64	36.0107563431	56.4763263909	1.05863138026
65	64.8449296965	56.0323361756	3.77070181291
66	49.5511211521	56.6506211307	6.32974639789
67	76.7470657053	56.7852317514	1.11874942993
68	93.7677424267	57.3550834567	1.25545376609
69	39.7997044597	59.8201335881	4.49918995131
70	38.83315844	60.8272010791	1.31759965463
71	46.4358994192	59.4263256378	3.71322284126
72	56.961262398	59.5906493149	5.32178601547
73	87.5748120752	60.0961088126	2.51601365222
74	81.5315142042	60.1110250191	1.29898631852
75	75.3901260407	61.4156752724	1.46228239845
76	68.7652580138	59.0131619837	5.64860836742
77	51.6210562499	64.0784967584	1.67212550017
78	25.3190126918	64.2380585298	0.582487023245
79	63.3106229671	66.4227026388	1.73410698403
80	92.5439336541	65.7005366988	1.31651424367
81	74.1740938046	65.3946828772	1.45558905893
82	70.4237679064	63.2376494451	3.96920980926
83	43.3110229352	64.167065748	4.20158448386
84	56.7284054632	67.1476634054	1.62272773739
85	80.596269116	65.3148611716	1.89112605936
86	33.3221276408	67.0721174148	2.35266851812
87	22.5654178297	66.8991504264	0.55234494554
88	87.377291178	67.6692087932	1.00647280332
89	39.2520534918	67.3657127521	1.46851842764
90	49.4930270603	70.5421340475	5.43304530772
91	28.8739119403	69.3528191202	2.07151673766
92	81.0715236371	69.7122771946	1.52797419437
93	35.1802195856	71.302604191	1.4043006708
94	55.453725466	72.6527806698	3.01143343672
95	67.0030012731	72.0519566714	2.50182900366
96	48.3543938688	72.5391084866	0.681324910917
97	77.9445668675	73.5934700684	2.26914628789
98	35.9170302005	74.0780479888	2.50437692851
99	31.277945303	74.4077422305	1.79089373983
100	40.4428881902	75.1647812239	3.38765110238
101	24.8406981407	73.9277612622	0.639768038363
102	74.2539571053	74.7000844882	2.37746587566
103	60.3894075955	75.3221889047	0.76946031746
104	85.5223222994	75.4421858078	1.38466783813
105	54.0787552688	75.3056504139	1.22817626076
106	70.8985704934	76.2472987002	1.97053672427
107	49.143382913	77.3977931541	4.24249811435
108	67.0768017313	77.6953708642	2.49412249683
109	44.4908829892	78.3742607646	1.26657827105
110	76.9145749492	78.4617382939	0.543024227235
111	33.9918272879	79.5344724207	0.867743247248
112	58.770808718	81.2540358613	2.51119030289
113	83.4880152427	79.5864464674	0.675453514739
114	62.9404339233	81.1765419476	2.31888434371
115	42.374844587	81.4494603736	1.02266420302
116	49.5444737245	82.0270256708	2.07530515319
117	78.195966778	82.8742421149	2.15801364837
118	30.2679721529	82.0399292265	1.78638553963
119	66.9375821736	82.3700066869	1.35488721805
120	54.6153075402	84.0030871718	2.11373319212
121	38.9371443151	84.8597284252	1.4934189918
122	46.8455202084	84.4572365243	0.608562078408
123	60.7918669282	85.9689783324	1.13317575123
124	75.3638715495	86.3974236301	1.34284399448
125	34.5460237993	86.698099658	2.14578297926
126	71.5435285609	88.945680643	1.08264711612
127	64.1367841707	90.6964782169	2.04632518964
128	54.3376012104	91.030265207	1.96315444696
129	40.2278417724	90.6602969122	1.91509209305
130	58.382099113	91.8069285213	1.11581154861
131	73.2807919851	92.7676410948	1.51760720002
132	84.4329782561	37.0197293084	2.34296302578
133	32.7382834374	57.6753506699	4.04897625217
134	71.3618655533	69.4595318738	3.62320386623
135	48.6439423148	42.6731213382	2.48704348245
136	43.3560779575	70.4341070365	3.68412571452
137	47.6826890942	24.5014129852	2.34191464557
138	86.5668990635	43.4683901141	2.91430195267
139	37.5396123923	43.0986173865	2.97338148217
140	21.8997712873	58.6253448488	2.02927723337
141	62.3380519492	72.9611472113	4.65620455727
142	44.9207265242	87.7379915277	2.58765227021
143	65.7973306782	95.1392637668	1.70284578603
144	56.3664017504	27.7595023369	2.35517817623
145	85.9387151713	31.8569971723	2.77510595469
146	82.2509284861	46.2592058149	2.50107747035
147	86.6848263246	52.2261674309	3.62354331442
148	27.6594455092	62.7043674221	2.77634747945
149	75.7951710491	68.3096137401	3.20994326973
150	81.4740358117	77.6469235674	3.27517774613
151	61.1318479058	31.7033765783	3.20329327418
152	74.4490751422	48.1453083937	3.02463702701
153	87.2072313242	47.5573187331	3.09003762552
154	92.699344867	61.8457838453	1.93503743868
155	86.4692813258	69.9093999321	3.15171257254
156	79.3351503265	88.2785503098	1.81295997128
157	69.0998293395	24.3001869226	2.4744702391
158	53.9529535703	78.276361263	4.26316344094
159	71.8898412409	83.6537018863	3.50512106409
160	33.9127162815	33.8577774164	2.86228555197
161	61.2350684016	78.06164989	4.07575388663
162	57.3964535421	17.6271080326	2.29650986429
163	31.7433716835	29.6801483105	2.44832689833
164	65.7189557117	33.8753839441	4.68711187772
165	70.6192788681	50.489634179	2.83855030067
166	84.3091141091	83.7418654123	1.82032419525
167	50.1606391012	19.0203741142	2.25155825176
168	80.0171954095	25.7403207334	3.53600032323
169	34.6774342234	63.4360824307	3.06444907605
170	24.5676429485	70.5979075321	2.318762326
171	89.0939936566	75.69222076	3.16089408434
172	37.3963180982	81.1708213577	4.18026271881
173	30.8057303491	39.9350426209	3.59956683132
174	52.3912661605	45.2507208869	6.1038234911
175	41.4476958886	46.513024721	5.77707691205
176	56.8885633756	50.4178135698	5.41108877645
177	92.6562779323	53.7640655198	2.77593390297
178	66.3778277441	68.3101048207	5.4014000785
179	50.6029833579	88.0346797634	3.93293769668
180	24.4316892895	42.3976077575	4.0138558097
181	56.5449915857	44.3249381328	5.08989189127
182	66.0611211706	46.5221906701	4.22922859345
183	22.9091059696	47.9318878845	2.50225662679
184	85.7103694343	64.0939538851	3.8173034577
185	83.6202969909	72.923919285	4.01754901961
186	51.1451186286	94.5920887932	2.78140255879
187	48.8911462545	39.1963263105	5.02649977289
188	76.7711041502	58.079242565	4.0572157077
189	57.0475875396	89.3849749464	4.91411467444
190	44.4600316872	92.662491129	3.5149965546
191	56.0114969996	31.7505958518	5.58320702424
192	56.1999297819	37.8953352365	4.41377492173
193	31.7042992878	50.7736241153	5.03168455206
194	60.4191840351	67.9791739711	6.60980873897
195	45.4874543717	74.8112193765	4.72643994046
196	56.2680619353	96.3334204566	3.54185431079
197	51.7759040255	23.8314836526	4.20928003775
198	70.2016317603	30.4155669339	4.1706061735
199	27.6452239568	35.3646671133	3.26719339455
200	75.1655511357	38.5400098133	4.39496060188
201	60.13949988	40.7709759253	5.02312754622
202	43.3503580409	49.87331739	5.77627825324
203	51.3228657018	49.6202290807	6.57547128356
204	27.5491673028	77.0622270366	3.51786235601
205	59.2497950543	95.3412567156	3.10260865475
206	80.9197599118	31.9909846871	3.99692884257
207	46.7523219476	34.4515938527	4.91906907327
208	39.4701615591	34.3015024719	4.30522657688
209	90.7329986978	70.5812557683	3.70163339139
210	34.1798726339	77.9599351582	5.82747581104
211	67.8456130202	86.9055327659	4.11233385615
212	43.3751684471	26.6487002662	5.08846096031
213	48.9157768535	30.089726739	4.41527778907
214	43.6386455241	41.6074565869	5.95951516369
215	61.5906689983	46.2209809538	4.66345167562
216	80.7799976926	62.0582469599	7.3844215468
217	53.9176612101	68.7448195639	7.77991774385
218	38.5362698783	69.1988215423	5.47443905413
219	63.297096805	86.8077079758	5.95066063014
220	68.0910058625	19.4843935917	4.78597860325
221	22.8629711799	65.1082668045	4.34986491225
222	85.652514994	80.818406678	4.03793163119
223	59.3842252014	36.1520400926	5.30809743252
224	47.1571356983	63.9696678863	7.56821547231
225	43.9687940791	80.5502585094	4.40048272273
226	40.9021912566	84.6972959176	5.40050935965
227	69.3751320452	37.58338364	5.25402964164
228	90.3064124177	41.6278608458	4.76979141171
229	82.4521544699	41.8794261455	4.2511715089
230	91.490031295	64.8763751391	4.29472244146
231	63.1794988716	18.2654431241	5.1246213964
232	63.0013867475	39.0528733364	6.15234496409
233	35.9867091656	53.6674107943	5.75969193697
234	76.3276403144	29.4319881483	4.9692512984
235	42.1275800176	53.8917319411	6.51373047607
236	27.4230883916	58.0283368352	6.57678726421
237	31.1582746155	72.2781243341	6.04901294767
238	56.7247852704	75.1740427259	7.06433233935
239	76.7432446023	79.506939976	5.45285758282
240	33.619778	45.5333210033	4.47610260343
241	83.5514890798	51.8144487176	6.12734454006
242	83.9500035658	58.001353934	5.79321171234
243	42.0577891947	37.8501030852	6.58912092059
244	91.6036394437	48.7034127238	5.30477655169
245	91.2560627799	58.9809806265	5.73439980159
246	71.7805138026	80.2552364901	6.65764357668
247	79.6766276913	48.7873700025	7.7659932385
248	66.2252317856	82.391110856	7.22560854991
249	43.4845788942	21.2859916482	6.05659889634
250	75.9939877896	89.2422959621	5.08217715304
251	22.8113691396	50.2033452734	6.38778063434
252	50.8739573573	64.8866504481	8.14928986919
253	58.470402644	71.3509261911	7.1252862197
254	63.8382865204	94.1204543818	6.35206446801
255	38.7575400297	24.4666984654	6.89833581706
256	80.6487022648	35.6100813317	7.07577078289
257	82.9543347778	40.5920772775	7.44145881496
258	36.3369578517	41.1601717787	7.08148359537
259	78.419318543	51.6080247676	8.03968499665
260	60.8935373565	59.8984967609	7.98886618052
261	76.3399071588	64.0701472773	7.48320242762
262	37.6891294719	63.2722472797	6.5688376664
263	56.5238449432	64.4580098473	8.51129489241
264	80.1320605207	72.7046558993	7.00217363118
265	74.7084056118	22.5344262774	6.29054586836
266	22.4659734821	58.1053777233	5.8038072174
267	78.5657253395	68.0429632362	8.11784951117
268	58.2960204638	86.1723312083	7.02604574502
269	69.9899749325	91.696074174	6.43334052003
270	57.7393332834	28.6421020299	7.49145983975
271	36.3782712235	50.3711629054	6.7840790294
272	62.2707507244	64.6826478115	8.32889394802
273	48.0066829965	85.0353640146	7.88000405112
274	34.8069601579	27.0688203425	6.79360592293
275	37.8272565873	30.6283923367	7.61586135882
276	82.9784724137	46.4471376946	7.73466213616
277	27.2774329395	52.9032132386	6.4373012277
278	80.025409879	57.0006269015	8.30635705351
279	82.9716233802	67.6998588393	6.74747092748
280	52.4946121348	83.4852064437	8.68854343622
281	36.5876941576	87.2044247474	6.57735131345
282	67.0420187692	26.1573172771	7.44967534517
283	69.1192467353	49.4542646617	8.33924687642
284	29.8871169799	66.9396352975	7.59959856035
285	43.5666214866	67.9205376968	7.90646853147
286	43.7338440058	84.5801994665	8.7249009257
287	80.915781498	85.4693575286	5.5780280577
288	60.8482690751	23.2288133179	7.21196285384
289	71.5483552958	42.8730126285	6.76811354605
290	28.3240949481	46.0413346868	6.86463275209
291	25.5324115804	72.1852545002	6.20128811981
292	68.4366066556	76.1720285253	8.61600139256
293	41.8931565962	90.3970796732	7.70692277734
294	77.7915351692	30.6886484342	7.95703644586
295	79.0585506038	44.7111590912	8.39572333954
296	29.4484330448	62.4482598849	7.81199150622
297	33.3668344132	36.3296600458	8.29541549207
298	31.724075977	82.6321811723	6.87052030993
299	71.7763912873	27.929521565	9.38336874246
300	72.1413654138	67.8300178396	10.5078700763
301	50.0097530191	92.9277129354	7.65738934539
302	72.8439591347	51.1401459074	9.37769784173
303	75.0071699039	54.8482694419	9.20301032674
304	89.5127787892	64.9066259828	7.73193289662
305	35.5402014562	73.9616860282	9.06399886853
306	80.157233693	83.1502063745	8.01332225914
307	87.0055290028	36.5257396036	7.81639603776
308	44.8136201107	56.885733766	10.8413612296
309	75.3969128091	59.7649578416	9.39108657978
310	60.8311520338	82.7267539144	9.73036960173
311	58.1529607682	18.7440455623	8.56374885043
312	53.4514558547	24.0548379672	8.76797595772
313	75.3895965449	72.9025509422	8.90679639212
314	39.1252918147	79.564793023	9.34108902892
315	75.120056147	87.1988281092	8.34917031512
316	46.9595251449	20.6510513827	8.54183630577
317	31.1340330588	31.4738217767	9.04955346491
318	89.6032380058	55.464535015	8.22452421103
319	87.367414368	72.5708110171	8.34525818766
320	85.0206496024	78.2180190127	7.84156551805
321	65.7609429289	79.4246088695	9.15617454084
322	52.6799833818	19.2286461264	9.1602910076
323	84.0445228496	31.8987549769	8.44315406026
324	72.055878126	43.6395841748	10.452379007
325	75.3737197775	47.3638388619	9.91959727697
326	65.0943794073	48.4741414004	10.1456716508
327	67.9576782713	72.5701943368	10.7665669142
328	56.935485732	94.0710277659	7.95158256018
329	81.5290702531	28.7712692772	8.92038166053
330	77.4336938348	41.9420734975	9.54090851253
331	47.3559950023	52.3243070049	11.7833164071
332	32.7040290771	62.4912172622	9.87663534795
333	24.7558925184	67.0384720517	9.14816791178
334	40.0721952831	74.4657456341	10.5998974637
335	46.841759186	81.2745655331	10.2971778069
336	55.8162632174	82.4067487109	9.48719084533
337	62.087574744	33.7288557565	10.5498927218
338	52.4716834562	35.4641358503	10.6452939511
339	25.5205928893	39.9563792517	8.7653619991
340	47.5424409768	43.5761828385	10.8516652135
341	88.6527991219	45.534676598	9.22863613726
342	73.9329681296	35.9079109796	10.3343932609
343	78.291784952	37.8045771728	9.87903326155
344	70.000824194	46.9044262074	9.79326722223
345	66.3404470447	51.9670962377	10.308274335
346	40.4153914327	58.1532761467	11.3369650649
347	33.8726098454	67.5199071225	9.81428819205
348	72.9789828673	76.1271058111	8.66264635481
349	60.073570812	48.6139793324	11.6628285984
350	87.5235819174	49.8398977882	10.1885063171
351	45.058712566	59.809139811	12.1889168838
352	29.4724763782	77.5005577556	9.7453597967
353	75.4402016101	33.4962620221	9.82202148941
354	66.4426878768	41.2979864506	10.5320888753
355	86.8861491267	41.2918069085	9.87504324866
356	30.346636108	57.4597096165	11.1443682104
357	82.3125613841	77.2075810688	10.4398958246
358	42.8005690437	78.5965257886	11.3262208684
359	48.5546020061	26.9370131297	10.7937434828
360	71.9993605858	39.2622160391	10.8706822509
361	55.6473961699	49.4191270177	11.8353141768
362	23.9454545744	61.2110878693	9.86877379177
363	34.6976214739	70.3043340899	10.5145039707
364	62.0490576977	76.8153051728	11.4363271879
365	53.9141525308	78.3970963167	12.0561641331
366	30.7419710372	40.2783621489	10.3447092586
367	66.8379910153	44.4318698656	11.2910981271
368	63.3754269774	54.6409862434	11.9116113318
369	58.3236396593	78.663587006	11.3278979851
370	61.1752255968	44.021615302	11.8413464424
371	29.8221542532	52.3522489162	11.093021137
372	22.7518305623	54.4409250865	9.54329027011
373	72.3569074262	62.0710827104	10.9239581691
374	66.2525178316	68.2221342466	11.8675803471
375	43.2101752064	29.3816418788	10.8054655227
376	69.8497431705	54.1879764724	10.7994103329
377	48.079988834	78.7591463601	11.9362902224
378	28.978662834	46.8261213123	11.0303201862
379	35.2509411847	58.4354746518	11.1877756591
380	62.1786186334	91.7709151262	10.1012853838
381	66.1344787146	60.7235942083	12.7550714941
382	86.8529353793	60.009880781	10.3171250495
383	37.4514687976	66.6322710487	11.7464986966
384	38.7402404287	71.7309049067	12.3753759014
385	62.4888549057	26.1035516374	10.9802678681
386	63.6944170861	57.6854702509	12.7399426121
387	86.9254495963	66.5915435193	10.4568255479
388	71.6465178374	85.861335855	10.996744726
389	77.209518707	26.9427574564	11.1738637223
390	65.2307609121	37.048598296	12.0618221166
391	33.3248367055	48.7043315917	12.0414958523
392	56.2355150014	54.0468647777	13.0504141866
393	42.2829661707	54.9365476158	13.6100668175
394	43.0937937437	72.5119834366	12.402750657
395	62.8835566052	29.1218290161	11.557815243
396	67.9019450897	31.8796314306	11.784310256
397	70.230112278	34.1639091684	12.2699795847
398	60.6043476515	51.3492802444	12.3858630285
399	46.9768911391	90.0513370677	11.156258358
400	47.6260408253	38.561603373	12.6378212723
401	46.0074095973	74.2304563091	12.862339317
402	50.6668061645	75.5492189715	12.8520531591
403	53.5889899188	89.9568229431	12.0377025892
404	83.0201515683	38.4065808851	12.5174931219
405	61.0637042522	38.4180869762	12.7796579465
406	55.7943302246	40.9474602476	12.3371297951
407	56.4761185421	45.6364327815	13.0798388278
408	47.2158752491	47.4563602539	13.3352911112
409	35.0656589598	62.9348915431	12.1363560293
410	67.9714231426	64.7718200951	12.3485044616
411	76.0947885275	81.0958511861	11.8619570704
412	66.8713703423	87.9686192433	11.802585826
413	37.0534866057	32.0623840222	11.9490525985
414	28.6804761581	35.2322537259	11.7930439585
415	35.8720207392	36.6353154507	11.6030983065
416	51.667786543	40.906860595	12.0561847746
417	24.4982975934	45.7383575196	12.3090114527
418	37.1266482638	46.9646077076	12.048349006
419	33.0499372502	53.388584539	12.2025475585
420	84.7667948689	54.8222817941	11.8436607064
421	37.2971431227	55.9334044368	12.3705395425
422	34.3759811141	82.6141733774	11.4072957828
423	38.6620242797	85.5784958423	12.0748122426
424	35.8581494168	39.8410461088	12.7857353292
425	39.3300095054	42.81450998	12.9515776185
426	39.5466069117	61.7912243164	12.7223303851
427	40.2715904238	67.399228849	13.5675329335
428	28.0285205583	71.9376136902	11.5786686322
429	55.9777078777	72.7652948426	13.5700721487
430	56.7233999583	26.7950791176	12.4117156368
431	53.4789951503	30.0187988302	13.11267579
432	56.3157876542	35.3111722689	12.4401154401
433	42.4831088449	48.9992286967	13.4947953265
434	43.7328858595	63.5464037685	13.4252479758
435	69.081931456	23.0589641854	12.4811498793
436	74.0006935339	24.9110895227	12.4373106502
437	41.9671587783	32.8892784886	12.3734074029
438	33.3375912154	43.5526975369	12.9287372092
439	51.36982598	46.2367667626	13.0440881843
440	51.1916246496	51.5780113596	13.0812263837
441	44.9405371845	68.0199875952	14.3399836735
442	48.6173366081	70.2216021376	14.7324264219
443	38.4785394811	51.5717933644	12.3761401469
444	24.4253096801	53.1924956344	12.8160801408
445	82.6100146523	67.2909396866	13.0851231198
446	83.0999254074	71.2319199105	12.0390495603
447	61.4437191236	72.4123448618	12.96008047
448	60.7117211089	88.2286002465	13.0617813881
449	63.7175724215	21.5152623903	12.769978678
450	46.8648716008	31.3255350099	13.5918124109
451	83.8371226514	61.9322044388	12.4743834549
452	59.9302234622	69.5322310739	14.1900985184
453	35.4995604485	27.7365065625	12.7580133991
454	59.3319789983	32.3121659623	13.3989789367
455	48.7826724078	33.5510849635	13.6383837881
456	81.757629823	34.7815800659	13.0547111227
457	44.5480225542	36.3465771204	13.7412025275
458	81.8433340418	51.405484567	13.2775664176
459	57.8334298225	57.2615067457	13.7239314818
460	69.7388120528	81.7134415946	13.7721879307
461	43.0685260864	42.6275732969	13.8541451245
462	82.8703344355	45.9008444002	13.5201908052
463	56.3534675697	61.5813729769	14.1468918111
464	48.8958441426	63.8210956293	15.1066334255
465	54.1600518056	66.294117986	15.3210562854
466	56.8723100377	21.2354993058	13.5804349909
467	48.006474013	21.9959171658	13.2455265474
468	79.1774579148	32.5751090319	13.5735007697
469	39.2550582774	36.6971118354	14.2875349503
470	77.2468088193	76.1533909101	14.0852722011
471	79.702991559	56.8246226865	14.0776754777
472	50.1522325177	57.1552397634	14.4608000746
473	59.4296931432	61.5617983727	15.2412950866
474	60.4987479094	65.3016567997	14.7003367589
475	32.0642505267	76.9343319256	13.7178091232
476	44.2229188521	24.5557250114	14.5737142253
477	27.94701539	66.7297512755	14.0245884464
478	26.6709248646	40.3074986198	13.7014756442
479	81.3610901409	41.7697342292	13.9923061111
480	26.9324342272	60.1577047119	14.814926474
481	42.1763179327	85.2091149147	14.5773668414
482	79.0499634744	62.8318940539	14.5779978032
483	52.5587015215	71.0594213268	14.9570044145
484	78.7402746554	70.2677781726	14.6526616318
485	74.9457776839	30.5551142857	15.4418213613
486	51.6113324826	60.408900359	15.2966554676
487	39.1313454651	27.3351807347	15.2657603462
488	75.5087019408	50.8483745496	15.3494364469
489	76.7969539587	65.479092345	15.6291742632
490	37.0233030779	79.9146396494	15.4397198728
491	78.68975576	44.0392914117	15.5785384318
492	64.3265299084	83.2651731037	15.2260335748
493	48.3150100034	85.3820009563	15.6816936188
494	54.0157306991	87.0068373465	14.8350742907
495	33.762394059	32.7566768705	16.0457578214
496	73.6731953925	72.4755048082	16.1063589844
497	70.4173328894	77.1474461466	15.9221933622
498	71.3030409561	28.2141360197	16.1694002821
499	77.308769034	38.867364806	15.7597987674
500	77.7246378253	48.4413939775	15.5119324558
501	69.8049940079	50.685284901	16.3777648334
502	73.1595901397	60.3503833342	16.4654096353
503	32.6006012912	71.8398947475	16.0481910023
504	73.3912354194	53.5711559663	15.8729058348
505	76.7988983491	58.0956356382	15.3533455085
506	51.4053113311	24.0250549285	16.0621513203
507	59.8422512864	24.4906593467	16.3812994537
508	74.788763956	43.8303835131	16.2303944388
509	27.5348785874	43.7253563136	16.3899147259
510	72.4325604194	46.5987858001	16.2607796883
511	58.2630662773	81.8152311783	16.8581788181
512	69.8165306645	43.4542502492	17.0205402806
513	28.0876748431	49.3994920548	16.9376668641
514	31.5791115461	65.2302148475	16.8529544559
515	59.3774238857	86.1189628862	15.4009358925
516	68.1584006557	72.9465940445	17.4899689415
517	54.3119813242	83.3816695206	16.9416787902
518	66.8363746162	48.4169345815	17.0066966158
519	72.5290270138	55.9428168267	16.7249628079
520	72.7993878054	68.3530350911	17.340519698
521	74.0025159391	36.870762188	16.8933464485
522	64.8604850418	42.7532694166	17.7198529099
523	28.5326886015	54.1848977537	16.9892829287
524	67.1277349095	54.6187926109	17.3656049694
525	31.2940732013	60.9490160361	16.9469170788
526	70.0245450383	64.4622979684	17.8593805533
527	65.54465138	78.6450254762	16.4713818021
528	65.8821092976	28.0770325233	17.2799136916
529	30.7248712288	39.3072387321	17.4758647937
530	64.9964395387	52.4253144906	17.4172895903
531	31.5528293254	57.9285829886	17.453756703
532	35.6127870717	69.8226855486	17.8715764809
533	35.6237972434	76.3544129983	16.6174826738
534	68.3595346789	34.0599573855	18.1396348597
535	68.7556736049	38.4495212214	17.9492021872
536	68.8263782189	57.8441891712	17.4907895999
537	47.2057414857	81.5353595574	17.6749015676
538	34.4818091054	54.8134938873	18.1265258397
539	40.06211829	76.8760898787	18.1024896026
540	58.7608260061	27.9498544935	18.0879912824
541	56.4250381025	49.2841478778	18.7805972582
542	36.526457514	63.1762109415	18.8559912478
543	53.747947403	26.3610362247	18.1355517688
544	48.162106467	27.7870565047	18.1801489556
545	42.921239811	29.6850575763	18.4980952381
546	62.8206713597	31.8121721027	18.2928335936
547	59.5913327148	40.4053275849	18.7775724134
548	62.7125705931	37.8512461335	18.97816489
549	61.2491229336	46.5670646675	18.0836414014
550	61.5303471675	50.5130800639	18.7393478083
551	34.6852720718	51.2068330238	18.648356434
552	36.4492800952	58.9488536502	18.6348403278
553	66.2500852382	69.6786975789	18.6547458303
554	53.4458630702	39.0227074217	19.1996295484
555	34.9153894668	40.0906034112	19.1652138437
556	30.9728811932	44.7372236055	18.5931409805
557	34.0208465115	46.7553973828	18.9051192854
558	49.0200363708	54.7145532793	18.8376957494
559	44.631977914	77.7621005211	18.5969024457
560	59.8734834425	78.1266662273	18.4818476488
561	53.1771989931	78.3180551866	19.0713948518
562	55.949417382	31.9638973666	19.0458265474
563	38.396511704	33.7665210521	18.9432047512
564	50.0659037642	35.6195217739	19.3705973218
565	56.4994809788	43.8851101418	19.0636156653
566	52.8164938777	44.4481763705	19.1239448396
567	44.6858252556	52.0266362416	19.3827817992
568	41.5989746564	58.183522901	19.1751627564
569	63.0536244763	73.8612689691	19.0503317158
570	50.2090496857	30.8382216878	19.3576382957
571	52.6623762467	49.3684079874	18.7149303564
572	62.8447694652	59.0995218914	19.4818414708
573	67.2327855858	61.07457128	19.0461223217
574	57.5652164294	74.8461850653	19.6988469412
575	39.6095629643	43.6873834859	19.8522621538
576	48.6533118957	50.8107876378	19.3778541171
577	39.6221694169	52.0833772823	19.1122801918
578	59.9247859764	54.1319614343	18.9973569693
579	40.5985958978	70.0691849701	19.8561706131
580	44.3316565446	33.4187925398	19.8052809685
581	58.742632132	34.8142934837	19.0635092093
582	49.2292387683	45.5456662711	19.4981861918
583	45.4606086094	45.8322940722	19.6193680702
584	64.1224963823	64.8693795817	19.4728202283
585	44.6264033971	39.7485308377	20.0540183847
586	39.6927486149	48.1418229803	19.6868005329
587	53.9521990334	53.0925494163	19.5468610097
588	43.9120783523	73.2383126548	20.2254616132
589	47.7775105059	76.6978951898	19.5068537818
590	40.3561537182	37.6485198796	20.089405053
591	39.7705330371	54.9400838501	19.1933570581
592	41.9320667738	62.1689126804	19.9325336518
593	39.6654893212	66.3051260147	19.712962417
594	61.0815720594	67.9706706756	20.4828550429
595	47.9641213104	40.7604764433	19.973849962
596	44.6562691199	64.5701908403	20.3225065485
597	56.1350270312	70.3903976288	21.0428180515
598	58.4993693846	56.95397566	19.8980809626
599	54.2185011752	58.6074542457	20.5944126121
600	49.1647442657	69.5080711586	21.1648444806
601	51.4820298479	73.4349594324	20.5743585731
602	49.765282038	56.5458501793	20.8949496382
603	45.2099264158	59.2644052969	20.4505994398
604	58.7394927021	64.2646955677	21.1063963539
605	48.6131821208	60.3593978525	20.9640340957
606	56.409057599	62.2004280826	20.8084033613
607	50.5450723816	63.5374591061	21.5976266174
608	54.1516401783	66.8749584737	22.0052219686
609	46.1974770308	67.0594839893	21.329294646
