1	270755.539368
2	2.96820687198
3	114.390833258
4	81.4924413026
5	137.107264799
6	158.059313307
7	37.851529739
8	91.7662966675
9	3.61147151916
10	212.05678569
11	19.0957705263
12	94.7712615194
13	91.3068219196
14	4.77853737904
15	98.7135548571
16	159.382600581
17	172.266272514
18	79.7096792804
19	13.912895369
20	113.058356489
21	54.4753261211
22	25.987891746
23	60.0809180465
24	9.36409536393
25	9.89708607159
26	85.057965347
27	122.532725793
28	136.960232879
29	42.400329744
30	12.5528501149
31	171.393270493
32	75.3814271544
33	5.73424485485
34	200.71694891
35	11.9739119325
36	67.0741237108
37	117.285524171
38	85.9033988832
39	45.1020412622
40	7.36997495768
41	71.4667023016
42	172.376546454
43	87.6402134306
44	40.4245883277
45	185.471576772
46	3.38173414517
47	111.431815881
48	66.8535758318
49	50.1378845001
50	36.5190529698
51	134.322847826
52	89.615954847
53	196.664381632
54	60.0257810767
55	302.564121548
56	37.382865496
57	110.816119719
58	134.44231126
59	316.844596715
60	175.298805851
61	97.353509603
62	76.4382190748
63	88.1180671685
64	44.7436509588
65	208.5739671
66	591.196968737
67	62.3691022915
68	61.7625956241
69	192.58424587
70	63.8578004749
71	149.862283803
72	577.532189732
73	138.98192177
74	74.8116784669
75	85.5174400949
76	633.312424137
77	132.108179541
78	15.511867492
79	123.984665996
80	62.4426182511
81	69.2244655314
82	269.803572017
83	315.7786153
84	145.543221172
85	115.144371845
86	133.302813885
87	19.4449713347
88	68.2136210858
89	107.002479311
90	417.653356423
91	141.453895915
92	68.5076849245
93	48.8605447007
94	143.907491069
95	148.217364205
96	21.6136921452
97	125.51012216
98	90.4797673732
99	71.2645334125
100	229.617910558
101	19.619571739
102	127.017199333
103	27.5684848791
104	50.0551790455
105	65.9989528005
106	100.193063546
107	217.561293171
108	135.875872474
109	53.4644816755
110	13.6188315303
111	63.4902206765
112	138.880837326
113	18.5260218387
114	74.7749204871
115	63.2329148177
116	132.861718127
117	151.461255926
118	103.979135469
119	62.8561455243
120	127.669653475
121	76.833367358
122	6.55210990626
123	92.7495726282
124	39.9375450948
125	144.477239756
126	49.4211038933
127	155.238138354
128	86.8407273691
129	106.579762543
130	36.3076945858
131	105.265664763
132	170.272152108
133	269.546266158
134	189.514954554
135	118.057441747
136	149.35686158
137	160.273981592
138	140.13060864
139	233.75318329
140	163.306514929
141	266.017500093
142	189.671175968
143	126.383124181
144	174.398235345
145	204.12625154
146	93.6133851544
147	136.271020757
148	221.301417619
149	127.274505192
150	160.393445027
151	142.336087431
152	139.606807428
153	109.55715891
154	59.3181899648
155	108.812809818
156	119.454244981
157	163.821126647
158	186.868380005
159	230.031437831
160	204.898169116
161	156.359256739
162	154.355946838
163	163.205430484
164	217.67156711
165	53.8504404638
166	95.2950627321
167	186.537558187
168	238.27441481
169	156.837110477
170	91.4170958591
171	172.496009888
172	173.093327061
173	296.600139319
174	204.898169116
175	256.405288365
176	170.455942007
177	111.542089821
178	154.962453505
179	254.613336848
180	233.707235815
181	229.020593386
182	155.017590475
183	93.2733738409
184	195.745432137
185	124.977131452
186	206.074424471
187	186.89594849
188	124.940373472
189	225.142626513
190	96.5264550567
191	210.467003062
192	185.903483035
193	168.452632106
194	205.18304346
195	214.004958621
196	28.276075991
197	178.074033329
198	158.56473553
199	153.694303201
200	147.445446628
201	146.618392082
202	143.57666925
203	119.500192456
204	209.8513069
205	148.842249862
206	81.5016307976
207	234.561858846
208	222.2479356
209	130.389743983
210	221.430070549
211	205.899824067
212	273.64478091
213	322.790199954
214	156.901436942
215	200.082873757
216	202.83053275
217	227.798390556
218	169.399150087
219	198.915807898
220	219.362434183
221	177.191841813
222	139.083006215
223	119.647224375
224	200.064494768
225	118.572053465
226	129.553499942
227	254.24575705
228	128.726445395
229	88.246720098
230	83.1649293853
231	167.303945236
232	107.002479311
233	111.137752043
234	136.748874495
235	142.492308845
236	162.341617958
237	173.920381607
238	170.814332311
239	179.029740805
240	219.114317819
241	137.603497527
242	161.119415128
243	267.86458858
244	185.232649903
245	141.150642581
246	155.385170274
247	80.3805124125
248	161.486994927
249	155.743560577
250	115.15356134
251	190.976084252
252	207.4804172
253	99.5681778883
254	125.546880139
255	249.301808762
256	149.099555721
257	113.003219519
258	147.206519759
259	148.419533094
260	217.111007918
261	182.852570708
262	78.3680130163
263	160.007486238
264	172.12843009
265	200.340179616
266	106.248940724
267	161.983227655
268	149.209829661
269	304.447968015
270	134.350416311
271	91.2516849498
272	196.057874965
273	190.112271726
274	143.034489048
275	180.18761717
276	161.496184422
277	202.812153761
278	154.282430878
279	124.967941957
280	204.787895177
281	173.479285849
282	242.685372391
283	85.9125883782
284	151.736940775
285	126.153386807
286	144.982661979
287	88.5867314115
288	267.791072621
289	71.4667023016
290	145.828095515
291	118.425021546
292	160.889677754
293	178.652971511
294	92.115497476
295	86.0320518127
296	128.386434082
297	149.485514509
298	160.67831937
299	245.929264111
300	210.788635386
301	218.719169536
302	122.624620742
303	131.235177519
304	166.734196549
305	198.015237392
306	158.059313307
307	187.971119401
308	102.150425972
309	131.05138762
310	192.299371527
311	146.554065617
312	202.104562649
313	203.473797398
314	151.663424815
315	137.631066011
316	145.745390061
317	205.403591339
318	163.481115333
319	174.232824436
320	96.6918659659
321	107.645743958
322	210.641603466
323	113.039977499
324	112.470228812
325	154.208914919
326	115.364919724
327	248.732060074
328	143.052868038
329	118.645569425
330	144.440481777
331	186.142409904
332	137.90675086
333	137.768908436
334	87.0612752482
335	100.165495061
336	106.690036482
337	196.407075774
338	258.142102913
339	149.35686158
340	177.669695551
341	120.373194477
342	78.8550562492
343	91.435474849
344	119.408297506
345	132.209263985
346	80.7297132209
347	123.626275693
348	141.499843389
349	90.755452222
350	190.599314959
351	152.665079765
352	163.242188464
353	127.311263172
354	136.996990859
355	144.183175918
356	128.579413476
357	173.231169485
358	187.897603441
359	207.728533564
360	232.834233794
361	122.165145994
362	203.354333963
363	73.7824550314
364	199.733672949
365	186.712158591
366	156.598183608
367	74.3705827088
368	107.07599527
369	113.517831237
370	255.164706546
371	115.273024774
372	87.6953504004
373	116.577933059
374	150.386085015
375	192.795604254
376	89.3494594931
377	123.277074884
378	139.12895369
379	135.62775611
380	195.956790521
381	190.32363011
382	106.157045774
383	132.448190854
384	119.904530234
385	100.23901102
386	135.728840555
387	96.5356445516
388	169.242928673
389	121.512691852
390	154.080261989
391	159.152863207
392	185.048860003
393	117.818514878
394	160.67831937
395	158.537167045
396	170.639731907
397	105.458644157
398	122.973821551
399	184.883449094
400	193.907533145
401	96.1680647532
402	167.138534327
403	253.207344119
404	141.398758945
405	159.428548056
406	175.546922215
407	119.463434476
408	101.029307587
409	67.9838837118
410	126.769082969
411	238.421446729
412	159.446927046
413	83.4865617088
414	179.07568828
415	131.915200146
416	164.243843415
417	174.232824436
418	163.058398565
419	115.567088613
420	172.900347667
421	100.018463141
422	156.809541992
423	162.562165837
424	93.5766271746
425	183.027171112
426	165.19955089
427	102.444489811
428	224.416656411
429	188.08139334
430	159.998296743
431	208.261524272
432	137.070506819
433	173.745781203
434	136.408863182
435	239.294448751
436	90.1305665647
437	152.187226028
438	153.096986029
439	110.301508001
440	143.255036927
441	160.816161795
442	176.502629691
443	162.589734322
444	222.257125095
445	110.145286587
446	139.763028842
447	95.7085900052
448	162.093501594
449	215.493656805
450	118.222852657
451	140.939284197
452	162.212965029
453	87.2634441373
454	85.8850198933
455	105.550539107
456	75.3998061443
457	134.350416311
458	163.214619979
459	126.300418726
460	203.538123862
461	234.874301675
462	159.62152745
463	70.2812574518
464	153.758629666
465	247.721215629
466	127.881011859
467	116.35738518
468	126.49339812
469	161.514563412
470	230.435775609
471	176.805883025
472	131.474104388
473	92.4463192946
474	150.863938753
475	148.538996529
476	231.657978439
477	192.133960617
478	133.771478128
479	104.309957288
480	189.854965867
481	244.210828554
482	166.53202766
483	67.0097972461
484	136.105609848
485	130.123248629
486	123.865202562
487	182.218495556
488	156.579804618
489	143.291794907
490	135.967767424
491	105.431075673
492	210.568087507
493	203.437039418
494	133.091455501
495	231.584462479
496	201.387782042
497	144.045333493
498	114.776792047
499	141.086316116
500	90.8565366665
501	108.178734666
502	179.00217232
503	143.071247028
504	116.651449018
505	74.0397608903
506	122.284609429
507	131.12490358
508	98.7043653621
509	99.6049358682
510	88.4856469669
511	186.702969096
512	189.26683819
513	203.896514166
514	182.209306061
515	75.3722376594
516	145.96593794
517	157.011710881
518	146.112969859
519	66.4768065384
520	186.574316167
521	217.542914181
522	174.811762618
523	172.799263222
524	123.773307612
525	94.5047661655
526	220.391657618
527	132.861718127
528	187.392181218
529	163.922211091
530	75.8684703873
531	108.941462747
532	202.067804669
533	86.1239467623
534	225.161005502
535	168.222894732
536	109.46526396
537	234.396447937
538	136.225073283
539	250.312653207
540	130.913545196
541	126.180955292
542	189.992808292
543	110.935583153
544	99.2373560698
545	113.9497375
546	176.530198176
547	194.615124256
548	123.892771047
549	177.201031308
550	122.799221146
551	133.642825199
552	141.674443794
553	136.114799343
554	251.369445128
555	193.071289103
556	93.2733738409
557	170.198636149
558	109.53877992
559	91.6284542431
560	129.332952063
561	188.17328829
562	170.887848271
563	159.373411086
564	196.884929512
565	126.272850241
566	137.116454294
567	210.016717809
568	170.99812221
569	261.330857664
570	153.685113706
571	98.4286805133
572	209.079389323
573	98.2357011192
574	166.945554933
575	180.123290705
576	120.759153265
577	90.3327354538
578	147.518962588
579	167.432598166
580	127.890201354
581	110.59557184
582	157.903091892
583	136.555895101
584	179.829226866
585	199.60502002
586	162.268101998
587	122.670568217
588	195.423799813
589	139.570049448
590	150.340137541
591	95.543179096
592	96.7470029357
593	133.596877724
594	158.371756135
595	71.4207548268
596	130.307038529
597	151.121244612
598	107.287353654
599	189.2484592
600	195.120546479
601	201.323455577
602	74.0305713953
603	97.6383839468
604	89.1013431292
605	119.564518921
606	156.221414315
607	135.848303989
608	125.36309024
609	95.7821059649
