512
513
2
3
4
517
518
7
520
521
522
523
524
514
526
527
528
529
530
515
532
533
534
535
536
516
26
539
540
541
542
543
544
545
546
35
36
549
550
551
552
553
554
519
44
557
558
559
560
49
562
563
564
565
566
567
568
569
570
571
572
573
574
575
576
577
578
579
68
581
582
583
584
585
586
587
588
589
590
525
80
593
594
595
596
597
598
87
600
601
602
603
604
605
606
607
608
609
101
104
113
531
118
125
129
131
132
140
142
143
145
537
154
156
538
160
162
163
166
167
168
170
171
173
177
179
180
183
186
190
196
199
204
205
209
547
548
220
221
222
228
230
231
244
245
249
250
251
254
255
555
556
266
269
274
281
265
287
291
293
561
298
301
304
306
307
311
315
316
317
318
319
320
322
323
328
329
333
339
341
350
352
355
357
362
599
372
592
475
380
382
387
388
389
399
403
404
580
411
412
414
417
420
422
423
428
435
436
444
445
446
448
449
451
453
456
458
460
462
466
467
468
470
471
591
476
477
478
479
480
481
482
484
485
487
488
489
490
491
492
493
494
495
496
497
498
499
500
501
502
503
504
505
506
507
508
509
510
511
