1	55.7454319001	55.1542179605	19.803436571
2	57.2241770275	8.57023452164	0.295874546208
3	50.9458212964	9.85118571475	0.65333434471
4	47.2136468834	10.3157664122	0.544345868991
5	63.1093263128	9.79634756291	0.306043119778
6	42.9706812126	12.231036719	0.38333339465
7	70.2904121323	13.4402915564	0.337164776757
8	52.2099879682	16.1643664366	0.616643782717
9	35.9416564989	17.8935134792	0.695110568677
10	75.861647349	17.4901847914	0.787178233228
11	63.3851735484	16.8016316744	0.522329863068
12	55.1666162089	19.2120065689	1.4423274845
13	30.8449342298	21.298927233	0.297652894562
14	49.035443691	20.8199403137	1.7139534267
15	78.8667390351	21.2511650822	1.84197561466
16	45.1097800985	20.5348317888	1.22067657859
17	66.5318033557	20.8136862015	1.44567228905
18	71.5280723257	22.5562635234	1.41264675694
19	84.9840029829	25.1230634315	1.44088970929
20	74.5616985706	24.1646776562	1.21858733207
21	40.24983325	24.6261607323	1.71998870849
22	50.9490453138	24.354927906	0.369144962506
23	60.0832222979	24.2529847214	0.416683712292
24	36.4766416663	25.0779629861	0.717924536919
25	26.4341157425	27.8048889557	0.801056828856
26	77.2298162442	26.5987425769	2.08865934104
27	57.6921768565	27.2331426236	1.60937898835
28	63.6605118281	27.8787048655	1.53823559432
29	49.203161176	28.46954998	1.18387773576
30	80.35490198	29.4763929812	1.68585574175
31	35.4450677215	30.3662482617	2.03588767014
32	40.2089432191	29.4019328255	0.406374127436
33	73.0385957386	29.8616587615	1.04417808884
34	84.029586807	30.4748251609	0.815025871778
35	47.5596129623	31.6483490578	0.660587115425
36	65.3186827579	32.7940160271	0.578105781058
37	70.6021754894	32.1765955716	0.785769221329
38	57.1398819767	33.0963273599	1.17607664719
39	87.3631840865	33.3851695068	0.900867420996
40	23.3914419301	34.391148577	1.55352013242
41	29.3482413534	34.0370991204	1.31150527768
42	47.8198588805	35.3250084444	1.08299398199
43	43.9958612936	35.3276956326	0.69838872766
44	74.346408388	35.8134518532	0.877622368457
45	35.2755548606	36.1356952102	0.592643170526
46	18.6630915283	38.2276577629	0.455384099296
47	65.6856668757	39.0444392715	2.41517081262
48	29.5198462591	38.4333763989	2.11426087604
49	50.6357754398	38.3345144054	2.2989278817
50	79.5420951944	38.3607962469	1.79777372163
51	25.1921897332	39.0094320469	1.08557247544
52	43.6432896782	38.9940927282	0.760221826356
53	89.0486278691	40.3297084351	1.43136581845
54	39.4403025739	41.0118376432	2.08873710568
55	71.5312582589	41.3795723191	2.09974059552
56	33.9270175684	41.6841220433	1.69992686413
57	60.7205505417	42.6208015739	2.31211460857
58	81.5098748106	42.5844194365	3.21262411017
59	66.0497322883	43.2700244815	0.711196018903
60	55.8027822656	42.9978197261	0.52099584287
61	25.3867755483	44.4061058453	2.37084999943
62	46.3030240088	45.1229326151	1.78958135094
63	96.7904855039	44.4345610432	0.562323491911
64	51.6981544721	44.3970499507	2.80888462745
65	71.4612481722	44.4274445215	0.58471363362
66	75.44157502	44.2770628921	0.816594391081
67	30.9730981725	45.0127523921	1.56993913936
68	16.3583123876	46.5481544899	0.837570085975
69	85.8117167179	46.0507994774	1.56691404784
70	20.9161453403	48.7164236287	1.64614090251
71	71.9691404665	49.702358544	2.07282573346
72	32.8870117649	50.3249300126	1.70236244821
73	66.4727824287	47.7320399313	4.7758094236
74	76.7381501033	49.9061645184	1.41636801635
75	93.2403621331	50.1663212683	0.650870520956
76	26.1894759474	51.9173908721	0.646245204174
77	41.3602943942	54.5735383623	1.83970076863
78	81.0936316204	52.3580800187	1.29927561712
79	87.9227601839	53.3278352743	1.22528768192
80	93.7349686315	52.6015626939	0.574652121665
81	21.1677155057	54.0599685703	1.86130912445
82	70.1174824246	54.8751207718	2.58308946054
83	55.8553970895	59.5032330971	8.06068138596
84	14.0861220757	54.9641831986	0.412269092296
85	31.1440203859	56.67697585	1.32215404247
86	76.0235900671	56.8033035805	0.981295330195
87	18.4224696783	56.2284042642	0.579956940796
88	91.4520871598	55.686440445	1.97546165417
89	82.0299603116	57.0827719552	1.43006335724
90	22.6942416051	58.0705188621	0.901677304536
91	68.9760149355	60.0954237829	4.75587593415
92	36.3841385639	59.4113265537	2.57960939846
93	25.5880158985	60.990542884	1.21147994361
94	79.5801475683	60.2239610914	1.38090969287
95	46.3642770032	65.3382795736	7.91588853548
96	41.6230806371	62.5041513303	2.46823567624
97	86.3750595592	63.5814758048	0.969415889676
98	69.708100151	64.631159175	1.37172335858
99	32.4011241662	63.9632491961	0.770260306074
100	20.4414865313	64.3589784787	1.53885338549
101	91.2933403158	65.8415387574	1.84845626723
102	36.6136475448	66.5053023084	2.45787105808
103	29.1213702447	67.3291959821	1.61290231101
104	77.274599072	66.6061018245	1.28583402101
105	66.4439608019	70.9000688983	7.47641130224
106	53.082391226	72.5773131371	8.23533215467
107	83.7160997685	68.6786690706	3.26285902372
108	46.2100778599	71.8999668517	7.43840722811
109	72.8809419886	69.5321367195	4.23147682857
110	20.9849990693	68.2640492635	1.70838215871
111	39.6982552169	69.0373975177	1.4468757484
112	86.080668586	69.7078378381	0.797030943282
113	61.1368624137	73.9889049804	3.933084333
114	91.1702880558	70.8309877208	1.14470552015
115	70.1296607749	71.1729465512	0.702649839214
116	30.4896720212	71.2065884311	2.0999141879
117	36.6278270535	72.2997701862	0.828257802205
118	76.2882237913	72.532625139	1.28564050019
119	21.7433245962	73.0910801737	1.03038909134
120	88.4946994274	72.3943361786	2.72780432722
121	72.3145836923	74.8717694048	1.3798729824
122	81.2758701224	74.9221064036	2.36999621739
123	42.3524301262	73.9736005848	1.49866087371
124	53.305915658	76.1193715191	1.43558473572
125	33.2178257445	74.8089074401	3.08559323688
126	69.4708305153	77.5244089186	1.21052789246
127	76.3604505725	76.9400355009	1.28026425426
128	18.5911499625	77.2097269061	0.446509824099
129	25.4447041453	77.4573535693	1.47643109448
130	66.2079009599	80.0462200571	4.78763881315
131	86.9407769944	78.9292882349	0.781580998909
132	44.6645253349	79.6055038	1.80967386375
133	38.2155292603	79.9769350777	2.145002103
134	55.4989825057	81.0609658975	1.72184455587
135	60.3173592436	80.9434528734	1.38615126609
136	73.377621205	80.7831012551	2.69496336196
137	49.9900982968	81.4990232718	0.995847101328
138	69.3199888024	82.8577031389	2.80354395992
139	39.1347214232	82.8602847088	0.989558927014
140	29.087147444	82.8257027488	0.749683583792
141	33.6021823705	83.8118085939	2.53361326717
142	65.1529212415	84.9285323906	3.53444643675
143	90.5608674536	83.4399248327	0.461838696599
144	43.6358507575	85.2325128717	1.58766056977
145	55.3670297159	84.7972077007	0.942257519461
146	81.7002112186	85.2863173989	0.780596305147
147	87.0593265745	84.8487092113	1.8146896701
148	38.0556079471	87.5083299076	1.93794834647
149	62.3787606909	87.5160381676	0.783610263848
150	76.9556237092	87.5281169075	1.49025896888
151	33.0887176507	87.6645772654	0.547064542502
152	56.344363866	87.9075544817	2.50354143846
153	46.9596111449	91.4933126578	1.26152864387
154	82.9134555668	90.2547919891	0.735745744554
155	37.3558638762	90.6458328156	0.413969848255
156	70.510830909	91.2419982055	0.884540560686
157	30.9866024199	91.0179502514	1.05712138202
158	53.4945558888	92.8171939439	0.901292947611
159	41.1763219474	91.9592320876	0.489271559382
160	60.2064860457	93.0438173431	1.56165692418
161	34.3829789623	92.915708413	1.25408382695
162	64.1061309989	93.6148082279	0.862346717018
163	49.8405953178	94.1747870841	0.677249668859
164	40.4067176683	95.6332617615	1.20231862226
165	76.2898857043	95.5746215017	0.512143068925
166	70.2929838267	97.2118046081	1.15092734778
167	62.9126604962	97.7530939116	1.80039561994
168	46.7104709774	99.031472502	0.383832074452
169	51.4707620415	99.6703065788	0.514359239156
170	66.4581249128	99.748869089	0.405230079698
171	57.8135814069	100.034538419	0.55458940728
172	42.2264453979	48.3605894796	3.7547149142
173	79.3326468873	91.9525421004	1.46940660727
174	79.7785365009	47.1299035459	2.49760999549
175	96.9824324409	59.4315216015	1.42643404914
176	90.9292625356	61.0867731105	2.57104155661
177	80.3744692617	65.0730794468	2.64574885381
178	16.394785712	66.6658235967	1.96837611158
179	60.7311603637	34.7990284797	2.09810387065
180	90.8679787197	48.0188537814	2.15974845813
181	71.4064341598	87.9319257697	2.84919961888
182	54.7794015525	97.4243148187	1.78270818537
183	41.9072134549	17.4567706183	2.04389805556
184	61.3727001936	19.5591555407	1.78090256482
185	40.7802757077	34.8006726367	2.46563724184
186	53.0068618467	34.6238879451	2.22102336013
187	84.267486898	53.9658982778	3.6238992272
188	83.1506211518	60.9687380552	2.70262565442
189	79.2103919308	70.2605376844	2.48981676011
190	36.2468567682	76.8748887275	3.08663043545
191	29.4159461608	78.2923192825	2.62417812761
192	82.6212609334	80.475116025	2.45651442562
193	59.9508671562	85.1753843626	3.95295893825
194	66.3958435873	90.349023442	3.00562537438
195	61.1057563273	13.8024097072	1.97402124119
196	44.959597607	25.4728574582	2.68963922457
197	67.269591372	30.4986277808	2.78339941373
198	47.4796962172	40.6491697009	2.94522111097
199	36.7640004614	46.554968198	2.97858012585
200	95.9902156965	47.9561109807	1.97486911351
201	60.7527105658	57.5611254782	10.9362393789
202	75.4774154194	62.1609493705	2.6429498744
203	23.9411131201	69.8952494216	2.42225024131
204	18.0349397928	72.8222436438	1.62955748772
205	90.9453381571	78.551480717	2.28137182378
206	50.0865816509	86.0051645499	2.69088217372
207	27.5645412673	86.4450170847	1.84073001245
208	33.0022016916	24.4751216961	1.98220908482
209	45.2488361284	30.787116654	2.54357877019
210	86.67570931	59.4307712416	2.70534780596
211	66.4665867353	16.3203651202	2.7618510235
212	54.1093654987	28.7595890779	3.08664786238
213	56.7154097184	40.3767972346	3.10906194836
214	62.4428578611	47.6429573329	3.66822081568
215	56.1184449913	46.6878795215	3.41889510394
216	96.3257121652	55.2290616694	2.35815175322
217	96.1234250283	66.4987828432	2.07057776533
218	61.2389110825	90.4431923547	4.0401405477
219	56.2836595308	92.150789291	2.55532807521
220	55.325581762	13.1157627962	1.94074684634
221	48.1897774292	15.6692585672	2.50729680929
222	83.7926601933	35.5282788245	2.69885229431
223	24.5524761477	49.0245544479	3.33566421614
224	29.3757521244	50.0394650848	3.26636494844
225	75.4351038078	53.9782219235	3.12122953238
226	16.2326191743	59.5398214299	2.55478465899
227	33.7729219331	61.9366098381	3.46673677529
228	67.8317618626	74.8035886772	4.93472151127
229	91.4215165192	34.7748247437	2.58650571666
230	70.3772159135	36.633728673	4.32442297584
231	20.7185252651	41.2594003873	2.34181805485
232	29.062855562	63.0224683406	3.43361092221
233	78.5725030884	83.0724844667	3.94669914851
234	74.5302265373	85.1149498707	3.31446201835
235	71.3400772589	18.7604011406	2.9627887188
236	49.2644784685	24.399291586	2.5528001544
237	93.8268915219	41.3505255972	2.72005478118
238	17.0922967143	52.173783657	2.82937024888
239	77.2945724046	56.5567458801	4.5676016668
240	24.1306528155	65.6426561462	3.34978638403
241	85.4385835675	76.0992764671	3.83251141991
242	42.0860875337	88.9098435846	3.30365775998
243	57.4225860488	23.5073556289	3.65362504976
244	62.1862289838	23.855146619	3.51302347479
245	71.3406855188	26.7360621805	2.23520800365
246	87.1441799149	30.3759775669	3.59495066197
247	29.3737441233	30.0473671872	2.96550394737
248	36.0169867285	54.6447092094	4.43158281487
249	29.153818072	56.33386725	3.60097944774
250	36.6433110802	72.2517105465	6.45681881233
251	93.7586238183	72.7681983766	3.16541923903
252	56.2196527102	80.4665480472	7.65471275149
253	42.6157025152	80.7354893386	4.94040046638
254	23.6869110193	81.2382839067	2.78661331744
255	52.9080054799	90.5662966679	4.04816208966
256	72.8749211952	93.8796207332	2.80000809761
257	37.4380147886	21.9618886243	3.01520925841
258	75.7657465952	34.7058688156	3.56228806136
259	34.4034447541	34.8630264406	3.75120820673
260	76.8369771206	41.4731674215	4.02875184117
261	38.2629747211	51.5362203712	4.91949567827
262	43.6698045475	55.0989316973	8.49788346213
263	21.3755382136	59.9780786987	3.42424277726
264	25.6353848515	72.8150754616	3.65161590387
265	67.0648302697	95.1596521422	3.21059567739
266	47.7804957224	96.3075486605	2.79421313526
267	43.5782188856	44.575854257	3.95368199064
268	31.6486462945	67.8199467002	4.71442641924
269	44.4644335008	74.732485394	4.87966597268
270	40.3037541497	74.9160368036	4.35052956746
271	46.5556709647	90.2172871968	3.91231453298
272	37.689177078	91.8871751214	3.89449277082
273	42.5087785228	94.1415492084	3.39849580021
274	67.148474615	25.2811043091	3.93745767683
275	41.3761936034	30.1512236982	5.07046322848
276	86.8098177143	42.7747218282	4.73093250272
277	19.5258323618	46.2180144603	3.77750970505
278	72.9319877237	48.3235014992	4.98135838142
279	24.8021894944	53.3918923239	4.66491200204
280	88.2267275713	66.3018429838	4.41484759006
281	41.8286340176	68.408493181	6.79303394681
282	71.9402543215	77.379237077	6.52398757146
283	21.5542342763	77.3323288609	3.17145400206
284	62.4097610599	79.7010832388	5.9000106624
285	76.6186643064	78.4210032631	4.46984686308
286	49.7645176156	81.4687890294	7.39162088398
287	83.007933602	87.4134001932	3.64055760267
288	53.3896435566	24.3297811956	4.2765097651
289	70.630104585	64.6443539378	6.40478245371
290	33.2574739579	89.3832647867	3.69835725145
291	51.2124671183	32.4551203922	5.23758229589
292	47.0883552284	35.8370924328	5.53511792977
293	78.7902840714	73.0055063471	6.02845981129
294	54.0233270758	83.4490876182	5.47608482414
295	77.8136695692	31.5394765957	5.05082210068
296	62.0964324202	32.9588953481	5.83555752195
297	78.7929223266	51.9287730632	6.63024364267
298	88.3725072836	51.7749266647	5.17222320695
299	45.931832392	83.1112527895	5.58658437364
300	72.4267515066	29.0683019833	5.5768390386
301	34.4767897831	81.6973349746	5.8995400942
302	53.5200221747	17.9494953938	4.71081835974
303	25.8077285407	36.3050895088	4.34580262363
304	38.819720127	84.696283319	6.13912667746
305	76.5049315348	90.7650578511	4.9029737829
306	56.2327028927	95.9609914436	4.47783023524
307	38.4225588684	40.2319720751	5.91364818289
308	24.5768385825	56.5915075925	5.5170015799
309	73.8048906168	60.2798649291	7.71189941438
310	33.5762131659	64.5157648652	6.1984650028
311	28.7752041196	84.3363106261	5.09321301031
312	49.0368116946	27.718017559	5.56532363035
313	43.9953556604	40.0956607712	6.70717047511
314	30.0238578029	43.8214396973	6.50479362192
315	75.5209527889	45.9603789233	7.18208050777
316	86.5441776214	47.7936856553	6.24334814868
317	94.2154528774	51.3006922286	4.98226620454
318	46.4124658194	51.2108765904	8.60346754969
319	80.5403237254	56.6497133297	5.99889718155
320	32.5107314235	58.8435765149	5.94203008574
321	40.6216009037	58.9230737741	6.90468145195
322	81.3124485789	79.2767663171	6.16170072148
323	46.1011877751	87.4922037911	6.88142899128
324	42.9789390424	22.9997299132	5.68345044215
325	31.1013422575	39.1022994534	5.45915450592
326	69.3207287437	43.1285594519	6.5234215492
327	57.0747717736	49.6113607653	8.23724412452
328	25.5773308915	67.2291202411	6.31109275638
329	75.5367254383	67.0166345032	8.25090675796
330	85.3140162565	72.4402283955	6.67120225484
331	20.1760776996	72.6413889749	4.90485444046
332	81.1789978112	27.7675593118	6.08217110873
333	34.2329611504	41.0924705921	5.89390399952
334	34.85858772	46.6187040535	6.37294576925
335	69.8411247491	51.6331467063	8.57113019934
336	31.7893539169	52.2590648363	7.14009944211
337	93.6015032332	55.5625264036	6.39825488551
338	79.0359602976	61.885519012	9.14720197811
339	94.4818705667	61.3927516948	5.43317019486
340	83.8837162256	63.2093898442	6.0848234925
341	38.8354838419	63.7538843683	7.83017573463
342	80.6445533018	66.5854697261	7.19088068544
343	30.4872504308	76.4309120487	6.77518934026
344	86.6043450364	82.3044098026	5.61794658033
345	50.5644994886	94.8547469646	5.71150901856
346	76.176368596	24.4103610699	6.37654005672
347	57.7595642392	34.1296689096	7.00029875257
348	65.172590131	37.8211694155	6.86110784143
349	62.004508885	42.1856156497	7.35969981348
350	27.7660269324	47.6879027916	7.25856322223
351	87.9784742549	57.58414805	7.15166959275
352	19.2066873936	63.7746406047	6.34311385171
353	73.651946432	85.4030085591	7.37728290244
354	58.0767398908	19.5143205315	6.04467484078
355	72.7542188281	24.2693375854	6.57199855034
356	36.1636970118	28.4550933402	6.25704474673
357	90.4923781065	39.4777616069	6.07286614691
358	74.4243386388	41.2963396598	7.45522125186
359	81.0004457159	48.5194671982	7.16853641317
360	71.9533577071	56.6058589087	8.94729469688
361	69.195927221	86.480415863	7.98110865658
362	63.0014586908	89.1566160759	6.98516781263
363	66.1491983874	21.2779137444	6.57282727624
364	62.78501037	52.4012081232	9.25047720546
365	26.1133549017	61.0787639911	7.33547316748
366	59.8101102729	70.3638294324	12.2008874496
367	89.8167479418	76.9579818436	6.43975710266
368	81.7407939309	86.5654056057	6.41625528317
369	51.3102955675	88.545292279	8.16258063309
370	70.0397711885	92.5434370325	6.94605542472
371	63.8457446906	94.9484624489	6.23882835949
372	57.2628936793	39.7160324514	8.07731338231
373	52.4003561211	42.1579716336	8.2761935911
374	48.4255676908	44.0761413477	7.84858763176
375	68.8526714705	67.808858639	9.52387348984
376	42.054128383	85.6631909791	7.87575214672
377	49.6801340302	22.368016204	6.91954659835
378	37.6893717098	35.6281112945	7.96702520217
379	82.1659451256	38.4525735418	6.73455943998
380	25.9692752427	39.7221732751	6.97979922713
381	91.8716540008	45.8474027882	7.35646136384
382	19.6757724212	55.8035456905	6.91599636817
383	87.4369883165	65.4454795377	7.80844811303
384	36.2764046527	68.5957839688	8.9915475308
385	28.3516476887	71.7403935253	8.03538686734
386	46.8227497227	78.5457481696	10.2226563538
387	67.9481579449	35.9810884256	8.44414080533
388	54.3946945495	38.1860628127	8.14917453708
389	21.9720322007	46.7932140439	7.05261918241
390	58.5114877179	77.6003889889	11.1789479404
391	35.0683125968	88.2071983365	7.43475710465
392	56.8962386367	88.6571271088	8.63201429446
393	60.3926648463	28.7957373408	7.50617238284
394	71.0977400457	33.3868530664	8.75712177583
395	31.6727632984	34.3169589532	8.15661016663
396	52.2439967007	35.7755694792	9.24366351949
397	92.6326620328	67.4941292687	7.2600902529
398	76.6921432064	34.4785283083	8.47122386377
399	40.6821134568	45.074151138	9.48955062844
400	43.5143010409	60.6945004377	10.1832994992
401	41.8056614301	76.5583077258	8.96787146659
402	80.2218756107	77.8310915894	8.91770799608
403	65.6576246537	30.6566200833	8.86697058718
404	46.5635468857	32.7701647207	8.73252737157
405	42.5374422321	34.9727543334	9.16150929527
406	34.4975163678	78.302905359	9.11629418181
407	39.7596548745	91.0820497918	7.40062470718
408	59.195419845	94.338394357	7.62766266023
409	31.9643875745	59.914988904	8.86806873849
410	21.4726157552	69.2472316113	7.90707673059
411	44.490692135	92.5754235062	8.23827303773
412	86.1908077036	36.0710531925	8.38068891532
413	36.5807893159	49.8233224064	9.74152850578
414	74.225228044	51.8002341396	10.0039744109
415	35.3135417516	55.1707157521	9.75647842534
416	91.7086719321	60.3761597982	9.33031964591
417	28.8231462645	68.070365474	9.59496526439
418	90.3913148426	71.5512156979	8.66775337656
419	75.6703603994	74.0787211249	9.86788688323
420	27.0655364915	79.6004028283	8.34584814577
421	38.6124984038	81.0837052892	9.6634660766
422	49.3644687414	92.7365840108	9.21828959727
423	82.2198763445	33.5266843831	9.05853921773
424	49.4347970032	39.1993608629	10.3616372626
425	61.8411168299	39.9333823861	10.4908187253
426	61.2162156987	47.8550277447	10.4572095675
427	85.3816476813	53.0813091376	9.4260430455
428	32.8790415362	73.602916736	9.89811544943
429	24.8019161244	75.3502887269	9.16550072233
430	85.4708860896	80.9199350111	8.51239966632
431	74.4933700825	82.4510046361	9.98925119413
432	61.1085883096	86.8899289253	10.3816494998
433	62.1438466492	24.1555344537	9.06998839592
434	54.8225042155	31.0663853794	9.50984995822
435	27.7644335673	55.8446790732	9.66199842356
436	62.7694998322	82.3652714394	10.362392061
437	27.8545270578	51.3213043618	9.31003729851
438	83.599031789	67.6661023632	10.5990769168
439	77.3996912697	68.8369276658	11.5814120379
440	82.0433821257	72.2985051955	10.5387987573
441	65.9609159751	86.1113264063	11.4469186143
442	73.5513801702	90.10651364	9.32344739957
443	53.9503410756	93.9806500198	9.05676632774
444	47.3559112988	26.3366944962	9.36750988216
445	77.0425147824	39.4232442243	10.7296416567
446	37.9475854261	60.5321210406	11.1491941196
447	31.2260326595	83.3850886749	9.76045497899
448	78.270960281	87.0150476911	9.74719201773
449	55.8168749449	24.6362203172	9.57326799383
450	42.4507159654	27.5772927528	9.02336927817
451	45.4295665737	44.7149099117	11.4813676186
452	56.1709005331	45.7365646282	11.0767665752
453	73.14785955	46.5461068478	11.2701898755
454	84.3282046609	48.4098234552	10.1438137717
455	90.1209439171	48.8375854711	10.0805025369
456	81.0218288161	58.368979271	9.98314176529
457	29.3226017447	63.3737060944	11.1046810505
458	71.98493591	74.3607726181	12.0474299746
459	76.7317343318	78.8925133863	11.536300274
460	46.9268189987	86.2116910629	10.8864759949
461	69.6966687455	42.603617156	11.3339992718
462	26.1174061098	44.5128857327	10.1753498278
463	23.070978394	50.439911693	9.80316492475
464	40.2790965268	51.3742651551	12.0921451691
465	76.9713033805	56.4694009091	11.7333000022
466	22.1851429872	63.4788646712	9.9908310898
467	34.3509814242	40.5948581051	9.88993067438
468	87.0344739616	41.0472412259	10.1387325314
469	91.4591177834	54.0429280045	9.75705572211
470	84.5468653335	58.168050715	11.7656704068
471	42.4396779279	82.9220486216	11.5910427055
472	36.6688462172	64.2626393084	11.6766015449
473	62.4698686464	92.0913180108	11.1938116677
474	69.4454584407	27.3552599302	10.5195089559
475	38.3697210123	31.483330611	10.4390566089
476	43.8279201168	51.3223518209	14.0003903632
477	84.6839802912	62.8336077719	11.6956566039
478	40.311001558	71.3314386406	11.8885633995
479	63.9076070619	77.6468104665	12.2154305513
480	66.7918492422	79.9927561676	11.8747925574
481	81.9809056211	82.8715321384	10.8703227253
482	51.7997704918	86.8577655357	11.370992416
483	79.219284578	42.763456925	11.4525572931
484	39.0604425811	56.5653356183	12.3744813226
485	21.4700388784	57.3200100899	10.204473779
486	29.0766748426	60.0484289089	11.7205021321
487	72.0875175998	64.5135979738	13.5963986883
488	87.4196130784	74.6911822115	10.9204931126
489	39.9485456243	88.8570284608	11.2198544882
490	81.2119923966	45.8874415439	11.2613899809
491	34.5373580058	85.6412714199	11.0775115858
492	46.626014986	91.2089627874	11.8821905807
493	66.6964878342	91.3913346761	11.5287214796
494	57.1098417373	92.8850442046	11.5135049082
495	75.8740557194	31.0712779654	11.2101308001
496	31.2835330993	37.9940336032	11.1115946065
497	72.888788454	38.6021782891	12.5105861106
498	61.9627965862	44.7709138873	11.8680683114
499	87.2280971598	44.3910106566	11.2550337832
500	46.202983526	60.6545130252	15.4977547409
501	55.8667636616	86.9101328131	12.5451290826
502	35.3923381193	45.0589308843	12.6306000174
503	33.0780415956	71.5467215097	12.5054366458
504	70.0920551667	82.7168471632	13.4732197932
505	55.6970238448	28.2994464422	12.1050734818
506	40.2268566147	39.8798383527	12.6171028717
507	32.4409052539	49.0058484816	12.4603243667
508	66.2412603094	49.6183734781	13.3845236516
509	75.340113256	51.2106044972	13.0199834069
510	69.1358451064	59.2197860458	14.9790922846
511	76.1565410767	63.715959787	13.9067308854
512	32.3998665874	66.5571908535	11.9701614535
513	41.900844654	65.6395582994	13.8139956079
514	36.6404241368	77.835991209	12.2032179781
515	52.5809661591	78.6348207004	13.6111522793
516	52.0283506086	34.2931180413	12.8324750914
517	45.4073334605	37.3784333825	12.6669004487
518	31.6111998266	53.4778910294	12.7569507153
519	89.5463330049	66.3775484159	12.2728559656
520	62.5412809664	27.9719191678	12.1813200056
521	44.4918150885	31.0977313554	12.459138155
522	66.2050935738	36.1180930367	12.9648296344
523	81.4186819605	38.0591911644	12.8221236147
524	51.4958404076	43.2185551344	13.2613948082
525	48.5888948637	48.6400457692	15.5862360201
526	52.4392044241	50.3387953743	15.5936836473
527	42.8746021732	80.1907456134	14.454820238
528	60.2990704291	35.1069073027	13.1739886021
529	56.4008890602	39.2854051521	12.9540666893
530	24.3006587434	53.7032501773	12.4384784395
531	31.8413952905	56.6510071563	13.6460872885
532	81.9022374931	68.8270186157	13.542156931
533	84.5161371668	77.190034297	12.637030134
534	51.8690436562	84.4624287005	14.5476958407
535	49.6195727088	30.3918079004	12.9698431089
536	29.7769793283	42.6901479411	12.9325500097
537	81.3176694279	53.6731889753	13.8321175325
538	66.4024643545	54.6742860623	14.3666096308
539	65.8522606076	67.690558161	15.5417008842
540	70.2757857854	70.2266840735	15.0863986407
541	79.2593169616	73.4909965538	14.1391000995
542	62.6565941024	74.3682321952	14.8056918178
543	40.0793981265	77.3131838803	14.6167806512
544	24.0457035907	58.8372335109	12.8876398101
545	50.7520529523	72.5663712371	14.9774109989
546	59.7114494983	85.3075360704	14.4913778134
547	67.750970342	42.3217385129	14.3640104786
548	69.7326737372	48.8931020604	14.5529149947
549	57.3151477201	58.0767400689	17.1187559056
550	73.8768864062	58.5749680999	15.1035873519
551	89.4357884953	60.2674206837	13.3769840385
552	87.9189509104	69.2211313813	13.4494100605
553	26.1934237681	71.8013337024	13.3373565611
554	67.7004615807	76.001677737	14.6273330194
555	75.0582559699	78.8387127362	14.6855731733
556	30.5410867938	78.816817426	13.3764704682
557	71.9177180861	89.0372161009	13.083959352
558	88.1262051297	49.8594592103	13.147582585
559	33.2188713886	61.5910543814	14.3779447126
560	25.3936443342	67.2555080901	13.3497811722
561	28.5573357806	75.8521434537	13.1905078254
562	47.3625424243	83.0484205024	14.6676028194
563	38.8767859371	86.4069951919	13.4599291824
564	57.5521990438	53.0808493985	16.2260284278
565	80.7963130651	80.7884922513	14.2241968818
566	84.4275434311	44.3171304114	14.0794655836
567	59.0285737197	74.2543656687	16.022539248
568	62.6029016286	40.8437293391	14.2990225316
569	63.3348844576	45.763284197	16.2690329972
570	62.4556008821	52.3236625231	16.9914749748
571	42.352349955	57.4455151533	15.501692891
572	35.0614710586	58.6634802984	15.8957509096
573	36.096295465	67.4013138334	15.8283235501
574	36.4319764143	72.7999865322	15.4733117049
575	43.9512138127	88.1181810854	14.9450534651
576	76.0444514877	35.5929704795	14.4179253191
577	41.3920669871	42.9735112711	15.5718560225
578	72.8079033356	43.1555609057	15.9966352846
579	77.2252591627	46.0134783541	14.7779067988
580	38.2662956119	48.0741131073	15.8050317565
581	35.7222024071	53.3167514013	15.7775944654
582	87.4920015965	54.7353074153	14.9748147738
583	69.0142668326	54.8136378596	16.670495827
584	85.5402445692	72.1058872004	14.971928526
585	76.5643667378	84.7191603361	15.1312217611
586	59.6414324539	90.8745735723	14.8550524005
587	64.6355134781	31.9796369272	15.2269759673
588	35.4143309563	38.3716384052	14.5642985797
589	27.6899768416	50.0272998816	14.5177127426
590	80.1602042941	67.131973352	15.9577328602
591	45.0379215153	77.7527692499	16.5183516864
592	34.5026324979	82.4834157354	14.5440417106
593	48.796555625	90.21366615	15.0052572152
594	53.6324739691	91.313635936	14.4312042079
595	40.4995662991	35.6227361286	15.1152635656
596	46.1581146171	39.8048365998	15.8296314918
597	57.698431226	42.6808614452	15.8258134011
598	25.9904193609	62.0571704733	14.9576786901
599	62.9048333454	65.180276925	17.8637488593
600	41.1103753048	74.0492640922	16.9314633706
601	70.7682623414	79.7107125814	16.6202083112
602	71.0523206062	34.1496064659	15.3437543487
603	55.6554707498	67.3589802002	17.2870981373
604	54.7064722754	82.9139058649	17.2460473037
605	55.4041503413	37.5644007233	16.1892941765
606	56.9002810171	46.5037791996	16.4354045048
607	80.3801654048	60.3257003367	16.362410692
608	69.4181400756	65.4358623342	16.3908612811
609	56.7007734034	31.8149789442	15.4441387379
610	49.2196140553	62.8193562682	17.0398145383
611	63.2631059056	89.4805514688	16.6146495499
612	60.5078568501	37.8339332558	16.3477125725
613	51.7097844472	39.285964616	16.839714932
614	66.103027861	38.7206690409	15.8864737085
615	76.5402631135	49.2072893473	17.0342663187
616	54.1478479221	55.8577247834	18.1567489981
617	27.434359922	56.6439929705	15.7423859922
618	75.8449379617	73.1756293948	16.8019903227
619	62.975585271	82.3397986651	16.8317446378
620	70.1112882221	87.9043374098	15.8889833444
621	50.715091155	80.0678593126	18.3054662805
622	52.381577608	44.5381498967	16.6441819493
623	43.5721222937	46.5376126594	17.2741669624
624	78.4651971598	54.6172547266	17.2793186846
625	37.7134401245	63.1351954988	17.5579535705
626	44.6327150362	73.0579474569	18.940161572
627	32.5193904891	76.419120046	16.3510418544
628	79.9038303248	78.9257729605	17.0961021864
629	58.6139129474	80.8432120549	18.3471328144
630	47.1619371227	43.3832041151	17.5212490245
631	83.3297528774	46.5912607766	16.4450815427
632	30.8343394435	47.6076002544	16.8079319163
633	58.4856853904	50.1426459207	17.868680613
634	64.1199331431	61.3064562655	18.8399087463
635	53.7795436569	63.7847321334	18.30791596
636	86.4048954719	64.316555693	16.9510053301
637	29.2000318657	65.2189031162	16.8183687391
638	40.458765823	69.3306576005	18.562715746
639	30.3836524254	70.4869924504	16.8733414476
640	45.9585330904	35.477674038	17.0136484349
641	79.0489511082	40.8850101208	16.6865272775
642	84.244408808	51.2443699754	17.3543115774
643	36.5538621043	79.7957491704	17.5201785035
644	39.7096981161	83.9105091999	17.2102660509
645	66.5881238824	50.9392572757	18.2866977097
646	39.0538852427	55.0842625249	18.5637060561
647	85.895776122	59.4679797827	17.6911627578
648	77.5474919034	67.9645571813	18.0625553362
649	83.0913414171	74.0086266334	17.5551778914
650	66.2848610091	79.8902840409	17.9862610052
651	57.2405090739	88.7084601845	18.3586296318
652	74.8089415356	53.5745934757	18.6685205547
653	52.3489105185	58.7686884813	18.8492035494
654	74.4072145932	70.3721402416	18.7837090508
655	48.6843141816	75.7002462127	19.6337125131
656	35.3352858834	43.5854354926	17.9246413178
657	40.6758921002	50.217023991	18.8819558461
658	77.5194139916	62.9201628007	19.2823336316
659	84.252818145	68.245602462	18.0815157815
660	51.8387984943	89.0975333163	17.8338347796
661	60.4438732788	40.5046739448	18.6875530024
662	70.6892599642	46.67120033	18.8173129997
663	30.6173051882	53.8533500584	18.2741778446
664	40.9140397041	59.5619170834	19.6024625363
665	29.7938553393	59.9893366049	18.2148035849
666	70.9658077098	75.0353735403	19.2931736868
667	66.0844027599	87.1455949592	18.6512027491
668	50.189115247	35.1270624675	18.3535954797
669	76.1661002434	58.8999884136	19.7734294519
670	41.0459460643	64.0366901403	19.5278084387
671	42.9649156721	85.0635421122	17.9612415114
672	66.3025109044	42.5803868313	19.0125222086
673	47.2554918987	86.2980541787	18.8426421468
674	56.589386313	33.9981841147	17.9447559191
675	41.0954262074	39.8992424616	18.9638873338
676	54.6429142164	42.0871856563	19.7818207747
677	46.2711372538	49.0531363294	20.4476087027
678	44.5285134432	68.7089605341	21.0925627297
679	56.9109786595	77.5845374388	20.3606594086
680	75.0539198828	40.3868652157	18.8593475475
681	60.9476302967	43.5731790435	20.5072018244
682	77.942780899	44.7105736646	19.595113131
683	71.5571175975	51.0507128495	20.3509781342
684	73.4196848905	64.5195531082	20.367456839
685	63.4065210984	76.7440076409	20.8971455057
686	74.4686645195	82.9971064823	19.0804298315
687	63.7811112563	35.8744134305	19.1934576528
688	69.9266533514	38.3409896871	19.2626216858
689	48.8917263383	45.4888614283	20.0941264581
690	80.783774261	48.9019577809	19.4846760968
691	33.8839179328	50.1537970537	19.7652089628
692	34.5197825672	75.1813025723	19.5354899859
693	69.3519990217	85.0125820972	19.9821486244
694	32.7573236975	64.1580900094	19.9246125461
695	52.9774917139	74.843417824	21.3949370157
696	44.7762599569	53.3598818862	21.0645075612
697	71.0462110988	55.8262895396	21.2862973881
698	83.5156708861	57.4424569249	20.1981412987
699	49.5777994226	70.0812393787	21.6022937869
700	38.7592697265	78.660763418	20.10701355
701	70.9195546208	67.990287943	21.3477003842
702	67.0633660513	71.7203135046	21.641158057
703	38.2877066952	45.7292875254	20.7642344299
704	45.7081072337	56.9220228047	21.2840833106
705	45.7254543173	61.9742579711	22.1972907758
706	78.8049971185	75.5603089271	20.7173324511
707	55.2689801489	36.9449107001	20.9740854904
708	59.0671734391	36.9010323797	20.8976942236
709	66.1153620257	49.7489974821	22.1749774879
710	34.0637597678	70.1992086134	20.5720473785
711	59.8815507321	86.1281142615	21.2986575991
712	62.3977084829	47.1802863221	21.7370347396
713	33.4330549093	56.6488927041	20.9088787766
714	70.0074488181	59.2194244835	21.7922399898
715	43.3021723486	81.4408255775	20.9006816755
716	52.6895176449	48.0430829384	21.971388156
717	82.1692629079	64.2244234239	21.3169681718
718	80.101324936	70.7418807939	21.8420651504
719	75.5189485215	78.4068749203	21.1679743124
720	50.2176527043	84.7959994245	21.6437040025
721	55.0086097704	86.9370468172	21.0442672354
722	43.4144649192	41.7765663684	21.1686525262
723	50.8247775103	62.7219448838	22.8528739121
724	67.6395390833	64.0209153806	22.6302486526
725	59.5906665759	73.2129597842	22.3663339495
726	57.3580486988	46.7969721783	22.2128986473
727	61.6306253885	51.5973052417	23.0694496741
728	80.6828405329	52.7217500051	21.4175512561
729	57.7559395033	70.1959396416	23.4274879828
730	72.597486806	81.9528276377	21.7074601169
731	48.2338536291	40.8845090084	22.0109813684
732	55.854589225	65.2831753124	23.743762399
733	64.7034025455	68.5999242143	22.7387560469
734	53.2390373612	69.128183018	23.3493095183
735	37.6616608181	73.4964868722	21.9338767347
736	49.6394234893	55.1668572719	23.1499536813
737	64.962994971	56.9507704066	23.4056052771
738	36.8615952524	66.4674911223	22.6281749413
739	52.3423412364	39.7152369475	22.750444975
740	71.9313256876	43.8263824743	22.566453633
741	75.7096860915	48.0800639244	22.7879547916
742	56.6651971487	51.8877754749	23.4839267312
743	60.0628927651	58.0498662847	23.5686096053
744	47.8362021568	65.794029129	23.1450354584
745	40.95260163	75.4773697359	22.9971243905
746	65.2730298321	84.1195199481	22.5791371569
747	52.3492453229	57.1000096054	24.0244630414
748	80.1308257584	58.4832352497	22.7414631023
749	55.7302337001	60.5304280286	24.0901772043
750	65.1713597674	40.3207969788	22.8037275775
751	37.2320079424	52.3550166749	22.5393456017
752	37.1266695631	59.6250450769	23.2893761225
753	60.4998236194	65.2809199061	24.1308847677
754	41.2490054239	47.3805203172	22.9307944023
755	55.6815168256	55.1479349031	24.1143493068
756	63.5985069836	61.7846570875	24.5552569971
757	69.6645269439	79.6321987798	23.5648014389
758	46.2247303582	79.8151420447	23.0706997863
759	62.3463279808	82.4011109192	23.9744935224
760	53.9341140946	83.6590258565	23.6054676254
761	44.8588127938	45.8246341471	23.8520715795
762	78.3467278497	66.892721673	23.8319957302
763	76.6123060111	53.1467406988	24.1664370048
764	40.0982021502	55.3167086142	24.4343199537
765	74.1638469917	73.6752112436	24.5350294079
766	58.5907888063	41.1589033959	24.2854654949
767	44.0541931843	73.7618653312	25.0644878778
768	39.8848796392	63.9149962812	24.8692665212
769	56.6624971053	81.8331816406	24.7090378232
770	65.8903052099	44.3928480867	24.965669866
771	78.3379004721	60.9088013599	24.6393938245
772	41.1395347821	68.8108172421	25.1179187666
773	49.7598620072	44.7616596326	24.7244523421
774	52.5042382192	79.4351421556	25.675957219
775	71.3886816626	48.5371981972	25.3389201979
776	76.0848771138	63.4617563104	25.4451471775
777	66.6356316084	76.8839904826	25.9341668108
778	60.2727242177	79.4190993782	25.9514956546
779	42.6526708863	50.686900839	25.2026901081
780	75.6813038103	68.8956580017	25.4718995447
781	70.6942545176	74.0607134678	25.9972865535
782	48.6357412186	76.2251106158	26.1253350779
783	53.8028207039	45.1232865699	26.1374328474
784	59.5753084683	44.3496393777	25.929754463
785	74.9943476047	56.34069672	25.7745337153
786	48.8976021819	49.54450175	26.4745999068
787	42.9379650801	57.4875186067	26.2549046685
788	73.5776223445	60.4346193547	26.3540971709
789	70.4014551043	52.9057425267	26.8007259127
790	44.6141516545	63.6370147805	27.4902348962
791	66.0917298934	48.8343356723	27.3437589869
792	72.4243607526	64.7569642124	27.1249876916
793	45.9501172381	67.9286535948	27.301930031
794	70.1011425243	68.1556989357	27.6714679031
795	46.6706024781	72.2730046638	26.8555840734
796	63.9333628246	73.5502806442	27.6315564946
797	60.181005724	47.6240644568	27.4594246709
798	70.2459649342	57.2240931855	27.7309038944
799	54.6491704893	49.3553648763	28.1068976701
800	48.0837047756	53.6774735216	27.8452724048
801	56.8311222889	74.9480682078	27.6825809494
802	61.2323732139	76.7986397358	27.2654226835
803	68.1842628947	61.656122647	28.3729608164
804	67.5245840721	70.8791764182	27.8888875756
805	66.0290699055	55.01548529	28.5762637744
806	64.3501764788	66.8478533157	29.0414351067
807	61.3985842268	51.4227000441	28.7971087744
808	45.9218663979	58.2345572539	28.0335786468
809	49.4635357994	70.7432952786	28.240267114
810	52.6605326643	72.4417108072	28.4447359563
811	50.9978999341	66.3786148367	28.8198805401
812	56.4532659101	69.3147149546	29.1322901252
813	54.0334047203	53.3078574251	28.8790126278
814	50.1108445646	58.3952920465	29.0749352123
815	61.4215414236	70.7792145922	28.5812185095
816	60.4715215973	55.9301304418	29.2920843382
817	53.9932536471	64.0254961734	29.389001825
818	56.3601852894	57.5527681479	29.5735259655
819	58.5274711874	66.2760682277	29.5349079172
820	64.7442707324	60.926627498	29.7123167671
821	51.7083907021	61.1808364087	29.2097186765
822	60.6783364886	62.0661590566	29.5900838124
823	56.972911543	61.6163941704	30.1554625616
