0	6.270647
1	6.270651
2	5.792533
3	6.212594
4	7.244316
5	6.660909
6	6.354236
7	6.345625
8	6.658383
9	7.437074
10	6.813994
11	6.433826
12	5.674940
13	5.735726
14	6.319325
15	7.373940
16	6.053480
17	5.906416
18	6.386662
19	6.701990
20	6.035771
21	6.446308
22	6.179003
23	6.951125
24	6.655775
25	6.444767
26	5.612004
27	6.179698
28	6.090858
29	6.410038
30	6.076346
31	6.366556
32	6.043142
33	6.192266
34	6.692900
35	6.750973
36	7.658234
37	6.530123
38	7.108338
39	6.610425
40	6.219245
41	6.685458
42	6.478196
43	6.095518
44	6.431247
45	7.279484
46	7.509596
47	7.215995
48	6.869772
49	7.372943
50	7.559860
51	7.516425
52	8.218335
53	6.565571
54	7.312226
55	6.626472
56	7.502405
57	7.549591
58	8.285545
59	7.312218
60	7.031781
61	6.846076
62	7.143423
63	6.869717
64	7.044214
65	8.397928
66	6.759751
67	8.123184
68	7.783014
69	7.904185
70	7.456166
71	7.799440
72	7.124520
73	7.801722
74	7.609553
75	8.272183
76	8.103026
77	8.381818
78	8.221766
79	7.649274
80	7.245308
81	8.308270
82	7.972681
83	7.185963
84	8.187527
85	7.790240
86	8.237455
87	8.467830
88	7.262098
89	6.860506
90	7.535842
91	7.603326
92	7.936477
93	6.675188
94	7.366337
95	7.888343
96	7.691203
97	8.385613
98	7.017200
99	7.623423
100	7.065873
101	7.397045
102	7.700084
103	8.367197
104	7.340524
105	7.352442
106	7.836363
107	7.094151
108	7.516528
109	6.834526
110	7.471873
111	6.310833
112	6.859764
113	7.406280
114	7.814867
115	6.932193
116	6.573650
117	7.638283
118	7.112672
119	6.700284
120	7.094734
121	7.591442
122	7.058903
123	7.370657
124	8.135075
125	7.834447
126	7.269509
127	7.103499
128	7.365548
129	6.745046
130	7.248566
131	7.420845
132	6.883733
133	7.350245
134	6.759440
135	7.165936
136	7.024277
137	6.954971
138	6.827720
139	6.727331
140	7.152740
141	6.959654
142	7.423325
143	7.201615
144	7.674599
145	7.821752
146	7.520893
147	7.978848
148	7.122234
149	7.950134
150	7.125655
151	7.201508
152	6.262116
153	7.299128
154	6.926191
155	6.624715
156	7.222246
157	7.334432
158	7.732665
159	7.263784
160	6.492111
161	7.643516
162	7.870984
163	7.458988
164	7.121102
165	7.875354
166	7.785738
167	7.864335
168	6.932379
169	7.280922
170	7.771622
171	7.364171
172	7.218309
173	7.176277
174	8.093879
175	7.505174
176	7.056890
177	7.704509
178	7.262086
179	7.959471
180	6.654245
181	6.768501
182	6.833491
183	7.369949
184	7.022392
185	6.650883
186	6.748020
187	7.304839
188	7.672665
189	6.944013
190	8.034079
191	7.210748
192	7.319851
193	6.677940
194	6.601469
195	7.377175
196	6.591671
197	6.444501
198	7.716654
199	7.201014
200	7.274320
201	7.714876
202	7.037536
203	7.616569
204	7.358301
205	7.231420
206	6.961904
207	7.524771
208	6.924993
209	7.892301
210	7.294582
211	7.338568
212	7.550232
213	6.957047
214	8.081890
215	7.749922
216	7.066501
217	7.697493
218	6.649559
219	6.504399
220	7.081419
221	7.347822
222	7.361801
223	7.955996
224	7.161962
225	6.186096
226	7.112926
227	7.456021
228	8.249227
229	7.084042
230	7.068905
231	7.508683
232	7.696499
233	7.731342
234	7.073939
235	7.011390
236	7.229702
237	7.152154
238	8.643826
239	6.784927
240	7.904492
241	7.554685
242	8.595037
243	8.053610
244	7.153328
245	7.765863
246	7.481213
247	7.306091
248	8.394726
249	6.983189
250	7.737960
251	7.317330
252	6.615702
253	7.512683
254	7.529520
255	6.763362
256	6.607430
257	6.564175
258	6.778905
259	6.439198
260	7.395270
261	6.740333
262	7.236710
263	7.284601
264	6.426598
265	7.315791
266	6.799360
267	7.674720
268	7.338836
269	7.243647
270	7.354843
271	7.340637
272	6.977761
273	6.604586
274	7.294335
275	8.183068
276	7.340576
277	8.020043
278	7.268797
279	7.639204
280	6.728720
281	6.791446
282	8.140325
283	7.155650
284	7.437160
285	7.219240
286	7.152443
287	7.104498
288	7.383780
289	6.656428
290	7.173769
291	6.758265
292	7.517465
293	7.816978
294	6.955843
295	7.098804
296	7.619619
297	7.462510
298	8.203984
299	7.608824
300	7.073083
301	7.446023
302	7.208112
303	6.858936
304	7.700084
305	6.949280
306	7.368155
307	7.809692
308	6.942832
309	8.257831
310	7.456735
311	8.115405
312	7.796773
313	7.495903
314	7.367508
315	7.409813
316	7.328664
317	7.557286
318	7.051224
319	7.696498
320	7.395311
321	7.280956
322	6.895841
323	7.416934
324	8.021111
325	7.055679
326	7.547544
327	7.924247
328	6.867000
329	6.176610
330	7.109464
331	7.797235
332	6.946896
333	7.360889
334	7.100368
335	7.516124
336	7.487916
337	8.053332
338	6.734180
339	7.099920
340	7.570199
341	6.619640
342	6.977890
343	7.159040
344	7.314686
345	7.818360
346	8.080842
347	7.404222
348	6.898543
349	7.658226
350	7.335307
351	7.627851
352	6.959686
353	7.913657
354	7.020901
355	7.792731
356	8.029051
357	7.477257
358	8.143552
359	7.491476
360	7.430048
361	7.901686
362	7.913851
363	7.538623
364	8.047103
365	7.421665
366	7.849616
367	7.242339
368	7.453416
369	7.693517
370	7.734766
371	7.037597
372	8.177680
373	7.843384
374	7.099905
375	8.371934
376	8.176167
377	7.522648
378	8.010655
379	7.702522
380	7.553928
381	7.550631
382	7.906081
383	8.162880
384	7.348531
385	7.466922
386	8.519641
387	7.610676
388	7.397799
389	8.061795
390	7.236931
391	7.783459
392	7.757977
393	6.733238
394	7.371679
395	7.221973
396	7.695317
397	7.133964
398	7.623314
399	7.479434
400	7.306459
401	7.726511
402	7.794390
403	7.449270
404	7.890097
405	7.109622
406	7.825239
407	7.245040
408	8.054250
409	7.347522
410	7.704890
411	7.703798
412	7.499956
413	8.583857
414	7.939929
415	7.502694
416	7.258086
417	7.717239
418	6.875724
419	6.958980
420	8.177078
421	7.693271
422	7.351538
423	7.443685
424	6.668983
425	7.362545
426	6.883577
427	7.971052
428	7.240451
429	7.797589
430	7.208616
431	7.884885
432	7.198514
433	7.605453
434	6.780136
435	7.424234
436	7.353712
437	7.383427
438	6.999331
439	6.939728
440	7.395536
441	7.937059
442	7.850796
443	7.435037
444	7.231055
445	7.735537
446	6.810265
447	6.639497
448	7.392199
449	7.645168
450	7.025424
451	7.240637
452	7.269430
453	7.489627
454	6.950458
455	8.592708
456	7.276116
457	7.231280
458	7.767409
459	7.263296
460	7.959308
461	7.620452
462	7.427263
463	7.640240
464	6.567586
465	7.095298
466	7.446720
467	7.228730
468	7.537964
469	7.481316
470	7.347276
471	6.994889
472	8.019502
473	7.758782
474	7.710989
475	6.978986
476	8.148281
477	7.275618
478	6.815342
479	7.801801
480	6.824955
481	7.987126
482	7.225001
483	8.353668
484	7.540751
485	7.325713
486	6.734926
487	7.735173
488	6.790189
489	7.836356
490	6.705071
491	7.481537
492	6.820541
493	7.219235
494	7.537347
495	8.008576
496	7.680559
497	7.558471
498	7.303380
499	8.168390
500	8.242610
501	7.653916
502	6.924286
503	7.880260
504	7.020698
505	8.002580
506	7.654203
507	7.694179
508	8.447159
509	7.990650
510	7.214046
511	7.579903
512	7.062831
513	7.647975
514	7.363653
515	7.968827
516	7.357009
517	7.522321
518	7.555903
519	7.558047
520	7.512403
521	7.579926
522	7.043445
523	6.970687
524	7.064300
525	7.246912
526	6.740373
527	7.178051
528	8.194203
529	8.301186
530	7.508908
531	7.817895
532	7.193209
533	8.185895
534	7.661032
535	7.180866
536	6.679185
537	7.821471
538	7.164196
539	7.172346
540	7.419988
541	7.576409
542	7.809724
543	7.631106
544	7.366392
545	7.823975
546	8.025872
547	6.836699
548	8.342052
549	7.905784
550	7.536166
551	6.846961
552	7.989675
553	7.832039
554	7.301651
555	8.013650
556	7.455343
557	7.881052
558	6.941651
559	7.216356
560	8.185331
561	8.148950
562	7.936907
563	8.119203
564	7.480393
565	7.804604
566	8.363145
567	7.673415
568	7.771313
569	7.194477
570	6.917410
571	7.071154
572	6.405357
573	7.489874
574	6.940584
575	7.630062
576	7.343477
577	7.237497
578	6.887467
579	7.757772
580	8.027293
581	7.687841
582	7.871304
583	6.450535
584	8.116666
585	7.757282
586	7.622219
587	7.967365
588	7.265777
589	6.996761
590	7.832071
591	8.385239
592	6.298650
593	7.179502
594	7.943435
595	7.859722
596	7.994718
597	7.573432
598	7.534110
599	8.415195
600	7.691741
601	6.967595
602	6.900475
603	7.792723
604	7.551240
605	7.107916
606	7.191873
607	7.545563
608	7.260239
609	8.442993
610	6.800606
611	7.577806
612	6.648074
613	7.405191
614	7.317682
615	7.196837
616	7.297737
617	7.206170
618	7.827804
619	7.172768
620	7.744066
621	7.097536
622	6.741590
623	5.979039
624	6.602088
625	6.648572
626	6.933001
627	7.912886
628	6.440015
629	6.554537
630	6.332939
631	6.654746
632	7.290301
633	7.635697
634	7.002822
635	7.021579
636	7.010412
637	7.684156
638	6.361221
639	7.285184
640	7.223812
641	6.514216
642	6.655825
643	6.884540
644	7.730130
645	6.938795
646	8.098150
647	6.900378
648	7.504588
649	6.936147
650	7.644347
651	7.734239
652	8.047052
653	7.508275
654	8.391144
655	7.085678
656	7.439528
657	6.585660
658	8.162121
659	7.665486
660	6.493450
661	6.621281
662	7.904105
663	7.405413
664	6.925796
665	8.894233
666	9.318286
667	6.848756
668	7.968614
669	8.516506
670	8.592887
671	8.051050
672	7.827680
673	8.151614
674	8.130468
675	8.746433
676	8.780410
677	6.974301
678	7.699061
679	8.090837
680	7.137225
681	7.767955
682	7.967871
683	7.438904
684	6.466162
685	7.596221
686	7.497896
687	8.433627
688	6.370353
689	7.301876
690	6.759681
691	6.588756
692	6.234012
693	7.004638
694	6.539546
695	6.798494
696	6.308887
697	6.467195
698	6.124845
699	6.527082
700	6.845343
701	7.033234
702	6.954674
703	7.969975
704	6.851165
705	7.917837
706	7.228228
707	7.929729
708	6.901929
709	7.573288
710	7.462716
711	7.298054
712	7.489955
713	7.316563
714	7.102937
715	6.983257
716	7.285991
717	6.883417
718	7.064378
719	6.846287
720	6.248089
721	6.774901
722	7.894609
723	8.494153
724	7.399014
725	7.068160
726	8.315499
727	6.917983
728	6.185982
729	6.941940
730	7.428975
731	7.035984
732	6.203404
733	6.614565
734	7.742301
735	6.463013
736	6.551803
737	7.067023
738	6.843663
739	7.391674
740	6.767107
741	7.005983
742	7.182158
743	6.799478
744	7.659415
745	7.105443
746	6.593436
747	7.054343
748	7.282074
749	7.287785
750	6.340639
751	5.962256
752	7.880539
753	7.046454
754	7.626101
755	6.643110
756	6.622046
757	6.329802
758	6.616841
759	7.111040
760	6.783729
761	6.954890
762	7.127981
763	7.100187
764	6.693359
765	6.866632
766	6.543560
767	6.621643
768	6.947323
769	6.382392
770	7.161017
771	6.808506
772	6.945940
773	6.549907
774	6.934730
775	7.594164
776	6.990147
777	6.357218
778	6.697353
779	6.814343
780	7.695069
781	7.797878
782	7.790324
783	6.298984
784	7.564510
785	6.554676
786	7.172101
787	7.610045
788	7.724055
789	6.071791
790	7.218434
791	7.416900
792	6.802727
793	7.435333
794	6.960463
795	6.795754
796	6.232226
797	7.134552
798	7.212607
799	6.879140
800	6.531596
801	7.257350
802	7.063752
803	7.888176
804	7.481255
805	7.894441
806	7.037299
807	7.395800
808	6.792502
809	6.856646
810	7.210450
811	6.767721
812	6.802898
813	7.229476
814	5.826061
815	6.154962
816	6.478973
817	6.401793
818	6.714242
819	6.631936
820	5.848149
821	7.026207
822	7.433140
823	6.532581
824	6.051047
825	6.374306
826	6.309140
827	5.838024
828	5.804896
829	6.485046
830	5.711167
831	5.981449
832	5.740973
833	5.886545
834	5.987704
835	5.904118
836	5.470622
837	6.456639
838	6.202911
839	5.971095
840	5.909603
841	5.460126
842	6.279029
843	7.033725
844	6.163531
845	6.163578
846	6.606843
847	5.931551
848	6.012105
849	7.073905
850	6.913764
851	6.443651
852	6.503030
853	7.020753
854	6.991799
855	7.189512
856	6.353814
857	6.917053
858	6.428103
859	6.608076
860	6.463973
861	6.311195
862	5.766119
863	6.163739
864	5.627697
865	6.382173
866	6.259311
867	5.791277
868	6.029344
869	5.518877
870	6.366680
871	6.508295
872	6.681965
873	6.433517
874	5.961413
875	6.477589
876	6.049863
877	6.349877
878	6.295470
879	6.600060
880	6.670600
881	6.304678
882	6.773283
883	6.482289
884	6.573745
885	5.820906
886	6.198930
887	6.387249
888	6.123574
889	6.609993
890	5.950675
891	6.402919
892	6.866475
893	6.722484
894	5.971373
895	7.031775
896	6.547168
897	6.812594
898	6.714269
899	5.227055
900	6.444391
901	6.329452
902	6.918044
903	7.502090
904	6.975557
905	6.388186
906	6.033805
907	7.061397
908	6.931247
909	6.601291
910	6.803250
911	6.675310
912	5.958216
913	6.269552
914	6.662515
915	6.846321
916	6.438050
917	6.402599
918	5.576631
919	6.240622
920	6.706898
921	6.341156
922	6.473955
923	6.515870
924	6.927984
925	6.130532
926	7.079339
927	6.522645
928	6.449071
929	6.103977
930	6.180107
931	7.288928
932	6.902895
933	6.310290
934	6.068119
935	6.612171
936	6.108562
937	6.054834
938	6.530521
939	6.186035
940	6.546983
941	6.672102
942	6.231090
943	6.145464
944	5.801806
945	6.389789
946	6.579009
947	6.747432
948	6.060925
949	6.405637
950	6.461563
951	6.420384
952	6.577242
953	6.480393
954	6.836459
955	6.504369
956	6.447975
957	6.411328
958	6.361025
959	6.439765
960	6.159788
961	6.251633
962	6.793995
963	6.413941
964	6.896736
965	6.338801
966	5.871836
967	6.175910
968	6.960145
969	6.204884
970	6.431173
971	5.973385
972	5.293600
973	6.369372
974	6.273765
975	6.954351
976	5.922448
977	6.758089
978	6.387721
979	6.761284
980	5.978735
981	6.214207
982	6.377335
983	6.190751
984	6.211257
985	6.559597
986	6.878264
987	6.376313
988	6.700696
989	6.595302
990	6.762699
991	6.678841
992	6.275709
993	6.934271
994	6.592217
995	6.406130
996	6.667570
997	6.751306
998	6.884267
999	6.842055
1000	6.841122
1001	6.362060
1002	6.622123
