0	16.476032
1	16.476036
2	16.456621
3	16.488571
4	16.089787
5	16.231543
6	16.084738
7	16.501022
8	16.775181
9	16.853550
10	15.975836
11	17.190144
12	16.106770
13	16.368000
14	16.494455
15	16.463814
16	16.997107
17	16.278450
18	16.435122
19	16.136572
20	15.557773
21	15.492846
22	15.789397
23	15.561473
24	16.187992
25	16.374289
26	16.373970
27	15.699997
28	16.302458
29	16.340078
30	16.537596
31	16.281567
32	15.824648
33	16.103767
34	15.755771
35	15.727792
36	15.842913
37	16.973551
38	16.619995
39	15.650861
40	15.858113
41	16.543018
42	16.045259
43	16.183298
44	16.004932
45	15.540057
46	16.087889
47	16.132908
48	16.870928
49	16.844044
50	15.999485
51	15.732542
52	16.234003
53	15.615336
54	15.993334
55	15.546871
56	15.971987
57	16.164192
58	16.529028
59	15.461339
60	16.756773
61	15.631740
62	15.561532
63	15.957037
64	15.839657
65	14.969189
66	15.325948
67	15.723147
68	15.288409
69	14.943846
70	15.260301
71	15.222004
72	15.851001
73	16.991520
74	15.508389
75	15.919230
76	15.034789
77	15.584357
78	15.790883
79	15.147209
80	15.749070
81	15.092252
82	15.036737
83	15.386958
84	15.238070
85	15.160746
86	15.461157
87	15.889443
88	16.027918
89	15.697622
90	15.368082
91	15.444968
92	15.132827
93	14.855180
94	15.230665
95	15.207399
96	15.228795
97	15.754889
98	15.817261
99	15.295946
100	14.912117
101	15.812050
102	15.548282
103	15.677918
104	15.104862
105	15.521645
106	14.841047
107	15.067985
108	15.364730
109	14.816878
110	15.025311
111	15.131325
112	15.685849
113	15.429544
114	15.377233
115	15.283147
116	15.530351
117	15.679128
118	15.504576
119	15.360757
120	15.314375
121	15.288562
122	14.959604
123	15.043633
124	16.078720
125	15.501554
126	15.107682
127	15.208477
128	15.118644
129	15.264765
130	15.698293
131	15.306870
132	14.756509
133	15.874302
134	14.172423
135	15.850323
136	15.353134
137	15.860451
138	15.001755
139	15.131970
140	15.100988
141	15.298737
142	15.391190
143	15.531433
144	14.922054
145	15.540328
146	15.554157
147	16.906893
148	14.816072
149	15.921671
150	15.185500
151	15.914580
152	15.125626
153	15.308575
154	14.843714
155	15.539501
156	15.213886
157	15.502821
158	15.552024
159	15.920621
160	15.522005
161	16.076365
162	15.055008
163	15.113160
164	15.952592
165	15.584028
166	15.205860
167	15.275170
168	16.039984
169	16.023895
170	15.262858
171	15.601996
172	15.409030
173	15.065716
174	14.856757
175	15.506534
176	15.095651
177	15.630478
178	15.671154
179	15.277928
180	15.497255
181	15.938158
182	15.424895
183	16.303236
184	15.499203
185	15.909451
186	15.690238
187	15.011432
188	15.434061
189	15.720962
190	15.345898
191	15.460007
192	15.737486
193	15.402809
194	15.362535
195	15.386361
196	15.807323
197	14.759689
198	15.155385
199	15.284311
200	15.721199
201	15.865246
202	15.194798
203	15.772022
204	15.344826
205	15.306935
206	15.102133
207	15.530294
208	15.096103
209	15.679576
210	15.347800
211	15.300764
212	15.475224
213	15.201650
214	15.288446
215	14.992293
216	15.374294
217	15.263928
218	15.741407
219	15.955011
220	16.286720
221	15.996940
222	16.271854
223	15.560459
224	15.131177
225	15.733193
226	16.012806
227	16.445721
228	15.673944
229	15.482308
230	15.522002
231	16.410576
232	15.907596
233	15.947922
234	15.647957
235	15.734146
236	15.337316
237	15.736355
238	15.804687
239	14.892158
240	15.099210
241	15.425752
242	15.184082
243	15.279414
244	15.905603
245	15.278846
246	15.183848
247	15.567014
248	15.452158
249	15.255791
250	15.737414
251	15.143014
252	15.078048
253	15.602856
254	15.497010
255	15.583859
256	15.671511
257	15.349699
258	15.807139
259	15.534500
260	15.040564
261	14.934960
262	14.915956
263	15.077755
264	15.571808
265	15.149109
266	14.664950
267	14.417681
268	16.170416
269	15.170624
270	15.499404
271	16.123953
272	15.822585
273	15.450980
274	16.138733
275	15.382440
276	16.065950
277	15.880774
278	15.517838
279	14.918528
280	15.373461
281	15.517665
282	16.048079
283	16.160919
284	15.457940
285	15.676494
286	15.629551
287	16.029066
288	15.229231
289	16.260782
290	16.054270
291	16.319887
292	16.102375
293	16.041317
294	15.252793
295	15.294673
296	15.055983
297	16.282526
298	15.812658
299	15.251923
300	15.012576
301	16.360981
302	15.164937
303	15.202367
304	15.574634
305	15.271964
306	15.544773
307	15.301587
308	16.027533
309	15.592276
310	15.526147
311	15.022858
312	14.525046
313	15.278957
314	15.392323
315	15.671712
316	15.079537
317	15.630419
318	15.881266
319	15.927752
320	16.192850
321	15.130773
322	15.821180
323	15.038650
324	15.321234
325	15.997090
326	15.295066
327	15.813480
328	15.847872
329	15.163038
330	15.610258
331	15.182853
332	15.704895
333	15.764214
334	15.608747
335	15.438766
336	15.864433
337	15.540741
338	15.043922
339	16.037420
340	15.197478
341	14.609262
342	15.292967
343	14.778689
344	15.336170
345	15.264053
346	15.320001
347	15.145008
348	15.499178
349	14.877974
350	15.177541
351	15.751461
352	15.031509
353	15.432515
354	15.729589
355	16.104599
356	15.477410
357	15.567728
358	15.526565
359	15.428951
360	15.814334
361	15.579412
362	14.909392
363	14.936297
364	15.197762
365	14.940454
366	15.295587
367	15.209926
368	15.246181
369	15.268277
370	14.938857
371	15.056829
372	15.430882
373	15.482502
374	15.256391
375	15.355713
376	14.900234
377	15.221582
378	15.600701
379	15.099929
380	15.144177
381	15.889853
382	15.562491
383	15.652556
384	15.588861
385	15.519237
386	15.634179
387	15.974943
388	15.731074
389	15.695274
390	15.820399
391	15.743382
392	15.974148
393	15.582829
394	16.002422
395	16.238951
396	15.862379
397	15.596897
398	15.055289
399	15.587036
400	15.695678
401	15.725524
402	15.994331
403	15.188566
404	15.347823
405	15.380787
406	15.897628
407	16.292370
408	15.619881
409	16.407164
410	16.011166
411	15.461930
412	15.806457
413	14.785079
414	15.776857
415	14.844089
416	15.733643
417	15.559167
418	15.843840
419	15.160786
420	15.705068
421	14.939589
422	14.965178
423	15.053138
424	15.363921
425	15.523847
426	15.412340
427	15.105893
428	15.670125
429	15.480865
430	16.178520
431	15.221005
432	15.290077
433	15.223409
434	15.432490
435	14.609223
436	15.343996
437	15.494854
438	15.112687
439	15.673129
440	15.580071
441	15.762953
442	15.313231
443	14.965099
444	15.172602
445	15.069607
446	15.754458
447	15.175977
448	15.311989
449	14.991667
450	15.051398
451	15.055876
452	16.424929
453	15.211243
454	15.443233
455	15.850108
456	14.939070
457	15.666458
458	14.942392
459	15.657435
460	16.002106
461	15.576773
462	15.140450
463	14.985715
464	14.830467
465	15.209400
466	15.245710
467	15.436737
468	15.311372
469	15.768063
470	15.787596
471	15.939702
472	15.497715
473	15.793023
474	15.706386
475	15.173145
476	15.676291
477	16.001778
478	15.660529
479	15.866509
480	15.785503
481	15.969966
482	15.428185
483	15.530827
484	15.645964
485	16.300682
486	15.569511
487	15.798193
488	15.146118
489	15.357974
490	16.040747
491	14.921080
492	15.729799
493	15.114584
494	15.431250
495	16.405430
496	15.856182
497	16.060188
498	16.304382
499	15.726238
500	15.710010
501	16.199301
502	15.757416
503	15.318837
504	16.749121
505	15.889754
506	15.743940
507	15.602674
508	14.755345
509	15.862152
510	16.318789
511	16.038061
512	15.300291
513	15.899466
514	15.765175
515	15.694514
516	16.453047
517	16.391670
518	15.973443
519	16.196327
520	16.029158
521	15.953776
522	16.120083
523	15.701788
524	16.165192
525	16.145107
526	16.596907
527	15.779051
528	15.642742
529	15.396771
530	16.351116
531	16.442656
532	15.441510
533	16.282104
534	15.442748
535	15.481586
536	16.162683
537	16.539206
538	15.716952
539	15.132445
540	15.986660
541	15.250489
542	15.120470
543	15.486475
544	15.194872
545	14.944510
546	16.366232
547	15.042222
548	14.722231
549	15.821994
550	15.853762
551	16.316734
552	16.384245
553	16.402075
554	15.458091
555	15.825848
556	15.506559
557	15.548804
558	16.220455
559	15.419928
560	15.498393
561	15.208618
562	15.560360
563	15.828549
564	15.180873
565	16.408794
566	15.581041
567	15.126813
568	15.642189
569	16.405125
570	16.066513
571	16.377810
572	15.877499
573	16.245987
574	16.015179
575	16.279827
576	15.351106
577	15.699798
578	16.179928
579	15.662063
580	15.370576
581	15.262086
582	15.303075
583	16.488281
584	17.064150
585	16.942139
586	16.337055
587	16.368332
588	15.764298
589	16.057280
590	15.490490
591	16.335890
592	15.651521
593	16.149693
594	16.191481
595	16.163412
596	16.165604
597	16.014759
598	15.711074
599	15.955825
600	16.278862
601	16.026957
602	15.635777
603	15.053191
604	15.482236
605	16.493166
606	15.546000
607	15.752314
608	15.893903
609	15.733599
610	15.747076
611	15.608013
612	15.453959
613	15.326919
614	15.395076
615	15.591199
616	15.457779
617	15.596648
618	15.113680
619	15.211252
620	15.373258
621	15.704429
622	14.872910
623	14.464481
624	15.177831
625	14.782110
626	14.551377
627	15.317128
628	14.910818
629	14.725026
630	14.407121
631	15.550879
632	14.085926
633	14.750828
634	14.922850
635	13.643608
636	13.461374
637	14.394840
638	13.187400
639	12.774184
640	14.641430
641	14.412585
642	15.302188
643	14.062226
644	14.407120
645	14.374259
646	14.340871
647	14.050560
648	14.526955
649	14.346362
650	15.172716
651	14.217753
652	13.900095
653	13.427889
654	13.521853
655	14.180967
656	13.782686
657	13.775619
658	13.690277
659	13.511044
660	13.171593
661	13.663550
662	14.883074
663	15.021219
664	15.531148
665	15.333604
666	14.257723
667	15.264509
668	14.631983
669	15.128271
670	14.827052
671	14.922881
672	15.375207
673	14.718013
674	15.984361
675	15.831190
676	15.533509
677	14.651608
678	14.673518
679	14.845492
680	14.855958
681	15.377933
682	15.183608
683	14.780005
684	15.790417
685	14.713256
686	14.987598
687	14.781781
688	15.097159
689	15.573061
690	14.837329
691	15.543571
692	14.530439
693	15.019814
694	14.608831
695	15.538177
696	15.114594
697	15.647450
698	15.301662
699	14.773523
700	15.310329
701	15.552329
702	15.412934
703	15.544638
704	16.374792
705	16.596128
706	14.994938
707	15.963085
708	16.133732
709	16.594564
710	16.231110
711	16.459717
712	16.584013
713	16.541311
714	16.551802
715	16.566463
716	16.740652
717	16.322762
718	16.282251
719	16.477953
720	16.771057
721	16.958973
722	16.256310
723	16.612907
724	16.609972
725	16.268166
726	16.757843
727	15.919227
728	14.838027
729	15.482674
730	15.113667
731	14.165284
732	13.133935
733	13.428349
734	13.600673
735	12.786168
736	13.404097
737	12.888857
738	13.379690
739	13.512920
740	12.873507
741	12.743449
742	13.411911
743	13.128791
744	12.953283
745	13.618464
746	12.417818
747	12.991646
748	13.392170
749	12.953214
750	12.572884
751	12.951039
752	12.867302
753	13.056282
754	12.507200
755	13.267745
756	13.343129
757	13.121575
758	12.923187
759	13.522814
760	12.227650
761	12.123997
762	12.684684
763	12.157682
764	13.090019
765	12.714317
766	12.876996
767	12.399032
768	13.276164
769	12.600753
770	13.069365
771	12.820456
772	13.116488
773	12.863513
774	13.388372
775	13.279826
776	12.910419
777	12.716331
778	12.961979
779	13.485584
780	12.601135
781	12.505797
782	13.220364
783	12.802403
784	12.663553
785	12.750565
786	13.051623
787	12.735853
788	12.483964
789	12.805938
790	12.363259
791	12.904681
792	13.425481
793	12.590431
794	12.909568
795	13.638232
796	13.050994
797	13.083100
798	13.380144
799	13.739340
800	13.342709
801	13.247622
802	12.843645
803	13.606543
804	13.550901
805	13.174403
806	13.049273
807	12.514525
808	12.361723
809	11.632772
810	12.762872
811	12.242172
812	13.102859
813	12.647695
814	12.166044
815	12.176018
816	12.414148
817	11.866312
818	12.251313
819	12.171098
820	12.328385
821	11.572358
822	12.207171
823	12.349989
824	12.390594
825	12.370310
826	12.218761
827	11.800463
828	12.260367
829	11.447148
830	12.354526
831	11.801973
832	12.386793
833	12.197457
834	12.122613
835	11.518567
836	12.242408
837	12.178806
838	12.235857
839	12.186360
840	11.833413
841	12.215512
842	12.770659
843	12.341296
844	12.205956
845	11.740121
846	12.648658
847	11.762711
848	11.914816
849	12.255683
850	10.857061
851	11.573009
852	12.368565
853	12.251819
854	11.452678
855	11.505860
856	11.990182
857	12.288239
858	12.408580
859	12.499932
860	11.910555
861	11.642145
862	11.321529
863	11.425677
864	11.970634
865	13.121732
866	13.297600
867	12.435974
868	12.179660
869	12.992008
870	13.485320
871	13.766517
872	13.097822
873	12.876534
874	13.858029
875	13.248496
876	13.345811
877	12.972642
878	13.285226
879	13.062710
880	13.707448
881	12.940786
882	13.243555
883	13.471489
884	13.081734
885	13.709694
886	13.792171
887	13.680501
888	13.641503
889	12.509860
890	13.596338
891	13.666610
892	12.796454
893	13.189894
894	13.262861
895	12.947575
896	13.216157
897	13.097581
898	13.091246
899	12.610922
900	13.613469
901	12.858329
902	12.465430
903	12.614830
904	14.177211
905	13.872085
906	13.042276
907	12.915844
908	13.042506
909	13.525366
910	13.361322
911	13.432550
912	14.298870
913	14.054327
914	13.980944
915	13.307333
916	13.206487
917	13.382035
918	13.756192
919	12.952750
920	13.505238
921	12.902390
922	12.882331
923	13.524774
924	13.050858
925	13.269219
926	13.437579
927	13.132394
928	13.683264
929	13.879640
930	13.467506
931	12.909078
932	13.048101
933	13.395888
934	13.295278
935	13.423405
936	13.188982
937	13.908278
938	13.384283
939	12.631802
940	13.732313
941	13.637253
942	13.403133
943	12.483728
944	13.115472
945	13.262435
946	14.009229
947	13.705742
948	13.659444
949	13.134536
950	13.500081
951	13.385922
952	12.834506
953	13.289255
954	12.805138
955	13.304346
956	13.288647
957	13.160060
958	12.749806
959	13.196736
960	12.723495
961	13.398491
962	12.793137
963	14.233795
964	13.259165
965	13.131136
966	12.633816
967	13.668050
968	12.542752
969	13.278265
970	13.481176
971	13.482654
972	13.529323
973	12.569901
974	13.786379
975	13.124791
976	14.054448
977	13.329168
978	13.037717
979	13.063104
980	13.308475
981	12.758608
982	12.868728
983	12.375918
984	12.751064
985	12.963838
986	12.608006
987	12.707329
988	12.310871
989	12.747049
990	12.995727
991	12.529987
992	13.121439
993	12.842472
994	13.380556
995	13.057510
996	12.584743
997	13.268650
998	12.566290
999	12.581136
1000	12.179679
1001	12.906301
1002	12.963842
