0	9.440973
1	9.440970
2	9.412003
3	9.542356
4	9.542467
5	9.809353
6	9.325863
7	9.804658
8	9.089440
9	9.940042
10	9.829726
11	9.784381
12	9.970200
13	9.921056
14	9.822346
15	9.291080
16	9.635773
17	9.687548
18	9.481473
19	9.768551
20	9.550395
21	9.630136
22	9.294457
23	9.083662
24	9.317050
25	8.955643
26	9.202540
27	9.082322
28	9.022685
29	9.242470
30	9.403474
31	9.127469
32	9.222910
33	9.872700
34	9.194695
35	9.460069
36	9.398229
37	9.355000
38	9.576582
39	9.371323
40	10.046940
41	9.475449
42	9.516903
43	9.354717
44	9.424972
45	9.377169
46	9.691528
47	9.761795
48	9.674330
49	9.699840
50	9.461560
51	9.742740
52	9.476590
53	9.448921
54	9.904994
55	9.173553
56	10.309546
57	9.630313
58	10.269325
59	9.418753
60	9.221529
61	9.376173
62	10.114491
63	9.589686
64	9.876411
65	10.022249
66	9.383575
67	8.974964
68	9.726942
69	9.538871
70	9.755176
71	9.814760
72	9.269321
73	9.519584
74	9.810106
75	8.933916
76	9.232312
77	8.979053
78	9.127898
79	9.500132
80	9.059118
81	9.214826
82	9.259651
83	9.323372
84	9.273029
85	9.431581
86	9.795372
87	9.322604
88	9.680277
89	9.003611
90	9.278124
91	9.091851
92	9.497183
93	9.377371
94	9.079433
95	9.550839
96	9.388087
97	9.147942
98	9.309813
99	8.943363
100	9.656053
101	9.804257
102	9.099073
103	9.696419
104	9.107189
105	9.509262
106	9.338536
107	9.412813
108	9.582140
109	9.617830
110	9.736063
111	9.338557
112	9.684851
113	9.144322
114	9.319519
115	8.682660
116	9.232305
117	9.306518
118	9.284229
119	9.021406
120	8.675438
121	8.895971
122	9.115600
123	9.825507
124	9.417210
125	9.213881
126	9.410059
127	9.408076
128	9.506736
129	9.067142
130	9.090151
131	8.813646
132	8.758657
133	9.174529
134	9.652626
135	8.762668
136	9.365863
137	9.344949
138	8.984358
139	9.407971
140	9.655793
141	9.321704
142	9.741230
143	9.175252
144	8.987034
145	9.803360
146	8.723859
147	9.700650
148	9.367393
149	9.271348
150	9.367309
151	8.950154
152	9.238291
153	9.785748
154	9.319451
155	8.966116
156	9.254301
157	9.476861
158	10.024037
159	9.476379
160	9.771125
161	9.956694
162	9.895864
163	9.319701
164	9.968363
165	9.133589
166	9.839883
167	9.727366
168	9.345275
169	9.702869
170	9.635796
171	9.935698
172	9.617676
173	9.496078
174	9.198505
175	9.262676
176	9.121917
177	9.653064
178	9.754533
179	9.749801
180	9.734959
181	8.944234
182	9.312927
183	9.248058
184	9.586588
185	9.283324
186	9.819392
187	9.394413
188	9.948599
189	10.011217
190	9.528340
191	9.082354
192	9.721247
193	9.490171
194	9.740085
195	9.515807
196	9.492118
197	9.898531
198	9.070464
199	9.830254
200	9.209337
201	9.692041
202	9.195052
203	9.255077
204	9.430306
205	9.279922
206	9.271038
207	9.765414
208	9.203329
209	9.216562
210	9.787400
211	9.834161
212	9.180850
213	9.334759
214	9.634073
215	9.750474
216	9.801690
217	9.626802
218	9.854342
219	9.227309
220	9.057957
221	8.769797
222	9.760333
223	9.248767
224	9.286839
225	9.709866
226	9.682818
227	9.240835
228	9.711799
229	9.122141
230	8.791778
231	9.708815
232	9.125029
233	9.624766
234	8.812543
235	9.815243
236	9.474376
237	9.287958
238	9.332424
239	9.406519
240	9.273343
241	9.354159
242	9.293720
243	9.058041
244	9.142940
245	9.355477
246	9.411654
247	10.087421
248	9.847849
249	9.547911
250	9.590653
251	9.819582
252	9.921031
253	9.712988
254	9.516616
255	9.615993
256	10.986014
257	8.840194
258	9.256345
259	9.304550
260	9.533449
261	9.446186
262	9.961289
263	9.228271
264	9.513499
265	9.357513
266	9.440463
267	9.726258
268	9.737834
269	9.340346
270	9.281851
271	9.691161
272	9.291172
273	9.652634
274	9.820084
275	9.637800
276	9.891742
277	9.297256
278	9.724033
279	10.166453
280	10.092546
281	9.213367
282	9.246522
283	9.207578
284	9.612019
285	9.170172
286	9.684779
287	9.574493
288	10.092992
289	9.922591
290	9.817745
291	9.648720
292	9.430937
293	9.398650
294	9.164799
295	9.657375
296	9.080783
297	9.881647
298	9.228829
299	9.863791
300	9.413039
301	9.877948
302	9.735404
303	9.791011
304	9.394777
305	9.346168
306	9.690894
307	9.350002
308	9.656737
309	9.712828
310	9.823991
311	10.193489
312	9.656446
313	9.504046
314	9.706331
315	8.993675
316	9.790869
317	10.091986
318	10.420582
319	9.182300
320	9.808780
321	9.514737
322	9.355814
323	9.693079
324	9.410849
325	9.567205
326	9.507998
327	9.416164
328	10.107209
329	9.749125
330	8.981095
331	10.078059
332	10.315765
333	9.897680
334	9.859163
335	9.607336
336	9.605840
337	9.817061
338	9.138411
339	9.505424
340	9.739023
341	9.853278
342	9.552145
343	10.070817
344	9.746928
345	9.862304
346	9.534555
347	10.171149
348	9.336184
349	9.736582
350	11.523043
351	10.786407
352	9.514839
353	9.540824
354	10.178049
355	9.047916
356	9.625727
357	9.311421
358	9.521284
359	9.653195
360	9.425348
361	9.238053
362	9.131887
363	10.042855
364	9.549665
365	9.516982
366	9.362965
367	9.187956
368	9.952463
369	9.392966
370	9.106845
371	9.526041
372	9.156018
373	9.133159
374	9.606460
375	8.986308
376	9.519961
377	9.931943
378	9.940549
379	9.122396
380	9.159419
381	9.555618
382	9.314665
383	9.265388
384	9.584414
385	9.577465
386	8.824857
387	8.897973
388	9.223064
389	9.252907
390	9.044100
391	9.065948
392	9.403782
393	9.351729
394	9.928776
395	8.986624
396	10.355098
397	9.603597
398	9.605819
399	9.460163
400	9.455374
401	9.368620
402	9.401201
403	9.303408
404	9.556057
405	9.605197
406	9.729657
407	9.464170
408	9.335577
409	9.635691
410	9.379323
411	9.311766
412	9.570002
413	9.641832
414	9.959970
415	9.455506
416	9.498494
417	9.477663
418	9.298554
419	9.510004
420	9.719292
421	9.277038
422	9.511441
423	9.149720
424	10.025650
425	9.945159
426	9.504492
427	9.262302
428	9.320458
429	9.905662
430	10.186003
431	9.463788
432	9.294723
433	9.337052
434	9.198451
435	9.335769
436	9.360643
437	9.431430
438	9.895105
439	9.143354
440	9.477815
441	9.623080
442	9.867500
443	9.711946
444	9.907348
445	10.261920
446	9.314988
447	9.623457
448	9.502661
449	9.776197
450	9.657997
451	10.051282
452	8.962749
453	9.523181
454	9.542253
455	9.641976
456	9.304658
457	8.834450
458	10.275784
459	10.542153
460	10.554191
461	10.235249
462	10.139655
463	10.454061
464	10.329499
465	9.925089
466	10.173796
467	10.262432
468	9.825020
469	10.556196
470	10.063768
471	10.454669
472	10.168557
473	9.829806
474	10.328488
475	9.734650
476	9.989662
477	9.852149
478	9.777864
479	9.489887
480	10.232617
481	9.796791
482	10.175014
483	10.094128
484	10.049290
485	10.478388
486	10.656796
487	9.763251
488	9.285065
489	9.568122
490	9.551973
491	9.967079
492	9.962073
493	9.587515
494	9.946083
495	10.024681
496	9.802735
497	9.919142
498	9.908370
499	9.691507
500	10.068183
501	9.482224
502	9.606592
503	9.310865
504	9.295581
505	10.154320
506	10.120107
507	9.819263
508	9.027607
509	9.495756
510	9.942908
511	9.199142
512	9.326065
513	9.974932
514	9.547554
515	9.876946
516	9.345044
517	9.857347
518	9.501508
519	9.503532
520	9.845234
521	9.628810
522	9.553200
523	9.488269
524	9.472448
525	9.756384
526	9.696239
527	9.584793
528	9.628892
529	10.404348
530	10.811257
531	10.657939
532	10.197808
533	9.793451
534	9.517976
535	9.924931
536	10.116482
537	9.576961
538	9.338740
539	9.841666
540	9.633017
541	10.216483
542	9.786235
543	9.650953
544	10.129496
545	9.681168
546	10.169333
547	9.002832
548	9.734324
549	9.709408
550	9.348931
551	10.200336
552	10.253434
553	9.727723
554	9.535308
555	10.202491
556	9.847219
557	9.627347
558	9.203852
559	9.769901
560	9.780900
561	9.839182
562	9.045583
563	9.660528
564	9.638540
565	9.255196
566	9.398986
567	9.632042
568	9.923677
569	9.846987
570	8.923235
571	9.706468
572	9.455691
573	9.538377
574	9.346430
575	9.758860
576	9.427888
577	9.533699
578	9.801680
579	9.131079
580	9.748374
581	9.409112
582	9.577032
583	9.534577
584	9.742049
585	9.268796
586	9.619818
587	8.967216
588	8.794409
589	8.860009
590	9.434671
591	8.716701
592	8.690260
593	8.843017
594	8.825949
595	9.237594
596	8.807647
597	9.212355
598	9.330261
599	9.102645
600	8.950341
601	10.199427
602	8.688220
603	8.891103
604	9.100300
605	9.661027
606	9.165780
607	9.246586
608	8.943168
609	8.875494
610	9.413720
611	9.451357
612	9.936874
613	9.187696
614	10.003685
615	9.583885
616	9.682914
617	9.152073
618	9.282275
619	9.564687
620	9.631541
621	9.599720
622	9.634569
623	9.109147
624	8.587197
625	9.555619
626	9.175253
627	9.669507
628	9.702218
629	9.582790
630	9.169967
631	9.596638
632	9.748256
633	9.687261
634	9.006447
635	9.441864
636	8.959182
637	9.048612
638	10.189902
639	10.178743
640	9.408751
641	9.461804
642	10.269231
643	9.993649
644	9.969769
645	9.925330
646	10.116549
647	9.875034
648	10.100622
649	10.644066
650	10.160561
651	10.294923
652	10.144412
653	9.967136
654	10.248720
655	9.287874
656	9.984853
657	10.464975
658	9.831222
659	10.394126
660	9.996943
661	10.344093
662	9.953175
663	10.127398
664	9.869857
665	9.793839
666	10.088385
667	10.285703
668	10.855049
669	10.090239
670	10.318167
671	9.997752
672	9.656023
673	10.255694
674	9.890229
675	10.500487
676	10.018212
677	10.072565
678	10.001184
679	10.305467
680	10.367512
681	10.061060
682	10.828950
683	9.961064
684	10.075618
685	10.098763
686	10.447576
687	10.465871
688	10.165528
689	9.928009
690	10.038316
691	10.349577
692	10.199206
693	10.661454
694	10.080202
695	10.213650
696	10.649763
697	10.463142
698	10.497795
699	10.443686
700	9.861997
701	10.557075
702	10.096978
703	10.286500
704	10.148571
705	10.603153
706	9.969980
707	10.369830
708	10.002495
709	10.082452
710	9.917607
711	10.300120
712	9.868159
713	10.445614
714	10.790704
715	10.508478
716	10.703321
717	10.766137
718	10.103939
719	10.390120
720	10.615150
721	10.006655
722	10.138350
723	10.429720
724	10.752228
725	10.924443
726	10.213805
727	9.930404
728	10.105751
729	10.746043
730	9.959831
731	10.529904
732	10.429578
733	10.329667
734	10.434460
735	9.956334
736	9.514878
737	9.652618
738	9.868521
739	10.217132
740	9.802390
741	10.445837
742	9.387643
743	9.694804
744	10.335563
745	9.765578
746	10.157785
747	10.069455
748	9.627944
749	10.478940
750	10.271093
751	10.067119
752	9.887235
753	10.334722
754	10.249432
755	9.877131
756	9.778553
757	10.113128
758	9.761296
759	10.242545
760	10.113571
761	10.188275
762	10.321217
763	10.103910
764	9.505899
765	9.731383
766	10.213115
767	10.622444
768	10.111434
769	9.651791
770	9.730057
771	10.156270
772	10.290905
773	9.941456
774	10.451148
775	10.333589
776	10.499838
777	9.921000
778	10.031757
779	10.113505
780	9.968094
781	10.689198
782	9.181668
783	10.734233
784	10.404934
785	10.118428
786	9.810485
787	10.111630
788	10.217795
789	10.353872
790	10.380486
791	10.123666
792	10.228553
793	10.535246
794	9.966208
795	10.022899
796	10.322527
797	9.835001
798	10.257458
799	9.757589
800	10.081644
801	10.122877
802	10.220769
803	10.237659
804	10.466153
805	9.968287
806	9.999992
807	10.482986
808	9.654049
809	9.972590
810	10.012137
811	10.117157
812	10.913049
813	10.272963
814	10.373496
815	10.249216
816	10.136697
817	10.316638
818	9.395537
819	9.685588
820	9.260184
821	10.178197
822	9.066889
823	9.948550
824	10.130004
825	9.741325
826	9.464236
827	10.074357
828	8.899895
829	9.451163
830	9.345618
831	9.624125
832	9.487225
833	9.734425
834	9.973771
835	9.503400
836	9.912663
837	9.509524
838	8.957008
839	9.675417
840	9.259292
841	9.463091
842	9.406483
843	9.848865
844	9.886760
845	9.275420
846	9.331252
847	9.910688
848	9.649117
849	9.260331
850	9.792840
851	10.238227
852	9.198011
853	9.391247
854	9.224700
855	9.817810
856	9.830025
857	10.089411
858	9.463941
859	9.089165
860	9.957531
861	9.244645
862	9.711255
863	9.506580
864	9.788687
865	9.544059
866	9.652406
867	9.865546
868	9.014127
869	9.445445
870	9.480552
871	9.464537
872	10.045025
873	9.482388
874	9.139682
875	9.121424
876	9.810332
877	9.013785
878	9.294844
879	9.251824
880	9.153779
881	9.264649
882	9.499675
883	9.751567
884	9.767830
885	9.818790
886	9.937778
887	9.457518
888	9.388267
889	9.535545
890	9.637629
891	9.626700
892	9.171982
893	9.843497
894	9.560493
895	9.208805
896	9.490909
897	9.509760
898	9.559569
899	9.300508
900	9.465026
901	8.951014
902	9.168635
903	9.656633
904	9.543516
905	9.528906
906	10.083127
907	9.120329
908	8.950344
909	9.597446
910	9.716559
911	9.478279
912	9.293257
913	9.646153
914	9.018701
915	9.352042
916	9.457861
917	9.469687
918	8.643705
919	9.163078
920	9.307476
921	9.172816
922	9.660538
923	9.701978
924	9.616124
925	9.151278
926	8.700012
927	9.484776
928	9.388225
929	8.533860
930	9.040209
931	9.615507
932	9.534966
933	9.036002
934	8.909263
935	10.140225
936	9.084032
937	9.010605
938	9.428195
939	9.381454
940	9.304556
941	9.630636
942	9.449475
943	9.825047
944	9.944277
945	9.634860
946	9.876783
947	9.094664
948	9.864527
949	9.730641
950	9.849296
951	9.352637
952	9.573353
953	8.855450
954	8.803485
955	9.354162
956	9.418501
957	9.123239
958	9.524335
959	9.413609
960	9.303206
961	9.238917
962	8.865154
963	9.250179
964	9.179859
965	8.942552
966	9.367971
967	8.903440
968	9.980637
969	8.656657
970	9.848623
971	9.867914
972	9.581954
973	9.826968
974	9.487561
975	9.075560
976	9.455313
977	9.463486
978	9.219920
979	9.473125
980	9.155901
981	8.990579
982	9.617112
983	9.316833
984	9.444630
985	10.103793
986	9.413071
987	9.706747
988	9.891766
989	9.953205
990	10.542016
991	10.275820
992	10.342587
993	10.608174
994	10.100735
995	9.847924
996	10.706346
997	9.542360
998	9.577145
999	9.286278
