0	22.312504
1	22.312506
2	21.478205
3	21.628708
4	22.305134
5	21.554659
6	22.129156
7	22.367748
8	22.341253
9	21.916685
10	21.944912
11	21.553349
12	22.178373
13	22.856394
14	23.030968
15	22.901899
16	22.902327
17	21.665905
18	22.459259
19	23.003410
20	21.400440
21	21.525408
22	21.980606
23	22.802937
24	22.529955
25	20.931168
26	22.280487
27	23.200855
28	22.592804
29	22.327032
30	23.815166
31	22.622499
32	23.300623
33	23.253036
34	23.130878
35	22.868704
36	23.094835
37	23.859562
38	24.047598
39	23.819811
40	22.809595
41	22.683596
42	22.976593
43	23.442944
44	23.521923
45	23.586931
46	23.428659
47	22.932850
48	23.398941
49	23.441229
50	22.296314
51	22.967325
52	22.659361
53	22.453480
54	22.857750
55	22.920277
56	21.999020
57	21.834118
58	21.436710
59	22.771585
60	22.460093
61	22.428627
62	22.077263
63	23.006491
64	22.444954
65	22.753246
66	22.185684
67	22.133062
68	21.727106
69	22.409847
70	23.227430
71	23.452229
72	22.780830
73	21.883816
74	23.284782
75	23.266645
76	23.299213
77	23.193459
78	21.934031
79	23.021818
80	22.968428
81	23.373285
82	23.016600
83	23.319107
84	23.023174
85	22.533669
86	23.330109
87	23.269594
88	23.102684
89	22.756962
90	22.668188
91	22.366888
92	22.915720
93	22.055616
94	22.887371
95	22.324978
96	22.066299
97	22.606358
98	22.563171
99	23.301670
100	22.077101
101	22.261806
102	22.309607
103	23.464924
104	24.377857
105	24.107330
106	23.392967
107	24.552010
108	24.193481
109	23.963884
110	24.328356
111	24.367449
112	25.374378
113	23.571318
114	24.154072
115	23.687204
116	23.993288
117	24.350021
118	23.630764
119	23.059361
120	23.207226
121	24.154615
122	23.620636
123	23.475422
124	24.217701
125	23.327263
126	24.419836
127	23.277275
128	23.815416
129	22.550764
130	22.969452
131	22.371822
132	22.660524
133	23.514496
134	22.963715
135	22.782883
136	22.544851
137	21.977547
138	21.846880
139	22.215151
140	22.406364
141	22.591978
142	22.529600
143	22.261900
144	22.201567
145	22.678715
146	22.647467
147	21.974794
148	22.911539
149	23.216101
150	22.832962
151	22.834402
152	22.823400
153	22.154337
154	22.758667
155	22.742842
156	23.098354
157	22.675440
158	23.335321
159	22.614759
160	23.385592
161	22.757551
162	22.800911
163	22.603695
164	22.819351
165	21.895840
166	22.206083
167	22.101315
168	23.167858
169	22.709068
170	21.942022
171	21.829884
172	22.112972
173	21.910473
174	22.919394
175	23.038614
176	23.587418
177	22.870531
178	22.812904
179	22.521233
180	22.160370
181	22.010662
182	23.082708
183	23.134445
184	22.042894
185	22.199684
186	22.724228
187	22.593533
188	23.624168
189	23.011103
190	22.070753
191	23.779465
192	23.844751
193	23.285929
194	22.173794
195	22.074913
196	22.893833
197	22.349470
198	22.450254
199	22.493845
200	22.978491
201	23.171333
202	22.810144
203	22.211664
204	22.390266
205	22.955509
206	21.755445
207	22.226690
208	22.216782
209	22.698843
210	22.559061
211	22.011667
212	22.831696
213	23.191702
214	23.314514
215	23.352901
216	22.760000
217	23.570290
218	22.911924
219	22.616623
220	22.308193
221	22.837042
222	22.342770
223	21.975828
224	22.110771
225	21.946144
226	22.192196
227	22.073950
228	22.307959
229	22.199677
230	21.991924
231	23.137690
232	22.355436
233	22.257032
234	22.266975
235	22.468391
236	22.495886
237	22.568470
238	22.777409
239	22.483599
240	23.158993
241	22.022219
242	21.487181
243	21.452698
244	21.887581
245	22.030655
246	21.259602
247	22.118139
248	23.417084
249	23.240080
250	22.998575
251	23.337566
252	22.456160
253	22.391434
254	21.406151
255	22.246656
256	21.613609
257	22.121147
258	21.289444
259	21.330694
260	21.144941
261	21.566092
262	21.659273
263	21.411026
264	21.629534
265	22.641106
266	22.626003
267	21.481970
268	22.258593
269	22.087940
270	23.239780
271	24.053375
272	22.660061
273	24.048737
274	20.662609
275	23.442659
276	21.921623
277	22.114235
278	21.894899
279	22.371582
280	22.317289
281	22.030317
282	23.010103
283	22.363493
284	22.611885
285	22.302683
286	22.683300
287	22.305426
288	23.360846
289	23.044937
290	23.172470
291	23.218311
292	23.013351
293	24.543692
294	24.638811
295	22.218220
296	23.205702
297	22.551731
298	23.326082
299	24.054100
300	25.143877
301	24.624140
302	23.087936
303	23.410007
304	23.556583
305	23.953915
306	24.100430
307	22.729071
308	23.584213
309	24.102156
310	24.287704
311	23.824038
312	24.235563
313	24.732483
314	23.119711
315	24.534733
316	23.966803
317	23.769873
318	24.136528
319	23.904345
320	24.438211
321	24.068398
322	23.644381
323	23.749695
324	23.636337
325	23.239384
326	24.187824
327	22.960930
328	24.689640
329	22.902416
330	22.566671
331	22.439154
332	23.216278
333	23.617085
334	23.297487
335	24.737402
336	22.863035
337	24.549143
338	22.186995
339	23.686962
340	23.430084
341	23.934120
342	23.256321
343	23.223843
344	23.113874
345	22.982075
346	22.521711
347	24.739023
348	22.649473
349	23.221418
350	23.779728
351	23.413069
352	22.842869
353	24.169800
354	23.947029
355	25.086592
356	23.208218
357	23.053417
358	23.413048
359	23.695063
360	23.487761
361	24.161606
362	24.032541
363	23.706244
364	23.186092
365	23.815748
366	23.207081
367	22.778805
368	23.548531
369	23.575855
370	21.848961
371	22.724836
372	22.588238
373	21.911322
374	22.967201
375	22.250053
376	23.423162
377	22.321770
378	22.692539
379	22.082911
380	23.397387
381	23.192575
382	22.768124
383	24.232357
384	23.797245
385	23.153219
386	24.254934
387	23.667686
388	23.334219
389	23.996901
390	24.270939
391	24.105043
392	23.423618
393	23.032013
394	23.878067
395	23.654659
396	22.807005
397	22.517269
398	23.073318
399	24.135424
400	24.601337
401	22.969437
402	23.168673
403	23.248343
404	24.494293
405	23.742971
406	24.334051
407	23.043472
408	22.557505
409	23.149057
410	23.859804
411	23.816536
412	22.602022
413	23.571581
414	24.361967
415	24.728710
416	23.471867
417	24.365927
418	23.644020
419	24.391127
420	24.202286
421	24.051781
422	23.605642
423	22.976168
424	23.158882
425	22.632887
426	23.736279
427	22.494127
428	22.422646
429	22.169100
430	24.138462
431	22.728863
432	24.216200
433	24.069618
434	23.722134
435	23.824848
436	24.914608
437	25.325319
438	25.983839
439	23.855301
440	24.878410
441	24.378656
442	24.540754
443	24.781116
444	24.469051
445	24.468222
446	24.326229
447	23.945242
448	23.011883
449	23.391525
450	24.133427
451	23.187149
452	24.034861
453	24.097126
454	24.472950
455	23.851542
456	23.260841
457	23.013836
458	23.147261
459	23.476467
460	22.581947
461	24.126295
462	23.451391
463	23.599487
464	24.607473
465	24.833126
466	25.022324
467	24.225128
468	23.927050
469	23.960770
470	23.964272
471	23.898661
472	23.287664
473	23.475605
474	23.579718
475	23.835077
476	24.293724
477	23.577248
478	24.828400
479	23.787199
480	23.917873
481	23.594151
482	23.052322
483	23.662575
484	23.536753
485	23.933743
486	23.338114
487	23.601233
488	25.055302
489	24.440794
490	24.561901
491	23.956320
492	23.933811
493	24.364363
494	24.115126
495	24.734503
496	24.183788
497	23.309586
498	22.853380
499	24.623432
500	23.364496
501	22.995680
502	23.316711
503	22.984495
504	22.653955
505	22.651228
506	22.767084
507	23.509571
508	23.625402
509	22.948101
510	22.818094
511	22.974463
512	22.903854
513	23.148947
514	24.608534
515	23.802876
516	23.851538
517	23.810513
518	22.736677
519	24.153961
520	23.641092
521	23.200891
522	23.492208
523	23.310356
524	23.597330
525	21.857002
526	22.320066
527	23.400030
528	23.379351
529	22.476686
530	22.836065
531	21.800589
532	23.376217
533	23.471836
534	22.831871
535	23.530331
536	23.632509
537	23.114454
538	23.764412
539	23.090528
540	23.581408
541	22.818857
542	23.128111
543	25.196081
544	23.179945
545	22.385202
546	22.495153
547	23.150385
548	22.664265
549	23.388908
550	23.159790
551	22.854660
552	22.576956
553	22.267315
554	22.334335
555	22.449709
556	22.887287
557	22.228012
558	23.647318
559	22.362610
560	23.606216
561	22.845957
562	22.280064
563	22.712357
564	23.224886
565	22.555765
566	22.481800
567	23.498592
568	23.050932
569	23.209488
570	24.251534
571	22.956772
572	22.995945
573	24.686634
574	23.996943
575	23.390606
576	23.983261
577	23.940319
578	23.856531
579	23.591850
580	22.946558
581	23.312935
582	23.190075
583	23.459417
584	22.742340
585	23.288776
586	23.379087
587	23.348345
588	22.961926
589	22.623720
590	23.321882
591	23.382616
592	22.607294
593	22.355412
594	23.085932
595	22.892895
596	23.291815
597	22.488062
598	22.592312
599	23.103155
600	23.185709
601	24.135181
602	23.405756
603	23.551352
604	23.109226
605	22.535599
606	23.226074
607	23.064442
608	23.085777
609	23.113098
610	22.867998
611	22.251648
612	23.583090
613	23.353758
614	22.553921
615	23.716768
616	22.530987
617	23.528139
618	23.083200
619	23.994324
620	23.553894
621	23.194202
622	22.230070
623	23.749794
624	23.318085
625	24.167469
626	24.214161
627	24.378546
628	24.312439
629	23.380280
630	24.371700
631	23.469112
632	23.376749
633	23.867903
634	23.847378
635	24.141718
636	24.523117
637	24.999285
638	24.918350
639	24.540062
640	23.916262
641	24.317610
642	25.405331
643	24.883595
644	24.443707
645	24.787718
646	24.920599
647	24.093462
648	24.134346
649	23.719812
650	24.595768
651	24.518877
652	23.867596
653	24.919474
654	26.100313
655	24.445938
656	23.981012
657	25.033026
658	23.526131
659	25.011131
660	23.601027
661	23.315136
662	22.673021
663	23.143175
664	23.465561
665	23.683805
666	24.365822
667	23.502356
668	23.655392
669	24.069876
670	23.057051
671	23.778763
672	22.635727
673	22.400160
674	24.050064
675	23.316696
676	22.432665
677	23.551807
678	24.418171
679	22.567400
680	23.469124
681	24.097189
682	23.951033
683	23.095766
684	22.938303
685	22.996885
686	23.155455
687	23.318138
688	23.191580
689	24.020294
690	22.919914
691	23.123524
692	24.350105
693	23.480177
694	23.394405
695	24.352652
696	23.586239
697	23.266087
698	24.178726
699	23.717550
700	23.819908
701	23.542957
702	23.537708
703	23.833769
704	24.109682
705	23.821339
706	23.659954
707	23.593517
708	24.036154
709	23.207733
710	23.306984
711	22.702364
712	23.634102
713	23.672930
714	23.023043
715	23.053873
716	23.207909
717	23.580208
718	23.755753
719	24.342131
720	23.971289
721	23.852306
722	23.507318
723	23.602074
724	23.047726
725	23.557964
726	21.842768
727	23.533077
728	24.661354
729	24.499819
730	25.146090
731	23.596941
732	24.791800
733	24.601061
734	24.292614
735	24.996059
736	23.421688
737	24.961576
738	23.778893
739	23.410599
740	23.214767
741	23.391134
742	23.946207
743	23.440052
744	24.637665
745	24.181267
746	24.014585
747	22.726614
748	24.092644
749	24.742670
750	24.008663
751	24.149740
752	24.750731
753	23.279686
754	23.784821
755	23.908808
756	23.585501
757	23.545242
758	24.112587
759	23.365049
760	22.997297
761	23.667206
762	24.197735
763	23.982603
764	23.645987
765	24.122099
766	24.404154
767	23.483423
768	23.954573
769	24.180174
770	23.702902
771	23.558228
772	23.143394
773	23.664858
774	23.975477
775	22.730787
776	24.292221
777	22.813869
778	23.023088
779	23.177973
780	23.059996
781	22.986115
782	24.280844
783	24.266464
784	24.131119
785	23.365211
786	24.375549
787	24.364824
788	23.679377
789	23.760326
790	25.232618
791	24.678097
792	23.329556
793	22.746933
794	24.489689
795	23.719896
796	24.066439
797	23.648188
798	23.016165
799	23.261560
800	23.758636
801	24.078320
802	23.634020
803	22.910376
804	22.687498
805	23.885582
806	24.888914
807	23.704632
808	25.035402
809	23.810102
810	23.360422
811	23.544436
812	23.555712
813	23.841541
814	23.799534
815	23.038172
816	23.360167
817	23.433336
818	23.885609
819	23.916744
820	23.649065
821	22.313522
822	23.393353
823	24.684010
824	23.888529
825	23.896307
826	24.126652
827	22.361300
828	23.286221
829	24.367620
830	23.585348
831	23.420631
832	23.601503
833	24.392242
834	23.782028
835	24.222244
836	23.348848
837	23.687403
838	24.222902
839	22.173532
840	22.925110
841	23.297834
842	24.057240
843	22.825096
844	22.533306
845	24.180384
846	23.878872
847	23.184919
848	23.581068
849	24.259968
850	23.675348
851	23.391088
852	24.242659
853	24.203659
854	24.457722
855	23.931993
856	24.867266
857	23.143669
858	24.134132
859	23.792204
860	24.347628
861	23.029726
862	24.028337
863	23.488770
864	23.972193
865	23.514875
866	23.771370
867	24.518633
868	24.290865
869	24.151560
870	24.445383
871	24.307941
872	22.916761
873	23.629313
874	23.907948
875	23.860285
876	24.315325
877	23.684893
878	23.732904
879	24.788265
880	24.188986
881	24.084675
882	23.923674
883	23.978661
884	23.738287
885	24.287966
886	24.453682
887	22.865038
888	23.634438
889	23.778687
890	24.612450
891	24.637033
892	24.513290
893	23.495113
894	23.955288
895	24.082163
896	24.075562
897	23.443316
898	24.386248
899	23.645199
900	24.392885
901	23.897354
902	23.548862
903	22.664259
904	23.683388
905	23.182880
906	24.008352
907	23.364290
908	23.781361
909	24.326229
910	23.933247
911	23.434906
912	23.559687
913	23.773361
914	24.128403
915	25.354919
916	25.187525
917	25.474262
918	23.622982
919	24.559515
920	25.054739
921	23.669836
922	24.331823
923	23.679882
924	23.970400
925	23.795835
926	24.259117
927	23.866907
928	24.369579
929	23.619884
930	22.912882
931	23.597425
932	23.262445
933	24.599815
934	23.003347
935	22.460163
936	24.009987
937	22.833544
938	23.444958
939	23.657602
940	23.305454
941	23.726740
942	23.498384
943	23.044279
944	23.458715
945	23.730532
946	23.974747
947	23.833218
948	23.761358
949	23.712126
950	23.230385
951	23.459946
952	23.949039
953	23.160597
954	24.222546
955	23.975084
956	23.556684
957	24.100742
958	24.320190
959	23.652630
960	23.623081
961	23.361057
962	23.668161
963	24.320219
964	24.977160
965	23.399340
966	23.693426
967	23.978897
968	23.815166
969	23.105968
970	23.049351
971	23.086699
972	25.288961
973	24.659502
974	24.397284
975	25.150002
976	24.291553
977	23.759041
978	24.530350
979	23.653708
980	22.964390
981	24.235916
982	22.824652
983	23.083364
984	24.048006
985	24.804873
986	24.510946
987	24.695574
988	24.730463
989	23.764566
990	24.294453
991	23.831491
992	24.438192
993	23.351854
994	22.928175
995	23.797821
996	23.430603
997	22.098181
998	22.861401
999	24.083345
