0	15.084410
1	15.084414
2	15.951590
3	18.102362
4	15.033647
5	17.649162
6	16.930588
7	17.373186
8	18.147863
9	16.697653
10	17.727755
11	17.287029
12	17.227892
13	20.031492
14	19.067934
15	19.235044
16	19.387484
17	18.159267
18	18.018379
19	18.739187
20	17.591215
21	17.023907
22	17.034435
23	18.642246
24	17.400625
25	16.866638
26	17.332638
27	17.463158
28	17.695124
29	17.781519
30	19.708984
31	15.457959
32	17.204823
33	17.660158
34	20.026022
35	19.380577
36	18.844786
37	18.326336
38	18.343439
39	17.754103
40	16.405506
41	17.887905
42	18.299591
43	17.817972
44	18.573698
45	19.842808
46	17.449320
47	17.170589
48	17.161388
49	17.235405
50	16.201572
51	16.497032
52	17.543608
53	15.679842
54	16.138412
55	18.037260
56	16.123880
57	17.549500
58	16.286901
59	16.412027
60	15.716593
61	16.158190
62	16.688227
63	15.216331
64	14.564482
65	17.156281
66	16.839857
67	17.635427
68	17.844049
69	18.843853
70	18.070650
71	16.640244
72	17.372074
73	14.657785
74	15.797658
75	16.098715
76	14.387426
77	14.960459
78	14.456938
79	14.456514
80	16.639910
81	15.277661
82	14.448743
83	14.719179
84	15.384660
85	14.550016
86	14.345075
87	14.688328
88	14.713188
89	14.422014
90	15.159511
91	14.481363
92	15.278082
93	14.196694
94	14.745418
95	15.956912
96	16.578775
97	16.012215
98	16.525827
99	16.947386
100	15.411443
101	15.883635
102	16.603962
103	16.552086
104	16.746197
105	16.832785
106	15.069670
107	15.496485
108	16.608040
109	15.317267
110	15.392838
111	16.453892
112	17.443909
113	15.192674
114	15.091282
115	15.334373
116	14.750804
117	14.225544
118	14.875087
119	13.989961
120	15.059359
121	14.665117
122	14.675879
123	16.350328
124	15.881182
125	15.234268
126	15.300766
127	14.618873
128	14.947451
129	14.654466
130	14.990477
131	14.778450
132	15.003350
133	16.149488
134	15.360356
135	15.201089
136	14.746975
137	14.688940
138	16.119112
139	14.976616
140	15.785697
141	15.752292
142	14.294403
143	14.802353
144	15.044925
145	15.005395
146	14.940387
147	15.684633
148	15.627173
149	16.540962
150	16.806768
151	16.698818
152	16.360252
153	16.187090
154	15.032624
155	15.683322
156	15.587014
157	16.636927
158	16.280771
159	15.840245
160	16.368055
161	16.392374
162	17.077034
163	15.945018
164	14.671807
165	15.598256
166	16.080046
167	15.047103
168	15.796063
169	15.536774
170	16.698959
171	16.256645
172	15.296593
173	16.023260
174	15.097195
175	15.634395
176	15.623706
177	14.641124
178	15.059488
179	14.772816
180	16.469961
181	15.948897
182	15.378402
183	15.934746
184	15.254578
185	15.285779
186	16.206749
187	17.051916
188	15.469613
189	16.234961
190	15.858115
191	15.780098
192	15.005128
193	15.373441
194	15.286500
195	15.367136
196	15.941846
197	16.175690
198	15.477951
199	14.527045
200	14.938545
201	13.983515
202	15.790950
203	14.453103
204	16.120827
205	17.318731
206	16.971491
207	15.621621
208	15.738992
209	16.392307
210	16.417421
211	15.254653
212	16.066738
213	15.789330
214	15.464930
215	15.192749
216	14.968245
217	15.385926
218	16.043854
219	15.700426
220	15.143993
221	15.843505
222	15.301885
223	15.706897
224	16.456993
225	15.460302
226	15.524340
227	14.978136
228	15.527284
229	14.865025
230	15.130187
231	16.269316
232	15.434932
233	15.516787
234	15.948358
235	16.510645
236	15.871001
237	15.917682
238	16.232443
239	16.005644
240	16.605421
241	16.497185
242	15.606999
243	15.407741
244	14.228210
245	14.902422
246	15.083505
247	15.770736
248	16.955763
249	16.883301
250	16.864233
251	16.118610
252	18.334627
253	16.389378
254	16.006844
255	15.843041
256	16.447592
257	15.546916
258	15.006604
259	15.085657
260	15.855556
261	14.725426
262	16.813236
263	16.275217
264	15.682105
265	14.827703
266	15.515059
267	16.866806
268	16.247169
269	15.772490
270	15.983113
271	16.705635
272	17.806473
273	16.776537
274	15.430402
275	17.568237
276	17.348419
277	16.921106
278	17.212801
279	17.184778
280	17.663265
281	16.248989
282	18.168509
283	16.075054
284	15.544648
285	14.729156
286	16.805349
287	15.741754
288	16.346663
289	16.706303
290	16.675522
291	15.930490
292	15.857308
293	15.684260
294	15.122943
295	16.529934
296	16.753231
297	15.094937
298	16.351461
299	18.558851
300	17.591276
301	17.006176
302	16.682480
303	16.150570
304	16.140930
305	17.702618
306	16.373516
307	16.747635
308	16.938578
309	16.684132
310	16.812372
311	17.378954
312	17.098001
313	16.790358
314	16.627132
315	16.583696
316	16.336756
317	15.855054
318	15.536805
319	16.764700
320	16.075268
321	13.942691
322	15.470197
323	16.388399
324	14.907645
325	14.200230
326	15.252995
327	14.934031
328	15.834278
329	14.500710
330	14.705293
331	15.421749
332	15.921732
333	15.615407
334	17.295727
335	16.377432
336	16.866432
337	16.822927
338	15.507874
339	17.171068
340	17.796274
341	16.365036
342	16.126085
343	16.865217
344	17.444065
345	16.154999
346	16.154423
347	16.779829
348	17.513138
349	14.479702
350	14.641004
351	14.607410
352	14.284097
353	15.183167
354	15.665436
355	17.037277
356	14.622713
357	13.852690
358	14.446434
359	17.018276
360	15.067129
361	15.816539
362	14.475079
363	15.063300
364	14.871655
365	15.134350
366	15.777916
367	14.850471
368	15.409091
369	14.387118
370	14.158775
371	13.763119
372	13.865011
373	14.671473
374	14.474612
375	15.136058
376	14.181305
377	14.131586
378	14.873391
379	13.888799
380	14.450308
381	15.172153
382	15.502892
383	15.125718
384	15.005634
385	14.308687
386	14.581452
387	13.400093
388	14.200410
389	14.256931
390	14.012770
391	14.504446
392	14.882204
393	13.287641
394	15.022984
395	15.680200
396	15.624044
397	14.377831
398	14.132962
399	14.521363
400	14.603575
401	14.961564
402	14.162025
403	13.187898
404	16.599115
405	15.958241
406	14.767796
407	13.618051
408	14.283912
409	15.443265
410	15.074580
411	14.852098
412	13.640708
413	14.916318
414	16.271381
415	15.805862
416	17.330462
417	14.843492
418	16.449467
419	15.216445
420	15.045386
421	16.376709
422	15.389981
423	15.218053
424	15.277431
425	15.571890
426	13.649657
427	14.958096
428	15.317441
429	14.725556
430	15.350838
431	13.556646
432	14.548710
433	14.552212
434	14.994549
435	14.467193
436	15.462605
437	14.711477
438	16.675167
439	16.180609
440	15.675732
441	14.522636
442	15.148943
443	14.861446
444	16.211073
445	16.467960
446	16.037327
447	16.225010
448	16.074007
449	16.353207
450	14.553030
451	16.557961
452	16.960276
453	16.792486
454	16.408609
455	17.200020
456	17.652306
457	16.466852
458	17.428339
459	15.349144
460	15.115211
461	14.862453
462	16.866955
463	16.554338
464	17.968199
465	17.164392
466	17.792791
467	17.116034
468	15.910580
469	16.553793
470	17.354116
471	15.692719
472	16.305855
473	16.099300
474	17.303852
475	16.289598
476	17.249647
477	16.670485
478	16.706480
479	16.655886
480	16.320442
481	16.521427
482	15.718214
483	17.041843
484	16.949677
485	17.079887
486	18.310339
487	16.975132
488	16.520325
489	15.841069
490	15.346046
491	16.249161
492	15.521119
493	15.854164
494	17.691406
495	14.912457
496	15.928059
497	16.267990
498	16.168684
499	16.360321
500	16.009018
501	15.648485
502	16.885572
503	14.565269
504	16.794477
505	16.130793
506	18.153370
507	16.229650
508	16.361013
509	15.985225
510	15.431768
511	16.542175
512	15.136459
513	16.844721
514	17.065107
515	16.240564
516	15.690422
517	15.879541
518	15.152045
519	16.059540
520	16.232592
521	16.000189
522	16.090801
523	16.296284
524	15.903466
525	15.982631
526	15.949306
527	16.009832
528	16.054649
529	15.971953
530	15.253412
531	15.639688
532	14.973190
533	16.032948
534	15.779037
535	15.696576
536	16.369148
537	16.878214
538	17.379288
539	16.300512
540	16.569916
541	16.209494
542	16.434092
543	17.020000
544	17.396473
545	15.749242
546	16.239239
547	17.778139
548	16.454527
549	17.606119
550	16.306011
551	16.124262
552	16.853027
553	15.706248
554	15.138865
555	15.054758
556	15.186082
557	16.069128
558	16.273512
559	17.145571
560	17.523554
561	16.765154
562	15.494739
563	15.954254
564	16.080004
565	17.755341
566	17.393553
567	17.210405
568	15.591216
569	16.521139
570	16.181610
571	17.248644
572	16.231016
573	16.595480
574	15.435316
575	16.426456
576	16.524466
577	17.581413
578	16.271938
579	16.110996
580	15.938936
581	16.461779
582	16.794350
583	17.227449
584	15.595505
585	17.234684
586	17.882256
587	16.114239
588	16.645182
589	16.299084
590	16.441843
591	16.604343
592	16.583082
593	16.349245
594	17.485727
595	16.148127
596	16.053131
597	17.079931
598	17.559736
599	17.309105
600	17.389423
601	17.638176
602	17.684530
603	17.609524
604	17.311466
605	17.338354
606	17.984709
607	17.213936
608	16.983549
609	17.363602
610	16.936272
611	17.194111
612	16.852713
613	16.956003
614	16.623997
615	18.035006
616	16.470636
617	17.352736
618	16.823284
619	16.842901
620	17.675737
621	17.383841
622	17.625801
623	17.096500
624	16.698196
625	17.078932
626	17.399347
627	17.330753
628	17.652998
629	17.105127
630	19.867907
631	17.246403
632	17.302546
633	17.912691
634	17.480522
635	17.618658
636	17.316265
637	17.193541
638	16.288568
639	16.966938
640	17.458813
641	17.693491
642	19.741335
643	18.224445
644	19.137161
645	16.946005
646	17.406185
647	17.716040
648	16.768604
649	17.672693
650	17.565548
651	15.480508
652	17.082758
653	17.123430
654	18.017481
655	17.534588
656	18.234943
657	17.724756
658	16.829014
659	18.311798
660	17.760105
661	17.192064
662	16.835464
663	16.606289
664	16.857418
665	17.196709
666	17.319994
667	16.926449
668	17.352200
669	17.771469
670	18.229364
671	17.171354
672	17.355795
673	17.180511
674	17.659956
675	16.795145
676	17.884756
677	17.882118
678	18.526009
679	17.643641
680	17.334383
681	17.729874
682	18.088663
683	17.690496
684	16.398962
685	16.909742
686	16.170559
687	17.175222
688	17.690273
689	16.611580
690	15.995277
691	16.236517
692	16.665165
693	16.887829
694	16.558321
695	15.669518
696	16.092113
697	17.126982
698	15.482843
699	16.487865
700	17.160450
701	16.795527
702	17.233624
703	17.237322
704	16.614441
705	17.369980
706	16.300690
707	16.229906
708	16.264832
709	16.687757
710	16.792311
711	17.231224
712	16.361065
713	17.946379
714	17.356104
715	17.825394
716	17.051325
717	17.998478
718	17.199678
719	16.100939
720	15.978904
721	16.215706
722	15.717891
723	15.142875
724	15.668763
725	16.007166
726	15.854359
727	16.258633
728	17.318260
729	17.283529
730	17.181087
731	16.342793
732	16.374758
733	16.394712
734	17.245041
735	16.664600
736	16.166452
737	16.977785
738	17.439201
739	17.049837
740	16.700233
741	16.802795
742	16.731533
743	16.414894
744	16.747435
745	15.427711
746	16.004362
747	15.390979
748	16.151361
749	16.586290
750	15.991254
751	16.792173
752	17.046844
753	16.662348
754	16.459272
755	16.392864
756	17.383699
757	16.008532
758	17.446484
759	17.302534
760	16.471218
761	16.390999
762	17.290945
763	16.982447
764	17.484179
765	16.947823
766	16.889608
767	16.752132
768	15.768064
769	17.169771
770	15.348138
771	15.696934
772	17.349937
773	16.457428
774	16.357779
775	16.209127
776	17.085733
777	16.818935
778	15.797516
779	16.553795
780	15.874468
781	16.136518
782	18.652428
783	16.746813
784	16.976435
785	16.326618
786	16.647064
787	16.440161
788	15.878938
789	16.109032
790	16.585859
791	16.013233
792	17.417423
793	16.460615
794	17.438309
795	17.547274
796	16.195126
797	16.924007
798	16.981880
799	17.505419
800	17.073318
801	17.104544
802	16.634211
803	16.508730
804	16.182938
805	15.880819
806	17.631557
807	16.398758
808	16.414408
809	16.883247
810	16.288288
811	16.585636
812	17.369444
813	16.751343
814	14.927300
815	16.441227
816	16.148172
817	16.146908
818	16.246878
819	16.588644
820	15.596496
821	16.217585
822	15.957461
823	16.029360
824	16.528191
825	16.767162
826	16.897070
827	15.932018
828	16.676752
829	17.117605
830	16.316584
831	16.257406
832	16.700035
833	16.095907
834	16.092699
835	16.445410
836	16.221083
837	17.792883
838	16.650553
839	15.929363
840	16.468550
841	17.511234
842	17.491398
843	16.875200
844	17.120979
845	16.664366
846	15.941443
847	16.033058
848	16.535875
849	17.152071
850	16.693964
851	16.774185
852	16.628225
853	17.394085
854	16.333071
855	16.896591
856	16.694027
857	16.566734
858	16.503490
859	16.271135
860	16.737076
861	16.311550
862	16.144699
863	16.050560
864	16.777561
865	16.411116
866	16.141905
867	17.146898
868	16.296764
869	16.209873
870	15.284459
871	17.429611
872	16.146765
873	17.400785
874	16.408352
875	15.223476
876	16.541763
877	15.679567
878	16.163052
879	18.620350
880	15.815355
881	15.586987
882	17.074450
883	16.722231
884	15.784342
885	17.333366
886	17.145203
887	15.897387
888	16.521339
889	15.520343
890	16.908419
891	15.902983
892	16.293133
893	16.963413
894	16.421862
895	16.564123
896	16.801809
897	16.535322
898	16.599722
899	16.060715
900	16.407101
901	16.438475
902	17.148081
903	16.726532
904	17.472830
905	16.751051
906	17.655338
907	17.446812
908	16.821537
909	17.176804
910	16.892654
911	16.718624
912	15.999960
913	16.413721
914	16.789965
915	16.508720
916	16.598034
917	16.162292
918	16.241955
919	16.678810
920	16.789074
921	16.666010
922	16.438311
923	15.301680
924	15.754371
925	16.773804
926	16.301611
927	16.812620
928	16.767881
929	16.167868
930	16.363474
931	16.861013
932	16.236046
933	16.498426
934	16.607794
935	16.307533
936	17.106476
937	15.971206
938	16.336481
939	16.541071
940	16.965166
941	16.859684
942	16.002203
943	16.660664
944	16.415798
945	17.069157
946	16.388504
947	16.409786
948	16.294006
949	16.626513
950	17.333551
951	16.960606
952	17.601027
953	16.282398
954	17.906530
955	17.442333
956	17.554890
957	18.404753
958	17.379663
959	17.557644
960	17.268761
961	18.145355
962	16.915937
963	17.347576
964	17.635128
965	16.696362
966	17.765734
967	17.008541
968	18.198469
969	16.672895
970	16.901659
971	16.210861
972	16.573599
973	17.723551
974	17.897793
975	16.822369
976	18.870621
977	17.492699
978	17.913912
979	16.916447
980	17.442801
981	18.687275
982	17.085526
983	19.339178
984	17.063492
985	17.640102
986	17.561356
987	17.394653
988	16.921041
989	17.291546
990	16.500090
991	17.185484
992	18.001570
993	17.251223
994	17.584175
995	18.563845
996	16.173944
997	15.801815
998	16.410065
999	17.693619
