2
3
7
16
19
30
38
45
49
73
85
93
101
110
111
117
121
122
123
124
125
129
135
137
141
158
161
162
164
169
177
180
184
190
191
193
195
198
204
222
223
231
239
240
241
247
248
254
260
263
273
274
277
281
286
287
288
291
299
301
312
317
323
327
328
336
346
348
351
356
357
366
373
378
381
383
384
385
395
400
402
405
408
410
414
424
433
436
438
446
447
450
453
454
459
460
461
464
470
479
485
488
490
491
494
499
507
519
527
531
533
535
537
538
539
547
548
550
551
552
553
565
567
570
576
577
583
588
589
593
598
599
602
607
608
615
616
618
619
625
626
629
638
641
642
644
645
649
651
652
657
658
667
671
672
673
675
676
677
679
681
683
684
685
689
694
697
698
702
703
704
712
714
715
717
719
724
728
731
732
733
734
736
739
740
741
745
746
747
748
749
756
758
759
760
761
762
763
767
770
775
777
780
781
782
784
786
788
789
790
791
792
793
796
798
799
801
802
803
804
805
809
812
813
814
817
818
819
823
824
825
826
827
828
829
830
831
832
833
834
835
836
837
838
839
840
841
842
843
844
845
846
847
848
849
850
851
852
853
854
855
856
857
858
859
860
861
862
863
864
865
866
867
868
869
870
871
872
873
874
875
876
877
878
879
880
881
882
883
884
885
886
887
888
889
890
