9
10
11
13
14
15
17
18
20
21
23
24
25
27
28
29
31
32
33
34
35
36
37
39
40
41
42
43
44
46
47
48
51
52
54
55
56
57
58
59
60
62
63
64
65
66
68
69
70
71
72
75
76
77
78
79
80
82
84
86
87
88
90
92
94
95
96
97
98
99
100
103
104
106
107
108
112
113
114
115
126
127
132
133
138
139
140
142
144
145
146
148
149
153
155
157
159
160
165
166
167
168
170
171
172
173
174
175
176
179
181
182
183
188
189
192
194
197
199
200
201
202
203
205
206
208
209
210
211
212
213
215
217
218
221
224
225
226
227
229
232
236
237
238
243
244
245
246
249
250
253
255
258
259
261
262
265
267
269
270
276
279
282
284
285
289
290
294
295
296
298
302
303
304
305
306
308
310
313
314
315
316
318
319
321
322
324
325
326
329
330
331
332
333
334
335
337
339
340
341
342
344
345
347
352
354
355
361
362
363
364
369
370
371
374
375
376
377
379
386
387
390
392
393
394
396
397
398
399
404
406
407
411
415
416
417
418
420
421
422
427
428
430
431
437
439
441
442
444
445
451
452
457
462
466
467
468
471
472
473
475
476
477
481
482
483
484
486
492
493
495
496
500
504
508
509
511
512
513
515
518
523
524
525
526
529
530
532
534
536
541
543
546
549
554
555
559
560
561
564
566
568
569
571
572
573
575
578
580
585
586
587
590
596
597
600
603
606
613
622
628
631
635
636
637
646
647
650
655
656
664
665
666
680
688
692
695
707
708
711
718
738
