2	412	1.7316
3	419	1.75106
4	362	1.47298
5	372	1.70244
6	413	1.79886
7	379	1.88479
8	347	1.84964
9	363	1.82235
10	252	1.89495
11	395	1.89249
12	320	1.64114
13	453	1.89017
14	414	1.73206
15	237	1.44802
16	274	1.83366
17	307	1.88422
18	308	1.87013
19	333	1.82773
20	336	1.88623
21	396	1.7274
22	441	1.7635
23	297	1.85929
24	29	1.65121
25	268	1.64799
26	400	1.2386
27	30	1.85992
28	36	1.52148
29	337	1.90528
30	241	1.91501
31	275	1.56023
32	265	1.81688
33	373	1.56395
34	244	1.94598
35	231	1.79452
36	327	1.82946
37	261	1.42376
38	321	0.687483
39	353	1.63605
40	289	1.80635
41	475	1.72224
42	389	1.81532
43	437	0.810423
44	352	1.77817
45	262	1.75118
46	354	1.55609
47	57	1.84782
48	309	1.60419
49	334	1.70718
50	380	0.699268
51	397	1.71312
52	56	1.86691
53	381	1.8804
54	342	1.84371
55	314	1.75267
56	281	1.45884
57	364	1.79599
58	301	0.680296
59	68	1.89535
60	286	1.89005
61	365	1.77028
62	67	1.65035
63	401	1.84891
64	383	1.78675
65	71	1.52214
66	69	1.9163
67	367	1.78892
68	238	1.90196
69	301	1.02253
70	235	1.83913
71	343	1.77328
72	258	1.87861
73	366	1.90449
74	402	1.43632
75	242	1.69567
76	489	1.73723
77	305	0.354244
78	384	1.06126
79	328	1.82923
80	94	1.77636
81	368	1.80968
82	254	1.90424
83	310	1.77454
84	91	1.82116
85	93	1.9157
86	253	1.81407
87	255	1.74786
88	344	1.57326
89	338	1.78736
90	250	1.56294
91	298	1.78341
92	285	1.92998
93	98	1.73988
94	330	1.88066
95	290	1.9163
96	329	1.83338
97	270	1.81121
98	269	0.353403
99	102	1.65084
100	375	1.75008
101	331	1.82411
102	109	1.78428
103	113	1.90491
104	315	1.83717
105	101	1.83602
106	239	1.77711
107	316	1.86837
108	429	1.76278
109	376	1.8761
110	306	1.8291
111	277	1.8761
112	399	1.82318
113	348	1.8935
114	221	0.888341
115	293	1.88444
116	356	1.1605
117	481	1.75566
118	125	1.8006
119	134	1.6656
120	339	1.919
121	357	1.88232
122	132	1.83228
123	323	1.86827
124	311	1.89557
125	137	0.776196
126	317	1.86249
127	136	1.81886
128	302	1.85506
129	243	0.789812
130	403	1.87574
131	251	1.81434
132	140	1.43864
133	234	1.89729
134	426	1.88737
135	137	0.750597
136	390	1.88139
137	450	1.88683
138	145	1.22252
139	144	1.90541
140	393	1.73977
141	147	1.70647
142	392	1.78773
143	359	0.624357
144	291	1.91262
145	243	1.00818
146	150	1.79378
147	267	1.92434
148	303	0.18625
149	245	1.90838
150	324	0.356682
151	246	1.80756
152	158	1.65422
153	303	1.72143
154	278	0.49474
155	162	1.79577
156	432	1.82068
157	161	1.89265
158	295	1.75695
159	228	1.57721
160	299	1.77439
161	263	1.88896
162	279	1.81973
163	304	1.90721
164	272	1.81758
165	394	1.88852
166	296	1.25677
167	300	1.88884
168	296	0.594015
169	177	1.91993
170	409	1.83636
171	444	1.81912
172	178	1.91787
173	183	1.85087
174	332	1.8704
175	360	1.82054
176	180	1.37764
177	283	1.86414
178	340	1.03794
179	184	1.84656
180	249	1.91358
181	325	1.83673
182	187	1.85737
183	345	1.90686
184	180	0.308958
185	391	1.90172
186	370	1.33025
187	240	0.428351
188	312	1.78899
189	440	1.79905
190	256	0.621051
191	446	0.694937
192	223	1.7088
193	199	1.81871
194	326	1.92396
195	411	1.86087
196	256	1.24161
197	200	1.908
198	203	1.82687
199	273	0.300521
200	205	1.84562
201	377	1.90085
202	209	1.63321
203	210	1.88324
204	206	1.9054
205	208	1.86707
206	236	1.88002
207	264	1.85798
208	213	1.92232
209	292	1.87662
210	214	0.153701
211	415	1.88805
212	341	1.85248
213	351	1.91521
214	430	1.90649
215	224	1.84225
216	382	1.70871
217	452	1.86986
218	386	1.77672
219	433	1.80699
220	445	1.87105
221	468	0.987236
222	421	1.83679
223	479	1.68726
224	369	1.8641
225	358	1.86248
226	431	1.83683
227	472	1.852
228	240	1.41281
229	420	1.89851
230	321	1.17969
231	500	1.76403
232	398	1.80924
233	175	1.77764
234	319	1.90121
235	371	1.2018
236	484	0.870967
237	273	1.56294
238	424	1.81142
239	478	1.84818
240	427	1.84464
241	378	1.89198
242	465	1.78607
243	416	1.89412
244	423	1.85711
245	408	1.89056
246	346	0.46192
247	460	1.08268
248	438	1.85452
249	439	1.88347
250	387	1.85678
251	510	1.84899
252	350	1.1411
253	388	1.86432
254	442	1.745
255	305	1.3335
256	417	1.84818
257	517	1.87782
258	466	1.82387
259	428	1.90701
260	524	1.80484
261	220	1.56501
262	374	1.3762
263	497	1.76287
264	349	1.88083
265	456	1.08351
266	512	1.92402
267	448	1.27236
268	443	1.76736
269	520	1.83783
270	451	1.80053
271	207	1.21644
272	214	1.64644
273	449	1.74848
274	571	1.79296
275	525	1.58508
276	425	1.78907
277	269	1.36383
278	454	1.63929
279	404	1.82316
280	324	1.47903
281	493	1.77271
282	494	1.71666
283	477	1.77976
284	422	1.83843
285	406	1.91902
286	492	1.79868
287	473	1.8564
288	509	1.79427
289	361	1.91231
290	463	1.08533
291	218	1.73459
292	346	1.42281
293	380	1.03801
294	622	0.744404
295	434	1.14596
296	534	1.67067
297	447	1.87808
298	551	1.82099
299	513	1.7723
300	359	1.23566
301	278	1.34186
302	457	1.8481
303	544	1.8943
304	410	1.84492
305	550	1.0666
306	480	1.09454
307	356	0.629749
308	486	0.823014
309	405	1.87353
310	459	1.92325
311	527	1.11888
312	528	1.85338
313	562	0.948262
314	602	1.1048
315	502	0.951507
316	515	1.76619
317	455	1.86662
318	514	1.78446
319	470	1.18998
320	549	1.82155
321	340	0.834851
322	584	1.82061
323	505	1.85913
324	476	1.8352
325	530	0.744355
326	557	1.76533
327	491	1.06485
328	418	1.86064
329	407	1.82976
330	560	1.78318
331	540	1.79703
332	529	1.83759
333	605	1.6595
334	496	1.86218
335	221	1.01669
336	464	1.89843
337	446	1.18375
338	437	0.995676
339	629	1.77658
340	461	1.78174
341	585	1.74234
342	559	1.86268
343	456	0.648567
344	541	0.934669
345	490	1.90973
346	614	1.75033
347	483	1.83008
348	435	1.89092
349	526	1.76574
350	508	1.77643
351	522	1.80485
352	593	1.77046
353	542	1.81744
354	485	1.81876
355	498	0.769103
356	519	1.27322
357	400	0.613917
358	552	1.82562
359	527	0.762124
360	553	1.77441
361	506	1.83576
362	507	0.915507
363	482	1.86966
364	548	1.79897
365	567	1.79587
366	569	1.85207
367	565	1.82922
368	545	1.19705
369	523	1.83896
370	504	1.07971
371	458	1.77283
372	621	1.82532
373	468	0.78279
374	563	1.81366
375	501	1.83555
376	599	1.85614
377	572	1.77463
378	651	1.78032
379	469	1.30994
380	635	1.74062
381	511	1.77327
382	592	1.76197
383	480	0.692109
384	543	0.99742
385	350	0.720393
386	474	1.03168
387	610	0.629499
388	573	1.803
389	566	1.81943
390	577	1.88122
391	531	1.86586
392	471	1.90976
393	568	0.847017
394	467	1.78998
395	487	1.85014
396	604	1.74883
397	516	1.42918
398	536	1.80069
399	598	1.8053
400	495	1.41596
401	503	1.84336
402	448	0.569393
403	558	1.82875
404	537	1.74915
405	538	1.86307
406	499	1.86062
407	561	1.84516
408	521	1.21171
409	518	1.91524
410	644	1.83276
411	650	1.81191
412	574	1.89377
413	532	1.83002
414	484	0.937165
415	662	1.85871
416	575	1.65035
417	547	1.89514
418	676	0.957847
419	370	0.549375
420	533	1.82925
421	488	1.85591
422	665	1.85713
423	677	1.84921
424	384	0.692273
425	555	1.72828
426	637	1.84048
427	632	1.86178
428	597	1.82752
429	638	1.88782
430	646	1.85231
431	554	1.66388
432	655	1.78706
433	626	1.92283
434	596	1.82001
435	586	1.86602
436	608	1.92168
437	371	0.657306
438	724	0.872586
439	640	1.71248
440	576	1.53276
441	594	1.08032
442	619	1.81032
443	666	1.82272
444	460	0.67503
445	622	1.01548
446	648	0.973224
447	612	1.78429
448	539	1.88884
449	639	1.88177
450	556	1.59719
451	654	1.89465
452	675	1.81512
453	627	1.86363
454	588	1.87522
455	504	0.754976
456	564	0.567476
457	498	1.10849
458	601	1.80758
459	611	1.84725
460	535	1.43656
461	615	1.84748
462	578	1.79209
463	660	1.88328
464	564	1.2883
465	579	1.80118
466	507	0.755675
467	530	0.967031
468	631	1.75202
469	628	1.79962
470	652	1.82086
471	580	1.82337
472	613	1.70597
473	616	1.77999
474	486	1.00026
475	570	1.79467
476	600	1.77763
477	591	1.4714
478	672	1.78105
479	653	1.7192
480	595	1.85438
481	642	1.86045
482	649	1.04335
483	634	1.84384
484	402	0.408249
485	684	1.7624
486	581	1.88821
487	726	0.86521
488	661	1.83057
489	681	1.83905
490	645	1.84828
491	668	1.85843
492	731	1.81639
493	738	1.75987
494	674	1.83645
495	582	1.91513
496	620	1.85318
497	436	0.904182
498	683	1.85824
499	546	1.52083
500	624	1.69855
501	659	1.83288
502	587	1.89217
503	618	0.294558
504	434	0.744959
505	610	1.22863
506	630	1.67191
507	656	1.83986
508	641	1.83801
509	718	1.85651
510	607	0.795554
511	470	0.651295
512	633	1.9119
513	609	1.89466
514	541	0.864674
515	667	1.73465
516	744	1.77852
517	617	1.88957
518	689	1.84552
519	663	1.88528
520	664	1.86196
521	583	1.86072
522	590	0.915804
523	603	0.717065
524	491	0.740975
525	734	1.7738
526	602	0.692547
527	606	1.86048
528	618	1.54827
529	676	0.802358
530	589	0.986012
531	590	0.842077
532	725	1.76267
533	562	0.812574
534	550	0.753207
535	694	1.90124
536	521	0.369936
537	678	1.80146
538	625	1.54087
539	636	1.76012
540	594	0.717542
541	680	1.82208
542	690	1.85629
543	704	0.959063
544	719	1.81278
545	691	1.83978
546	692	1.83052
547	742	1.8271
548	814	1.02944
549	623	1.45559
550	699	0.819858
551	717	0.977961
552	658	1.83889
553	703	1.85806
554	643	1.81513
555	647	1.83323
556	669	1.072
557	693	1.85459
558	710	1.85555
559	711	1.87889
560	671	1.7489
561	716	0.615521
562	695	1.83675
563	603	0.840581
564	673	1.73997
565	679	1.29081
566	607	1.04492
567	714	1.81927
568	698	1.64553
569	657	1.91246
570	568	1.02255
571	707	1.78959
572	720	1.71526
573	687	1.83907
574	545	0.623844
575	708	0.845005
576	705	1.82171
577	706	1.87652
578	715	1.80664
579	746	1.81977
580	696	1.74044
581	732	0.889987
582	760	0.851236
583	748	1.85039
584	589	0.767555
585	519	0.578953
586	781	1.77584
587	686	1.81468
588	502	0.555862
589	543	0.8051
590	762	1.8417
591	685	1.88363
592	724	0.854046
593	462	0.669573
594	688	1.9029
595	817	1.7665
596	669	0.790329
597	697	1.89503
598	778	1.88229
599	648	0.760312
600	821	1.81426
601	670	1.86939
602	730	0.921339
603	799	1.83015
604	747	1.84259
605	679	0.562344
606	776	1.00932
607	803	1.84836
608	682	1.8618
609	754	1.87237
610	764	1.92433
611	733	1.86593
612	739	0.92767
613	700	1.88437
614	701	1.82878
615	728	1.85557
616	749	1.77452
617	765	1.82241
618	726	0.956327
619	721	1.85611
620	722	1.88436
621	824	1.83172
622	702	1.19575
623	709	1.86269
624	796	1.87149
625	768	1.8392
626	769	1.80957
627	740	1.89934
628	713	1.86846
629	737	1.79854
630	716	1.17236
631	822	1.80972
632	739	0.880707
633	761	1.05827
634	723	1.78464
635	753	1.73806
636	741	1.87741
637	704	0.892474
638	729	1.83789
639	777	1.83378
640	750	1.77337
641	800	1.69417
642	757	1.81775
643	766	1.85338
644	767	1.79903
645	792	1.05274
646	751	0.87262
647	813	1.83624
648	712	0.941652
649	756	1.85627
650	846	1.83012
651	736	1.92832
652	798	1.8809
653	782	1.05677
654	790	1.69115
655	699	0.95253
656	732	0.867002
657	735	1.91591
658	826	1.84138
659	835	1.85127
660	827	1.87607
661	755	1.92255
662	771	1.85758
663	774	1.82182
664	775	1.14799
665	780	1.89916
666	717	0.869752
667	861	0.897128
668	712	0.762098
669	745	1.87494
670	832	0.93229
671	833	1.86123
672	791	1.00175
673	815	1.79288
674	788	1.84684
675	793	1.80966
676	868	1.78696
677	851	1.77145
678	787	1.80385
679	759	1.11436
680	785	1.83814
681	876	1.85227
682	752	1.89911
683	804	1.86438
684	727	0.810985
685	836	1.86757
686	797	1.73698
687	743	1.84229
688	806	1.74348
689	808	1.88608
690	825	1.8279
691	831	1.79812
692	773	0.922716
693	843	1.848
694	848	1.8219
695	859	0.725518
696	810	1.87144
697	829	1.87186
698	782	0.706477
699	823	1.88827
700	802	1.79793
701	838	1.10087
702	702	0.665215
703	763	1.79743
704	878	1.78193
705	818	1.77811
706	773	0.732926
707	758	1.79136
708	820	1.67005
709	834	0.6537
710	760	0.923861
711	751	0.999655
712	727	1.05847
713	828	1.88689
714	852	0.628189
715	784	1.47228
716	649	0.80743
717	794	1.83932
718	795	1.91871
719	805	1.86623
720	899	1.86261
721	832	0.830581
722	809	1.81943
723	847	0.736276
724	775	0.724781
725	849	1.86713
726	858	0.99965
727	884	1.7535
728	850	1.88666
729	853	1.90724
730	814	0.722165
731	816	1.86465
732	770	1.77266
733	772	0.789754
734	807	1.84031
735	887	1.84488
736	761	0.789522
737	708	0.938922
738	811	1.92452
739	730	0.882492
740	801	1.88847
741	858	0.862257
742	859	1.08583
743	883	1.82256
744	841	1.61592
745	894	1.84808
746	772	0.886797
747	819	1.73955
748	864	0.867633
749	791	0.796088
750	856	1.8154
751	866	1.15405
752	895	1.83925
753	839	1.04734
754	845	1.6845
755	779	1.19094
756	837	1.12556
757	776	0.798325
758	786	1.83154
759	844	1.837
760	789	0.97176
761	911	1.77777
762	834	1.18116
763	881	1.001
764	840	1.07738
765	882	0.681851
766	871	0.791478
767	783	1.79027
768	896	1.81547
769	914	1.78168
770	812	1.8211
771	917	1.84753
772	905	1.90329
773	830	1.63371
774	863	1.72335
775	857	1.83772
776	907	1.80212
777	904	1.85664
778	861	0.885311
779	888	1.83944
780	898	1.88722
781	893	1.78972
782	865	0.755487
783	875	1.83423
784	867	1.91139
785	839	0.805044
786	852	1.10207
787	789	0.688717
788	837	0.509586
789	842	0.875251
790	865	0.81573
791	909	1.88184
792	870	1.69374
793	855	1.65396
794	890	1.1236
795	890	0.661046
796	873	1.25419
797	860	1.27665
798	869	1.84775
799	889	1.82907
800	950	0.732296
801	874	1.82647
802	928	1.76887
803	886	1.84503
804	854	1.88743
805	910	1.85873
806	779	0.502075
807	945	1.88207
808	897	1.84948
809	901	1.85103
810	918	1.77873
811	880	1.85631
812	931	1.01454
813	892	1.83389
814	902	1.78926
815	862	1.65905
816	879	1.6925
817	891	1.72737
818	935	1.86187
819	920	1.77006
820	877	1.90256
821	885	1.92689
822	938	1.79589
823	842	0.736838
824	792	0.701448
825	881	0.807461
826	915	1.87391
827	941	1.79683
828	872	1.61112
829	913	1.03484
830	906	1.82459
831	838	0.704459
832	934	1.87436
833	936	1.13711
834	900	1.82571
835	864	0.862708
836	929	1.86297
837	860	0.564672
838	873	0.554573
839	922	1.78868
840	943	1.70559
841	912	1.8571
842	903	1.91358
843	949	1.7484
844	954	1.84139
845	932	1.82345
846	916	1.80149
847	926	1.83994
848	924	1.77734
849	866	0.670075
850	985	0.875767
851	921	1.87259
852	927	1.80349
853	847	1.04361
854	961	1.83473
855	919	1.82784
856	759	0.541685
857	933	1.84066
858	930	1.91461
859	956	1.79935
860	908	1.87755
861	960	1.86209
862	923	1.77726
863	964	1.82411
864	952	1.82059
865	973	1.79557
866	947	1.8428
867	951	1.90863
868	965	1.83967
869	939	1.83903
870	925	1.88334
871	940	1.78966
872	840	0.751749
873	986	1.0435
874	942	0.955787
875	957	1.23136
876	944	1.88379
877	931	0.785567
878	871	0.935125
879	967	1.82335
880	970	1.85589
881	958	1.88995
882	972	1.85752
883	975	1.88087
884	937	1.84907
885	950	1.08013
886	953	1.88907
887	981	0.994456
888	946	1.89834
889	936	0.623994
890	974	1.89681
891	969	1.75552
892	985	0.834461
893	962	1.85422
894	991	1.88006
895	968	1.88103
896	942	0.893355
897	980	1.7972
898	982	1.89117
899	959	1.87411
900	978	0.702005
901	997	1.84359
902	1006	1.85906
903	955	1.80853
904	913	0.771304
905	984	1.86576
906	966	1.88244
907	996	1.86096
908	976	1.87907
909	987	1.88241
910	977	1.83262
911	971	1.88216
912	948	0.597163
913	1000	1.83078
914	1007	1.82513
915	1010	1.80944
916	1004	1.87919
917	1020	1.82102
918	979	1.45101
919	981	0.808054
920	1008	1.07634
921	978	1.09594
922	957	0.547585
923	1011	1.84752
924	988	1.74452
925	963	1.85097
926	994	1.90186
927	1029	1.84328
928	1015	1.7937
929	983	1.89622
930	986	0.724991
931	989	1.85256
932	1030	1.8888
933	1017	1.89188
934	1037	1.909
935	993	1.91008
936	1046	1.86728
937	992	1.89991
938	1028	1.80134
939	995	1.63102
940	1049	1.83794
941	1001	1.83885
942	1002	0.819571
943	1009	1.32426
944	1022	1.89961
945	999	1.85509
946	1005	1.79487
947	1012	1.86218
948	1027	1.85037
949	1045	1.85811
950	1008	0.75884
951	1018	1.90997
952	998	1.88564
953	990	1.9056
954	1025	1.87029
955	1031	1.73753
956	1044	1.89155
957	1034	1.83015
958	1052	1.88832
959	1054	1.03308
960	1057	1.8547
961	1024	1.85025
962	1040	1.85413
963	1003	1.8764
964	1059	1.86009
965	1021	1.89449
966	1014	1.89884
967	1002	1.03899
968	1058	0.898213
969	1051	1.85743
970	1035	1.84983
971	1016	1.86335
972	1032	1.83366
973	1039	1.92896
974	948	1.10221
975	1023	1.88678
976	1048	0.987092
977	1038	1.83011
978	1053	1.79362
979	1042	1.84506
980	1013	1.04404
981	1019	1.20146
982	1013	0.790383
983	1043	1.85219
984	1066	1.8945
985	1055	1.8392
986	1054	0.777935
987	1064	1.85448
988	1041	1.873
989	1026	1.81634
990	1072	1.91043
991	1009	0.497043
992	1065	1.89482
993	1036	1.80118
994	1050	1.89348
995	1033	1.80894
996	1073	1.87627
997	1062	1.86965
998	1063	1.9208
999	1070	1.85772
1000	1056	1.86228
1001	1047	0.358931
1002	1060	1.91445
1003	1068	1.82573
1004	1069	1.83117
1005	1061	1.84955
1006	1048	0.813486
1007	1087	1.89502
1008	1078	1.80687
1009	1091	1.89169
1010	1083	1.85267
1011	1067	1.85547
1012	1075	1.90104
1013	1081	1.88469
1014	1088	1.16885
1015	1076	1.8963
1016	1101	1.87166
1017	1095	1.89695
1018	1085	1.87626
1019	1058	0.949464
1020	1079	1.8926
1021	1090	1.83412
1022	1071	1.83784
1023	1080	0.944882
1024	1080	0.84098
1025	1094	1.86213
1026	1077	1.88598
1027	1097	1.83091
1028	1086	1.89236
1029	1100	1.8776
1030	1088	0.670082
1031	1102	1.88374
1032	1082	1.86877
1033	1084	1.85134
1034	1099	1.90041
1035	1107	1.88468
1036	1089	1.04894
1037	1098	1.89303
1038	1092	1.85126
1039	1093	1.86254
1040	1117	0.842378
1041	1089	0.798972
1042	1112	1.85182
1043	1103	1.81215
1044	1120	1.8857
1045	1074	0.669635
1046	1096	1.896
1047	1109	1.03715
1048	1074	1.20356
1049	1106	1.90242
1050	1104	1.78782
1051	1105	0.826174
1052	1117	0.911811
1053	1108	1.84233
1054	1110	1.83259
1055	1113	1.89488
1056	1119	1.8628
1057	1115	1.89933
1058	1114	1.89793
1059	1105	0.988166
1060	1132	0.78751
1061	1118	1.88843
1062	1124	1.87497
1063	1125	1.89831
1064	1111	1.91563
1065	1109	0.813213
1066	1135	1.85246
1067	1128	1.86411
1068	1137	1.83205
1069	1130	1.85591
1070	1116	1.86685
1071	1133	1.91543
1072	1122	1.86733
1073	1127	0.773063
1074	1123	1.83001
1075	1134	1.8618
1076	1129	1.07426
1077	1131	1.86104
1078	1132	1.01162
1079	1121	1.8826
1080	1139	1.87782
1081	1136	1.86305
1082	1140	1.84552
1083	1047	0.346207
1084	1138	1.89046
1085	1126	0.919975
1086	1127	1.08924
1087	1126	0.917957
1088	1142	1.89331
1089	1129	0.726443
1090	1141	1.81676
1091	1143	1.82493
