2	3	1.66178
3	328	1.82959
4	346	1.80449
5	10	1.80756
6	12	1.80491
7	11	1.46196
8	298	0.696882
9	9	1.7585
10	229	1.86206
11	294	1.85073
12	347	1.86554
13	17	1.78496
14	20	1.52475
15	23	1.81664
16	306	1.8237
17	19	1.82849
18	317	1.79477
19	26	1.609
20	24	1.88458
21	31	1.78328
22	28	1.66614
23	30	1.37651
24	30	0.532811
25	274	1.8164
26	29	1.89184
27	33	0.378209
28	33	1.41913
29	275	1.8438
30	225	1.66562
31	34	1.80112
32	35	1.2288
33	40	1.68159
34	303	1.87404
35	283	1.85817
36	41	1.73018
37	43	1.34837
38	45	1.74474
39	47	1.84834
40	46	1.81865
41	230	1.69391
42	50	1.74452
43	44	1.83207
44	254	1.90916
45	52	1.69164
46	48	1.78215
47	255	1.82134
48	55	1.83433
49	56	1.8311
50	53	1.88385
51	263	1.80694
52	269	1.8357
53	250	1.85998
54	249	1.89255
55	60	1.85084
56	58	1.84695
57	59	1.86808
58	63	1.84816
59	62	1.89942
60	64	1.81895
61	66	1.04616
62	65	1.88429
63	239	1.75296
64	284	0.775573
65	256	1.84281
66	71	0.279503
67	505	1.77999
68	69	1.78883
69	67	1.91888
70	57	1.46156
71	70	1.80541
72	85	1.63417
73	76	1.93204
74	74	1.84917
75	79	1.8289
76	81	0.775185
77	240	1.84102
78	226	1.86666
79	77	1.75533
80	83	1.8558
81	84	1.68436
82	82	1.80311
83	264	1.72743
84	87	1.73317
85	88	1.75303
86	224	1.8131
87	86	1.84472
88	494	1.85021
89	89	1.70609
90	92	1.83535
91	322	0.10131
92	90	1.8093
93	93	1.83586
94	97	1.89738
95	100	1.71992
96	99	1.79876
97	94	1.73287
98	257	1.67166
99	96	1.65351
100	98	1.82653
101	103	1.85333
102	108	1.83268
103	104	1.73234
104	102	1.76859
105	105	1.87663
106	109	0.2056
107	106	1.85394
108	111	1.83048
109	251	0.125136
110	276	0.868996
111	114	1.84951
112	277	1.7598
113	252	1.80084
114	115	1.77425
115	113	1.92084
116	118	1.73465
117	259	1.81783
118	116	1.53014
119	119	1.91857
120	121	0.686531
121	117	1.87164
122	122	1.90667
123	120	1.88924
124	124	1.8597
125	126	1.80744
126	127	1.75379
127	123	1.76402
128	252	0.00231294
129	125	1.79072
130	286	1.77926
131	419	1.84264
132	128	1.71264
133	131	1.77808
134	130	1.8736
135	244	1.83759
136	138	1.78084
137	135	1.55014
138	134	1.65109
139	260	1.85636
140	137	1.84463
141	245	1.76766
142	142	1.89971
143	140	1.88401
144	139	1.78221
145	145	1.92874
146	231	1.84733
147	147	1.89315
148	148	1.91938
149	146	1.74922
150	149	1.86339
151	150	1.85242
152	151	1.91922
153	237	1.8684
154	152	1.8707
155	156	1.88966
156	158	0.216901
157	154	0.285089
158	159	0.660016
159	155	0.27704
160	157	1.7632
161	160	1.86154
162	153	1.84042
163	162	1.06312
164	266	1.66728
165	279	0.591074
166	162	0.561214
167	165	1.54356
168	164	1.8314
169	161	1.72458
170	167	1.76099
171	168	1.85817
172	166	1.698
173	169	1.51859
174	170	1.82414
175	162	0.0369967
176	246	0.794066
177	171	1.73713
178	172	1.47037
179	174	0.930451
180	176	1.81394
181	173	1.83213
182	175	1.87635
183	234	1.81123
184	178	1.76594
185	174	0.624358
186	177	1.85752
187	180	1.45353
188	179	1.88888
189	424	1.77902
190	181	1.75823
191	184	1.63802
192	182	0.754013
193	187	1.59057
194	189	1.7405
195	332	0.0548385
196	180	0.237413
197	191	1.80463
198	188	0.062662
199	193	1.82976
200	253	0.225318
201	195	1.85542
202	194	1.89627
203	196	1.8495
204	288	0.0237878
205	198	1.87796
206	197	0.545217
207	199	1.77666
208	202	1.64491
209	200	1.85949
210	202	0.208282
211	248	0.00621903
212	203	1.77043
213	205	1.88506
214	201	1.88535
215	204	1.87937
216	207	1.73119
217	210	1.78379
218	209	1.89137
219	208	1.91015
220	206	1.87936
221	212	1.87419
222	273	0.125988
223	211	1.89705
224	215	1.87467
225	216	1.81332
226	213	1.94512
227	214	1.8979
228	293	0.00461934
229	217	1.53163
230	222	1.85858
231	219	1.82281
232	262	1.5796
233	220	1.8996
234	218	1.73245
235	308	1.87402
236	282	1.85472
237	310	0.978568
238	227	1.84273
239	71	0.640308
240	285	1.83522
241	236	1.72334
242	261	1.89762
243	293	0.0116186
244	329	1.81444
245	298	1.0451
246	289	1.86143
247	270	1.77148
248	305	1.86784
249	144	1.82939
250	345	1.80711
251	299	1.85571
252	295	0.936028
253	243	1.8438
254	267	1.85805
255	307	1.90047
256	309	1.81044
257	251	1.76764
258	258	1.8549
259	228	0.920189
260	232	1.89139
261	334	1.84526
262	311	1.84974
263	233	1.21776
264	336	1.79898
265	330	1.84313
266	337	1.78803
267	301	1.86477
268	297	1.83052
269	291	1.83513
270	253	1.48507
271	335	1.84827
272	319	1.78995
273	290	1.89564
274	304	1.84959
275	265	1.80945
276	235	1.76773
277	296	1.78994
278	242	1.87734
279	228	0.854456
280	287	1.75275
281	141	1.83511
282	159	1.0317
283	182	1.10224
284	238	1.84774
285	358	1.83026
286	284	1.0264
287	349	1.75867
288	278	1.87632
289	247	1.8862
290	363	1.82239
291	300	1.81826
292	292	1.80157
293	197	1.18291
294	109	1.58095
295	272	1.70346
296	186	1.8226
297	268	1.83067
298	388	1.7978
299	121	0.938369
300	367	1.69438
301	374	1.8402
302	352	1.7666
303	389	1.72064
304	68	0.332721
305	375	1.7237
306	312	1.88324
307	314	1.81184
308	384	1.07916
309	341	0.749631
310	364	1.75648
311	394	1.82718
312	359	1.88213
313	377	1.75885
314	322	1.62414
315	273	1.71009
316	355	1.77882
317	155	1.61801
318	361	0.674106
319	409	1.91507
320	320	1.236
321	348	1.75302
322	315	1.8703
323	365	1.80631
324	302	1.83429
325	395	1.65691
326	353	1.8768
327	241	1.82765
328	362	1.85569
329	318	1.83279
330	402	1.78484
331	81	0.978664
332	313	1.68846
333	338	1.80365
334	360	1.76166
335	340	1.7934
336	350	1.71167
337	161	0.106987
338	427	1.79302
339	428	1.71772
340	370	1.78268
341	357	1.85403
342	246	1.06879
343	280	1.73416
344	288	1.87425
345	453	1.74004
346	66	0.769342
347	354	0.943168
348	356	1.74174
349	339	1.83252
350	342	1.84126
351	326	1.79066
352	310	0.754146
353	581	1.88054
354	378	0.793796
355	392	1.79863
356	400	1.88088
357	333	1.87138
358	489	1.18211
359	436	1.76226
360	410	1.69029
361	383	1.87367
362	412	1.74639
363	341	1.03972
364	325	1.79601
365	373	1.6528
366	366	1.87961
367	429	1.74761
368	403	0.667482
369	390	1.86865
370	406	0.840342
371	139	0.0859732
372	421	1.78343
373	316	1.89592
374	435	1.69133
375	396	1.86199
376	376	1.72735
377	372	1.89712
378	248	0.958542
379	344	1.89584
380	447	1.78005
381	382	1.79652
382	379	1.7984
383	415	1.90926
384	152	0.0122595
385	233	0.47501
386	442	1.81197
387	418	1.69953
388	411	1.89335
389	323	1.77001
390	413	1.78213
391	252	0.106812
392	385	1.14265
393	332	1.81084
394	544	0.956224
395	448	1.72684
396	295	0.775165
397	623	1.86194
398	391	1.83531
399	279	1.27321
400	361	1.19001
401	248	0.62108
402	444	1.84713
403	430	1.89386
404	445	1.72101
405	399	1.86379
406	351	1.66239
407	474	1.83441
408	431	1.69721
409	454	1.76891
410	459	1.86184
411	368	1.64989
412	438	1.87376
413	404	1.82216
414	420	1.78408
415	401	1.79276
416	293	1.86592
417	468	1.83931
418	443	1.76474
419	467	1.80513
420	437	1.84915
421	449	1.79644
422	380	1.90922
423	343	1.79169
424	397	1.72437
425	493	1.73981
426	461	1.8523
427	450	1.66954
428	462	0.85914
429	496	1.34676
430	508	1.82482
431	483	1.83919
432	460	1.86687
433	530	1.71607
434	432	0.776576
435	446	1.86287
436	407	1.04631
437	408	1.86342
438	484	1.88143
439	495	1.82637
440	476	1.84452
441	457	1.76336
442	414	1.82005
443	441	1.86724
444	558	1.80339
445	492	1.84366
446	405	1.81553
447	490	1.78558
448	491	1.83105
449	527	0.991961
450	455	1.82538
451	518	1.77202
452	470	1.74249
453	451	1.68754
454	439	1.81766
455	549	1.80516
456	557	1.79209
457	513	1.78607
458	514	1.88088
459	503	1.77929
460	485	1.83668
461	458	1.88924
462	465	1.80886
463	386	1.86564
464	422	1.87791
465	434	1.84243
466	570	1.81272
467	403	1.11816
468	515	1.87243
469	504	1.85392
470	456	1.86582
471	522	1.84383
472	528	1.86524
473	469	1.81337
474	425	1.87505
475	529	1.90737
476	509	1.84186
477	354	0.850209
478	478	1.79596
479	471	1.84172
480	464	1.76053
481	512	1.75398
482	602	1.8405
483	526	1.77147
484	559	0.927682
485	477	1.87893
486	452	1.89982
487	423	1.81337
488	320	0.634035
489	463	1.85654
490	511	1.87267
491	433	1.86983
492	571	1.8843
493	517	1.15449
494	271	0.685016
495	500	1.85013
496	482	1.84508
497	617	1.84498
498	578	1.77088
499	546	1.88174
500	506	1.87601
501	384	0.687485
502	507	1.82499
503	479	1.87426
504	473	1.85128
505	601	1.86049
506	544	0.772453
507	599	1.83958
508	550	1.90618
509	559	0.77691
510	627	0.930255
511	472	1.75437
512	440	1.83456
513	381	1.87856
514	551	1.88359
515	545	1.86989
516	78	0.666558
517	486	1.62626
518	519	1.89816
519	520	1.86582
520	248	0.064561
521	489	0.614766
522	580	1.01766
523	535	1.85446
524	488	1.84577
525	554	1.84233
526	426	1.83911
527	636	1.85511
528	398	0.909161
529	572	1.8563
530	573	1.86046
531	560	1.84522
532	101	0.516361
533	536	1.82369
534	576	1.19131
535	542	1.81056
536	537	1.73741
537	564	0.8606
538	579	1.81154
539	768	1.74634
540	603	1.79685
541	481	1.8855
542	217	0.01233
543	541	1.73261
544	595	1.75051
545	552	1.77249
546	567	1.64058
547	487	1.88016
548	531	1.86785
549	532	1.85524
550	497	1.77689
551	480	1.86671
552	644	1.74238
553	517	0.646618
554	540	1.79411
555	407	0.755818
556	498	1.83479
557	659	1.79639
558	637	1.82067
559	516	1.73632
560	582	1.8336
561	547	1.88466
562	565	1.83208
563	577	1.83002
564	574	1.75924
565	591	1.8559
566	575	1.85122
567	610	1.20017
568	523	0.812408
569	499	1.85702
570	589	1.76828
571	622	1.71045
572	561	1.71436
573	378	1.00298
574	584	1.87207
575	596	1.841
576	606	1.77146
577	618	1.82028
578	620	1.8908
579	566	1.87898
580	166	0.0160913
581	662	1.86691
582	624	1.81778
583	583	1.74181
584	682	0.627907
585	652	1.8639
586	629	0.856919
587	619	1.81518
588	593	1.77696
589	600	1.83943
590	587	1.76032
591	525	1.1777
592	590	1.80092
593	621	1.7078
594	1	0.000131269
595	563	1.83429
596	521	1.24302
597	598	1.85105
598	524	1.79907
599	608	1.87286
600	594	1.8781
601	562	1.76786
602	709	0.005452
603	611	1.8368
604	385	0.679489
605	660	1.83964
606	668	1.81134
607	592	1.57178
608	609	0.956284
609	564	0.873975
610	163	0.459831
611	646	1.9011
612	666	1.15328
613	432	1.041
614	538	1.84447
615	548	1.8592
616	569	1.72387
617	645	1.84035
618	607	1.90282
619	625	1.82739
620	640	1.81103
621	585	1.88089
622	597	1.8977
623	588	1.83109
624	711	1.83199
625	653	1.85611
626	820	0.655304
627	663	1.8624
628	639	1.85052
629	634	1.86888
630	630	1.76644
631	699	1.17083
632	462	0.931868
633	647	1.7663
634	633	1.80449
635	612	1.62281
636	638	1.90189
637	670	1.8069
638	586	1.89179
639	556	1.27798
640	720	1.80438
641	740	1.85298
642	729	1.85047
643	698	0.803999
644	690	1.83169
645	661	1.79957
646	631	1.79017
647	626	1.80024
648	656	1.79787
649	675	1.6097
650	553	1.87331
651	615	1.86295
652	719	1.80662
653	527	0.822384
654	576	0.626918
655	710	1.85229
656	741	1.81311
657	706	1.84711
658	713	1.82033
659	664	1.79861
660	632	1.8605
661	649	1.9072
662	613	1.19137
663	635	0.979474
664	730	1.8136
665	700	1.84191
666	669	1.87348
667	684	1.87847
668	648	1.85637
669	790	1.11893
670	763	1.8336
671	667	1.0451
672	654	1.66258
673	736	1.05112
674	707	1.83653
675	496	0.528571
676	678	1.75586
677	1	0.00101269
678	650	1.80254
679	614	1.93501
680	721	1.79001
681	722	1.85742
682	674	1.72337
683	708	1.71992
684	685	1.9008
685	655	1.81904
686	694	1.88711
687	665	1.82806
688	616	1.89008
689	680	1.83194
690	712	1.78984
691	686	1.66491
692	641	1.60429
693	677	1.89564
694	643	0.726368
695	764	1.84383
696	723	1.85426
697	683	1.88301
698	610	0.500653
699	687	1.84163
700	676	1.79264
701	533	1.8176
702	812	0.851248
703	731	1.83074
704	765	1.80698
705	714	1.74883
706	715	1.78171
707	743	1.91985
708	735	0.80384
709	691	1.85193
710	671	1.88549
711	692	1.86266
712	693	1.88171
713	523	1.02153
714	651	1.88297
715	682	1.13784
716	726	1.8273
717	748	1.8255
718	732	1.83552
719	734	1.79631
720	724	1.85369
721	744	1.88276
722	754	1.64966
723	762	1.65614
724	742	1.8299
725	629	0.889114
726	698	1.00595
727	751	1.87635
728	628	1.00742
729	568	1.82076
730	695	1.81047
731	696	1.33858
732	604	0.996926
733	799	1.75452
734	766	1.80564
735	772	1.8443
736	701	1.88964
737	642	1.90743
738	689	1.84002
739	756	1.876
740	757	1.8939
741	737	1.90446
742	775	1.79685
743	784	1.8599
744	681	1.77738
745	580	0.799792
746	769	1.84259
747	758	1.83197
748	609	0.637255
749	774	1.76502
750	747	1.91972
751	753	1.8088
752	672	1.8584
753	761	0.66282
754	798	1.85122
755	773	1.84436
756	627	0.949257
757	555	0.208824
758	666	0.645242
759	745	1.59711
760	727	1.83311
761	797	1.83758
762	790	0.736859
763	818	1.81696
764	831	0.947393
765	733	0.652319
766	749	1.82454
767	792	1.80669
768	752	1.90666
769	738	1.86365
770	746	1.76615
771	716	1.85122
772	826	1.75618
773	829	1.79345
774	791	1.81946
775	702	1.80621
776	673	1.80008
777	767	1.73143
778	777	1.85609
779	709	1.52752
780	837	1.40062
781	717	1.85173
782	776	1.87416
783	697	1.87068
784	830	1.83646
785	833	1.83134
786	813	1.82813
787	854	1.11261
788	78	0.354766
789	750	1.82761
790	780	1.83297
791	635	0.845527
792	782	1.77003
793	785	0.72662
794	688	1.78038
795	679	0.00582938
796	840	1.88233
797	821	0.666873
798	807	0.996989
799	771	1.7596
800	793	1.74227
801	803	1.83261
802	796	1.8483
803	739	1.79279
804	705	1.89017
805	848	1.81097
806	832	1.86799
807	800	0.923205
808	733	1.1704
809	735	0.958129
810	858	0.901148
811	770	1.80079
812	801	1.36413
813	594	0.00241025
814	794	1.86642
815	759	1.88991
816	812	0.927312
817	699	0.63705
818	783	1.77291
819	778	1.81737
820	760	1.85071
821	781	1.64726
822	728	0.962888
823	679	1.83774
824	841	1.88322
825	869	0.717797
826	802	1.84696
827	817	1.85294
828	825	1.85447
829	728	0.853727
830	628	0.837762
831	875	1.81989
832	864	1.01107
833	849	1.85345
834	834	1.88452
835	604	0.810411
836	882	1.81718
837	819	1.85469
838	839	0.926489
839	867	1.88906
840	820	1.12089
841	835	1.88924
842	822	1.82947
843	795	1.84134
844	804	1.88339
845	533	0.00229632
846	809	1.88684
847	658	1.51893
848	876	1.74344
849	736	0.829283
850	814	1.68073
851	836	1.84819
852	805	1.88819
853	755	1.83058
854	718	1.61833
855	910	1.85106
856	866	1.8194
857	851	1.16988
858	801	0.47736
859	870	1.85249
860	859	1.69883
861	860	1.53288
862	846	1.7581
863	613	0.707857
864	788	1.90252
865	842	1.77406
866	815	1.83501
867	824	1.81232
868	643	0.919185
869	877	1.90434
870	843	1.8744
871	911	1.77227
872	831	0.808286
873	854	0.679763
874	101	0.148497
875	823	1.87683
876	889	1.8138
877	861	0.668177
878	852	1.84694
879	786	1.86168
880	789	1.77681
881	886	1.85296
882	880	1.29085
883	855	1.80478
884	811	1.88039
885	909	1.86185
886	865	1.85198
887	293	0.0010669
888	908	0.87097
889	884	1.79139
890	892	0.996587
891	864	0.757547
892	868	1.83574
893	821	1.01199
894	878	1.81926
895	879	1.87365
896	844	1.79894
897	845	1.7644
898	808	1.86212
899	850	1.77731
900	839	0.842527
901	887	1.84625
902	934	0.670947
903	899	1.82694
904	881	1.80348
905	895	1.64783
906	761	1.13916
907	787	1.90842
908	941	1.87013
909	913	1.90269
910	827	1.85427
911	847	1.73097
912	885	1.80387
913	900	0.928746
914	901	1.83914
915	923	1.83461
916	925	1.54732
917	872	1.81084
918	891	1.80065
919	696	0.566262
920	930	1.83793
921	950	1.84815
922	883	1.85767
923	856	1.05072
924	977	1.83617
925	888	1.13178
926	871	1.8786
927	862	1.81917
928	938	1.20002
929	828	1.12209
930	976	1.80864
931	892	0.831269
932	912	1.86554
933	935	1.90389
934	902	1.86663
935	785	1.04312
936	898	1.82665
937	858	0.862196
938	869	1.0862
939	954	0.732177
940	903	1.22501
941	894	1.82982
942	949	1.49856
943	917	1.91986
944	667	0.678818
945	932	1.87706
946	897	1.87304
947	918	1.86625
948	972	0.747146
949	893	1.91247
950	916	1.82511
951	921	1.73356
952	951	1.8537
953	933	1.84738
954	915	1.88323
955	964	1.60848
956	863	1.87251
957	857	1.91475
958	853	1.84038
959	942	1.85454
960	926	1.81745
961	1	0.000252717
962	827	0.0172607
963	873	1.87712
964	905	1.82626
965	931	1.78118
966	922	1.10497
967	952	1.88182
968	851	0.653254
969	738	0.0111614
970	988	1.81994
971	989	1.82697
972	971	1.85264
973	937	1.87443
974	904	1.74545
975	978	1.86757
976	990	1.84133
977	807	0.650669
978	953	1.81772
979	914	1.80684
980	861	1.08082
981	974	1.67006
982	890	1.86039
983	856	0.673669
984	939	1.83996
985	998	1.83229
986	993	1.91198
987	924	1.81144
988	919	1.85941
989	927	1.9109
990	961	1.40296
991	936	1.84557
992	779	1.70581
993	828	0.720498
994	896	1.86875
995	1008	1.82999
996	996	1.00679
997	981	1.85714
998	997	1.60401
999	928	1.88483
1000	874	0.857849
1001	900	0.880521
1002	962	1.79848
1003	983	1.68381
1004	963	1.90949
1005	946	0.897492
1006	920	1.91758
1007	1	0.000144689
1008	961	0.453047
1009	992	1.88046
1010	943	1.79725
1011	1002	1.62086
1012	944	1.8471
1013	1007	1.87351
1014	970	1.85881
1015	845	0.000770157
1016	955	1.86969
1017	874	0.863777
1018	1049	1.85781
1019	1009	1.93686
1020	991	1.88116
1021	956	1.75496
1022	1018	1.79155
1023	1025	1.83722
1024	954	1.08921
1025	1031	1.7039
1026	973	1.82096
1027	1004	1.80799
1028	959	1.85563
1029	995	1.91724
1030	1016	1.87893
1031	1051	1.85004
1032	1029	0.811823
1033	922	0.71865
1034	1030	1.90778
1035	979	1.82094
1036	980	0.863927
1037	994	1.79588
1038	679	0.0120468
1039	999	1.91629
1040	1026	1.86118
1041	982	1.78623
1042	1012	1.62269
1043	966	1.73086
1044	1053	1.88005
1045	1017	1.84219
1046	934	1.08082
1047	1019	1.89537
1048	975	1.86593
1049	1013	1.7701
1050	1068	0.875199
1051	827	0.0034339
1052	957	1.24644
1053	1052	1.89524
1054	101	0.162914
1055	1036	1.882
1056	880	0.493598
1057	1000	1.74844
1058	929	1.91624
1059	1010	1.84335
1060	1061	0.83126
1061	985	1.84234
1062	948	1.83015
1063	1065	1.8717
1064	1056	1.79827
1065	960	0.170516
1066	1050	1.84228
1067	1034	1.91208
1068	1022	1.88314
1069	906	1.76696
1070	1070	1.78854
1071	1058	1.85289
1072	1071	1.89183
1073	1055	1.89917
1074	1011	1.88756
1075	1020	1.78244
1076	888	0.669504
1077	980	0.940976
1078	1005	1.8932
1079	907	1.76065
1080	1078	1.91151
1081	1040	1.88499
1082	984	1.89635
1083	947	1.81272
1084	1087	1.86601
1085	1029	1.05273
1086	806	0.876836
1087	1073	1.88061
1088	1035	1.83592
1089	996	0.781006
1090	1074	1.84403
1091	1032	1.85496
1092	908	0.973716
1093	987	1.87091
1094	1100	1.90746
1095	1054	1.81248
1096	1041	1.84381
1097	1059	1.82806
1098	1093	1.85294
1099	1077	1.88563
1100	1094	1.85865
1101	972	1.0817
1102	1027	1.87066
1103	1042	1.83276
1104	1083	1.63558
1105	957	0.555704
1106	949	0.188677
1107	1101	1.87243
1108	1060	1.92102
1109	1106	1.00632
1110	1021	1.7647
1111	982	0.0594262
1112	1023	1.86824
1113	958	1.88142
1114	1092	1.85249
1115	1043	1.83167
1116	1069	1.77314
1117	1095	1.87844
1118	1062	1.74442
1119	1064	1.03593
1120	1102	1.87739
1121	1072	1.78002
1122	1006	0.752896
1123	1127	1.8667
1124	1108	1.75645
1125	1079	1.85049
1126	1084	1.78997
1127	1063	0.860318
1128	1086	0.944933
1129	1024	0.978426
1130	1037	1.86649
1131	1066	1.88292
1132	1028	1.36077
1133	946	0.956726
1134	960	1.64182
1135	1119	1.84684
1136	1110	1.89805
1137	1088	1.80873
1138	1080	0.878781
1139	1067	1.79158
1140	1	0.000197941
1141	1047	0.952325
1142	1128	1.82355
1143	1116	1.82026
1144	1118	1.84859
1145	1143	0.612625
1146	1061	0.922994
1147	1044	1.83303
1148	1033	1.88549
1149	1109	1.70765
1150	1096	1.91575
1151	1068	0.725568
1152	1024	0.872488
1153	1097	1.88241
1154	1039	1.89681
1155	1138	0.781069
1156	1117	1.19761
1157	1139	1.85281
1158	1131	0.643892
1159	1075	1.85014
1160	1038	1.8399
1161	1014	1.79014
1162	1141	1.85775
1163	1137	1.20904
1164	1156	1.88238
1165	1121	1.90355
1166	1129	0.758787
1167	1089	1.74441
1168	1159	1.81196
1169	1085	1.83352
1170	1045	1.85459
1171	1134	1.85245
1172	1148	1.88359
1173	1105	1.85552
1174	1125	1.71682
1175	1107	1.85047
1176	1046	1.90575
1177	1006	1.09633
1178	1124	1.82
1179	1098	1.83535
1180	1132	1.69095
1181	1111	1.8542
1182	1147	1.8412
1183	1163	1.85192
1184	1103	1.87968
1185	1080	0.94472
1186	1136	0.0068802
1187	1048	1.77208
1188	1162	1.87202
1189	1153	1.84968
1190	1164	0.737569
1191	1137	0.59378
1192	1122	1.02729
1193	1104	0.892607
1194	1157	1.87515
1195	1130	1.9183
1196	1144	1.81887
1197	1099	1.83462
1198	1123	1.0207
1199	1104	1.01957
1200	1129	1.15794
1201	1120	1.81181
1202	1142	1.8105
1203	1173	1.83108
1204	1122	0.830276
1205	1135	1.80216
1206	1081	1.89104
1207	1082	1.80112
1208	1	5.76438e-05
1209	1138	0.992704
1210	1170	1.88283
1211	1123	0.865212
1212	1131	1.13153
1213	1136	1.8394
1214	1178	1.86617
1215	1169	1.86691
1216	1117	0.651414
1217	1166	1.88498
1218	1106	0.546233
1219	1126	1.87348
1220	1112	1.07458
1221	1047	0.74285
1222	1140	1.79618
1223	1171	1.88105
1224	1158	1.83304
1225	1113	1.83872
1226	1165	1.82164
1227	1189	1.89075
1228	1164	1.04243
1229	1143	1.15465
1230	1136	0.00362787
1231	1091	1.77469
1232	1187	1.86781
1233	1183	1.8068
1234	1149	1.82802
1235	1150	1.82362
1236	1028	0.566708
1237	1090	1.88076
1238	1179	1.80042
1239	1195	1.10556
1240	1209	0.770224
1241	1154	1.82615
1242	1086	0.916584
1243	1064	0.815602
1244	1145	1.0342
1245	1167	1.82073
1246	1	0.00142034
1247	1133	1.88887
1248	1114	1.86108
1249	1190	1.82058
1250	1181	1.815
1251	1196	1.82574
1252	1197	1.90324
1253	1063	0.999803
1254	1172	1.78612
1255	1211	1.85495
1256	1191	1.87479
1257	1174	1.83053
1258	1177	1.87186
1259	1184	1.84653
1260	1155	1.90979
1261	1182	0.0113219
1262	1152	1.87331
1263	1186	0.985828
1264	1209	1.03004
1265	1195	0.712957
1266	1212	1.84012
1267	1198	1.8974
1268	1205	1.87653
1269	1213	1.85107
1270	1235	0.00226445
1271	1210	1.88363
1272	1204	1.82218
1273	1161	1.83954
1274	1146	1.86157
1275	1219	1.88471
1276	1180	1.83829
1277	1168	1.91286
1278	1151	1.89822
1279	1176	0.897922
1280	1216	1.89927
1281	1217	1.0376
1282	1192	1.85995
1283	1182	1.8729
1284	1206	1.07674
1285	1228	1.15856
1286	1221	1.88758
1287	1200	1.87596
1288	1223	1.84664
1289	1224	1.83378
1290	1214	1.81525
1291	1160	1.69468
1292	1193	1.89441
1293	1228	0.714442
1294	1114	0.0203764
1295	1249	1.88696
1296	1220	1.8168
1297	1112	0.711188
1298	1222	1.84326
1299	1188	0.814854
1300	1218	1.89008
1301	1236	1.12498
1302	1229	1.89207
1303	1217	0.80708
1304	1199	1.87912
1305	1185	1.79431
1306	1236	0.683629
1307	1237	1.86147
1308	1225	1.85096
1309	1202	1.8908
1310	1242	1.83328
1311	1239	1.81419
1312	1201	1.07108
1313	1245	1.82223
1314	1233	1.86573
1315	1250	1.89779
1316	1238	1.91337
1317	1241	1.87063
1318	1232	1.01949
1319	1203	1.74197
1320	1254	1.9242
1321	1246	1.87524
1322	1226	1.02914
1323	1194	1.78606
1324	1260	1.85286
1325	1251	1.87712
1326	1255	1.86716
1327	1243	1.90221
1328	1232	0.821595
1329	1230	1.86433
1330	1227	1.89769
1331	1207	1.93974
1332	1247	1.89877
1333	1231	1.88876
1334	1215	1.89671
1335	1261	1.88057
1336	1258	1.87807
1337	1263	1.91918
1338	1186	0.847767
1339	1145	0.822536
1340	1262	1.87035
1341	1208	1.79656
1342	1176	0.98742
1343	1201	0.719271
1344	1234	1.83545
1345	1259	1.68515
1346	1265	0.0710813
1347	1257	1.53522
1348	1253	1.71608
1349	1252	1.67697
1350	1206	0.782364
1351	1248	1.72614
1352	1256	0.836022
1353	1188	1.03806
1354	1235	1.88207
1355	1256	0.930659
