2	244	1.6453
3	4	1.69968
4	245	1.70026
5	6	1.73683
6	9	1.83945
7	252	1.71303
8	11	1.76704
9	12	1.81502
10	308	1.94621
11	237	1.87434
12	19	1.89315
13	320	1.91725
14	20	1.8396
15	229	1.8864
16	21	1.7007
17	274	1.01753
18	309	0.92998
19	29	1.44473
20	26	1.86798
21	27	1.82371
22	31	1.90549
23	32	1.81084
24	29	0.465499
25	310	1.90006
26	37	1.87245
27	230	1.90126
28	269	1.60277
29	35	1.8914
30	246	1.91894
31	292	1.93576
32	36	1.75697
33	39	1.87633
34	231	1.91328
35	42	1.84281
36	46	0.694588
37	46	1.17998
38	303	1.76377
39	43	1.93299
40	47	0.336619
41	50	1.87629
42	336	1.88925
43	49	1.7427
44	51	1.81774
45	262	1.85486
46	52	0.47248
47	232	1.8971
48	48	1.91365
49	53	1.89212
50	275	1.86437
51	55	1.89673
52	313	0.387522
53	59	1.87413
54	57	1.85434
55	270	1.85313
56	61	1.91703
57	47	0.323795
58	64	1.90528
59	263	0.962182
60	293	1.94028
61	247	1.20726
62	352	1.82237
63	68	1.02819
64	65	1.61883
65	69	1.85921
66	66	1.94288
67	248	1.94176
68	73	1.88841
69	70	1.86504
70	71	1.88384
71	75	1.86401
72	255	1.91184
73	286	1.86004
74	78	1.7985
75	79	1.86435
76	353	0.593435
77	80	1.86725
78	81	1.88606
79	249	1.9334
80	276	1.92957
81	84	1.85189
82	226	1.82128
83	85	1.82395
84	727	1.76128
85	87	1.76494
86	238	1.90043
87	82	1.68916
88	253	0.83313
89	93	1.86734
90	90	1.82157
91	89	1.23682
92	91	1.81319
93	92	1.60016
94	92	0.253918
95	95	1.82853
96	233	1.74871
97	98	1.71579
98	227	1.92637
99	100	1.89054
100	97	1.34364
101	101	1.32942
102	102	1.81763
103	234	1.48854
104	264	0.633037
105	257	1.82295
106	104	0.270507
107	107	1.46292
108	105	1.74592
109	110	1.15054
110	109	1.87715
111	111	1.86894
112	108	1.86373
113	112	1.86401
114	115	1.80326
115	240	1.87696
116	113	1.89505
117	120	0.415871
118	116	1.75946
119	272	1.9377
120	122	1.89911
121	119	1.79749
122	118	0.992947
123	123	1.6086
124	120	1.43885
125	124	1.81181
126	278	1.86411
127	128	1.7857
128	129	1.883
129	130	1.72603
130	132	1.92401
131	133	1.92617
132	131	1.72511
133	136	1.77954
134	118	0.670714
135	135	1.79488
136	137	1.89721
137	144	1.25226
138	140	1.61772
139	138	1.33946
140	141	1.80235
141	145	1.83028
142	242	1.93924
143	235	1.88733
144	307	1.89929
145	147	1.71339
146	148	1.81144
147	228	1.86363
148	287	1.88917
149	149	1.87681
150	150	1.80178
151	152	1.82822
152	157	1.70459
153	151	1.88466
154	156	1.69812
155	447	0.683323
156	155	1.59351
157	160	0.794389
158	159	1.46238
159	161	1.81072
160	160	1.05034
161	164	1.83594
162	165	1.77907
163	166	1.87834
164	299	0.64026
165	319	1.81785
166	162	1.78131
167	163	1.85157
168	168	1.76909
169	250	1.83993
170	259	1.82301
171	170	0.640601
172	167	1.81138
173	288	1.81954
174	172	1.53823
175	171	1.7306
176	280	1.6676
177	173	1.5631
178	174	1.85771
179	175	1.70822
180	178	1.85725
181	176	1.81475
182	180	1.85491
183	177	1.58277
184	281	0.0896188
185	179	1.87456
186	236	1.87728
187	183	1.81105
188	282	1.83763
189	186	1.66606
190	187	1.72375
191	185	1.7386
192	182	1.18477
193	191	1.86337
194	192	1.8256
195	267	1.76619
196	193	1.85209
197	301	1.89175
198	194	1.8631
199	195	1.82232
200	197	1.85672
201	196	1.48126
202	199	1.80788
203	372	0.0236132
204	200	1.73749
205	202	1.73901
206	204	1.84043
207	207	1.86694
208	205	0.173391
209	206	1.85154
210	208	1.92842
211	209	1.88906
212	210	1.93289
213	212	1.91383
214	211	1.89537
215	289	0.0865864
216	214	1.88759
217	213	1.84937
218	216	1.8323
219	215	0.326609
220	291	0.112679
221	218	1.81942
222	302	0.196853
223	220	0.00776662
224	217	1.86901
225	251	1.86775
226	215	1.45044
227	219	1.7154
228	261	1.60573
229	34	1.77177
230	271	1.92887
231	369	0.655172
232	373	1.85154
233	332	1.84623
234	184	1.88516
235	285	1.84132
236	256	1.88857
237	241	1.82845
238	359	1.82083
239	304	1.82288
240	326	1.06307
241	414	1.21304
242	351	0.620997
243	52	1.40137
244	323	1.0892
245	260	1.86426
246	396	1.85327
247	321	1.06975
248	343	1.04808
249	297	1.84787
250	258	1.87875
251	182	0.727233
252	333	1.8939
253	47	1.17431
254	294	1.81816
255	96	1.82131
256	322	1.8528
257	279	1.92037
258	330	1.87591
259	299	1.26269
260	347	1.83478
261	198	1.84547
262	350	1.89997
263	465	0.663544
264	327	1.90366
265	392	1.90291
266	277	1.8847
267	273	1.88183
268	296	1.86196
269	386	1.79094
270	189	1.89051
271	290	1.89741
272	40	1.8473
273	305	1.84593
274	253	0.994007
275	360	1.8411
276	380	1.87527
277	335	1.8414
278	362	1.87252
279	312	1.77765
280	295	1.83199
281	106	1.37624
282	139	1.51169
283	298	1.86639
284	300	1.83491
285	266	1.85059
286	220	1.69932
287	395	1.81837
288	313	1.45752
289	60	1.63576
290	338	1.81185
291	443	1.76119
292	306	1.85432
293	409	1.759
294	317	1.84483
295	378	1.76987
296	371	1.8359
297	243	1.86205
298	402	1.91156
299	374	1.87516
300	311	1.27288
301	339	1.78707
302	343	0.845618
303	348	1.9107
304	326	0.702305
305	381	1.8485
306	361	1.85992
307	430	1.79892
308	405	1.90475
309	337	1.83737
310	328	1.86942
311	385	1.17757
312	356	1.75728
313	411	1.26991
314	340	1.86721
315	104	0.699155
316	364	1.89908
317	329	1.64648
318	323	0.741672
319	354	1.83397
320	355	1.87853
321	316	1.8919
322	357	1.87182
323	389	1.8561
324	439	1.04986
325	205	1.61834
326	390	1.82243
327	403	1.84198
328	24	1.62793
329	404	1.89486
330	529	0.94955
331	281	1.77929
332	346	1.87597
333	268	1.84804
334	463	1.79446
335	375	1.81825
336	453	1.79183
337	455	1.86597
338	410	1.81903
339	448	1.80454
340	349	0.990012
341	412	1.82476
342	421	1.02563
343	264	1.14421
344	398	1.84778
345	365	1.90117
346	331	1.81337
347	464	1.81795
348	274	0.786066
349	413	1.82156
350	440	1.77162
351	382	1.84271
352	397	1.80472
353	314	0.834815
354	342	1.85381
355	376	1.92408
356	345	1.92945
357	377	1.85092
358	393	1.86664
359	418	1.95252
360	450	1.87027
361	325	1.87738
362	289	1.82427
363	486	1.77142
364	363	1.74477
365	341	1.78777
366	366	1.80771
367	417	1.13206
368	318	1.9309
369	170	1.13996
370	436	1.81787
371	420	1.8788
372	291	1.7753
373	473	1.83386
374	415	1.80761
375	351	1.23408
376	353	1.08148
377	435	1.88404
378	388	1.87604
379	368	1.87207
380	369	1.02742
381	481	1.75678
382	370	1.90335
383	324	1.84955
384	358	1.32587
385	302	1.69393
386	475	1.89828
387	467	0.950214
388	506	0.784975
389	383	0.715577
390	423	1.01016
391	478	1.71426
392	387	1.77992
393	401	1.77158
394	487	1.78112
395	466	0.895376
396	422	1.84685
397	528	1.76955
398	424	1.83705
399	399	1.90002
400	471	1.80058
401	367	1.73641
402	434	1.86638
403	460	1.03512
404	461	1.50083
405	512	1.1086
406	421	0.846864
407	391	1.72838
408	416	1.20971
409	444	1.83381
410	491	0.770384
411	510	0.774587
412	428	1.92978
413	379	1.82546
414	311	0.547664
415	263	0.857702
416	442	0.733659
417	521	1.74716
418	489	1.79138
419	86	0.129258
420	432	1.7733
421	408	1.7626
422	456	1.85477
423	445	1.78962
424	501	1.88226
425	492	1.72497
426	540	1.09712
427	466	0.910015
428	474	0.905095
429	488	1.8459
430	476	1.89901
431	452	1.65441
432	470	1.70071
433	427	1.86554
434	451	1.84828
435	545	0.997618
436	527	1.6412
437	431	1.81881
438	497	1.74861
439	321	0.82717
440	477	1.77484
441	457	1.83599
442	516	1.78443
443	482	1.8502
444	372	1.8576
445	484	1.84031
446	334	1.73979
447	526	1.82802
448	518	0.925223
449	441	1.83958
450	247	0.677146
451	507	0.951686
452	384	1.48769
453	426	1.85343
454	496	1.34801
455	465	1.055
456	546	1.8663
457	519	1.16267
458	454	1.01175
459	510	1.01477
460	550	1.18231
461	419	1.86232
462	394	1.82644
463	547	1.85602
464	514	1.79116
465	604	1.74034
466	560	1.82629
467	468	1.77306
468	499	1.8193
469	469	1.85201
470	531	1.73262
471	490	1.80839
472	447	1.20274
473	557	1.67811
474	553	1.81351
475	597	1.81563
476	68	0.832191
477	508	1.75013
478	446	1.8637
479	533	1.86716
480	536	1.82467
481	540	0.67833
482	414	0.635353
483	504	1.78239
484	509	1.69164
485	479	1.85032
486	480	1.83821
487	551	1.79175
488	506	1.02537
489	383	1.0055
490	515	1.80017
491	433	1.89418
492	385	0.573175
493	500	1.82526
494	517	1.25653
495	449	1.84952
496	458	1.91362
497	503	1.73865
498	565	1.74631
499	425	1.51749
500	554	1.17001
501	523	1.89228
502	315	0.664303
503	525	1.7444
504	589	1.73769
505	538	1.78219
506	411	0.492868
507	459	1.88662
508	438	1.87312
509	485	1.41983
510	609	1.79351
511	603	1.77315
512	518	0.884853
513	596	0.826386
514	520	1.78385
515	505	0.760148
516	623	1.78463
517	580	1.26926
518	472	1.8632
519	539	1.72133
520	358	0.531984
521	349	0.757959
522	513	1.8497
523	498	1.78283
524	614	1.78614
525	594	1.74873
526	502	1.85568
527	483	0.995483
528	429	1.78551
529	462	1.43503
530	474	0.888906
531	584	1.22919
532	532	1.79027
533	572	1.75744
534	621	0.765384
535	610	1.00627
536	583	1.84208
537	541	1.88089
538	537	1.59509
539	529	0.793341
540	524	1.35315
541	590	1.88866
542	563	1.66911
543	437	1.87033
544	573	1.80547
545	596	0.888621
546	505	0.90552
547	586	1.84955
548	417	0.693822
549	579	0.911416
550	582	1.0578
551	493	1.69714
552	495	1.82142
553	619	1.81875
554	642	1.84216
555	575	1.75621
556	467	0.867318
557	555	1.86143
558	494	1.844
559	511	1.87805
560	545	0.795959
561	548	1.81834
562	416	0.594094
563	638	1.81602
564	566	1.18264
565	601	1.81086
566	592	1.80665
567	460	0.776468
568	534	1.8947
569	559	1.82492
570	512	0.710366
571	668	0.652588
572	530	1.65115
573	561	1.85965
574	588	1.81982
575	647	0.944173
576	591	1.74088
577	599	0.889022
578	542	1.85721
579	568	1.7769
580	633	1.2038
581	104	0.760753
582	599	0.95206
583	549	1.8543
584	626	1.88139
585	662	1.85358
586	556	1.87977
587	558	1.84323
588	653	0.765526
589	618	1.80908
590	629	1.85532
591	632	1.84857
592	691	1.08059
593	645	1.77958
594	587	1.80952
595	607	1.84788
596	676	1.78276
597	651	1.67244
598	690	1.85882
599	630	1.85168
600	611	1.90575
601	643	1.80829
602	574	1.83358
603	585	1.78658
604	669	1.7636
605	524	0.458324
606	649	1.75253
607	616	1.8154
608	593	0.92917
609	677	1.79242
610	543	1.82475
611	617	1.88664
612	552	1.91614
613	622	1.79698
614	519	0.642358
615	606	1.79736
616	613	1.72801
617	507	0.891756
618	598	1.7878
619	624	1.79604
620	593	0.850961
621	570	1.86804
622	485	0.415686
623	700	1.81699
624	621	1.0631
625	631	1.8443
626	576	1.23797
627	646	1.73948
628	637	1.82682
629	578	1.84735
630	491	0.991934
631	602	0.865834
632	562	1.79811
633	664	1.79683
634	627	1.82545
635	439	0.796678
636	628	1.90629
637	726	0.518966
638	610	0.808256
639	634	1.88145
640	612	1.9188
641	605	1.80445
642	600	1.90961
643	496	0.525118
644	535	1.84719
645	577	1.88134
646	656	1.74142
647	581	1.83249
648	666	1.79922
649	564	1.89569
650	712	0.875905
651	635	1.82403
652	644	1.00055
653	668	1.12459
654	576	0.545391
655	648	1.82277
656	640	1.7817
657	550	0.650308
658	672	1.31269
659	660	1.87393
660	595	1.92529
661	711	1.82088
662	683	1.77866
663	735	1.79658
664	650	1.86347
665	615	0.967924
666	567	1.89347
667	710	1.69998
668	725	1.88495
669	644	0.748153
670	691	0.698517
671	682	1.80249
672	655	1.7169
673	636	1.85896
674	639	1.84042
675	625	1.90837
676	729	1.80242
677	653	1.04431
678	654	1.86212
679	571	1.84577
680	703	1.76946
681	647	0.811308
682	824	1.89064
683	688	1.87626
684	659	1.81148
685	483	0.810639
686	569	1.85453
687	657	0.628078
688	687	1.82814
689	695	1.71841
690	706	1.05041
691	661	1.82177
692	663	1.90603
693	698	1.85939
694	743	1.82125
695	680	1.84704
696	726	1.28042
697	734	0.650931
698	671	1.89448
699	752	1.83357
700	685	1.03908
701	657	1.0039
702	670	1.89289
703	694	1.87284
704	615	0.82702
705	686	1.77858
706	692	1.84151
707	717	1.80156
708	641	1.84277
709	608	1.70459
710	584	0.470528
711	720	1.69774
712	701	1.92124
713	721	1.73984
714	763	1.78066
715	778	0.745126
716	517	0.604915
717	675	1.4729
718	741	1.78839
719	707	1.77705
720	708	1.86456
721	792	0.760795
722	744	1.80502
723	86	0.127088
724	665	1.88815
725	652	1.81858
726	774	1.83539
727	684	1.88308
728	554	0.648632
729	714	1.8532
730	704	0.96791
731	715	1.79014
732	693	1.83637
733	705	1.85441
734	718	1.80432
735	697	0.705793
736	667	1.85879
737	620	1.62632
738	733	1.83035
739	681	1.77669
740	579	0.835648
741	779	1.82385
742	679	1.89344
743	782	1.81013
744	734	1.15266
745	766	1.82378
746	685	0.608576
747	795	1.80718
748	776	1.83802
749	791	1.68544
750	633	0.583254
751	818	1.79658
752	728	1.83753
753	704	0.846782
754	722	1.81566
755	777	0.847598
756	748	1.90118
757	602	0.930009
758	757	1.88601
759	673	1.87266
760	674	1.9126
761	719	1.94484
762	810	1.82123
763	835	1.84274
764	775	1.83565
765	750	1.92087
766	745	1.81021
767	759	1.19581
768	702	1.89983
769	761	1.64107
770	737	1.78668
771	787	0.665072
772	769	1.76445
773	580	0.534999
774	756	1.9009
775	792	0.999572
776	712	0.949347
777	713	1.85894
778	754	1.87766
779	807	1.7545
780	739	1.89279
781	678	1.8727
782	689	1.24804
783	544	0.743649
784	783	1.83486
785	784	1.90217
786	837	1.77841
787	736	1.8383
788	566	0.584886
789	582	0.842807
790	706	0.783626
791	672	0.349961
792	798	1.81278
793	699	1.91056
794	709	1.90783
795	781	0.742724
796	793	1.87344
797	767	1.78335
798	747	0.559363
799	755	1.89428
800	696	1.79171
801	730	1.15224
802	731	1.80992
803	742	1.90374
804	843	1.82384
805	826	1.09199
806	746	1.79782
807	716	1.88297
808	789	1.85002
809	738	1.83899
810	770	1.8098
811	751	1.86077
812	760	1.73436
813	747	1.11408
814	777	0.866175
815	697	1.1755
816	806	1.84135
817	808	1.88984
818	675	0.432148
819	724	1.8399
820	842	1.81283
821	850	0.846783
822	794	1.72416
823	753	1.70976
824	797	1.77334
825	832	1.77933
826	768	1.81288
827	723	1.86678
828	811	1.79488
829	812	1.82822
830	856	1.80773
831	765	1.82291
832	454	0.78418
833	801	1.77888
834	802	1.66745
835	790	0.936099
836	841	1.79722
837	780	0.988041
838	849	0.720053
839	836	0.878805
840	758	1.82647
841	762	1.63116
842	778	1.03946
843	803	1.88309
844	815	1.04715
845	825	1.73153
846	749	1.88336
847	771	1.91955
848	780	0.858763
849	844	1.77592
850	855	1.83939
851	817	1.76702
852	786	1.76948
853	788	1.90518
854	764	1.89192
855	853	1.66161
856	772	1.911
857	740	1.89851
858	862	1.78981
859	827	1.88476
860	863	1.83123
861	858	1.66489
862	785	1.84504
863	804	1.86192
864	850	0.913339
865	830	1.78111
866	831	1.86798
867	814	1.55558
868	773	1.87563
869	689	0.421131
870	813	1.77264
871	796	1.69911
872	852	1.92982
873	816	1.9071
874	873	1.79516
875	899	1.84629
876	864	0.997268
877	864	0.854581
878	846	1.68434
879	823	1.86369
880	877	1.80155
881	787	1.00934
882	805	1.91995
883	871	1.82016
884	829	1.73674
885	833	1.63526
886	839	1.7721
887	869	0.583872
888	869	1.19529
889	886	1.75782
890	821	1.86015
891	826	0.692999
892	828	1.89537
893	847	1.8172
894	790	0.899155
895	891	1.81963
896	834	1.86172
897	822	1.76237
898	892	1.78106
899	836	0.882427
900	838	1.87319
901	868	1.82239
902	883	1.75721
903	911	1.84123
904	918	1.87321
905	857	0.923634
906	845	1.89371
907	875	1.78767
908	851	1.80499
909	876	1.72157
910	854	1.90528
911	906	0.969448
912	888	1.84488
913	912	1.86118
914	867	1.85024
915	859	1.82572
916	820	1.85612
917	874	1.88835
918	857	0.855867
919	866	1.11221
920	902	0.919403
921	815	0.618372
922	848	1.87886
923	915	0.99245
924	905	1.80706
925	885	1.87369
926	819	1.88601
927	799	1.65243
928	881	1.81816
929	909	1.78222
930	896	1.06526
931	882	1.81687
932	840	1.87481
933	872	1.90536
934	900	1.92353
935	865	1.88266
936	879	1.78748
937	902	0.867501
938	878	1.80077
939	880	1.82346
940	897	1.85605
941	946	1.87959
942	924	1.84075
943	914	1.8116
944	895	1.10922
945	913	1.91603
946	937	1.86888
947	866	0.647739
948	903	1.83555
949	904	1.91162
950	884	1.89833
951	889	1.87203
952	926	1.87832
953	849	1.04287
954	935	1.11918
955	907	1.80666
956	759	0.626053
957	896	0.77541
958	933	1.81712
959	890	1.83774
960	870	1.89733
961	923	1.83716
962	906	0.871526
963	928	1.78315
964	941	1.88552
965	901	1.80082
966	893	1.84798
967	894	1.78887
968	919	0.985119
969	943	1.81571
970	931	0.899774
971	915	0.810778
972	936	1.80356
973	908	1.85903
974	925	1.90887
975	910	0.681196
976	781	1.0287
977	955	1.85193
978	929	1.83078
979	916	1.83451
980	861	1.84027
981	953	1.86922
982	935	0.719632
983	920	1.84587
984	927	1.88042
985	860	1.31627
986	934	1.82555
987	814	0.264665
988	921	1.44892
989	887	1.88629
990	930	0.972573
991	947	1.81157
992	931	0.854209
993	938	1.8536
994	969	1.79827
995	922	1.85403
996	956	1.88428
997	945	0.954378
998	895	0.641631
999	944	1.92388
1000	940	1.85807
1001	898	1.89769
1002	954	1.71506
1003	965	1.89651
1004	957	0.631694
1005	977	1.85619
1006	984	1.86068
1007	942	1.90654
1008	950	0.93794
1009	910	1.20156
1010	917	1.86989
1011	968	1.86666
1012	932	1.89451
1013	983	1.90177
1014	959	1.80274
1015	948	1.85793
1016	949	1.91022
1017	950	0.822286
1018	930	0.844431
1019	967	1.85568
1020	981	1.87478
1021	957	1.2095
1022	945	0.848303
1023	973	1.7849
1024	979	1.8655
1025	972	1.83631
1026	974	1.82554
1027	951	1.86516
1028	990	1.67132
1029	1009	0.478295
1030	939	1.91493
1031	952	0.980086
1032	985	1.85325
1033	1000	1.88386
1034	958	1.8134
1035	960	1.82132
1036	961	1.8467
1037	970	1.81672
1038	919	0.802556
1039	971	1.05227
1040	976	0.927112
1041	992	1.02468
1042	998	1.86462
1043	975	0.879578
1044	988	1.19742
1045	995	1.86516
1046	991	1.84863
1047	992	0.773936
1048	982	1.82884
1049	989	0.573447
1050	1014	1.85139
1051	966	1.86733
1052	971	0.769952
1053	994	0.857191
1054	976	0.92765
1055	1007	1.87643
1056	978	1.82409
1057	1002	1.86673
1058	962	0.743114
1059	1003	1.83933
1060	993	1.76812
1061	989	1.22137
1062	986	1.90656
1063	952	0.859206
1064	1004	1.38563
1065	999	1.25479
1066	963	1.9102
1067	1001	1.84347
1068	1005	1.85056
1069	975	0.973484
1070	964	1.44093
1071	1015	0.953577
1072	1008	1.8184
1073	1009	1.37778
1074	962	1.15003
1075	1010	1.83481
1076	1022	1.86855
1077	1036	1.86236
1078	1012	1.87335
1079	997	1.8413
1080	1015	0.885021
1081	1033	0.72324
1082	1016	1.83494
1083	987	1.62146
1084	996	1.83353
1085	1020	1.87553
1086	999	0.557503
1087	1027	1.89672
1088	1031	0.635705
1089	980	1.90042
1090	1024	1.90242
1091	1032	1.84221
1092	994	0.956212
1093	1026	1.88632
1094	1011	1.82929
1095	1004	0.403854
1096	1025	1.87713
1097	1033	1.13334
1098	1034	1.86459
1099	1045	1.84669
1100	1055	1.87915
1101	1013	0.818489
1102	1023	0.931658
1103	1044	1.85201
1104	988	0.68725
1105	921	0.393025
1106	1037	1.83013
1107	1057	1.84417
1108	1038	1.81371
1109	1023	0.884172
1110	1043	0.99935
1111	1046	1.83718
1112	1031	1.19609
1113	1049	1.84001
1114	1048	1.80414
1115	1042	1.30601
1116	1051	1.9164
1117	1017	1.90113
1118	1029	1.81822
1119	1030	1.83353
1120	1052	1.37058
1121	1047	1.86215
1122	1060	1.85779
1123	1013	0.930419
1124	1039	1.836
1125	1041	1.81122
1126	1058	1.84659
1127	1043	0.815155
1128	1059	1.86837
1129	1054	1.88491
1130	1018	1.88623
1131	1028	1.91627
1132	1040	1.26117
1133	1050	1.81423
1134	1019	1.90246
1135	1021	1.90844
1136	1035	1.87279
1137	1069	0.826689
1138	1006	1.85716
1139	1063	1.8635
1140	1061	1.84639
1141	1066	1.86087
1142	1062	1.88859
1143	1068	1.84115
1144	1053	1.85877
1145	1072	1.83749
1146	1067	1.8515
1147	1076	1.81958
1148	1064	1.80787
1149	1065	1.86675
1150	1074	1.85996
1151	1075	1.85251
1152	1056	1.88033
1153	1078	0.861142
1154	1079	1.90646
1155	1071	0.831759
1156	1082	1.81593
1157	1070	1.8476
1158	1042	0.503477
1159	1071	1.05247
1160	1077	1.82849
1161	1069	0.955612
1162	1073	0.985773
1163	1080	1.87466
1164	1086	0.856965
1165	1078	0.943517
1166	1087	1.8551
1167	1040	0.541952
1168	1052	0.351102
1169	1089	1.83272
1170	1083	1.85166
1171	1085	1.89324
1172	1081	1.89751
1173	1093	1.88402
1174	1086	0.958677
1175	1095	1.86014
1176	1092	1.87087
1177	1084	1.86751
1178	1090	1.84887
1179	1091	1.78758
1180	1073	0.872423
1181	1096	1.83831
1182	1088	1.81054
1183	1097	1.82357
1184	1098	0.94957
1185	1098	0.841394
1186	1094	1.83117
1187	1099	1.9005
1188	1100	1.85804
