2	380	1.86606
3	338	1.86252
4	285	1.88016
5	358	1.85844
6	339	1.79515
7	261	1.87035
8	300	1.87397
9	345	1.67179
10	298	1.84763
11	11	1.92431
12	301	1.74788
13	310	1.85969
14	16	1.90525
15	386	1.83162
16	12	1.71719
17	367	1.78641
18	255	1.92457
19	23	1.86537
20	311	1.87336
21	236	1.93729
22	325	1.81584
23	28	1.84093
24	359	1.76579
25	251	1.91622
26	329	0.578312
27	42	1.69848
28	360	1.79451
29	302	1.81732
30	40	1.85833
31	271	1.81252
32	320	0.773903
33	256	1.81374
34	246	1.86403
35	252	1.72583
36	272	1.72499
37	330	1.80216
38	320	1.12841
39	48	1.84375
40	303	1.7269
41	264	0.670254
42	304	1.90715
43	352	1.87262
44	53	1.65167
45	237	1.93813
46	239	1.9207
47	56	1.46876
48	305	1.76096
49	346	1.86581
50	67	1.13186
51	55	1.95223
52	58	1.71155
53	64	1.83705
54	59	1.81593
55	65	1.75805
56	291	1.88669
57	262	1.81571
58	68	1.9453
59	424	1.6492
60	247	1.88164
61	286	1.89852
62	67	0.329601
63	266	1.75057
64	273	1.85482
65	387	1.73628
66	376	1.82765
67	274	1.76058
68	1086	1.60349
69	77	1.83448
70	331	1.90956
71	75	1.9369
72	78	1.81305
73	326	1.85976
74	306	1.83624
75	83	1.79487
76	84	1.88318
77	321	1.85757
78	494	1.74011
79	87	1.79899
80	86	1.90554
81	313	1.82058
82	314	1.16473
83	312	1.8931
84	88	0.740366
85	361	1.879
86	248	1.8992
87	257	1.92266
88	94	1.90418
89	607	1.72264
90	102	1.87074
91	340	1.71626
92	100	1.42377
93	333	1.86328
94	98	1.29812
95	287	1.67255
96	105	1.92321
97	347	1.81279
98	108	1.80467
99	294	1.81501
100	307	1.77919
101	267	1.77558
102	104	1.67217
103	111	0.602664
104	275	1.89151
105	258	1.78317
106	276	1.90902
107	334	1.85623
108	112	1.91618
109	277	1.90468
110	299	1.72601
111	240	1.87059
112	122	1.76019
113	316	1.76778
114	295	0.387053
115	124	1.47824
116	119	1.88176
117	354	1.75584
118	322	1.85155
119	114	1.54104
120	295	1.4033
121	123	1.81407
122	323	1.82303
123	278	1.76621
124	130	1.75034
125	279	1.83222
126	253	1.79609
127	133	1.82184
128	131	1.8578
129	124	0.330612
130	348	1.82025
131	268	1.85804
132	241	1.80259
133	288	1.90535
134	136	1.82031
135	349	1.91281
136	259	1.70821
137	135	1.6914
138	139	1.73346
139	355	1.88482
140	335	1.8006
141	269	1.81118
142	280	1.79032
143	281	1.75855
144	137	1.71043
145	146	1.704
146	336	1.83918
147	370	1.79656
148	143	1.76861
149	148	1.57471
150	249	1.83816
151	164	0.350961
152	164	0.304102
153	341	1.85653
154	308	1.87844
155	151	1.85272
156	363	1.93071
157	155	1.58571
158	317	1.89849
159	149	1.71072
160	309	1.90357
161	371	1.82984
162	164	0.140673
163	141	1.7721
164	158	1.67199
165	162	1.69733
166	318	1.85051
167	164	0.278874
168	282	1.75343
169	350	1.88103
170	242	1.81968
171	356	1.83316
172	182	1.81926
173	384	1.5846
174	176	1.51924
175	260	1.80485
176	263	1.78571
177	170	1.64276
178	342	1.91744
179	580	1.77333
180	385	1.7653
181	289	0.979882
182	337	0.8021
183	183	1.61
184	377	1.73695
185	372	1.7419
186	289	0.71747
187	328	1.84848
188	179	1.89219
189	180	1.87785
190	186	1.64529
191	181	1.40627
192	337	1.08782
193	185	1.63709
194	292	1.63236
195	189	1.82633
196	296	1.90258
197	283	1.89253
198	377	0.195642
199	201	1.82198
200	401	1.84018
201	357	1.79867
202	270	1.80926
203	188	1.50528
204	203	1.87947
205	202	1.88703
206	293	1.80167
207	344	1.86806
208	209	1.9049
209	254	1.87277
210	205	0.941778
211	284	1.88217
212	206	1.88221
213	212	1.83454
214	215	1.90046
215	211	1.85211
216	220	1.88891
217	214	1.84103
218	351	1.83172
219	324	1.88593
220	221	1.85023
221	297	0.981254
222	218	1.89529
223	219	1.82917
224	226	1.25626
225	297	0.824275
226	226	0.610163
227	227	1.86895
228	290	1.85097
229	366	1.90763
230	233	1.7153
231	230	1.5707
232	229	1.5531
233	353	1.06572
234	343	1.77691
235	409	0.909631
236	381	1.85359
237	389	1.83105
238	394	1.85462
239	419	1.82173
240	319	1.83101
241	402	0.882945
242	369	1.85171
243	362	1.87783
244	121	1.80443
245	423	1.874
246	378	1.91834
247	373	1.83013
248	329	1.24985
249	398	1.86791
250	374	1.86868
251	418	1.89752
252	375	1.85421
253	327	1.78691
254	388	1.84771
255	392	1.86909
256	422	1.8437
257	315	1.87099
258	365	1.8421
259	472	0.748733
260	332	1.77283
261	405	1.85927
262	153	1.85155
263	382	1.92852
264	364	1.79535
265	407	1.87517
266	264	1.10903
267	528	1.88331
268	72	0.178463
269	125	1.45335
270	415	1.81406
271	395	1.78655
272	420	1.79937
273	404	1.77341
274	399	1.91733
275	225	1.75981
276	410	1.90154
277	425	1.86979
278	442	1.85236
279	435	1.86233
280	417	1.88582
281	426	1.91197
282	412	1.88766
283	397	1.8597
284	413	1.81951
285	383	1.82764
286	400	1.87226
287	427	1.79644
288	455	1.83554
289	431	1.82919
290	414	1.88402
291	436	1.85277
292	393	1.86089
293	456	1.79909
294	457	1.8308
295	449	1.87814
296	411	1.64944
297	433	1.76825
298	451	1.76796
299	439	1.84246
300	434	1.84499
301	379	1.8111
302	430	1.8148
303	432	1.83458
304	403	1.84304
305	463	1.8204
306	464	1.79962
307	443	1.93096
308	450	1.8563
309	470	1.86324
310	440	1.80784
311	429	1.84464
312	465	1.86309
313	444	1.84164
314	452	1.85785
315	480	1.88599
316	474	1.83859
317	466	1.80513
318	445	0.954976
319	460	1.82379
320	446	1.84676
321	483	1.24864
322	428	1.8812
323	441	1.82478
324	536	1.75657
325	416	1.90414
326	481	1.85486
327	458	1.83098
328	467	1.92256
329	421	1.76199
330	473	1.87485
331	453	1.79261
332	482	1.87686
333	448	1.86397
334	485	1.8459
335	454	1.87017
336	505	1.78402
337	459	1.82502
338	507	1.7587
339	508	0.910056
340	469	1.27619
341	438	1.72026
342	499	1.86587
343	478	1.89563
344	511	1.80108
345	486	1.9038
346	462	1.91441
347	468	1.79973
348	518	1.88212
349	491	1.88972
350	497	1.81502
351	527	1.83117
352	521	1.84254
353	447	1.80005
354	523	1.84482
355	533	1.86813
356	489	1.92937
357	471	1.87288
358	495	1.81498
359	496	1.82502
360	402	0.893698
361	445	0.779841
362	475	1.09248
363	477	1.76298
364	111	0.525399
365	519	1.15704
366	501	1.83044
367	461	1.79504
368	490	1.89306
369	487	1.88803
370	525	1.78016
371	437	1.84773
372	506	1.83186
373	498	1.81194
374	484	1.77713
375	530	1.85601
376	479	1.66953
377	509	1.77904
378	515	1.84519
379	314	0.703315
380	541	1.85465
381	409	0.792083
382	500	1.84193
383	540	1.85104
384	513	1.89519
385	552	1.77075
386	476	1.8594
387	493	1.83982
388	543	1.76437
389	502	1.77077
390	503	1.87497
391	504	1.86546
392	524	0.999609
393	557	1.81072
394	492	1.77268
395	577	1.85322
396	488	1.74775
397	514	0.891239
398	560	1.89716
399	534	1.82966
400	535	1.86116
401	510	1.83342
402	575	1.04837
403	548	1.89322
404	522	1.8385
405	554	1.8431
406	544	1.78581
407	566	1.78739
408	555	1.73788
409	526	1.74211
410	574	1.88182
411	563	1.83331
412	512	1.83962
413	598	1.90229
414	531	1.71708
415	553	1.74432
416	586	1.80723
417	529	1.77739
418	581	1.76176
419	571	1.81264
420	390	0.723012
421	546	1.69726
422	547	1.86684
423	549	1.8096
424	550	1.6831
425	551	1.8233
426	508	0.837215
427	558	1.78887
428	517	1.69236
429	588	1.83697
430	582	1.86851
431	573	1.81334
432	545	1.82813
433	537	1.81919
434	562	1.82098
435	524	0.724493
436	556	1.80635
437	569	1.75427
438	585	1.75212
439	472	1.05101
440	353	0.807079
441	587	0.682341
442	578	1.81996
443	565	1.83713
444	610	1.74312
445	597	1.88756
446	538	0.954127
447	592	1.08582
448	600	1.94604
449	561	1.88301
450	601	1.87757
451	567	1.75517
452	568	1.81811
453	576	1.76473
454	611	1.799
455	627	1.86398
456	539	1.84958
457	595	1.80839
458	609	1.82905
459	649	1.50142
460	678	1.81907
461	483	0.548322
462	570	1.81091
463	559	1.72623
464	599	1.82326
465	614	1.91624
466	623	1.84559
467	652	1.84569
468	641	1.80437
469	605	1.80657
470	617	1.83289
471	564	1.07369
472	620	1.80161
473	579	1.86299
474	589	1.84815
475	596	1.89551
476	642	1.87125
477	606	1.79191
478	111	0.796839
479	604	1.70417
480	629	1.89097
481	624	1.84813
482	584	1.81965
483	625	1.90214
484	514	0.81274
485	621	1.88607
486	622	1.88256
487	655	1.8429
488	631	1.80081
489	593	1.75605
490	628	1.79085
491	583	1.76817
492	619	1.85894
493	691	1.58863
494	613	1.79575
495	693	0.898426
496	656	1.80222
497	644	1.80696
498	572	1.73655
499	647	1.84598
500	661	1.00521
501	616	1.9283
502	639	1.51643
503	658	1.79783
504	653	1.76873
505	612	1.75631
506	636	1.81123
507	648	1.87736
508	603	1.87213
509	650	1.76557
510	591	1.60379
511	630	1.35614
512	633	1.82136
513	618	1.86263
514	637	1.84101
515	640	1.82539
516	643	1.84257
517	673	1.81321
518	608	1.81209
519	659	1.86899
520	634	1.83562
521	660	1.88822
522	669	1.72672
523	475	0.520793
524	587	1.00111
525	682	1.69696
526	674	1.79298
527	666	1.89031
528	722	0.847043
529	729	1.80638
530	664	1.86933
531	670	1.8239
532	645	1.23057
533	683	1.85013
534	712	0.902073
535	687	1.84563
536	662	1.85824
537	689	1.79738
538	657	1.85052
539	469	0.511132
540	696	1.84255
541	564	0.723517
542	638	1.81126
543	615	1.82544
544	681	1.82869
545	626	1.62342
546	711	1.91739
547	686	1.84944
548	679	1.87453
549	694	1.88877
550	680	1.81908
551	667	1.84149
552	654	1.74622
553	519	0.645837
554	677	1.89669
555	688	1.89896
556	718	1.82986
557	592	0.651669
558	646	1.85728
559	698	1.81539
560	668	1.72563
561	685	1.8577
562	590	1.76876
563	702	1.82526
564	690	1.84649
565	703	0.667677
566	708	1.80732
567	709	0.897705
568	665	1.79237
569	675	1.87571
570	695	1.79393
571	704	1.80863
572	67	0.357529
573	719	0.601575
574	707	1.85941
575	684	1.83001
576	710	1.86358
577	742	1.6334
578	692	1.84839
579	651	1.80929
580	737	0.99712
581	738	1.80111
582	733	1.73495
583	717	1.83038
584	672	1.7875
585	740	1.85274
586	746	1.84637
587	747	1.88828
588	716	1.76601
589	714	1.80308
590	732	1.91798
591	725	1.90199
592	789	0.954465
593	749	1.68502
594	699	1.85685
595	663	1.79141
596	713	1.85892
597	745	1.89852
598	706	1.79379
599	697	1.86868
600	768	0.709305
601	743	0.866125
602	772	1.79745
603	701	1.78407
604	728	1.8622
605	724	1.88616
606	645	0.603806
607	739	1.8455
608	813	1.69073
609	751	1.60614
610	815	0.768938
611	743	0.927408
612	700	1.76561
613	730	1.88224
614	715	1.82575
615	735	1.82731
616	748	1.85869
617	769	1.85584
618	750	1.77893
619	761	0.768666
620	721	1.73359
621	727	1.74964
622	755	1.90185
623	770	1.86192
624	736	1.91754
625	752	1.8888
626	754	1.85839
627	773	1.82483
628	805	1.82839
629	723	1.76953
630	774	1.00476
631	765	1.86865
632	741	1.90044
633	779	1.91052
634	784	1.8117
635	764	1.89
636	766	1.04456
637	734	1.73078
638	767	1.75913
639	778	0.758204
640	792	1.7348
641	776	1.83607
642	726	1.8551
643	760	1.85183
644	763	1.84989
645	819	1.83806
646	575	0.817102
647	821	1.92302
648	753	1.92712
649	731	1.80951
650	794	1.82566
651	785	1.83716
652	786	1.78811
653	758	1.86133
654	756	1.88541
655	782	1.87186
656	848	1.7813
657	709	0.752525
658	800	1.62878
659	861	1.42234
660	802	1.8465
661	828	1.73045
662	744	1.77923
663	804	1.8808
664	836	1.82619
665	839	1.86194
666	720	0.468769
667	818	1.82119
668	759	1.85337
669	814	1.91394
670	790	1.86594
671	787	1.74884
672	798	1.77427
673	771	1.83163
674	762	1.76075
675	833	1.84216
676	817	1.85498
677	796	1.78582
678	777	1.79234
679	810	1.81598
680	870	0.750519
681	851	1.87177
682	801	1.83184
683	883	0.720883
684	775	1.86161
685	793	1.86926
686	816	1.83111
687	806	1.03776
688	842	1.8346
689	860	1.73673
690	820	1.85009
691	712	0.933082
692	791	1.81759
693	868	1.91621
694	703	1.05608
695	809	1.85886
696	799	1.84276
697	768	1.11521
698	876	1.73432
699	826	1.87875
700	803	1.9008
701	781	0.923343
702	837	1.94143
703	832	1.76603
704	719	1.17991
705	797	1.81695
706	869	1.8015
707	841	1.84579
708	811	1.91196
709	827	1.76969
710	737	0.894011
711	846	1.86215
712	783	1.46154
713	854	1.5377
714	847	1.79431
715	831	1.85207
716	889	1.83496
717	807	1.83138
718	856	1.78098
719	838	1.87587
720	824	1.75917
721	849	1.82876
722	825	1.71682
723	812	1.67925
724	781	0.852549
725	864	1.87293
726	875	0.775702
727	843	1.79379
728	661	0.885782
729	693	0.958066
730	862	1.78572
731	822	1.79076
732	823	1.84664
733	897	1.86143
734	863	1.91287
735	761	0.906768
736	853	1.88549
737	845	1.27972
738	835	1.85882
739	871	1.86237
740	788	1.83458
741	840	1.80334
742	903	1.80915
743	850	1.84208
744	859	1.82376
745	778	1.12761
746	867	1.84447
747	878	1.83896
748	896	1.82524
749	885	0.861435
750	855	1.82192
751	808	1.77166
752	881	1.27164
753	857	1.78689
754	866	1.78611
755	829	1.75022
756	872	1.8025
757	806	0.719409
758	774	0.782927
759	873	1.81679
760	834	0.943322
761	865	1.86908
762	844	1.91646
763	815	1.03167
764	852	1.84607
765	905	1.74155
766	879	1.06164
767	888	1.61889
768	920	0.953514
769	870	1.03979
770	915	1.79261
771	898	0.896063
772	887	1.89137
773	924	1.80428
774	671	0.714803
775	904	1.74842
776	940	1.84161
777	918	1.85749
778	830	1.87832
779	884	1.87025
780	858	1.71673
781	895	0.812216
782	926	1.86091
783	951	1.6548
784	907	0.912012
785	930	1.85327
786	890	1.87096
787	886	1.85881
788	766	0.832706
789	899	1.77622
790	900	1.88408
791	894	1.84221
792	882	1.83095
793	877	1.65818
794	891	1.80724
795	909	1.83623
796	789	0.827221
797	914	1.83546
798	917	1.23274
799	950	1.02635
800	919	1.91219
801	911	1.90578
802	922	1.85162
803	908	1.834
804	893	1.84975
805	955	1.71612
806	879	0.694229
807	952	1.82722
808	912	1.83479
809	978	0.939954
810	941	1.27547
811	971	1.81951
812	902	1.83205
813	937	1.82559
814	913	1.89813
815	934	1.89455
816	880	1.84652
817	945	1.8346
818	969	1.93706
819	927	1.84582
820	910	1.85755
821	931	1.8639
822	892	1.71865
823	532	0.76398
824	970	1.797
825	939	1.89838
826	895	0.894215
827	998	1.67449
828	999	1.20406
829	942	1.89449
830	885	0.891649
831	921	1.83984
832	943	1.04293
833	967	0.926918
834	986	1.82788
835	800	0.230293
836	875	1.10104
837	923	1.8904
838	964	1.87133
839	953	1.86409
840	946	1.89085
841	938	1.75854
842	948	1.83487
843	925	1.81704
844	960	1.82895
845	1003	1.69517
846	883	1.07583
847	906	1.81866
848	962	1.85904
849	956	1.78723
850	907	0.931151
851	929	1.85155
852	920	0.801382
853	936	1.78988
854	933	1.88452
855	935	1.85719
856	976	1.71054
857	966	1.8399
858	979	0.985376
859	981	1.60949
860	954	1.8936
861	958	1.72965
862	965	1.84317
863	932	1.78178
864	947	1.87462
865	1011	1.67066
866	974	1.87079
867	989	1.24075
868	984	1.81277
869	985	1.83458
870	1031	1.81559
871	959	1.84869
872	990	1.92969
873	996	1.837
874	972	1.81257
875	1040	1.75506
876	991	1.85407
877	982	1.91688
878	983	1.85563
879	957	1.82638
880	975	1.86441
881	1009	1.79353
882	968	1.87502
883	1025	1.65875
884	1026	1.83512
885	973	1.86843
886	943	0.821924
887	944	1.81932
888	1006	1.21188
889	995	1.84785
890	1008	1.90759
891	881	0.483377
892	1022	1.8533
893	977	1.78565
894	997	1.81927
895	949	1.84845
896	988	1.87636
897	993	1.93262
898	1018	1.83085
899	1034	1.78364
900	980	1.78101
901	1042	1.61425
902	950	0.75077
903	994	1.78099
904	1013	1.78944
905	1070	1.79245
906	1063	1.81066
907	901	0.902323
908	1002	1.86864
909	987	1.86708
910	941	0.629717
911	1037	1.82918
912	1004	1.13568
913	1082	0.796977
914	1015	1.66906
915	1050	1.61753
916	898	0.949748
917	783	0.390617
918	1030	1.73866
919	1041	1.92071
920	1004	0.749836
921	1064	0.900443
922	963	1.84894
923	1045	1.84586
924	1010	1.80083
925	1023	1.81512
926	1049	1.78804
927	1005	1.91272
928	834	0.772853
929	1027	1.78426
930	1000	1.86987
931	967	0.798552
932	1012	1.82549
933	1048	1.79736
934	1016	1.89162
935	1017	1.81073
936	1019	1.87421
937	1014	1.8954
938	1057	1.79806
939	1061	1.14285
940	1038	1.87846
941	1020	1.88878
942	1072	1.83317
943	1055	0.821616
944	1028	1.90357
945	1053	1.82152
946	1032	1.91038
947	1033	1.87733
948	1001	1.88527
949	1021	1.81693
950	1035	1.75206
951	1036	1.74826
952	1091	1.86957
953	1029	1.90396
954	1024	1.8721
955	1060	1.81461
956	1093	1.7971
957	1044	1.85043
958	1054	1.84852
959	978	0.905957
960	1090	1.86671
961	1078	1.31458
962	1066	1.87462
963	1094	1.81514
964	1085	1.84147
965	1100	1.79805
966	1039	1.89659
967	1089	1.82867
968	917	0.61705
969	1104	1.65483
970	1051	1.76962
971	1083	0.747521
972	1088	1.85853
973	1046	1.88234
974	1047	1.76837
975	1056	1.87596
976	1052	1.92834
977	1058	0.7621
978	1043	1.72151
979	1065	1.641
980	1067	1.82994
981	1081	1.80572
982	1109	1.75794
983	1068	1.84512
984	1062	1.85911
985	1092	1.92045
986	1123	1.83237
987	1071	1.88523
988	1075	1.88587
989	1058	1.06311
990	1107	1.85106
991	1059	1.81819
992	1103	1.85859
993	1111	1.89076
994	1105	1.8692
995	1099	1.82085
996	1080	1.80495
997	1087	1.87029
998	1073	1.80883
999	1110	1.05602
1000	1077	1.86587
1001	1079	1.70724
1002	1120	1.84253
1003	1084	1.89914
1004	1076	1.86135
1005	1110	0.792424
1006	1118	1.73469
1007	1112	1.81684
1008	1116	1.83722
1009	1069	1.92001
1010	1096	1.16231
1011	1097	1.90079
1012	1101	1.83962
1013	999	0.701578
1014	1148	1.06797
1015	1113	1.79432
1016	1114	1.84448
1017	1095	1.69049
1018	1136	1.87055
1019	989	0.614179
1020	1142	1.8435
1021	1121	1.81299
1022	1055	1.0021
1023	979	0.72205
1024	1145	1.70708
1025	1126	1.78863
1026	1151	1.66784
1027	1098	1.82764
1028	1074	1.75974
1029	1127	1.88365
1030	1129	1.85622
1031	994	0.008877
1032	1096	0.661566
1033	1194	0.70294
1034	1125	1.81534
1035	1168	1.80724
1036	1115	1.8676
1037	1139	1.77029
1038	1083	1.00538
1039	1122	1.87273
1040	1225	0.0101379
1041	1124	1.81307
1042	1117	1.88758
1043	1144	1.81216
1044	1157	1.84178
1045	1102	1.77995
1046	1146	1.85094
1047	1153	1.91076
1048	1169	1.86032
1049	1134	1.84548
1050	1183	1.81871
1051	1131	1.89421
1052	1174	1.72877
1053	1147	1.87783
1054	1172	1.78216
1055	1143	1.80526
1056	1137	1.83499
1057	1006	0.622349
1058	1119	1.81213
1059	1130	1.84084
1060	1135	0.890825
1061	1108	1.81418
1062	1064	0.882405
1063	1128	1.88267
1064	1152	1.77863
1065	1132	1.87856
1066	1158	1.8921
1067	1179	1.82119
1068	1196	0.930985
1069	1171	1.86666
1070	1163	1.81194
1071	1156	1.89964
1072	1186	1.8547
1073	1133	1.83258
1074	1148	0.788886
1075	1141	1.88847
1076	1160	1.10863
1077	1161	1.83378
1078	1188	1.88971
1079	1149	1.79804
1080	1155	1.91648
1081	1135	0.888059
1082	1138	1.83343
1083	1082	1.06589
1084	1175	1.85268
1085	1160	0.725467
1086	1189	1.86235
1087	1162	1.86713
1088	1203	1.83059
1089	1164	1.84936
1090	1165	1.90303
1091	1150	0.802842
1092	1181	1.83826
1093	1176	1.8353
1094	1154	1.84145
1095	1225	0.0212471
1096	1178	1.7765
1097	1218	1.81425
1098	1180	1.74423
1099	1159	1.81143
1100	1170	1.85032
1101	1078	0.531976
1102	1206	1.1636
1103	1177	1.84733
1104	1197	1.90288
1105	1061	0.689153
1106	1182	1.88617
1107	1191	1.83088
1108	1166	1.88436
1109	1173	1.90686
1110	1224	1.80528
1111	1205	1.80894
1112	1213	1.82721
1113	1187	1.84779
1114	1204	1.9349
1115	1200	1.89102
1116	1167	1.76395
1117	1214	1.91052
1118	1215	1.84213
1119	1192	1.86271
1120	1210	1.87901
1121	1184	1.84368
1122	1193	1.89721
1123	1194	1.07697
1124	1227	1.84557
1125	1249	1.83386
1126	1198	1.86997
1127	1150	0.953867
1128	1230	1.87993
1129	1222	1.86468
1130	1239	1.84279
1131	1232	1.82875
1132	1185	1.85014
1133	1216	1.89956
1134	1199	1.87882
1135	1195	1.86677
1136	1202	1.86309
1137	1225	1.252
1138	1190	1.7819
1139	1226	1.89489
1140	1229	1.8082
1141	1219	1.82066
1142	1209	1.8397
1143	1201	1.84642
1144	1212	1.79689
1145	1234	1.85686
1146	1211	1.82544
1147	1217	1.86654
1148	1207	1.86707
1149	1238	1.08645
1150	1233	1.79151
1151	1235	1.88482
1152	1221	1.81534
1153	1246	1.90091
1154	1223	0.909487
1155	1240	1.90074
1156	1238	0.743671
1157	1267	1.8935
1158	1241	1.04801
1159	1247	0.928666
1160	1223	0.90158
1161	1245	1.85335
1162	1231	1.76331
1163	1228	1.8186
1164	1265	1.8198
1165	1250	1.74752
1166	1258	1.78023
1167	1237	0.936763
1168	1252	1.83895
1169	1220	1.85257
1170	1261	1.92721
1171	1237	0.874247
1172	1272	1.88182
1173	1243	1.81976
1174	1248	1.83779
1175	1251	1.86773
1176	1287	0.978861
1177	1292	0.79009
1178	1260	0.873608
1179	1254	1.89483
1180	1271	1.84753
1181	1255	1.83771
1182	1196	0.855886
1183	1236	1.82208
1184	1244	1.86006
1185	1256	1.82278
1186	1280	1.86611
1187	1241	0.796535
1188	1253	1.85737
1189	1270	1.89695
1190	1264	1.85968
1191	1266	1.84909
1192	1268	1.77559
1193	1269	1.81042
1194	1257	1.83709
1195	1283	1.80829
1196	1276	1.90358
1197	1206	0.636605
1198	1274	1.33332
1199	1288	1.85473
1200	1259	1.85601
1201	1242	1.91673
1202	1263	1.85624
1203	1279	1.86298
1204	1285	1.82058
1205	1282	1.80418
1206	1277	1.91349
1207	1247	0.867682
1208	1275	1.83002
1209	1294	1.83255
1210	1293	1.89011
1211	1286	1.81534
1212	1281	1.78835
1213	1304	0.979191
1214	1262	1.87832
1215	1278	1.88883
1216	1225	0.559634
1217	1289	1.83285
1218	1290	1.81566
1219	1260	0.9948
1220	1274	0.47856
1221	1311	1.81957
1222	1284	1.85352
1223	1309	0.834115
1224	1295	1.82697
1225	1298	1.78127
1226	1306	1.74906
1227	1315	1.87297
1228	1307	1.81381
1229	1314	1.80035
1230	1316	1.19606
1231	1296	0.996533
1232	1299	1.88759
1233	1301	1.83146
1234	1313	1.84733
1235	1302	0.590464
1236	1310	1.82951
1237	1292	1.03566
1238	1300	0.616997
1239	1308	1.89637
1240	1320	0.824584
1241	1317	1.8753
1242	1330	0.758665
1243	1300	1.22481
1244	1305	1.17182
1245	1323	0.51804
1246	1231	0.158225
1247	1303	1.82378
1248	1318	1.88042
1249	1321	1.85693
1250	1296	0.817546
1251	1297	1.8756
1252	1324	1.92795
1253	1335	1.90785
1254	1302	1.19889
1255	1328	1.49218
1256	1332	1.88966
1257	1316	0.616533
1258	1325	1.87628
1259	1326	1.7842
1260	1329	1.81618
1261	1291	1.78704
1262	1333	1.05528
1263	1330	1.12715
1264	1336	0.781894
1265	1320	0.951849
1266	1340	1.89699
1267	1337	1.84064
1268	1327	0.67715
1269	1346	1.1992
1270	1319	1.81598
1271	1336	1.05273
1272	1327	1.10972
1273	1342	1.87464
1274	1341	1.78554
1275	1287	0.809068
1276	1339	1.8672
1277	1334	1.0396
1278	1344	1.18841
1279	1225	0.000571829
1280	1338	1.91554
1281	1323	1.25062
1282	1345	0.0293142
1283	1354	1.91471
1284	1333	0.820026
1285	1352	1.90482
1286	1349	1.28725
1287	1348	1.1319
1288	1351	0.698624
1289	1304	0.820091
1290	1309	0.0193359
