1	768	2	3	516	517	6	519	522	11	529	22	536	772	538	687	541	773	32	547	36	774	41	42	555	558	47	561	562	563	565	54	568	570	571	63	576	523	581	71	584	585	74	591	82	596	597	86	804	783	93	606	607	608	612	785	104	618	619	620	616	788	631	632	121	636	637	789	640	133	646	135	136	137	138	139	141	654	656	657	146	149	150	152	665	594	155	156	669	670	159	674	675	677	678	167	168	681	683	684	173	175	176	177	690	691	713	697	705	799	714	190	193	706	707	709	710	199	201	202	715	717	207	208	721	722	723	724	214	633	216	548	730	719	733	222	735	224	737	740	742	743	744	235	748	749	792	751	240	753	754	755	244	757	758	759	760	761	762	763	764	765	766	767	256	769	770	771	260	261	262	775	776	777	778	779	780	781	782	271	784	273	786	787	276	277	278	729	280	793	794	559	796	728	798	287	800	801	802	803	292	805	806	807	297	300	301	302	311	312	314	650	736	322	323	795	334	338	341	346	348	349	350	351	791	364	365	711	367	371	790	381	388	389	392	393	395	396	397	403	797	407	412	752	667	422	668	427	662	431	645	434	435	436	438	440	756	442	443	444	586	449	456	460	466	477	478	479	486	492	493	494	496	680	500	501	503	507	509
2	1	4	141	149	350	223
3	149	1	202	5	7
4	2	5	8	9	141	178	149	223
5	352	3	4	229	7	9	202	299	149	223
6	1	389	202	11	12	241	277	156	351
7	3	5	9	202	299	151	156	229
8	353	4	325	263	9	13	242	15	178	233	185	223
9	229	4	5	7	8	233	15	16	223
10	194	263	264	300	13	14	178	150	159
11	1	6	12	146	179	277
12	6	241	11	17	179	277	186	156
13	160	194	263	8	10	14	15	264	178	23	185
14	194	10	300	13	19	159
15	8	9	13	16	242	21	233	185
16	356	229	9	242	15	18	211	21	233	26
17	33	195	265	12	272	241	20	151	25	186	315	156
18	290	356	37	243	233	339	399	16	211	20	151	26	28	229
19	256	194	203	300	301	14	22	23	24	159
20	290	265	272	17	18	243	151	25	28	30
21	16	185	26	242	15
22	256	1	36	41	203	302	19	24	159
23	160	194	291	203	13	306	19	250	29	31
24	19	36	203	22	31
25	33	265	17	20	187	30
26	257	379	356	37	39	339	242	366	16	18	211	21	281	185	27	411
27	160	257	196	39	281	185	26	29
28	251	37	38	243	40	265	366	369	18	211	20	187	30
29	160	161	291	196	306	307	23	281	250	27	31
30	38	265	20	25	187	28
31	161	36	203	23	24	250	29
32	224	1	35	42	146	278
33	34	163	265	142	17	195	308	25	187	315
34	33	162	163	195	179	215
35	32	224	234	46	146	278	215
36	256	1	203	161	41	170	43	44	302	22	24	250	31
37	39	40	204	18	211	52	26	251	28
38	251	293	327	40	380	142	48	369	187	28	30	357
39	257	196	37	204	50	211	52	26	27
40	198	37	38	327	359	204	48	52	57	251	28	293
41	1	36	22	170	43	302	49	54	216
42	32	1	292	235	224	47	55	63
43	216	41	170	36	49
44	161	36	170	171	49	51	266
45	162	267	205	46	372	215	217	58
46	224	35	234	215	205	45	212	55	56	267
47	1	42	63
48	293	38	40	142	57	59	157
49	197	41	170	43	44	367	273	51	54	216	371	266
50	196	198	39	171	204	143	51	218	316	61	62
51	289	197	328	236	266	171	44	49	50	218	60	62
52	67	37	198	39	40	204	57
53	163	358	360	142	217	58	59	188	157
54	64	1	197	273	41	49	152	216
55	224	66	68	329	42	235	226	46	381	212	292	234
56	225	66	212	205	46
57	67	198	70	359	40	317	48	259	52	180	157	293
58	225	69	252	330	205	45	368	53	217	188
59	70	75	142	189	48	53	188	157
60	65	197	289	73	172	51	236	62	309
61	258	172	143	50	218	62
62	289	258	172	50	51	309	218	60	61
63	1	68	42	235	173	47	82
64	65	260	197	71	273	54	152	219
65	64	197	71	73	236	268	219	60
66	225	226	68	69	72	237	212	55	56	340
67	259	198	70	143	180	57	79	52
68	66	164	72	226	235	173	81	341	55	63
69	225	66	72	252	77	237	58	188
70	84	67	189	180	57	59	157
71	64	1	260	261	65	73	74	199	268	78	86	152	219
72	66	68	69	226	77	237	81	340	85	318	181
73	65	165	71	236	172	78	83	309	268	279	374	60
74	152	1	260	261	71
75	294	295	80	84	245	89	59	188	189
76	227	165	172	143	87	79
77	69	72	252	237	80	85	90	188	282
78	321	374	166	71	73	199	268	83	86	279	88
79	67	76	269	143	227	180	213	246	87	91	158
80	294	295	252	75	77	343	89	90	188	282	94
81	96	226	164	72	181	68	92	253	318
82	1	93	173	63
83	165	166	73	279	78	87	88
84	99	70	75	144	180	245	89	91	189
85	320	97	228	72	77	237	200	181	344	90	282
86	1	98	261	71	167	78	280	88	199	95
87	227	100	165	166	106	76	174	79	304	83	213	246	303	158
88	166	199	78	83	86	95
89	144	101	295	296	105	75	80	84	245	343	94
90	200	77	80	85	282	94
91	99	108	269	79	144	84	245	375	180	283	158
92	96	97	81	274	181	253
93	96	1	164	104	173	82	244
94	101	102	200	80	296	343	89	90	282
95	98	100	166	199	86	88
96	97	164	103	104	297	253	81	274	244	92	93
97	96	228	103	200	284	107	112	113	274	85	92	181
98	311	100	166	167	199	110	334	86	247	280	190	95
99	144	108	91	84
100	98	166	247	109	110	303	174	87	376	95
101	102	295	296	105	206	111	144	238	89	220	94
102	228	101	200	107	206	111	296	335	94
103	96	97	104	297	427	207	113	274	346	284
104	96	1	103	297	207	244	93
105	101	231	111	144	116	153	89	220
106	230	362	108	174	304	115	246	87	158
107	97	228	102	200	298	206	335	112	114	284
108	99	230	106	144	145	115	117	254	119	283	91	158
109	100	110	270	174	247	155
110	98	100	311	322	109	270	247	155	190
111	101	102	105	206	114	238	183	153	220
112	97	298	107	113	114	182	120	284
113	97	103	208	207	112	182	121	122	284	346
114	420	298	107	140	206	111	112	335	183	120	123	285	286
115	230	232	106	108	174	304	147	117	154	362
116	231	105	144	145	118	153
117	147	230	232	108	115	119	126	127
118	231	145	116	153	125	191
119	230	232	331	108	145	117	127	254	191
120	176	323	298	140	112	114	182	122	286
121	176	1	207	208	113
122	208	323	176	113	182	120
123	169	140	239	114	183	124	285	286
124	132	169	239	221	275	285	183	153	123	125	255
125	128	231	275	118	248	153	347	124	221	191
126	192	288	134	305	232	209	147	117	377	313	127
127	128	288	134	232	331	332	209	148	117	119	248	249	377	126	191
128	131	324	221	210	148	248	249	127	125	191
129	192	193	133	135	147	276	184
130	262	136	169	140	176	201
131	128	132	137	240	210	221	255
132	131	137	139	240	201	169	124	221	255
133	1	135	129	175	184	222
134	192	193	209	271	177	148	126	127
135	1	133	193	129	276	184	222
136	176	1	130	262	201
137	1	131	132	138	139	240	210	214
138	1	137	177	210	148	214
139	240	1	201	132	137
140	130	262	169	239	176	337	114	120	123	286
141	1	2	4	338	178	150	407	350	223
142	33	163	293	38	187	48	308	53	468	358	59	380	157	357
143	258	67	165	198	259	172	76	386	79	50	227	180	342	218	383	390	61	319
144	116	99	101	231	105	295	108	336	145	84	245	361	283	89	91	220	254
145	336	231	108	144	116	118	119	254	191
146	32	1	35	11	179	277	278	215	314
147	192	129	232	175	305	115	117	184	154	126
148	128	134	209	138	364	177	210	214	249	349	127
149	352	1	2	3	4	5	202	299	436	442	350	223
150	1	263	10	300	141	178	338	159
151	290	299	229	7	241	354	272	17	18	355	20	156
152	64	1	260	71	74	273	54
153	220	231	105	238	111	275	116	118	183	345	285	347	124	125
154	147	401	232	362	174	175	304	305	115	270	155	415
155	1	322	388	168	109	110	175	270	174	154	190	287
156	1	354	299	6	7	202	241	12	17	355	151	408	351
157	293	70	360	142	317	48	180	53	57	358	59	188	189
158	227	230	106	108	269	79	246	87	283	91	413	254
159	256	1	150	10	300	301	14	19	22
160	194	264	13	306	23	185	378	27	281	29
161	384	266	36	326	307	170	171	44	291	196	250	316	29	31
162	34	163	372	267	45	461	370	195	308	215	217	315	476
163	33	34	195	358	372	162	142	432	308	53	217
164	96	226	68	392	173	253	81	244	341	93
165	172	227	166	391	73	279	76	143	83	213	87	319
166	279	321	98	100	165	447	199	391	247	78	303	376	83	213	87	88	319	95
167	1	98	334	86	311	280	190
168	1	175	190	312	155	222	287
169	130	132	262	201	140	239	337	396	123	124	255
170	161	36	326	41	266	43	44	302	49	371	216	250
171	161	196	326	289	328	266	44	50	51	218	316
172	258	165	391	424	73	76	143	309	279	60	61	62	319
173	1	164	235	82	244	341	68	93	63
174	363	100	106	247	109	270	303	304	115	213	87	376	154	155
175	1	388	133	168	270	305	434	147	184	154	155	312	222	287
176	1	130	323	262	136	140	208	120	121	122	286
177	1	134	193	138	364	271	209	148	214
178	353	4	325	263	8	10	13	141	338	150	407	223
179	34	195	517	11	12	370	398	146	277	215	186	314	410
180	67	390	70	359	259	317	143	269	79	189	227	84	245	342	375	57	488	91	157	382
181	320	97	228	72	237	81	274	85	92	253	318
182	208	323	449	298	428	112	113	440	120	122	284	346	286
183	335	206	111	114	275	238	345	153	123	124	285
184	192	129	133	135	395	175	305	147	276	312	222
185	160	480	379	325	263	8	13	15	264	242	21	409	281	26	27	378
186	195	241	12	398	272	17	179	277	410	315
187	33	38	265	142	369	308	380	25	28	30
188	368	69	294	360	330	75	77	189	80	53	58	59	252	157
189	294	70	295	360	75	317	180	245	84	59	188	157	382	405
190	1	98	167	168	322	110	270	311	155	287
191	128	231	457	331	221	336	145	118	119	248	474	347	125	254	127
192	288	129	134	193	395	305	271	209	147	276	184	313	348	126
193	192	1	134	135	129	271	177	276	348
194	160	422	264	10	203	300	13	14	301	306	19	23
195	33	34	163	162	461	17	370	179	308	215	186	315	410
196	161	386	423	39	257	171	204	50	307	281	218	27	316	29
197	64	65	273	328	266	236	333	367	49	51	54	219	60	403
198	258	67	327	40	359	204	386	143	50	259	52	57	218
199	1	98	321	261	166	71	393	268	78	280	334	86	247	88	95
200	97	419	228	102	296	107	335	85	343	344	90	282	94
201	1	130	132	262	136	169	139	396	240	255
202	1	3	5	6	7	299	436	149	156	351
203	256	194	291	36	422	301	302	365	306	19	22	23	24	250	31
204	257	386	259	196	37	198	39	40	327	366	50	211	52	462	452	218	251
205	225	385	372	330	267	45	46	404	212	56	217	58
206	101	102	296	107	238	111	114	183	345	335	414
207	1	103	104	297	208	113	121	346
208	1	323	207	176	113	182	121	122	346
209	192	288	134	364	271	177	435	148	249	348	126	127
210	128	131	324	137	138	397	349	240	148	214	249	493	221	394	255
211	257	37	39	339	204	366	16	18	243	26	251	28
212	225	66	226	234	267	205	46	237	340	373	55	56	404	329
213	227	165	166	174	79	304	310	246	87	303	319
214	1	137	138	364	240	177	210	148	349
215	34	35	195	402	234	267	162	46	45	146	179	278	503	370	314
216	1	273	41	170	43	302	367	49	371	54
217	162	163	358	360	330	205	45	432	372	53	58
218	289	258	196	198	423	171	204	386	143	50	51	418	316	61	62
219	64	65	260	197	71	268	236	333	273	403	412
220	101	231	296	105	426	295	238	111	144	361	153
221	128	417	131	132	394	210	275	502	248	324	347	255	124	125	191
222	1	133	135	168	175	312	276	184
223	352	353	2	4	5	8	9	407	141	178	149	233	442	350	229
224	32	1	35	292	42	46	431	278	55	234
225	385	66	69	330	205	237	368	212	373	56	404	58	252
226	66	164	486	72	329	235	340	381	81	212	341	55	392	68	253	318
227	310	342	165	76	269	143	400	383	180	213	246	87	79	158	319
228	320	97	387	102	200	298	107	335	433	274	85	344	284	181
229	352	353	290	355	5	471	7	9	299	399	16	18	151	233	223
230	470	232	106	331	108	413	254	115	117	246	119	362	158
231	416	336	105	439	361	238	144	145	275	116	118	345	153	347	220	125	191
232	147	470	230	401	362	331	305	115	117	406	119	313	154	377	126	127
233	353	356	229	8	9	458	242	421	15	16	18	471	399	223
234	224	35	292	329	55	46	431	402	212	278	215	267
235	1	226	68	42	173	341	55	292	381	63
236	65	197	289	328	73	268	333	51	309	374	219	60	437
237	320	225	66	69	373	72	425	77	212	181	446	340	282	252	318	85
238	101	231	296	361	426	439	206	111	414	183	153	220	345
239	420	169	394	140	337	275	441	123	124	285	286	255
240	1	131	132	201	139	396	397	210	214	137	349	255
241	354	389	6	12	398	272	17	277	151	186	156	351
242	480	353	356	325	8	233	458	15	16	495	21	409	185	26	379	421
243	290	265	339	366	399	369	18	211	20	28
244	96	1	164	104	297	173	253	392	341	93
245	180	294	295	75	144	84	405	375	283	89	91	189	382
246	448	400	227	230	106	269	79	304	515	499	213	310	87	413	283	362	158
247	321	98	100	166	199	456	363	322	109	174	270	334	110	311	376	500
248	128	417	347	324	331	332	125	377	249	474	127	221	191
249	128	288	324	364	332	209	210	435	148	248	349	127
250	384	161	291	36	326	170	203	365	302	23	444	29	31
251	37	38	327	40	380	204	366	369	211	28	445	357
252	225	69	294	425	77	237	80	368	498	373	504	58	188	282	453
253	96	226	164	392	297	81	274	244	181	92	318	341
254	336	230	457	331	108	144	145	119	283	413	158	191
255	131	132	201	394	396	397	239	240	337	210	275	169	124	221
256	1	36	203	301	302	365	19	22	159
257	386	411	196	39	307	423	204	366	211	281	26	27	452
258	289	386	259	484	198	424	172	418	143	309	218	383	61	62	319
259	258	67	452	390	198	327	359	204	386	462	143	180	57
260	64	1	261	71	74	268	273	152	219	412
261	1	260	438	199	393	74	71	268	321	86	280	412
262	1	130	323	136	169	140	176	337	478	201	440	396	286
263	507	325	422	8	10	300	13	264	178	150	409	185	443	338
264	160	194	422	263	10	300	13	301	306	409	185	378	507
265	512	33	290	315	308	380	429	430	369	272	17	243	20	25	187	28	30
266	161	197	326	328	170	171	44	367	49	51	371
267	385	162	402	329	234	45	46	205	482	370	404	212	526	215	372	461	463	476
268	65	260	261	199	73	438	71	236	333	78	321	374	219	412
269	227	342	488	79	400	180	246	375	283	91	158
270	322	388	456	363	109	110	175	304	305	434	415	174	247	501	154	155	190	287
271	192	1	134	193	177	364	209	348
272	290	355	518	241	265	459	354	398	429	17	20	151	186	315	475
273	64	1	260	197	412	367	49	403	54	152	219	216
274	96	97	387	228	103	392	284	522	427	320	181	297	92	253	318
275	416	441	347	231	394	125	285	502	183	153	239	124	221	345	255
276	192	1	395	193	129	135	312	184	348	222
277	1	389	6	11	12	398	241	146	179	186	314	517
278	32	1	35	234	503	224	402	431	146	215	314
279	321	165	166	391	73	172	78	303	83	309	374	510	447
280	1	98	261	199	393	167	334	86
281	160	257	450	379	196	378	306	307	185	26	27	411	29
282	320	514	419	294	200	425	77	237	80	498	85	343	344	90	252	94
283	336	295	488	361	567	108	269	144	254	400	499	245	246	375	506	91	413	158
284	97	387	228	103	298	107	428	433	112	113	274	182	536	346	449	427
285	441	420	335	239	114	275	345	183	153	123	124	286
286	323	420	262	440	428	298	140	239	176	337	114	182	120	123	285	478
287	1	322	388	168	270	175	312	155	190
288	192	332	377	209	466	435	406	313	249	348	126	127
289	258	497	328	316	171	236	418	424	51	309	218	60	62	437
290	355	229	265	459	429	467	399	272	369	18	243	20	151
291	384	161	450	326	203	460	365	541	306	307	23	250	444	29
292	224	1	329	42	235	381	55	477	431	234
293	464	357	38	327	40	359	142	317	48	360	531	462	57	358	543	157	520
294	368	454	295	360	188	75	80	498	245	343	504	282	252	189	405
295	144	375	101	294	296	361	426	75	454	80	505	245	343	89	283	220	189	405
296	419	101	102	295	200	426	455	206	335	238	414	343	89	220	94
297	96	1	103	104	427	207	392	274	244	346	253
298	228	433	524	107	428	335	112	344	114	182	120	420	284	286
299	352	355	5	7	202	471	436	149	151	408	351	156	229
300	1	194	422	263	264	10	301	14	338	19	150	443	159
301	256	1	194	422	264	203	300	365	19	159
302	256	1	36	326	41	170	203	365	371	22	216	250	444
303	448	491	100	166	391	489	87	174	304	465	213	310	279	376	447	574	319
304	448	491	310	106	363	174	303	270	115	213	246	87	376	154	362	415
305	192	388	401	232	395	492	466	270	175	312	434	147	406	184	313	154	126	415
306	160	194	291	422	519	264	203	460	365	450	307	23	281	378	29
307	384	161	450	291	196	257	423	306	481	472	281	411	316	29
308	33	162	163	358	265	468	476	142	432	195	372	430	315	187	380
309	289	258	391	424	73	172	437	528	236	374	279	510	60	62	319
310	448	400	227	303	304	465	515	213	246	319
311	1	98	167	456	322	110	500	334	247	190
312	1	388	168	395	492	175	305	434	276	184	222	287
313	192	288	232	395	305	466	406	377	348	126
314	1	517	503	370	146	179	277	278	215	410	571
315	33	162	195	518	265	554	459	429	398	461	272	17	508	308	430	186	476	410
316	384	161	418	196	423	326	289	328	171	497	50	307	218	481
317	513	293	359	360	189	464	180	57	543	157	382	485
318	320	226	387	594	486	72	522	392	237	81	274	340	181	253	446	469
319	258	227	165	166	391	424	489	172	143	400	465	383	213	310	303	309
320	387	228	425	469	533	237	274	85	446	344	282	490	318	181
321	523	438	261	166	199	393	279	268	78	559	334	374	247	376	447
322	1	363	388	456	311	270	110	247	155	190	287
323	1	262	449	208	176	440	182	120	122	346	286
324	128	417	364	394	332	493	494	349	210	248	249	221
325	409	353	421	263	8	242	338	178	407	185	443
326	384	161	291	555	481	328	444	266	171	302	497	371	250	316	170
327	259	452	38	198	357	40	359	204	366	462	251	380	445	293
328	289	555	197	326	266	171	236	333	367	496	497	51	596	437	371	509	316	403	565
329	226	292	234	267	431	402	404	212	55	340	477	463	381
330	225	483	464	358	385	360	205	368	432	372	217	58	188
331	545	470	230	232	457	336	511	406	119	248	377	474	191	413	254	127
332	288	417	547	324	364	494	435	377	248	249	474	127
333	197	328	236	268	403	437	374	219	412	509
334	1	98	523	311	199	393	167	321	559	376	500	247	280
335	419	228	102	455	200	524	298	107	428	206	560	296	114	420	183	344	345	285	414
336	416	347	231	361	331	525	144	145	499	457	283	413	254	191
337	420	262	169	394	140	516	239	478	441	396	286	255
338	1	325	263	300	141	178	150	407	443
339	451	356	243	572	587	366	399	369	18	211	467	26	379	540
340	66	521	581	486	72	329	226	237	594	212	373	446	404	477	381	318
341	1	226	164	486	392	235	173	381	244	68	253
342	227	390	359	488	487	269	143	400	180	375	473	383
343	514	419	454	294	295	200	426	455	80	296	498	534	505	89	282	94
344	320	387	228	200	425	298	524	335	433	419	85	535	282	490	469
345	416	441	546	420	231	537	439	238	335	560	275	206	183	153	602	285	414
346	1	323	103	297	427	207	208	113	449	182	284
347	416	417	231	457	125	336	275	502	248	153	474	221	191
348	192	1	193	364	395	288	271	209	466	435	276	313
349	1	324	364	397	494	493	240	210	148	214	249
350	1	2	353	141	149	407	442	479	223
351	576	1	354	389	6	202	299	241	436	408	538	156
352	353	229	585	299	436	149	471	408	442	5	223
353	352	548	229	325	8	233	458	471	242	421	178	407	568	442	479	350	223
354	576	355	389	398	272	241	151	408	538	475	156	351
355	539	290	459	229	471	553	299	354	399	272	467	151	408	475	156
356	421	233	458	242	399	16	18	339	495	26	379	540
357	38	358	327	520	556	142	531	462	251	380	293
358	464	163	293	360	330	468	589	142	432	520	579	308	53	217	543	380	157	357
359	544	513	259	293	198	327	40	462	488	531	180	590	342	473	57	543	317	382	390
360	464	293	294	454	317	485	330	157	368	53	217	358	188	189	382	405
361	416	336	439	295	426	231	525	238	144	595	499	375	506	283	220	575
362	448	545	515	470	230	552	232	106	304	401	115	246	154	413	415
363	322	388	456	491	270	304	529	174	247	376	501	415
364	1	324	177	332	494	271	209	435	148	214	249	348	349
365	256	1	291	422	203	460	301	302	306	250	444
366	257	379	452	243	339	327	204	411	451	369	211	26	251	28	445
367	1	197	49	328	266	403	496	273	371	216
368	225	483	453	294	385	360	252	330	454	464	593	498	579	373	504	58	603	188
369	512	290	251	467	38	451	265	339	429	366	399	243	380	187	28	445	572
370	162	195	503	267	461	526	592	402	179	215	314	571	410
371	1	326	328	170	555	302	367	496	49	216	444	266
372	385	162	163	550	330	267	45	526	205	432	482	483	308	217	476
373	225	453	385	425	404	551	237	557	368	340	533	521	212	252	446
374	321	438	558	73	236	333	78	528	309	268	279	447	412	510	437
375	610	91	295	488	361	426	269	180	245	342	505	506	283	382	405
376	523	321	491	100	166	456	363	174	303	304	529	500	334	247	559	447
377	288	547	232	331	332	563	466	435	406	248	313	474	511	126	127
378	160	409	450	422	519	264	306	480	281	185	570	379
379	480	577	450	451	356	549	366	495	242	339	281	185	26	411	540	378
380	512	251	357	38	327	520	265	556	142	369	308	430	462	468	358	187	445	542
381	1	226	292	486	329	235	340	341	55	477
382	513	610	485	359	360	189	488	180	245	375	317	605	405
383	609	258	227	484	582	390	391	424	489	487	598	386	143	400	465	532	342	573	319
384	161	450	291	326	481	444	555	307	472	250	316	541
385	225	482	483	453	551	330	267	205	463	368	372	373	404
386	544	257	258	259	196	390	198	423	484	204	418	462	143	580	530	452	218	527	582	383
387	320	228	536	490	427	433	274	469	344	284	522	318
388	1	322	456	363	270	175	305	434	415	501	312	155	287
389	576	1	354	517	6	398	241	277	475	351
390	544	386	259	580	582	359	487	462	143	180	590	342	473	383
391	165	166	424	489	447	172	574	303	625	532	309	279	383	510	319
392	1	226	164	486	297	522	427	274	244	341	253	318
393	1	523	261	321	199	334	438	280
394	417	324	612	396	397	516	239	337	210	275	502	441	493	221	255
395	192	1	305	492	312	466	276	184	313	348
396	1	516	262	201	394	397	240	337	169	478	255
397	1	516	394	396	493	240	210	349	255
398	576	354	475	389	518	554	272	241	179	277	186	315	410	517
399	290	355	356	229	233	339	587	467	495	369	18	243	471	569	553	540	458
400	227	342	246	601	487	488	599	269	499	515	465	383	310	567	473	283	573	319
401	470	232	362	492	562	305	434	406	154	415
402	608	503	329	234	267	526	431	370	278	215	463	637
403	1	197	328	333	367	496	273	219	412	509
404	225	581	385	329	267	205	551	463	340	373	521	212	477
405	513	610	454	294	295	360	605	245	566	375	505	189	382	485
406	288	401	232	331	492	305	466	563	470	313	631	377	511
407	1	548	325	353	421	338	141	178	479	443	350	223
408	352	539	354	355	585	299	436	471	538	475	156	351
409	480	507	325	422	263	264	586	519	495	242	185	378	443	636	570	421
410	571	195	517	554	461	398	592	370	179	186	315	314
411	481	257	450	451	452	549	423	588	653	366	307	472	281	26	379
412	1	260	261	438	268	333	558	273	403	437	374	219	509	597
413	545	515	470	230	457	362	331	336	499	643	254	246	617	283	158	511
414	546	611	420	455	296	426	524	238	335	560	206	439	345	602	575
415	448	491	388	401	552	362	363	562	270	619	304	305	434	529	501	470	154	618
416	441	457	537	231	361	583	525	336	275	502	439	345	474	347
417	547	324	584	394	332	493	494	502	248	474	347	221
418	289	258	484	423	424	386	527	497	578	218	316	634
419	514	455	200	425	490	535	524	600	335	296	343	344	615	282
420	546	561	524	298	428	335	560	337	114	478	414	441	440	345	239	606	285	286	607
421	353	507	356	325	620	233	458	548	495	242	407	409	443	586
422	1	194	507	263	264	460	203	300	301	519	365	306	409	378	443
423	653	257	386	196	481	588	418	527	497	530	307	578	452	218	411	316	634
424	289	258	484	391	437	172	418	528	497	532	309	319	638	510	383
425	320	514	419	453	600	604	490	237	504	498	373	344	282	252	446	533
426	439	455	295	296	361	375	525	238	595	534	343	505	506	220	414	575
427	1	387	103	392	297	522	274	536	346	449	284
428	449	420	561	298	524	335	433	182	440	284	286
429	512	290	265	459	621	430	272	369	467	628	622	315	508
430	512	641	476	265	429	564	628	468	308	315	380	508	542
431	224	1	292	329	234	526	463	402	278	503	608	477	637
432	163	550	358	372	330	468	589	464	579	483	308	217	476
433	449	387	228	561	616	524	298	428	536	469	535	344	284	490
434	1	388	401	492	270	175	305	562	501	312	415
435	288	1	547	364	332	494	209	466	563	377	249	348
436	352	1	585	202	299	149	471	408	442	538	351
437	289	497	328	236	333	558	528	424	596	309	374	412	509	597
438	1	261	321	393	523	268	558	374	412	447
439	416	546	231	361	426	525	238	537	345	602	414	575
440	1	323	420	262	449	428	561	478	182	286
441	416	546	420	394	612	516	239	337	275	502	537	345	285	478	607
442	352	1	353	585	436	149	471	568	633	479	350	223
443	1	548	325	422	263	300	338	407	409	507	421
444	384	1	291	326	555	460	365	302	371	250	541
445	512	451	452	327	572	647	556	366	623	369	467	659	462	251	380	542	671
446	320	486	425	522	533	237	656	594	340	373	521	318	469
447	321	523	438	166	391	665	491	558	303	625	574	374	279	376	657	559	510
448	515	246	552	362	491	630	303	304	465	310	574	415
449	1	323	536	561	427	428	433	182	440	346	284
450	384	480	291	549	519	460	591	570	306	307	472	281	378	379	411	541	645
451	577	411	452	549	467	572	588	366	623	369	339	379	540	445
452	588	257	386	259	685	327	647	556	423	204	653	366	623	530	451	462	411	445
453	604	385	483	425	557	368	373	521	504	252	533
454	464	485	294	295	360	368	498	405	566	343	504	505	603
455	514	419	615	296	426	524	335	560	611	534	343	414	575
456	1	322	388	363	270	529	500	501	311	376	247
457	416	651	583	617	331	525	336	626	499	511	474	347	413	254	191
458	353	356	421	633	233	620	399	242	471	568	548	569	495
459	539	627	290	355	613	518	429	621	272	467	628	315	508	475
460	1	450	291	422	519	365	591	306	444	541
461	162	195	644	508	554	267	652	526	592	370	660	410	315	476
462	544	386	259	452	357	390	359	556	327	204	685	530	531	380	445	293
463	608	385	482	581	614	551	329	267	526	431	402	404	477
464	432	603	483	293	358	360	454	330	368	593	579	629	543	317	485
465	448	609	515	630	489	303	400	310	666	319	573	574	383
466	288	1	395	492	563	305	435	406	313	377	348
467	512	290	355	553	459	429	451	399	369	339	622	587	569	539	572	445	621
468	358	520	476	589	142	432	308	430	564	380	542	661
469	320	640	387	536	490	433	318	344	522	446	533
470	545	619	230	552	232	362	331	492	401	562	563	406	631	511	413	415
471	352	353	355	229	585	633	233	458	299	399	568	436	553	408	569	442	539
472	384	481	450	549	588	591	307	411	541	645
473	624	390	487	488	359	590	400	342	599
474	416	417	547	583	584	457	331	332	632	563	502	511	248	377	347	669	191
475	576	354	355	389	518	459	674	398	272	408	538	539	613
476	162	550	679	648	652	267	468	461	430	564	432	482	660	308	526	372	315	508	589
477	608	1	292	581	486	329	431	340	404	463	381
478	1	420	262	561	396	516	337	606	440	441	286	607
479	1	548	353	407	568	442	350
480	450	591	549	636	495	242	409	185	378	379	540	570	670
481	384	578	645	326	423	555	588	653	646	497	307	472	411	316	541
482	385	483	614	550	551	648	267	526	463	372	476
483	385	482	579	453	550	551	330	614	557	368	593	432	372	693	504	692	464	639
484	258	580	582	424	418	386	527	497	532	598	634	655	701	638	383
485	513	454	360	649	686	629	464	405	566	603	317	382	543
486	1	226	581	392	522	477	594	340	341	446	381	318
487	609	582	390	598	590	400	342	599	473	635	573	624	383
488	513	610	624	359	599	567	269	590	400	180	342	375	473	506	283	605	382
489	609	391	303	465	532	598	625	689	666	319	574	383
490	320	640	387	536	600	425	616	433	419	469	535	344	533
491	448	667	552	618	363	303	304	529	500	630	376	559	447	650	574	415
492	1	470	305	395	466	563	401	434	562	406	631	312
493	1	324	417	584	394	397	494	612	210	502	516	349
494	1	547	324	417	584	364	332	493	435	349
495	480	356	421	678	633	636	458	620	399	242	569	409	379	540	586
496	1	328	555	403	367	371	596	565	509
497	289	418	484	326	423	328	555	578	654	655	528	424	481	532	437	680	596	634	316	638	565
498	672	673	514	454	294	600	425	664	566	368	593	534	343	504	505	282	603	252
499	400	695	515	651	617	361	682	567	525	336	626	595	643	246	457	601	506	283	413
500	1	491	456	650	247	334	559	529	311	376	667
501	1	388	456	618	363	562	270	529	434	415
502	416	417	516	583	584	394	683	493	612	275	537	632	441	474	347	221
503	1	370	526	431	592	402	691	278	215	314	571	637
504	604	672	483	453	294	454	425	557	368	593	498	663	600	603	252	639
505	673	610	566	454	295	426	343	642	498	595	405	534	375	664	506	605	575
506	610	488	361	426	567	595	499	375	505	283
507	1	548	421	422	263	264	586	519	409	570	443
508	641	644	518	554	459	461	430	429	660	627	564	628	315	476
509	1	328	333	496	403	596	437	412	597
510	662	391	424	711	558	528	625	532	309	374	279	657	638	447
511	545	547	406	583	457	331	669	626	563	470	617	631	377	474	413
512	641	659	265	429	430	369	467	628	622	380	445	542	572
513	485	359	488	649	590	605	624	405	566	686	317	382	543
514	419	455	425	615	664	498	534	343	600	282
515	448	545	643	246	552	362	630	573	400	465	499	310	695	601	413
516	1	612	394	396	397	493	337	502	441	478	607
517	576	1	389	518	554	684	398	179	277	314	571	410
518	576	475	644	517	554	459	684	398	272	627	315	508	613
519	1	450	422	460	591	306	409	378	507	570
520	671	293	358	556	589	531	468	661	696	698	543	380	542	357
521	453	551	681	557	581	656	594	404	533	340	639	604	446	373
522	640	1	387	486	392	427	533	594	656	274	446	536	318	469
523	1	321	393	334	559	657	558	438	376	665	447
524	675	419	420	455	616	668	298	615	428	335	560	433	611	561	723	535	344	606	414
525	416	651	694	583	361	426	439	626	336	595	499	658	457	537	602	575
526	608	482	614	648	267	652	461	402	431	592	370	691	372	503	463	476	637
527	386	580	423	418	653	530	484	634	655	700
528	662	597	424	680	558	497	596	309	374	638	510	437
529	1	491	456	618	363	500	501	376	650	415
530	544	685	386	452	423	647	653	462	527	580	700
531	544	357	293	359	520	649	556	685	462	590	698	699	543
532	484	391	424	489	655	497	638	598	625	689	510	383
533	320	640	453	425	490	656	594	469	521	600	604	522	446	373
534	514	611	676	455	426	615	642	498	343	664	505	702	575
535	640	419	615	600	616	490	524	433	675	344
536	640	1	387	449	616	490	427	433	561	469	284	522
537	416	546	683	612	583	439	525	687	658	724	502	441	345	602	607
538	576	1	354	539	585	674	436	408	475	351
539	674	355	613	585	553	459	621	710	467	471	408	538	475	677
540	480	577	706	451	356	549	678	636	587	399	339	495	569	379	572	670
541	384	1	450	291	645	646	481	555	460	591	472	444
542	512	641	520	556	430	659	468	661	564	380	445	671
543	513	579	708	485	358	359	520	649	589	590	464	531	629	696	698	317	293
544	386	580	390	359	649	685	462	530	531	590	738	699	700
545	713	515	552	617	362	331	619	690	643	470	631	413	511
546	441	420	439	687	560	606	537	345	602	668	414	607
547	1	417	584	332	494	563	435	632	377	474	669	511
548	1	507	421	353	458	620	407	568	443	586	479
549	480	577	450	411	645	623	588	591	451	472	697	379	540	670
550	704	482	483	614	679	648	589	432	579	372	692	476
551	385	482	483	581	614	521	557	463	404	373	681	639
552	448	545	515	630	650	362	491	619	690	643	470	709	618	415
553	355	677	710	633	585	621	399	467	471	569	539
554	571	644	517	518	714	684	461	398	592	410	315	508
555	384	1	578	646	326	481	328	654	496	497	371	565	444	541
556	452	357	647	520	685	462	531	696	698	380	445	542	671
557	483	453	551	521	373	504	604	639
558	1	438	662	523	597	528	657	437	374	412	510	447
559	1	523	321	491	334	500	376	665	667	574	447
560	546	611	420	455	524	335	606	345	602	719	668	414
561	1	420	536	449	616	524	428	433	606	440	478
562	1	618	619	492	401	434	501	470	631	415
563	1	547	406	492	466	435	470	631	377	474	669	511
564	641	679	508	589	430	688	468	661	660	476	542
565	1	328	555	654	496	497	596
566	513	642	485	454	673	686	498	405	505	603	605
567	610	727	488	682	695	718	499	400	595	599	601	506	283
568	1	548	353	458	620	471	633	442	479
569	705	677	678	553	458	587	621	622	495	710	467	471	633	399	540
570	480	1	450	519	586	591	409	378	507	636
571	1	517	714	554	684	592	370	691	503	314	410
572	512	577	706	451	715	705	744	587	467	623	369	339	659	622	540	445
573	609	515	487	695	400	465	630	599	601	666	734	383
574	448	667	391	489	650	491	303	465	722	630	625	665	666	559	733	447
575	642	611	676	694	455	361	426	525	658	595	534	439	505	602	414
576	1	354	389	518	684	517	674	398	613	538	475	351
577	636	706	451	549	715	540	587	623	379	572	670
578	481	418	707	646	423	555	653	654	497	634
579	704	432	483	708	550	358	716	589	368	593	464	629	693	692	603	543
580	544	386	699	484	582	390	738	590	527	530	655	700	701	731
581	608	1	614	486	551	521	463	594	404	681	340	477
582	386	731	580	390	487	590	598	484	635	701	383
583	416	683	457	651	525	658	728	626	502	632	537	474	669	511
584	1	547	612	417	683	493	494	502	632	474
585	352	1	674	677	553	436	471	408	633	442	539	538
586	1	548	421	620	495	409	570	507	636
587	577	706	678	705	572	715	467	399	339	622	569	540
588	481	451	452	549	646	423	647	653	623	472	697	411	645
589	704	688	579	708	550	358	679	520	432	468	661	696	564	703	476	543
590	544	513	738	731	580	582	390	487	488	649	359	686	624	531	745	473	635	543
591	480	1	450	549	519	460	472	570	636	541	670	645
592	644	554	652	461	526	370	691	660	503	410	571	714
593	672	464	483	368	498	579	693	663	504	603	720	639
594	1	581	486	521	522	656	340	318	681	446	533
595	610	694	712	361	426	651	525	718	499	642	567	505	506	682	575
596	1	328	680	597	496	497	437	528	509	654	565
597	1	680	558	528	596	437	662	412	509
598	609	484	582	487	489	655	689	532	635	701	638	383
599	609	610	747	601	487	488	727	400	734	567	473	635	732	573	624
600	640	672	514	419	740	615	425	490	663	717	759	656	664	498	533	535	504	604
601	515	567	695	727	400	499	599	573	734
602	546	611	676	439	525	687	560	658	724	537	345	719	668	414	575
603	672	464	579	485	454	673	750	686	726	368	593	498	629	566	504	725	720	693
604	740	453	425	663	557	681	717	656	600	533	521	504	730	639
605	513	610	741	750	673	488	642	686	624	712	405	566	505	732	382
606	1	546	675	420	616	524	560	561	668	478	607
607	1	546	420	516	687	612	606	441	537	668	478
608	1	581	614	681	526	463	721	402	431	477	637
609	487	489	746	465	598	599	689	666	635	573	734	383
610	642	727	488	599	567	718	624	712	595	405	375	505	506	732	605	382
611	676	455	615	524	719	560	754	723	534	664	602	668	414	575
612	1	516	584	394	683	493	687	502	537	441	607
613	576	736	674	475	710	518	459	684	621	627	539
614	608	482	483	581	550	551	648	681	526	463	721	692	730	637	639
615	640	514	419	455	524	717	723	664	611	675	534	535	600
616	640	1	675	561	490	524	433	535	536	606
617	713	545	643	457	682	651	669	626	499	631	735	413	511
618	1	619	709	552	650	491	690	529	562	501	415
619	1	545	552	618	690	562	470	631	415
620	1	548	421	678	458	495	568	633	636	586
621	627	705	613	710	743	553	459	429	622	467	628	569	539	736
622	512	641	659	705	744	587	743	429	621	467	628	569	572
623	577	451	452	549	647	715	588	659	758	755	697	572	445	670	671
624	513	610	487	488	745	747	590	686	599	473	635	732	605
625	768	391	489	711	733	657	532	510	689	665	666	638	574	447
626	583	457	651	525	499	617	728	735	669	511
627	736	644	613	518	459	684	621	742	628	508
628	512	641	644	742	743	459	429	430	621	627	756	622	508	736
629	579	708	485	649	716	686	464	739	725	603	543
630	448	515	709	552	650	491	465	722	643	695	760	666	573	574
631	1	406	545	617	619	492	690	562	563	470	713	735	669	511
632	1	547	583	584	683	502	474	669
633	1	677	585	553	458	620	495	471	568	569	442	678
634	653	418	707	484	423	680	748	578	654	527	497	655
635	609	582	487	745	746	747	590	624	689	598	599	731	701	734
636	480	1	706	678	577	586	620	495	409	570	591	540	670
637	608	1	614	737	648	652	526	431	721	402	691	503
638	768	484	662	625	424	777	680	749	711	655	528	497	532	598	689	753	701	510
639	483	614	551	521	557	681	593	692	693	663	504	730	604
640	1	675	615	616	490	717	656	600	469	535	536	522	533
641	512	757	644	743	744	756	622	688	660	659	564	430	628	508	542	661
642	741	673	610	676	534	712	694	595	566	664	505	605	702	575
643	713	545	515	709	552	617	682	782	690	499	630	695	760	761	413	735
644	641	742	518	554	684	461	751	592	627	628	756	660	508	714
645	1	450	549	646	481	588	591	472	697	541	670
646	1	578	707	645	481	555	588	653	654	729	697	541
647	685	452	556	715	588	653	623	530	755	729	697	445	671
648	704	737	482	550	614	679	764	652	526	721	692	762	476	637
649	544	513	738	739	708	485	745	590	531	629	698	699	686	543
650	1	709	552	618	491	529	722	500	630	667	574
651	769	772	694	583	457	682	525	499	626	595	658	617	728	735
652	737	679	648	764	461	526	592	752	691	660	476	637
653	481	578	707	452	748	646	423	700	647	588	685	527	530	755	729	697	634	411	655	765	766
654	1	578	707	646	680	555	748	497	596	565	634
655	580	753	680	777	748	653	527	497	532	766	598	484	634	700	701	638
656	640	1	740	521	522	717	594	533	681	600	730	604	446
657	1	711	523	558	625	662	665	733	510	447
658	683	676	583	651	772	525	719	754	724	694	728	537	602	763	575
659	512	641	744	715	622	623	757	661	758	572	445	542	671
660	641	644	679	476	714	652	461	751	592	691	564	756	688	508	752
661	641	770	771	520	589	783	688	659	564	757	696	468	703	542	671
662	1	711	680	749	558	528	657	510	638	597
663	672	740	600	720	593	693	504	730	767	604	639
664	672	673	514	611	676	726	774	615	759	642	717	498	723	534	754	600	505	702
665	1	657	523	559	625	722	667	733	574	447
666	609	625	489	746	775	793	733	465	722	734	630	695	760	689	573	574
667	1	650	491	559	722	500	665	574
668	1	546	611	524	687	560	675	723	602	719	606	607
669	1	547	583	617	683	728	626	563	631	632	474	735	511
670	480	1	706	549	577	636	715	591	697	623	540	645
671	770	773	647	520	779	556	685	623	659	661	758	755	696	698	445	542	757
672	673	740	774	600	664	759	717	720	593	498	726	663	504	603	702	767
673	672	642	726	686	498	750	566	664	505	603	605	702	741
674	576	1	475	613	710	585	684	538	539	736	677
675	640	1	615	616	524	717	723	535	668	606
676	642	611	694	754	719	658	534	664	602	763	702	575
677	1	674	553	678	705	585	710	569	633	539
678	1	706	677	705	636	587	620	495	633	569	540
679	704	752	771	550	648	764	652	589	688	564	756	660	476	703
680	1	753	748	749	654	655	528	497	596	597	662	634	638
681	608	1	581	614	551	521	656	721	594	730	604	639
682	769	643	617	651	695	718	499	786	595	782	694	567	735
683	1	612	583	584	687	728	658	724	502	632	537	669
684	576	1	674	644	517	518	554	751	742	736	627	571	714	613
685	544	452	647	779	556	653	462	784	530	531	755	698	699	700	765	671
686	513	739	485	750	673	649	590	624	629	566	745	603	732	605	725
687	1	546	612	683	719	724	537	602	668	607
688	641	770	771	679	756	589	757	660	661	564	703
689	768	609	775	489	746	733	625	532	598	791	666	635	785	701	638
690	1	643	709	545	552	713	618	619	631
691	1	737	714	652	526	592	752	660	503	571	637
692	704	579	550	614	648	716	776	721	483	693	730	767	764	762	639
693	579	776	780	716	720	593	483	692	725	663	730	603	767	639
694	769	642	795	676	712	682	651	525	718	781	658	595	772	754	786	763	702	575
695	515	761	682	727	793	718	499	643	782	630	567	760	601	666	573	734
696	704	770	708	773	520	778	779	556	589	783	661	698	543	703	671
697	1	645	646	647	715	588	653	623	755	729	670	549
698	801	738	699	708	773	520	649	779	556	685	784	531	790	739	696	543	671
699	544	801	738	580	649	685	784	531	787	698	700	765
700	544	685	738	699	580	731	777	748	653	655	765	530	787	527	701	766
701	768	731	580	582	753	777	746	655	689	798	598	791	484	635	700	638
702	672	673	642	676	694	774	712	781	726	754	789	534	664	794	741
703	704	771	679	589	783	688	661	696	764
704	579	708	550	679	648	716	589	783	776	692	696	788	764	703
705	1	706	715	677	678	743	744	587	621	622	710	569	572
706	1	715	678	577	636	587	705	540	670	572
707	1	578	646	748	653	654	729	634	766
708	704	579	649	778	779	716	589	783	739	788	629	790	696	698	543
709	1	643	552	713	618	722	690	630	760	761	650
710	736	1	674	613	705	553	743	621	569	539	677
711	768	1	625	749	657	510	662	733	638
712	610	741	642	718	781	595	694	794	795	732	605	702
713	1	643	709	545	617	690	631	761	735
714	1	644	554	684	751	592	691	660	571	752
715	1	706	758	647	744	587	623	659	577	755	697	705	572	670
716	704	579	708	776	780	725	739	692	629	790	788	796	693
717	640	1	675	740	615	656	664	723	759	600	672	604
718	610	712	682	567	727	786	595	782	694	695	795	732	797
719	1	611	676	754	687	560	658	723	724	602	763	668
720	672	759	780	593	725	726	663	792	603	767	693
721	608	1	614	737	648	681	762	692	730	764	637
722	1	709	775	650	630	760	665	666	667	733	574
723	1	611	774	615	524	717	719	754	675	759	664	668
724	1	763	772	683	687	658	728	537	602	719
725	750	739	780	716	686	720	788	629	726	792	603	796	693
726	672	673	741	774	780	750	720	792	725	759	664	603	799	702	789
727	800	610	747	567	695	802	718	782	599	601	732	797	734
728	1	683	772	583	651	658	626	724	769	669	735
729	1	707	646	647	653	755	697	765	766
730	1	740	614	681	656	721	692	693	663	762	767	604	639
731	738	580	582	745	746	590	787	777	635	700	701	798
732	750	610	747	804	741	712	745	805	727	802	686	797	624	718	599	794	795	605	799
733	768	1	625	711	775	657	722	689	665	666	785	574
734	800	609	747	806	746	695	793	727	782	599	760	601	666	635	573
735	1	643	769	617	682	651	786	782	626	713	631	728	761	669
736	1	674	613	710	743	684	621	742	627	628
737	1	648	652	752	721	691	764	637
738	544	801	731	580	649	590	739	745	787	803	698	699	700	798
739	750	738	803	708	805	801	649	716	686	629	790	745	804	698	796	725
740	672	1	759	717	656	663	600	730	604	767
741	673	642	712	750	789	726	794	795	732	605	702	799
742	736	1	644	743	684	751	627	628	756
743	736	1	742	710	705	744	621	622	628	757	641	756
744	1	705	715	622	743	659	757	758	641	572
745	750	738	731	804	805	807	649	746	747	802	686	624	739	590	803	635	732	798
746	609	731	806	775	745	747	689	798	791	793	666	635	785	701	734
747	800	802	806	807	745	746	599	624	798	727	635	732	734
748	1	707	680	777	653	654	655	753	634	700	766
749	768	1	711	680	777	753	662	638
750	673	802	739	804	741	796	745	805	686	725	726	792	603	732	605	799
751	1	644	742	714	684	752	660	756
752	1	771	679	714	652	751	691	660	756	737	764
753	1	680	777	748	749	655	701	638
754	1	611	676	774	781	719	658	723	694	664	763	702
755	1	779	773	647	715	653	685	784	758	729	697	623	765	671
756	1	770	771	644	742	679	743	751	688	660	757	641	628	752
757	1	770	641	744	743	688	659	756	661	758	671
758	1	770	773	744	715	623	659	757	755	671
759	672	1	740	774	780	717	792	720	664	723	726	600	767
760	1	643	709	775	793	722	630	695	761	666	734
761	1	643	709	713	782	695	760	793	735
762	1	648	776	721	692	730	764	767
763	1	676	754	719	658	724	781	694	772
764	704	1	771	679	648	652	776	783	752	721	692	762	737	703
765	1	653	685	784	755	787	729	699	700	766
766	1	707	777	748	653	655	787	729	700	765
767	672	1	740	776	759	780	720	692	693	663	730	762
768	1	711	777	791	749	733	689	625	785	701	638
769	1	772	682	651	786	694	728	735
770	1	771	773	778	783	688	757	756	661	758	696	671
771	1	770	679	783	688	756	661	764	752	703
772	1	795	769	651	781	658	724	694	728	786	763
773	1	770	778	779	755	758	696	698	671
774	672	1	781	792	754	723	789	726	759	664	702
775	1	785	746	689	722	760	793	666	733
776	704	1	780	716	783	692	693	788	762	764	767
777	768	1	798	748	749	655	753	787	766	791	731	700	701	638
778	1	770	708	773	779	783	788	790	696
779	1	708	773	778	685	784	755	790	696	698	671
780	1	776	716	720	788	693	726	759	792	767	796	725
781	1	795	772	774	712	754	789	694	794	763	702
782	800	1	643	682	695	793	718	786	727	761	797	734	735
783	704	1	770	771	708	776	778	788	661	696	764	703
784	1	801	779	685	755	790	787	698	699	765
785	768	1	806	775	746	689	791	793	733
786	1	772	769	682	718	782	694	795	797	735
787	1	738	731	801	777	784	803	798	699	700	765	766
788	704	1	708	776	780	778	716	783	725	790	796
789	1	741	774	781	726	792	794	702	799
790	1	739	708	801	778	779	716	784	788	698	796
791	768	1	806	785	777	746	689	701	798
792	1	774	780	750	720	725	726	759	799	796	789
793	800	1	806	775	746	782	785	695	760	761	666	734
794	1	741	712	781	789	795	732	702	799
795	1	802	772	741	712	781	718	786	694	794	732	797	799
796	1	739	804	801	780	716	750	788	725	790	792	799
797	800	1	802	782	786	718	727	795	732
798	1	738	803	806	807	745	746	747	791	787	777	731	701
799	1	802	804	741	796	750	789	726	792	794	795	732
800	1	802	806	747	782	727	793	797	734
801	1	738	739	804	805	784	787	790	803	698	699	796
802	800	1	804	805	806	807	745	747	750	727	795	732	797	799
803	1	738	739	805	801	745	807	787	798
804	1	802	739	805	801	796	750	745	732	799
805	1	802	739	804	801	745	807	750	803	732
806	800	1	802	807	746	747	785	798	791	793	734
807	1	802	803	805	806	745	747	798
