1	387962.755611
2	197.927583747
3	131.188876603
4	96.4525856549
5	123.902667426
6	52.475550641
7	53.1682971841
8	46.4758707587
9	164.552044938
10	31.3962629719
11	85.9747941902
12	29.6891375621
13	131.95584599
14	112.756870366
15	193.313396951
16	159.826523876
17	203.667483676
18	247.854816748
19	175.326727778
20	17.986669173
21	89.6611954375
22	59.3906455982
23	63.3863086951
24	141.382147166
25	120.909012722
26	23.0090816106
27	42.5668009797
28	16.9970312543
29	177.899786367
30	13.8425603883
31	115.886600284
32	78.2556184241
33	80.3214875795
34	39.5978872234
35	45.2635643082
36	153.059874607
37	144.697434193
38	111.532193442
39	76.2516016387
40	85.8263485024
41	85.3067885951
42	159.381186813
43	116.814385833
44	82.226540573
45	81.2245321803
46	33.1899816996
47	103.57797867
48	245.430203847
49	9.80978586948
50	166.35813414
51	82.5234319486
52	53.1930381321
53	108.736466321
54	60.1452445112
55	165.405607643
56	224.190100016
57	478.05696712
58	223.423130629
59	12.4570673021
60	145.229364575
61	38.1258008193
62	87.4468805944
63	217.720342122
64	144.43765424
65	147.963239325
66	14.089969868
67	18.5062290804
68	55.6918738769
69	92.395070188
70	271.816424855
71	79.0596992331
72	81.1997912323
73	300.404590232
74	191.915533391
75	423.899032017
76	133.093929596
77	27.8459369385
78	47.1315058798
79	112.744499892
80	564.353393634
81	101.957446578
82	26.4728143262
83	461.022824443
84	88.2633318773
85	161.17490554
86	80.5194151632
87	54.9496454379
88	1009.44304759
89	23.1575272984
90	182.278934157
91	435.267497608
92	20.0277973804
93	36.5547506233
94	209.753756876
95	70.9075568775
96	139.798726496
97	291.411255646
98	411.565669455
99	177.590524517
100	146.355077707
101	184.542730896
102	107.474677975
103	51.2013918206
104	152.565055647
105	61.4688852275
106	107.697346507
107	107.016970437
108	195.144227101
109	27.3016360831
110	203.457185618
111	248.535192817
112	55.2960187094
113	60.7142863145
114	259.582026085
115	105.705700195
116	392.824401369
117	40.4143385064
118	102.885232127
119	186.423042942
120	74.3218076971
121	76.5856044362
122	120.005968121
123	34.8352547395
124	82.0533539372
125	29.2561709727
126	216.40907188
127	209.135233177
128	193.177321737
129	70.7219997677
130	89.4385269058
131	37.2969790624
132	13.6941147005
133	113.969176817
134	19.8174993227
135	44.0883692797
136	94.0650841759
137	32.3487894687
138	212.128887881
139	6.97694732709
140	166.939546417
141	24.8399117603
142	41.7256087487
143	111.680639129
144	64.5738741976
145	111.965160031
146	36.9134943689
147	91.1456523156
148	21.8091456342
149	144.153133338
150	71.8229719523
151	47.3418039376
152	131.745547932
153	21.7349227903
154	102.217226532
155	134.491793156
156	52.6611077508
157	57.2258126509
158	66.8871528326
159	116.802015359
160	139.773985548
161	93.990861332
162	219.476949428
163	133.972233249
164	87.706660548
165	56.0382471485
166	266.657937204
167	165.516941909
168	96.5639199207
169	119.127664468
170	548.655262148
171	299.019097146
172	162.906771898
173	189.92388708
174	141.011032946
175	265.952820186
176	248.584674713
177	146.280854863
178	171.491880843
179	76.1031559508
180	175.635989628
181	381.468306251
182	196.01016028
183	147.703459371
184	211.040286171
185	249.401125996
186	115.144371845
187	329.685502153
188	87.1128777968
189	170.55172482
190	139.910060761
191	161.595501656
192	314.309002991
193	406.951482658
194	125.387124304
195	110.963151638
196	179.371872771
197	426.682388663
198	157.513245241
199	156.845239646
200	66.4541862432
201	70.2519217563
202	305.563077884
203	206.859065964
204	245.962134228
205	272.447319028
206	147.258122308
207	156.746275854
208	132.772297273
209	165.949908498
210	81.3977188161
211	143.435645847
212	72.3796432816
213	122.33161723
214	237.092504381
215	218.524422931
216	219.365615162
217	244.452936402
218	278.372776067
219	289.023754167
220	257.862530201
221	156.399902582
222	110.703371685
223	211.522734656
224	175.648360102
225	181.57381714
226	211.609327974
227	109.775586136
228	308.494880218
229	608.404651491
230	289.283534121
231	298.462425817
232	174.881390715
233	315.23678854
234	226.020930165
235	181.536705718
236	179.730616517
237	191.767087703
238	153.183579346
239	228.532136384
240	270.369079399
241	312.638989003
242	272.434948554
243	296.681077563
244	247.780593904
245	213.081414378
246	255.994588629
247	95.1413154125
248	98.9019395037
249	208.269299998
250	145.724183534
251	178.938906182
252	89.8714934953
253	122.801695241
254	291.0525119
255	135.110316856
256	126.116982269
257	293.242085796
258	103.998574785
259	317.203693903
260	310.041189466
261	195.305043263
262	181.57381714
263	102.872861653
264	55.1352025476
265	249.685646897
266	87.2242120626
267	95.2155382564
268	150.536297914
269	159.084295437
270	70.7591111897
271	131.943475516
272	186.497265786
273	212.190740251
274	73.5424678361
275	173.199006253
276	88.8076327326
277	135.370096809
278	194.797853829
279	263.911691979
280	185.495257393
281	233.529807874
282	167.978666232
283	267.462018013
284	119.263739682
285	153.81447352
286	183.602574874
287	221.023258676
288	170.73728193
289	172.790780611
290	68.4829439766
291	167.459106324
292	102.934714023
293	153.344395508
294	99.0380147176
295	97.6772625793
296	236.721390162
297	134.887648324
298	231.971128152
299	148.792061082
300	76.3629359045
301	257.973864467
302	172.667075872
303	296.074924338
304	159.269852547
305	185.532368815
306	199.943971007
307	435.923132729
308	317.092359637
309	289.085606537
310	88.1643680854
311	190.134185137
312	187.165271381
313	158.19362131
314	338.24587015
315	280.549979488
316	240.494384727
317	174.176273698
318	214.26897988
319	186.967343797
320	72.9363146109
321	125.00363961
322	213.947347557
323	182.513973163
324	126.735505968
325	210.829988113
326	159.010072593
327	335.685182035
328	471.859359654
329	244.255008818
330	296.248110974
331	257.293488398
332	137.881303028
333	94.9928697247
334	550.956170309
335	240.704682785
336	253.025674873
337	165.059234371
338	223.596317265
339	169.079638416
340	201.032572717
341	144.932473199
342	252.679301601
343	373.650166693
344	163.339738487
345	228.915621078
346	260.682998269
347	183.008792122
348	158.094657518
349	226.577601495
350	245.788947592
351	252.246335012
352	143.052161153
353	130.681687169
354	255.103914502
355	101.054401977
356	127.539586777
357	272.150427653
358	146.02107491
359	110.369368887
360	71.8106014783
361	129.345675979
362	215.283358747
363	190.554781253
364	186.69519337
365	213.551492389
366	288.924790375
367	295.86462628
368	189.404327172
369	114.204215822
370	97.0711093541
371	166.011760868
372	168.943563202
373	334.237836579
374	64.5491332496
375	229.311476245
376	234.074108729
377	98.7534938159
378	443.815495131
379	226.676565287
380	297.262489841
381	132.92074296
382	172.902114877
383	315.360493279
384	237.080133907
385	247.533184424
386	227.18375472
387	192.670132304
388	205.114829132
389	127.316918245
390	325.689839056
391	212.821634424
392	217.893528758
393	182.155229417
394	256.77392849
395	124.224299749
396	117.667948538
397	308.061913629
398	177.367855986
399	215.456545383
400	207.242550657
401	269.292848162
402	201.366575515
403	288.120709566
404	288.813456109
405	282.009695418
406	205.288015768
407	183.887095775
408	297.151155575
409	111.841455291
410	133.774305665
411	144.06654002
412	74.5692171768
413	123.345996097
414	112.286792355
415	246.753844563
416	313.640997396
417	226.020930165
418	229.459921933
419	186.20037441
420	158.935849749
421	161.880022557
422	121.465684051
423	334.732655539
424	361.712659298
425	354.315115856
426	288.355748572
427	162.337730095
428	220.491328295
429	132.957854382
430	121.873909692
431	244.378713558
432	180.732624909
433	157.278206235
434	118.632845509
435	197.086391516
436	146.157150123
437	216.817297521
438	305.018777029
439	104.382059479
440	144.202615234
441	242.510771986
442	210.0753892
443	248.250671915
444	158.725551691
445	89.290081218
446	127.094249714
447	144.511877084
448	206.426099374
449	310.672083639
450	169.079638416
451	172.25885023
452	209.914573038
453	281.465394563
454	160.717198003
455	122.504803866
456	158.045175622
457	94.794942141
458	174.819538345
459	112.843463684
460	163.537666071
461	271.14841926
462	229.645479043
463	190.468187935
464	56.2609156802
465	124.793341553
466	79.3194791867
467	159.59148487
468	98.4318614923
469	141.060514842
470	153.492841196
471	271.371087792
472	320.061273393
473	136.174177618
474	127.354029667
475	175.252504934
476	120.698714664
477	186.126151566
478	126.512837436
479	171.454769421
480	190.344483195
481	250.8732124
482	150.981634977
483	151.699122468
484	108.365352102
485	88.5849642009
486	116.641199197
487	394.915011472
488	252.728783497
489	308.445398322
490	189.095065323
491	270.208263237
492	137.423595491
493	180.188324054
494	207.267291605
495	141.134737686
496	338.456168208
497	76.758791072
498	177.602894991
499	83.3646241796
500	151.971272896
501	303.163205931
502	97.170073146
503	116.035045972
504	158.737922165
505	192.113460975
506	328.015488165
507	239.78926771
508	233.45558503
509	189.589884282
510	251.083510457
511	262.353012257
512	208.467227582
513	186.732304792
514	201.230500301
515	185.037549856
516	102.773897861
517	152.602167069
518	125.016010084
519	173.458786207
520	243.636485119
521	293.501865749
522	322.832259566
523	188.315725462
524	139.427612276
525	72.4167547036
526	219.971768387
527	144.858250355
528	138.425603883
529	230.424818904
530	157.500874767
531	177.13281698
532	129.568344511
533	119.845151959
534	129.259082661
535	158.416289842
536	304.486846647
537	223.113868779
538	114.29080914
539	239.170744011
540	117.420539058
541	149.336361937
542	142.446007928
543	167.125103527
544	105.34695645
545	197.457505736
546	182.637677903
547	164.7128611
548	197.680174268
549	110.344627939
550	205.411720508
551	202.714957179
552	189.6764776
553	115.738154596
554	206.611656484
555	118.954477832
556	170.502242924
557	235.249303758
558	97.132961724
559	73.0847602987
560	83.9707774048
561	99.4338698851
562	111.173449696
563	130.397166268
564	274.760597663
565	226.948715714
566	318.552075567
567	138.351381039
568	253.582346202
569	184.592212792
570	105.124287918
571	171.491880843
572	218.722350515
573	193.164951263
574	169.772384959
575	135.642247237
576	111.544563916
577	147.901386955
578	249.240309834
579	199.424411099
580	179.198686135
581	244.836421095
582	200.055305273
583	156.288568316
584	126.52520791
585	188.674469207
586	66.5284090871
587	94.819683089
588	157.773025195
589	133.761935191
590	88.9808193684
591	153.950548733
592	182.254193209
593	177.330744564
594	121.651241161
595	191.222786848
596	177.479190251
597	136.471068994
598	264.220953829
599	243.005590946
600	169.364159318
601	112.200199037
602	106.460299108
603	161.818170187
604	136.619514682
605	148.495169706
606	224.486991391
607	163.512925123
608	229.694960939
609	301.814824267
610	162.337730095
611	134.405199838
612	102.18011511
613	126.018018477
614	267.771279862
615	254.856505023
616	216.569888042
617	98.4813433883
618	99.2977946712
619	401.557956001
620	181.326407661
621	151.587788202
622	131.70843651
623	256.180145739
624	204.867419652
625	123.754221738
626	64.2769828219
627	153.480470722
628	143.571721061
629	99.8049841046
630	189.540402386
631	122.294505808
632	189.057953901
633	118.533881717
634	189.985739449
635	201.935617318
636	108.761207269
637	251.504106573
638	177.887415893
639	209.246567443
640	145.365439788
641	106.287112472
642	90.2673486628
643	141.345035744
644	139.427612276
645	119.337962526
646	237.562582393
647	112.200199037
648	269.342330058
649	166.877694047
650	112.101235245
651	112.163087615
652	209.852720668
653	142.755269778
654	181.029516285
655	235.707011295
656	128.838486546
657	120.797678456
658	242.733440518
659	200.550124232
660	146.788044297
661	166.655025515
662	171.417657999
663	57.955670616
664	122.665620027
665	193.709252119
666	132.945483908
667	180.732624909
668	131.015689967
669	193.969032072
670	157.698802351
671	138.994645687
672	281.230355557
673	127.279806824
674	145.34069884
675	102.712045491
676	90.2054962928
677	196.826611563
678	185.04992033
679	89.0055603164
680	356.838692548
681	137.967896346
682	256.204886687
683	120.389452814
684	233.257657446
685	234.85344859
686	78.4782869558
687	187.029196167
688	139.675021756
689	100.806992497
690	101.277070509
691	76.795902494
692	178.147195847
693	129.494121667
694	178.22141869
695	66.4665567171
696	117.593725694
697	246.048727546
698	211.312436598
699	119.449296792
700	143.918094332
701	140.825475836
702	148.247760227
703	155.422635138
704	115.800006966
705	179.310020401
706	185.656073555
707	263.466354916
708	200.315085226
709	107.264379917
710	180.36151069
711	104.023315733
712	159.146147807
713	169.475493584
714	201.354205041
715	77.8350223086
716	199.931600533
717	258.678981484
718	80.3957104234
719	235.682270347
720	129.791013042
721	165.059234371
722	260.992260119
723	182.043895152
724	165.789092336
725	96.1680647532
726	87.8798471838
727	162.263507251
728	185.519998341
729	167.100362579
730	157.142131021
731	162.894401424
732	130.619834799
733	168.325039503
734	106.398446738
735	108.575650159
736	193.461842639
737	84.614042052
738	140.330656877
739	101.289440983
740	89.2158583741
741	60.2318378291
742	261.214928651
743	134.133049411
744	203.234517087
745	105.779923039
746	156.338050212
747	270.814416462
748	126.178834639
749	155.385523716
750	267.128015215
751	130.162127262
752	299.192283782
753	237.735769029
754	253.433900514
755	148.532281128
756	176.811184656
757	134.677350266
758	66.3428519773
759	190.864043102
760	160.135785726
761	206.376617479
762	110.455962205
763	127.403511563
764	198.842998822
765	125.362383356
766	326.704217923
767	253.916349
768	153.084615555
769	151.971272896
770	155.657674143
771	84.9109334276
772	299.58813895
773	95.53717058
774	124.224299749
775	185.309700283
776	105.359326923
777	71.8724538482
778	127.650921043
779	238.576961259
780	162.473805309
781	106.68296764
782	100.757510601
783	143.584091535
784	122.715101923
785	135.988620508
786	110.616778367
787	101.821371364
788	102.390413167
789	97.6648921053
790	182.093377048
791	125.102603402
792	152.973281289
793	147.023083302
794	186.942602849
795	131.64658414
796	100.757510601
797	179.594541303
798	188.266243566
799	68.3097573408
800	84.6511534739
801	297.979977332
802	176.637998021
803	206.438469848
804	170.935209514
805	141.419258587
806	152.874317497
807	127.069508766
808	170.48987245
809	101.87085326
810	200.970720347
811	150.845559763
812	156.585459692
813	142.507860298
814	100.868844867
815	101.49973904
816	118.954477832
817	174.139162276
818	192.088720027
819	101.190477191
820	164.947900105
821	151.092969243
822	88.4488889871
823	165.962278972
824	79.2205153949
825	127.007656396
826	236.993540589
827	65.5387711683
828	123.840815056
829	123.556294154
830	109.47869476
831	216.619369937
832	195.478229898
833	129.988940626
834	120.772937508
835	328.732975656
836	146.392189129
837	187.944611242
838	176.972000818
839	118.657586457
840	162.63462147
841	193.251544581
842	233.851440197
843	88.8571146286
844	226.206487275
845	151.872309104
846	88.6220756229
847	96.0072485914
848	138.586420045
849	112.200199037
850	196.653424927
851	138.190564878
852	175.586507732
853	169.562086902
854	132.648592533
855	279.312932089
856	145.167512205
857	133.687712347
858	127.490104881
859	235.645158925
860	68.7056125083
861	193.239174107
862	175.79680579
863	271.618497271
864	164.564415412
865	101.536850462
866	57.6464087664
867	174.052568958
868	176.464811385
869	266.818753365
870	99.2606832493
871	102.452265537
872	140.89969868
873	88.510741357
874	181.623299036
875	116.653569671
876	139.848208391
877	204.991124392
878	181.932560886
879	128.838486546
880	126.846840234
881	176.155549535
882	156.201974999
883	171.219730415
884	103.380051086
885	208.467227582
886	169.722903063
887	123.395477992
888	197.074021042
889	185.334441231
890	119.28848063
891	140.800734888
892	149.657994261
893	103.120271132
894	126.723135494
895	129.778642568
896	125.387124304
897	57.2752945469
898	150.350740804
899	154.556701959
900	111.136338274
901	127.168472558
902	195.144227101
903	103.528496774
904	107.759198876
905	124.409856859
906	128.66529991
907	222.272676548
908	171.009432358
909	180.732624909
910	116.703051567
911	141.691409015
912	219.180058052
913	109.169432911
914	89.2158583741
915	140.281174981
916	165.653017123
917	100.374025908
918	150.981634977
919	139.353389432
920	251.788627475
921	111.420859176
922	319.257192584
923	127.972553367
924	56.8423279574
925	115.206224215
926	182.167599891
927	141.975929917
928	151.67438152
929	190.183667033
930	204.694233017
931	182.118117996
932	140.145099767
933	132.401183053
934	138.178194404
935	174.176273698
936	61.4441442796
937	106.769560958
938	117.197870526
939	143.992317176
940	116.566976353
941	86.5562064675
942	81.7564625616
943	155.484487508
944	52.8837762825
945	102.18011511
946	105.915998253
947	169.673421167
948	125.300530986
949	212.425779257
950	168.560078509
951	121.144051727
952	151.921791
953	144.041799072
954	217.967751602
955	185.631332607
956	109.058098645
957	155.348412294
958	108.241647362
959	184.901474642
960	210.904210957
961	156.79575775
962	166.160206556
963	137.225667907
964	173.990716588
965	125.671645206
966	150.33837033
967	216.780186099
968	177.850304471
969	141.505851905
970	197.494617158
971	167.421994902
972	105.309845028
973	192.744355148
974	178.258530112
975	106.027332519
976	86.7665045252
977	67.3201194221
978	194.327775818
979	202.356213434
980	151.785715786
981	202.4675477
982	202.09643348
983	65.9964787057
984	142.656305986
985	126.995285922
986	111.173449696
987	213.05667343
988	96.8360703484
989	185.297329809
990	75.3238160898
991	74.6063285988
992	165.170568637
993	109.6023995
994	69.8931780108
995	82.3131338909
996	124.385115911
997	221.802598537
998	162.139802511
999	199.078037828
1000	155.08863234
1001	156.288568316
1002	147.691088897
1003	208.207447628
1004	208.776489431
1005	197.828619955
1006	113.486728331
1007	103.936722415
1008	134.330976995
1009	178.481198644
1010	139.637910334
1011	121.515165947
1012	216.916261313
1013	194.315405344
1014	170.61357719
1015	76.0907854769
1016	202.949996185
1017	194.166959656
1018	233.70299451
1019	264.715772788
1020	132.660963007
1021	114.426884354
1022	147.3570861
1023	67.5304174798
1024	119.325592052
1025	78.5648802737
1026	197.667803794
1027	122.45532197
1028	150.573409336
1029	110.987892586
1030	112.299162829
1031	172.790780611
1032	98.6421595501
1033	172.44440734
1034	91.2198751595
1035	152.713501335
1036	136.805071791
1037	236.709019688
1038	106.163407732
1039	146.825155719
1040	103.689312936
1041	197.135873412
1042	114.327920562
1043	78.0205794184
1044	84.4903373121
1045	91.0590589978
1046	172.865003455
1047	134.677350266
1048	107.388084657
1049	77.4639080891
1050	54.9743863858
1051	164.52730399
1052	144.833509407
1053	119.622483427
1054	103.775906254
1055	175.697841998
1056	92.9641119913
1057	82.6842481104
1058	124.348004489
1059	67.8767907513
1060	119.857522433
1061	105.334585976
1062	155.954565519
1063	179.347131823
1064	195.626675586
1065	135.110316856
1066	188.34046641
1067	211.250584228
1068	153.554693566
1069	121.255385993
1070	82.251281521
1071	211.337177546
1072	190.480558409
1073	80.5688970591
1074	64.5491332496
1075	108.130313096
1076	199.387299677
1077	61.6668128113
1078	145.860258748
1079	140.565695883
1080	162.931512846
1081	162.795437632
1082	105.34695645
1083	251.244326619
1084	145.884999696
1085	146.317966285
1086	139.81109697
1087	153.616545936
1088	133.823787561
1089	164.27989451
1090	151.426972041
1091	138.883311421
1092	144.37580187
1093	159.974969564
1094	78.7133259615
1095	119.078182572
1096	198.694553134
1097	190.864043102
1098	109.206544333
1099	142.569712668
1100	156.560718744
1101	186.670452422
1102	110.963151638
1103	175.920510529
1104	119.919374803
1105	102.402783641
1106	141.184219582
1107	153.134097451
1108	126.302539379
1109	122.653249553
1110	79.1586630249
1111	151.426972041
1112	91.4054322693
1113	203.011848555
1114	140.973921524
1115	98.4937138623
1116	186.856009531
1117	187.771424606
1118	118.001951335
1119	119.560631057
1120	175.512284888
1121	185.322070757
1122	152.861947023
1123	155.385523716
1124	168.114741445
1125	139.37813038
1126	144.116021916
1127	108.068460726
1128	99.1369785094
1129	104.122279525
1130	80.8657884348
1131	113.659914967
1132	92.0363264425
1133	131.287840394
1134	164.205671666
1135	94.0774546499
1136	172.914485351
1137	95.1784268345
1138	89.8220115993
1139	154.235069635
1140	65.9964787057
1141	180.435733534
1142	95.2279087304
1143	140.701771096
1144	186.992084745
1145	95.8959143256
1146	102.204856058
1147	97.2814074118
1148	155.632933195
1149	137.361743121
1150	99.6812793647
1151	171.194989467
1152	155.472117034
1153	88.0654042936
1154	138.586420045
1155	145.315957892
1156	106.25000105
1157	101.512109514
1158	127.774625783
1159	131.696066036
1160	146.750932875
1161	198.224475123
1162	173.297970045
1163	140.6522892
1164	110.233293673
1165	121.577018317
1166	184.55510137
1167	133.267116232
1168	168.696153723
1169	66.5407795611
1170	114.47636625
1171	107.783939824
1172	91.1827637376
1173	186.398301994
1174	128.677670384
1175	158.750292639
1176	102.328560797
1177	186.769416214
1178	92.3703292401
1179	83.822331717
1180	136.58240326
1181	166.061242764
1182	201.613984995
1183	133.601119029
1184	131.906364094
1185	128.034405737
1186	95.2402792044
1187	133.749564717
1188	95.6979867418
1189	133.205263862
1190	163.673741285
1191	165.380866695
