1	55.3601843591	56.1248914739	22.1523347265
2	60.5508348056	4.91944063153	2.98362141516
3	74.4254629061	6.87165175592	0.985410137253
4	52.1290264832	7.98587277706	0.77205073852
5	65.0067675131	10.3091097264	0.809502776747
6	45.3339773755	11.2831481086	1.5133755667
7	57.217069568	11.2505033524	2.74563544745
8	85.0805699665	13.6793812003	1.31442139858
9	37.488117336	15.7929528846	1.51159650248
10	51.471027426	14.9399415444	1.92423546751
11	60.4822037482	16.9043744665	1.22247434011
12	88.0368150773	17.6233991284	1.1104664221
13	81.4977884427	17.6114772427	1.30156472262
14	44.2853296528	18.9573532721	1.38917081501
15	75.5304754334	18.8930935274	0.75132837407
16	85.1037520962	21.3027689672	0.569603066848
17	89.5714949431	21.8949761661	1.51744601821
18	60.2740437599	21.4674905739	0.589537869063
19	67.1570659456	22.003402862	1.25763063173
20	78.0876000097	23.117857275	0.60585812357
21	49.4322041131	23.1134230412	2.31569591059
22	62.0663687342	25.5236032339	1.82552663833
23	86.0785141184	25.3035612603	1.08482178296
24	25.9114862936	26.8769932222	0.514645560113
25	55.1935106395	26.631088844	1.93989716368
26	47.2318920807	28.1207704364	2.11109050936
27	66.8002167232	27.9849756072	0.493614252013
28	41.7811662774	29.1038067201	2.06202761731
29	80.6728630175	29.4859650643	1.25354482096
30	50.8075599811	29.3073882833	1.94757877908
31	30.0471312785	30.1098373351	2.39797217555
32	61.7018160269	30.1651776532	0.485522147502
33	92.2618421725	32.2660687064	0.55011280403
34	78.7737655918	32.8393902003	1.97701672258
35	71.2391011022	32.9516550439	1.79484359331
36	34.4491397069	35.0841347699	2.50315739625
37	44.9542984569	34.4683402492	0.457630562894
38	65.7502572848	34.595657613	1.39405667427
39	83.8522868955	33.9201622566	0.433141018093
40	76.1303174897	34.5638171866	1.41608002113
41	54.5981654208	35.4807319674	2.41769568011
42	88.554859463	35.1861266686	0.766310757473
43	41.5434077493	36.2401729593	2.43352880555
44	71.108180059	36.3999118583	0.820480404551
45	25.7211086957	38.8123653738	1.95854191068
46	68.4629014247	40.7007486102	0.940666171205
47	83.8436485681	38.8935946361	1.33150266972
48	88.7747445532	39.0146002193	1.63929859601
49	41.8021065092	39.8821467699	1.43694100738
50	51.9388154079	42.1067280755	2.78487511019
51	61.877457379	40.1998782261	1.06970749587
52	17.6654446532	42.9636876608	1.28595900526
53	79.5931541399	43.3843040774	2.28486491763
54	58.0705458567	45.9890197131	2.18111522395
55	32.3418346597	43.6692077074	1.53357097924
56	92.4874270743	44.9035440065	1.38615229362
57	40.6747060701	45.0616153807	2.24254017309
58	46.3437781287	44.8636557355	3.22090197051
59	21.4814279891	45.8587526351	1.6172749108
60	74.6707973678	45.8104369123	1.76926220288
61	86.7450860604	46.7242346387	2.17633836116
62	30.5281592054	46.7399968793	0.835759414401
63	82.0170184843	47.7034784188	1.41112495397
64	52.4385232613	47.6650215459	0.850517850293
65	73.6853257938	49.7580720168	1.16294619464
66	64.099578638	49.2386641526	0.799638319813
67	42.4777499063	50.4440823797	1.51511640737
68	29.2534935915	50.7059869287	1.77642230843
69	85.5187085567	53.3440613862	2.42406015038
70	24.0611887532	53.8066647639	1.70747241863
71	34.0462534158	52.5397292574	0.474940061651
72	50.7149666914	54.617467334	2.21305646498
73	59.4828152741	54.8728528606	2.75094563298
74	17.1645178066	54.198941507	0.561496579645
75	37.753859451	54.036136368	1.31521518249
76	13.2100504653	55.4206987568	1.12047289884
77	96.9431295255	55.3167224745	1.5982916719
78	90.336222067	55.3322438602	0.854203877293
79	101.17935694	56.2784128775	1.38047332089
80	66.1771425346	59.2155400913	1.81970699193
81	42.7429780186	58.0805468789	1.71811854324
82	92.8765883121	57.7633593727	1.77317555736
83	83.5873453675	58.5486952981	1.11275248097
84	23.4492791048	58.7323709188	0.672188084424
85	10.8777153687	61.8313795923	0.562215165924
86	35.6206412422	61.0728182852	3.3992509991
87	57.4427452286	61.4048094413	0.891060130614
88	81.7298029971	61.4068604718	0.742195932818
89	18.8724041027	60.5503631376	1.91394372832
90	50.5671742028	62.6003655402	3.17608649874
91	75.5188369572	63.090699993	1.52228013092
92	23.0736132919	62.5986940783	0.782678988879
93	45.6570623769	64.267026036	0.95176973563
94	91.7543119506	64.892059154	1.24891102929
95	16.0774299271	66.2481168938	0.510331111193
96	81.0181562174	65.9859074268	0.745133569448
97	40.1115032912	66.1941404371	1.26639582565
98	53.1262227373	67.9339486636	0.892203771461
99	96.8917730217	67.9176819222	1.57114604061
100	29.4079228851	68.4337093443	0.81873053708
101	84.2653415429	68.1532729953	1.47144703092
102	24.6800830581	68.3962873318	0.776365122769
103	68.297748055	68.5547455022	2.38035340893
104	78.1062589708	70.9475712635	1.82124576933
105	90.6970158055	69.6139030698	1.11504789371
106	12.5859004191	70.2576998924	0.973544248116
107	19.0763293732	69.0050593398	1.28977037743
108	59.249345638	72.5201837246	2.03479783189
109	45.0500263763	70.9644811723	0.790340485713
110	38.8960703151	71.8238413466	1.0650663873
111	95.852462361	72.3483075622	0.833139185993
112	88.0290138714	73.0273976406	0.393475702035
113	91.0401846874	73.8190825611	0.800223894111
114	75.3590834445	75.2406773354	2.04606410782
115	34.7520261734	73.9573996672	1.71348811874
116	28.8848041366	75.8130824106	1.83015751751
117	53.0141951978	76.5536066457	1.81324278438
118	44.184530502	76.0203654466	0.770707933268
119	37.2954342621	76.4539958381	0.884638374178
120	83.7176520514	77.3388884126	3.23788073287
121	98.0755486185	77.2257178303	1.57592423375
122	87.3331293801	78.4065020952	1.66209425646
123	20.284311774	78.9233152937	0.727066551967
124	72.1574705018	80.8831739835	2.34584264468
125	47.1298562918	79.024556456	2.47388736716
126	91.9702186309	79.8575746433	1.34593175853
127	38.9697889745	80.773688002	1.49433793026
128	60.7317510688	81.793348564	0.921193955289
129	54.289325982	81.0495351679	2.30081610712
130	31.149850039	80.9097267345	0.491947291362
131	96.0727852886	80.8520602817	1.69198929527
132	88.8581709524	83.889267102	1.45565814774
133	17.2815151971	83.5612156989	0.830956434978
134	83.31988603	83.762451784	0.808239664239
135	50.3708697979	84.1295013064	1.97865798517
136	56.0030530841	85.8627721837	1.29908272501
137	34.6839998124	85.3273952092	0.982777204449
138	72.7510221756	85.7206633833	1.5520838694
139	26.7799243347	86.3439164136	1.53918080887
140	40.5984740221	86.0610032565	1.02109460094
141	92.7391388339	85.4139015773	1.27188330284
142	45.6496012999	87.4006375969	1.20674303174
143	77.9448240892	87.970050211	0.712971823498
144	61.4702380437	89.4931580206	1.08283084735
145	83.7813858533	89.2300209754	1.11713430631
146	89.5648135627	88.8359068284	1.24544055278
147	57.514844922	91.1259239888	1.49394896547
148	21.4530658262	89.717801464	0.490872451399
149	49.5549899035	91.6991765579	0.837648107566
150	73.0088751314	93.1220852659	0.793455140442
151	80.0019248573	92.9396457753	1.9893335824
152	39.1519657088	92.6548002304	2.06429060432
153	66.9463641041	95.2548814429	1.16583566648
154	48.808121419	95.4282000718	1.93618179583
155	28.129965529	95.3191907707	0.645614035088
156	75.8368359793	96.9801242865	1.09673804283
157	60.5495410152	97.7594565998	0.554438671787
158	38.747312878	97.3179955524	0.736482231219
159	43.8145382507	97.8852767773	1.77765250235
160	70.0666612895	99.3401599046	1.18622979102
161	80.9833485037	98.4110659308	0.676773949262
162	50.7963212131	101.430516875	1.56273078428
163	63.1437960899	102.356869418	0.940053920994
164	39.3371703966	102.003305499	0.701723293613
165	58.0763699354	103.622794998	0.628204098031
166	45.5667524089	103.962595349	1.30910116073
167	66.0701192557	105.775714824	1.15856520282
168	55.3859951238	107.261208145	0.719586828671
169	35.5567438288	27.0045226166	3.30664981637
170	85.2480900688	29.5703296932	2.32409409714
171	78.5878124637	80.5916807701	2.91381419536
172	61.5656698648	94.6621570242	2.00776716146
173	30.8448241283	22.0333501136	3.62251059186
174	75.7436609228	28.2102846019	2.58511725085
175	20.5391828669	39.1031006268	3.03672820915
176	30.731011775	56.0605798567	2.18541160524
177	22.0418422919	73.8576164096	2.11804877373
178	25.2120418391	79.9820983013	2.69374638793
179	55.6087893165	94.8662463436	3.28409000963
180	67.2857646646	4.7228062413	2.44232273527
181	68.6528828027	16.5813335169	2.2664913545
182	94.5214616247	41.375799589	1.78060342197
183	80.6343291502	53.9039118143	3.30059312395
184	27.7841994569	62.1682027746	2.51639223132
185	85.8970347051	63.5490279053	3.0060024446
186	66.8152081667	75.2768577556	2.77177011715
187	54.6108203697	90.1784092488	2.62303772862
188	32.6915986545	96.8931344107	1.98467067139
189	37.8596135103	43.6501950336	3.02418447467
190	76.1297294793	55.4909850377	1.80324943149
191	71.6610007638	56.8275172944	3.12642045069
192	59.3723360617	64.2202982996	4.10987266497
193	100.277974266	71.0746304511	1.97923756521
194	57.9043946243	100.455356962	2.04440184685
195	81.3647753507	11.5935107024	3.07178975228
196	75.7288935046	13.0164391509	2.21045346931
197	82.1244729471	24.3818725988	2.89378182034
198	37.437011458	49.2669301809	3.27863723433
199	16.3269685029	77.0371263895	2.1138841671
200	67.2009465264	84.9680756286	3.66884779516
201	74.3682151777	101.670193701	1.9778370737
202	79.8939602396	37.7197007044	3.07089898218
203	64.9158482372	79.5366037177	4.47597054337
204	70.3424953754	89.9929980727	3.33823689659
205	44.6478926092	91.6064362311	3.0441527005
206	90.0520064502	28.4965746161	2.21064424826
207	74.0236203993	39.0746632283	3.22129290476
208	88.0871959241	42.3089189576	2.86933481728
209	93.0150200447	48.8756053934	3.35708034057
210	96.9876429306	62.2585218115	2.39221453389
211	32.7097001947	90.3457149078	2.47863728878
212	26.3092370589	91.4597224308	2.5073815438
213	71.9786100736	11.2506085985	3.36910954712
214	73.8363627626	22.374425906	3.64080205272
215	58.6910707018	28.3905630584	3.4878688256
216	90.6845498501	34.1741537552	2.75599840766
217	61.9230506925	36.781592446	3.46774693451
218	47.9061977005	38.0799285265	3.47403229325
219	26.9547472067	46.446601996	3.27332679797
220	85.9412594047	92.5945412342	2.18494004195
221	39.5705332829	20.8584276535	3.80319957188
222	71.396308207	27.3984090681	3.98009825231
223	87.1675647338	59.4164994134	3.40550821111
224	35.1107383873	69.4492520016	3.46004637518
225	84.2000673291	71.8006650913	4.28292996548
226	93.4763190651	76.9832245254	2.86272824919
227	84.9356583789	86.6197958513	3.83540079723
228	38.6719678213	88.5304164617	2.75820031362
229	76.2539919584	88.5976384644	3.53465824185
230	65.6322798064	31.8584432278	4.25663346158
231	85.2689614064	34.6342296974	3.33940102924
232	98.3189598487	49.2242073341	3.41832006653
233	16.2768087216	49.5811097853	2.63372909336
234	65.9799394032	51.2619475981	4.26555657005
235	78.1277346168	60.2489055776	5.0924350094
236	90.2304188784	61.5627499527	4.68194127837
237	44.1795954976	81.5969620866	3.11557228075
238	25.2559797571	29.8363793978	4.30075027637
239	88.9833987758	52.1245846521	5.03952325989
240	34.6453195957	65.9079240038	3.66012124787
241	90.2502531953	67.0865307948	4.1577174764
242	52.4497765524	69.8135004708	4.19828874183
243	35.7409632687	80.8266098129	4.02867199672
244	31.0896502466	83.1526868282	3.15388813285
245	21.453091064	84.86867674	2.991258569
246	64.1264381793	99.4725595502	3.33461404796
247	55.6186699837	5.50862055435	4.95564786279
248	46.6640521891	32.7712520801	4.78103551562
249	57.8344739814	41.2541730656	5.34907149971
250	63.8657407902	44.576447884	4.63661116497
251	27.7526988506	68.8694825152	4.13844711468
252	82.2361039101	82.5360574951	5.00240703785
253	55.9169541154	20.1530537467	4.09740670881
254	20.9123284846	52.1415074105	3.98744693682
255	14.4036125774	63.2518076943	3.22674258707
256	101.066321086	65.504961254	3.87983978638
257	47.0324867599	71.2508424304	4.68579980758
258	41.410079326	75.7686572211	4.09774126321
259	49.4282039412	86.9019776378	3.78818353046
260	52.9335691955	99.3113264943	4.39350984546
261	67.0022201332	26.2295159033	4.83168059102
262	83.6948771405	43.5869197086	4.49001603265
263	81.9067019305	66.0762399926	5.92183196803
264	22.2147956223	66.5375775212	4.60012050824
265	60.7219142719	85.1883505041	5.40442480072
266	66.8172025192	91.9498741941	5.5470898623
267	59.2873049858	105.020736081	3.80628659752
268	67.8748742848	46.511038654	5.07571186496
269	95.1385253978	54.6294779051	4.88175947284
270	78.0253410369	66.3549478929	5.56947658029
271	88.5771018421	73.4777116959	5.75322036054
272	67.4150732756	103.341427719	3.66177898621
273	48.88541642	8.44700968251	4.87829099768
274	67.9373115732	9.96435562931	4.8592099426
275	62.6748003346	20.9243768592	5.40684793355
276	75.6465735094	49.6390417134	5.61367173784
277	70.8836570614	61.0553481175	7.07252104052
278	79.9243414008	97.284897098	3.58867268781
279	53.5255248004	104.961587125	3.37115516063
280	73.8213472426	6.79071182756	4.79795084467
281	79.4939512616	22.1870738162	5.26393791923
282	67.9379918444	38.8161949694	5.81840648326
283	33.2043157276	40.293973711	4.85576973904
284	43.0816538812	62.1549787983	5.1757377861
285	95.4527290169	68.461734095	5.52408576998
286	42.3050697174	70.2836300745	6.07699845393
287	93.878508217	72.9303650178	4.93439788215
288	93.3574874989	83.7165903324	4.68405097625
289	81.5668752441	88.943400278	5.52381248542
290	37.9354345712	94.3826228742	3.98423196165
291	67.6817444083	98.1157822177	4.67822773443
292	63.3218146019	10.1213009024	5.11611092475
293	46.4208043611	15.6908582079	5.01512969732
294	48.7292619356	20.2858478594	5.10932435757
295	52.8637150945	48.3592090631	6.27156218622
296	15.90181154	56.516641654	4.33715701092
297	39.0880682495	57.6695228397	5.41617866865
298	71.5714190447	76.9360052171	6.63479171573
299	76.4711782986	93.5586618443	5.46406387486
300	71.743511763	95.6635068615	4.75597025806
301	38.6592423466	98.8035230577	4.66258867904
302	77.5068042101	17.33277566	5.50896749851
303	72.8179514901	43.5004324191	4.78001095714
304	22.3816084016	59.5151751105	5.82509298986
305	31.913114118	74.8504650577	5.45072321619
306	59.0579239221	98.8854227736	5.43497830093
307	81.8667061413	33.3197269786	5.61407063759
308	89.8827299664	56.4705867474	6.58801285094
309	70.8457425879	67.9915929341	7.63067412682
310	16.9585245248	69.5878784391	4.77842273415
311	77.1364468829	72.4738267749	6.35556895907
312	58.0792045424	77.3693815738	5.99921892477
313	87.8030243966	82.4131428761	6.09596253989
314	42.1073628911	86.0162095339	5.78591612287
315	46.5309404388	102.582209868	4.85373718761
316	89.2710796116	44.3933976085	6.19545317194
317	100.493806993	58.9964033365	5.31028716108
318	82.1630531323	60.8840239883	6.94030209785
319	42.6131115314	65.4247413833	5.63615573554
320	40.4652538999	12.9795483749	5.87683004902
321	86.7795795607	24.0030356824	5.33657577851
322	55.7882865787	31.8939616165	5.6893206768
323	72.9587418089	33.3152969029	6.34800519973
324	25.2210754146	73.3876801289	5.71901082983
325	98.6410037656	73.2194276719	6.00895282334
326	51.5946823423	91.5905253391	6.01259218163
327	63.9021752681	16.7958949452	6.8388665021
328	83.9685312143	49.3985780731	6.62848788008
329	37.0158129941	52.5178915001	6.22006875522
330	60.8112217319	91.146438571	6.43087255669
331	44.0569051574	95.6679503346	5.72599288134
332	47.5250240686	97.9859435401	5.80370778982
333	84.5144238932	18.1960202609	6.19968883998
334	79.9209645785	29.8247543903	6.4989358479
335	28.3212597053	35.9794588893	7.153217713
336	91.585561274	40.1884272198	6.33113920332
337	39.1391059126	33.6979183119	7.50595356416
338	40.3330131095	40.9425166644	6.84039428381
339	45.8242047695	49.3435608902	6.62533407425
340	29.2678717461	59.0451864539	6.75299394782
341	63.006182832	63.4974950303	7.66290032096
342	63.2466893913	72.1303171225	8.51678514628
343	90.457955635	78.7135578516	7.08841042864
344	66.2862383392	87.7433065499	7.12162821896
345	34.8718565921	17.0330945276	9.08874830866
346	43.1635348713	25.7145402899	7.4081521175
347	20.6505246689	77.2334442683	6.17652949311
348	56.8872724743	83.3162816796	7.11568173248
349	89.0143643673	88.0970265361	6.23654865419
350	51.2048428854	96.2057021883	6.52634842415
351	72.8572748525	99.9557019628	6.134594078
352	73.1117777963	16.1842289658	7.61063196449
353	69.1686793709	22.3945138345	7.18638702018
354	86.7029118862	30.4406871386	6.61267737818
355	85.4429849	40.2440953444	7.95434344758
356	78.4827052997	41.8857768619	7.61365507632
357	58.9729823648	45.693325063	7.93841935994
358	45.6659114062	56.5430299658	6.60164729674
359	54.3140106991	56.9294260627	8.4830234791
360	94.9372168895	62.3385182129	7.52453408403
361	76.8198574126	80.1110282991	7.56451729007
362	95.045082021	45.5032574031	7.5472404116
363	53.8675132934	51.682600516	7.68169950387
364	66.129497606	53.720465067	8.49946858375
365	52.1239588725	77.5041907183	7.90695269427
366	96.0111700887	78.7071004758	7.11898301333
367	55.5894265776	86.2073750642	8.15546842769
368	58.4775597793	15.8647316354	7.3438684607
369	98.7804756915	51.7130670948	6.7533079915
370	76.2593131134	54.399501443	8.91901387085
371	30.1929193939	84.4902910015	6.45600534619
372	35.0223405172	86.9617948421	7.21611612929
373	62.766534077	96.5482502157	7.72483896121
374	52.4329962448	12.5096679137	7.7154606297
375	61.4172339973	31.6008961393	7.65053772643
376	43.8982844575	38.90525542	7.74660879002
377	29.5509197618	44.4848548657	7.36812960622
378	24.6280826658	44.7124534231	7.17634904339
379	31.4061315575	52.9759017167	7.58295951631
380	49.9240860244	72.6475165683	7.7905062895
381	28.6229338395	78.7898989113	7.79581260054
382	51.4412395358	82.1019336433	7.56689928518
383	29.8200551688	90.3829202339	6.75352634282
384	75.3618529755	36.778613734	7.64213419025
385	34.4916997082	46.3022850649	7.85490773124
386	84.6962055228	57.1573296292	9.0564064689
387	87.2534350821	68.466332228	9.13457345878
388	25.418499729	84.6534765139	7.09537163325
389	73.4940738543	86.7461022617	8.39326529832
390	84.2948488671	92.2560529158	7.46749837557
391	53.4178603771	25.1283384221	8.00034871516
392	61.800147798	39.3413675992	8.36762163268
393	35.5030673758	73.9926933368	8.28165403069
394	40.7748307518	82.4056566936	8.54116630217
395	54.6225204378	97.0495122361	8.60542264753
396	61.5884490811	102.529909602	7.43776329832
397	63.3423775568	26.5524311668	8.92920012426
398	54.4260283875	35.9014638352	8.69180467551
399	70.004622644	42.2225722939	8.5589889805
400	51.8510108334	44.6943547712	9.17119442646
401	20.3275806996	45.2942591869	8.0711013502
402	40.5638925569	72.1619750477	8.33223923306
403	41.1570006127	91.4949173786	8.10830034991
404	76.8255898815	27.8156571415	8.7198567692
405	48.9744483795	34.1475611096	8.32785039522
406	81.6025496501	37.5405131014	9.30527759234
407	90.2083671009	49.3082404077	9.44489979634
408	99.6461783519	65.7040855254	7.98948680384
409	45.6366307685	78.1348380549	9.03901866764
410	79.0770211203	12.1267598176	8.31348923818
411	35.6413230152	23.9796120449	8.46722797463
412	49.8113521875	26.534159318	8.30665720606
413	25.5547508268	54.4964347328	7.70826975234
414	54.4120770253	63.6279977529	9.43379484795
415	25.6594792191	64.8802145128	8.56789650498
416	32.4030990502	66.9328772426	8.53249101288
417	35.3016695001	93.3882909644	8.43351314764
418	68.5011686991	13.6903808715	9.33832709114
419	49.01656674	64.8526927858	9.79729995985
420	83.0747716989	75.1352950553	10.6320864022
421	66.6938476362	5.30655862325	9.04473589583
422	70.4345482808	30.7446949488	9.34080115448
423	62.7893534459	36.1478672666	9.30926372535
424	44.2171177652	47.8232539011	9.82842105263
425	59.2234427833	53.2955844292	11.2882665748
426	19.0348777222	53.768735972	8.81538161973
427	93.3143158221	54.7215578139	9.59910046274
428	86.3436894385	64.9453713215	10.6731967139
429	93.1009811406	68.9035099219	9.37066110339
430	57.5780430842	70.9805803095	10.5940681941
431	72.3512469479	82.3657501765	10.6531700624
432	66.7244446782	95.730455023	9.99945715951
433	58.0091291212	10.3564432678	9.69459959371
434	41.7423370476	18.1934794878	9.28702515941
435	53.1055174775	39.8679925241	10.5295423823
436	81.2862037712	45.7282854201	9.78451051114
437	83.4468098151	52.2234036204	11.1296496915
438	37.4954445861	58.014116554	9.013321543
439	18.6245907136	61.962038644	8.68560620883
440	83.812061497	85.5025084852	9.88933055713
441	49.8777125395	89.1731794427	9.2612539218
442	83.2452211433	25.8476650039	9.11920448096
443	31.649842016	29.4616243676	9.98072636285
444	25.3564565205	50.5015348988	9.7156006275
445	25.8911225911	71.2785684911	8.95532518644
446	38.6134599075	77.5337943134	9.86821821584
447	79.6894443301	82.8333578007	10.0424879682
448	92.4255730606	83.5116083987	8.94105681937
449	58.5217522376	95.1511787651	10.1800165697
450	73.475089092	92.9081516963	9.96380311235
451	79.8637933434	95.0617405153	9.5612891324
452	49.8531933905	100.986612608	9.0891126282
453	43.5295551858	10.7085398205	10.1903666455
454	75.468155505	21.9673205598	9.64126402071
455	23.5063014335	36.1331223998	11.5054710932
456	44.9817083593	55.6707947652	10.5721803273
457	73.6004701449	73.9594632545	11.458396788
458	54.9457010111	101.837633072	9.28118282118
459	38.1116983283	29.3625345473	10.7638989373
460	86.9203961705	36.0458991254	9.81314006216
461	48.5190087057	40.6627385011	10.5781709175
462	60.1962957741	58.586594788	12.2528113286
463	32.4767440482	60.598362	10.1612505207
464	77.371646615	69.0086758445	11.6157870759
465	47.123787629	84.4101474779	10.4351996952
466	57.1598022899	89.9602811296	10.2882195882
467	67.8632995068	100.708850747	9.0521972802
468	60.8395924777	77.6481763002	11.3707106584
469	63.475944025	89.823321271	10.9525835772
470	52.3833223188	6.129621778	10.1509543088
471	63.9259831246	12.324804197	10.9161134863
472	47.6155999579	20.9298766769	10.9118895008
473	29.2830251044	23.6796639309	10.6264581042
474	66.8576910416	30.7169956902	10.8097744361
475	54.5749155888	32.0200853216	10.9299017992
476	68.186963182	35.2550182433	10.5461506432
477	91.4274695021	41.7541816267	10.1771274425
478	98.92824761	58.1850831738	10.1560874954
479	75.9941644742	58.1217038748	11.7527358419
480	77.6503468253	63.3790329782	11.6850004937
481	68.4300979433	76.6878861466	11.0441055911
482	75.1017888962	97.6079890349	10.0789679466
483	42.9103908379	97.9697087539	9.34092921578
484	51.7712823123	19.4752885207	10.7982775486
485	60.0622422444	30.102823245	10.9141561654
486	83.4947768974	30.5934122267	10.0949374983
487	87.4690075972	47.3119787038	12.1451496206
488	43.6518208504	63.6921785795	10.6376349162
489	65.0687181282	65.1593468989	11.796862203
490	39.2367629949	66.2715306692	10.9014447622
491	21.0179611715	69.5396507475	9.93705758954
492	64.8959742019	82.9235701004	11.6631462363
493	60.1684200364	5.62973145794	11.2161841051
494	73.5890074602	10.8555155207	11.1032228736
495	81.5990734732	22.5313221558	10.3423738454
496	58.4472329901	26.0694554617	11.3557568971
497	40.4900092898	47.4373915723	11.3215513269
498	29.5685823199	72.502883143	10.6493669117
499	91.7264056507	72.058669991	11.2270065123
500	86.5195234982	80.1054563885	10.7618296276
501	33.9864281315	80.2474378019	11.7624800142
502	77.8329836279	89.1799447829	11.5369772807
503	48.6375379232	94.0103741195	10.8492246319
504	59.2556343379	40.8848950903	11.7619471902
505	65.1948957591	44.189842239	11.532696058
506	92.3830815288	60.9532450847	11.6697070018
507	24.5890045522	77.8275100895	10.4814186584
508	69.5557405116	19.8382926317	11.6280519427
509	71.2352744195	37.2848181727	11.6360224476
510	73.4801162346	43.7175081529	12.0437599311
511	31.2585335565	49.2341455264	11.6211761436
512	96.593287962	51.4851609327	11.3404045531
513	86.3909849991	60.5703181618	12.0003799938
514	37.4730259339	71.6034950406	11.9905570768
515	79.6338350019	75.0159190158	12.632105307
516	53.9654895832	80.8633895512	12.2380284664
517	72.9084462315	24.4476592763	11.6092038315
518	76.5564787186	32.5380844352	10.9942862192
519	33.003149075	35.7618272146	12.3329563127
520	69.7870638867	50.2741541695	12.5702150772
521	91.5622991336	64.6497432979	12.3818827589
522	96.9436533316	71.9510763636	11.1307626479
523	48.7838328661	75.8695359733	12.5221424114
524	71.6861761823	86.1136529619	12.5415987247
525	58.5078061097	21.316227671	11.7929543548
526	72.1595271621	27.788043596	11.9678794541
527	36.975832439	41.0219202094	11.6549487394
528	31.1844932671	75.2908199274	12.0988999266
529	36.7326097088	53.6528959561	11.9761393228
530	26.5489538488	60.3647470363	11.99389318
531	53.7911176577	71.3333956557	12.833770888
532	29.7751376694	84.9337766735	11.0625314259
533	46.0570691994	15.2253128673	12.0273432507
534	78.0121304201	50.1950025753	13.9640160742
535	65.4802654675	57.2006389894	13.8499686352
536	97.8319536328	65.1751803655	12.0912274677
537	88.832663989	76.9574430102	12.2546214807
538	94.0562101929	77.8902180089	11.7065781049
539	40.4266837958	88.2012268445	11.9608398783
540	68.7674342395	92.4161288816	13.2157499859
541	77.518445225	17.2608577459	12.1967085856
542	43.0563555118	54.8527305206	12.6837006824
543	71.1882253018	55.8693232429	13.829322123
544	35.5521895128	62.5130205684	12.4297970096
545	87.5107246366	86.9240349641	12.2311947188
546	26.3435365145	29.1369246363	13.0840323983
547	76.8505331137	35.5231232413	12.6399990349
548	27.586053882	40.5204671313	12.6000997149
549	61.6863011874	48.9578145314	12.9367819236
550	49.2319893052	59.2138730077	13.4245868917
551	28.2075388725	66.9665999972	11.9222307869
552	37.3687804402	83.8347259235	12.4268279997
553	62.7083887936	35.1120133745	13.1535138203
554	43.1589625606	35.4628464761	12.9864415292
555	56.816038863	65.4668562881	13.7651610369
556	55.4172327963	94.4112815844	12.9075661258
557	35.9188436201	22.6397991117	12.6122017753
558	46.9164912897	30.1217783002	12.6474909767
559	67.4224257696	41.1808201858	13.2676793428
560	68.1067911247	59.9989734126	15.3485755355
561	83.526536062	69.5682426806	13.4619790875
562	59.5346604926	45.7264327082	13.8213873719
563	27.7159802811	45.2575404818	13.4020015494
564	64.9796502162	18.8253830696	13.5193010186
565	67.6213187765	25.6876404527	13.7733071245
566	44.0962383462	41.9829213553	13.336105108
567	49.5327779295	46.800345492	13.4577362689
568	28.169842815	54.7748800738	13.1460246179
569	89.0872817122	55.1863062811	14.7862382086
570	74.4855540688	61.5237990753	15.43982357
571	82.5738012537	65.3169732506	15.3088210812
572	46.3397902187	70.6780801905	13.5223366679
573	69.7926751887	69.9365112154	14.4519908649
574	79.2018102766	27.950571634	12.8339474601
575	78.3032634266	40.2479988815	14.3543544038
576	22.0574583424	55.8498491744	13.1864076244
577	72.6406668836	65.8374907399	14.8977965765
578	76.9304723026	79.2257486507	15.0815920578
579	44.1741060189	80.2519613993	14.1834822793
580	33.4812776695	86.5875779391	13.1583753107
581	46.8142742254	90.230706102	14.1627524123
582	50.3088504294	13.1013244566	13.4698450325
583	60.0920327306	15.8931602603	14.2443414499
584	51.062054738	52.5203225092	14.353598399
585	22.3445648728	63.2587297072	13.0996541316
586	90.5674039116	82.0752353596	13.6385583135
587	79.9613438657	85.5304643107	14.5366072916
588	58.4433328883	87.7065601167	13.8334486574
589	59.4833314273	99.6172704267	13.2304804805
590	58.5700579298	38.0650346071	14.6428041282
591	92.3062178394	46.2856821935	14.1017318457
592	96.5526938506	59.0138453865	13.8908656173
593	51.3927299953	66.1590156453	13.990043253
594	52.6837365539	85.4224416868	15.0230158427
595	38.8639289627	92.5900665882	13.1729956929
596	70.9783898769	97.7353101898	13.5307552328
597	76.8678682137	21.2705999792	13.6633475581
598	54.2810625895	30.2121551301	14.3599829867
599	41.6452703994	74.5496991535	14.9712606085
600	28.9084841702	79.5128842038	13.7508299292
601	72.4657741781	90.3608124266	14.377465706
602	52.2120042013	98.5867889778	13.7963923583
603	64.4063550291	98.8710578209	14.109473445
604	51.9191714473	7.79176740442	13.8019714254
605	55.1984157767	15.015659059	14.5024462059
606	45.1027659459	25.6676625328	15.0312186281
607	52.9542447921	25.8888650854	15.093731272
608	70.9011264795	29.9459613197	14.1731888154
609	82.5107482048	35.3974875212	14.0282776721
610	87.3546978722	40.7055674032	14.0972782258
611	34.0177627679	41.8453868316	14.6053347825
612	55.7739362718	49.5984394665	15.646058809
613	31.6067346769	59.1678323328	13.9703826807
614	82.2393162726	91.2312798063	13.6691567781
615	60.8218314185	93.4291648042	14.7974722824
616	45.1678158845	96.0152585985	13.6384524403
617	67.5921443316	9.185257603	14.1236142034
618	41.5852455769	19.6936563881	14.8884411105
619	52.1908704261	35.309770831	14.6619235597
620	76.3090798448	45.1716502313	15.1263300399
621	81.9849742964	56.1680639423	15.3656741334
622	81.3098813638	59.6056381956	15.5177213897
623	88.2004593074	72.8911144001	15.2188709417
624	66.2430961325	73.3209275426	15.8072766709
625	65.9888922808	85.5131227163	15.4144246454
626	64.1984093359	24.1453401042	15.4406626939
627	83.5739744039	46.869462688	15.4674652193
628	35.9278431645	49.2190708699	15.8497459739
629	33.8724322135	54.8384374008	14.4516421126
630	32.9789917675	69.8834212921	15.5272187218
631	23.1944592731	49.1234990281	15.4903802371
632	60.5131354341	67.6309698885	16.5288283268
633	84.3220985266	79.443181742	15.835579398
634	39.1129776499	32.5197192597	15.7233740598
635	54.0965251042	43.6481696973	16.0733843227
636	42.2018680917	61.5898555843	15.5627546437
637	64.2650710261	65.0715244007	16.9554004939
638	26.4635697334	72.8070347462	14.8949480212
639	56.2286549689	75.4687504509	15.8125667359
640	59.3012762779	83.1492547923	16.3297022662
641	43.4978554534	85.4141809239	16.4509912128
642	39.0458230287	25.5698612017	15.7908011089
643	75.4244649019	26.8288985026	15.2413646328
644	64.7444011665	29.4736348285	15.9180944085
645	54.4806395098	60.661589555	16.7327812909
646	95.8640952242	66.4768658615	15.0680385068
647	39.0087775442	67.8083206451	15.3980777106
648	76.2372542472	73.6140391982	17.0591216492
649	39.0219003778	79.873592292	16.7245311386
650	36.232428985	15.9601907024	15.7897492094
651	30.9264502959	21.3143392222	16.1119345098
652	69.5753093619	34.2865991892	15.5524653201
653	30.5424408057	64.4060608624	15.8297709339
654	34.5957090085	75.1635454629	16.2925622283
655	58.5581263283	78.5077517428	16.2480138657
656	50.3355279066	82.7974225876	16.7299623874
657	64.244352951	92.4695476122	15.9453051656
658	75.8327355015	94.1961821138	15.7705830127
659	59.8704182178	8.98875065356	15.6033994045
660	76.6190545228	31.6264450533	15.7135210445
661	50.4020777482	39.2397036939	16.4710076119
662	66.923570832	47.2346435905	17.44042751
663	93.5512106963	52.4288968059	15.9478996744
664	88.1613185339	68.9845529938	17.1566536793
665	71.1513993272	79.5425996235	17.20375357
666	63.440070595	42.540276784	16.5875446424
667	79.1212712838	70.0782781433	17.8551744283
668	85.0978385015	85.8389674085	16.5865441193
669	68.802876765	89.4391976764	17.4009890842
670	53.4667527449	90.7202721505	16.9309396093
671	70.8051197537	16.249634438	16.1213738857
672	49.128821598	34.4151644035	16.657847588
673	69.7939685201	38.1430368978	16.7632719719
674	41.1086894514	39.7595022595	16.8751287739
675	48.962090799	45.1041037216	17.3112426864
676	39.8242410779	45.8991237629	16.9469222054
677	28.7489686489	51.247931555	16.5184623361
678	42.5627888068	51.9068801624	16.5445240418
679	75.8754801292	54.7423937197	17.6608176885
680	37.3156717985	60.0773404322	16.6179200802
681	47.1670632223	65.6447882868	16.9042715036
682	69.1049378059	64.5424696852	17.974282063
683	50.4192481519	72.1416627353	16.8352726763
684	64.2297383654	80.2823688839	17.9426922284
685	46.5389575492	10.7137774128	17.2970785966
686	65.8049750394	13.0112104071	16.6421103755
687	33.1816463657	27.7241735009	17.0706456387
688	72.3512499303	49.2355079178	17.9717948381
689	63.125653605	52.8502868152	17.4441196004
690	40.1712678321	55.744409982	17.0344398105
691	87.3607382043	58.489692539	18.3495308696
692	93.3030047273	72.2500981056	17.0927966643
693	91.5865863232	77.5906411505	16.5324160879
694	42.0235686197	12.5155545103	16.9594045226
695	64.1085279382	32.4163143422	17.4001928101
696	46.4223812715	55.9115236396	16.9311420845
697	86.8341550324	63.9229241731	18.684050772
698	72.0410118954	22.517959327	16.5551728291
699	59.2904234126	33.1976526983	17.8225213234
700	23.6290863455	43.0830659172	16.9526562555
701	78.7949137381	44.5413703009	18.2319180765
702	43.8778691895	46.4277255269	17.4709991609
703	25.9915268531	66.4543430572	16.9428654918
704	74.0848775786	86.0799864513	17.74763268
705	36.3741964945	86.6978519445	16.7350515724
706	29.8090623181	34.1125801849	17.2058723913
707	57.7777978509	44.3372956631	18.0210067834
708	87.8051717574	44.5631336561	17.1779117313
709	77.6664727874	66.2623720033	18.8249893025
710	48.0797639093	78.3310986716	18.2038116207
711	30.9064961426	78.9118095443	16.9477740441
712	82.6699527784	51.7867051084	18.8909063617
713	30.7005425235	58.1770579333	17.0951182182
714	88.1701849048	81.4702437347	17.407382394
715	69.6721106717	86.5972503194	18.8536819609
716	66.6889191192	96.3906046654	17.8207754803
717	54.2047510072	97.332321394	16.8589654414
718	48.1978322356	17.0465211435	17.7304295317
719	58.8051062176	24.1261966699	18.0618913914
720	54.95249399	20.5553774553	17.9898237881
721	59.4256516604	29.6400870019	17.9129891598
722	70.9849786297	42.391859416	18.8318039192
723	93.8329254831	61.6230534257	17.8792164154
724	81.1917287061	80.0932690764	18.232867884
725	75.8390505167	34.3514567123	17.6651287364
726	83.5427122695	40.9152441894	17.78523225
727	31.1015084785	46.5336051218	18.4981544608
728	92.668402951	55.7687023496	18.5867248767
729	49.8906384082	59.3801994399	17.8581205335
730	52.8613840991	9.82028964493	17.6245024787
731	36.7991857135	22.7596000208	18.7383843774
732	71.467972714	27.8503866757	17.6578918561
733	49.4845800551	50.8124859754	18.6309357071
734	59.5083788484	58.1302371745	18.8316158666
735	76.8929419428	83.271483773	19.349817141
736	42.8811134982	91.1723753225	18.3150995062
737	61.9240316136	36.7040259176	18.9654367355
738	30.2082972422	40.6538073219	18.4247282617
739	88.7421220614	49.256624133	18.8940065242
740	25.4092747966	57.0774531993	18.3077458872
741	56.6188884158	70.7748860964	21.0077055008
742	63.625249821	14.6052881939	18.5041599518
743	49.5208767802	21.1864254313	19.0784987955
744	77.2944212941	37.3386895965	19.021408483
745	79.2604620396	60.5149258087	19.362708684
746	33.6766382699	62.9543108436	19.2490623358
747	92.9818285306	66.2697056122	19.0201061144
748	39.3514608432	72.1539729022	18.9141976583
749	82.715825992	74.2090851231	20.1467513721
750	55.3259148096	80.0198823463	19.3474358861
751	57.2098258368	89.5958552093	19.2847017741
752	64.5983880623	39.6416094891	19.17138641
753	62.3602514143	50.6305533143	19.6902676598
754	62.4131552076	89.5358736176	19.2613483829
755	67.4603641945	21.9388528682	18.9533134918
756	27.1177360157	28.5909335322	19.1953343129
757	70.6303832809	58.9975504471	20.9586520623
758	53.1299884344	67.0963763518	19.7355839681
759	45.2608536989	72.5187972696	19.3523688059
760	74.0252499227	92.450917066	18.9660526565
761	58.1669687817	95.9918853645	19.0704055092
762	89.4544452947	76.2448305615	19.7099322893
763	49.2458099732	87.127021648	19.7505883117
764	79.1468644086	89.1973959033	19.0831234257
765	54.9496499938	30.5406793603	19.4807996795
766	70.1954202167	32.2747977378	19.4566048093
767	57.0596431481	49.2283695467	19.8652365956
768	70.0497921489	53.7124091273	20.4164178939
769	71.3248830423	73.6182849432	20.8157115494
770	50.2248809154	94.043403252	19.797360787
771	61.1453189135	75.7401334714	20.9314342649
772	69.1893284732	78.1646978332	20.3185824658
773	76.9757420962	48.5892261201	21.2543701462
774	54.1285737096	76.340287226	20.8313551669
775	34.2262420385	79.9684467567	20.203013238
776	43.8520478497	22.4545206151	20.6614247523
777	52.2025558945	26.6122503392	20.6221558036
778	67.5077274646	27.1873053779	19.6157856364
779	55.5521299459	36.3866414448	20.3239105134
780	63.7949645734	59.6400894612	21.9948303552
781	63.5036544749	64.7508719685	21.1951433794
782	37.4013393869	67.3665968471	20.7032872155
783	81.2187010152	86.0469927803	20.596310568
784	53.4859962169	12.624059489	20.1350528639
785	48.3656267124	27.5003735832	20.9413294237
786	44.9008261065	31.3900699337	20.8207315773
787	51.1669102959	32.1120337711	20.3122700368
788	37.7583838012	36.9356680122	20.5757517152
789	47.2117260453	41.5018585746	20.9791058871
790	33.4575570799	53.207241978	20.2859220649
791	66.6815997669	55.6244612789	21.561730054
792	75.100829311	61.6912123508	21.3223426213
793	43.1699249882	63.1296674016	20.6451103374
794	66.2321648082	74.888283796	22.0433803752
795	42.9131811585	79.8291035298	20.9719886331
796	37.307497058	16.9114061945	20.0318241315
797	62.05536233	19.6975810715	20.6015522004
798	77.4741590469	40.2657774408	20.9827541554
799	72.5826359867	68.6015970121	22.3364834843
800	58.7708574121	15.3186894483	20.4681330374
801	47.2981631506	35.710838058	20.7725187634
802	56.602491678	41.7120846348	21.314475369
803	62.3323791025	41.6501894555	21.1088127543
804	54.2955390734	55.662565214	21.3819598624
805	46.9252010861	57.222927526	20.9989818389
806	30.9932274244	72.288429035	20.5375213336
807	63.394167836	86.5015866934	21.3877730884
808	67.2454293731	93.8898237337	20.7009842429
809	84.1177384192	46.5532618506	21.7237539845
810	67.1451862262	69.6797870946	21.6805576073
811	35.7069291824	29.9663528498	21.7174646725
812	51.5981312453	37.4949500731	21.5705023014
813	52.3415776111	41.8406139806	21.5157622764
814	69.6128080899	46.5005894959	22.6063199504
815	87.6610642094	51.6644952539	21.4132567421
816	36.7245467601	58.4092165616	21.1999716654
817	59.7792518699	64.7153641399	23.0365234916
818	49.3592745496	72.8643568319	21.9849119125
819	47.7995726607	83.5740570456	21.9663136335
820	57.5953455995	85.6299287367	21.8498904375
821	66.2173618009	31.7394763394	21.1137345166
822	36.1222220146	43.1662949692	21.4929732709
823	46.2358519121	67.5833481684	21.89056279
824	67.9010518632	83.9571539993	22.7196298982
825	39.8735141237	85.2893873236	21.556341929
826	39.5121685784	31.8736588414	22.549275446
827	71.0929554419	37.203739926	21.6774162313
828	43.3535970123	39.8942048992	21.9106892707
829	39.4627351045	49.0182145719	21.9142910114
830	37.1858789897	53.5230640048	21.912666876
831	76.6683163494	78.6345594491	22.4606985051
832	60.6067395233	94.3398615594	21.5867120116
833	41.5815994108	26.5628903425	21.9621538759
834	43.5110435977	35.3454755606	21.5067075621
835	39.6625405963	42.0329513807	21.9357955117
836	90.6675587379	57.4325217175	21.4759697516
837	81.9311505662	67.1491884586	22.7186300453
838	63.1326653967	70.3927731646	23.2786686103
839	83.1736159777	82.3932431167	22.3619851111
840	61.71398375	25.0497322801	21.8320650089
841	25.7738398003	39.2915218323	22.0597920628
842	32.7152949258	47.2225994416	21.8362805424
843	82.4021324975	58.318132569	22.8257236498
844	38.5022978037	73.7968012866	21.6491103707
845	85.7517140663	78.2138028671	22.7782351128
846	31.7512355892	40.493377783	22.0794552024
847	61.5862325242	46.7099360869	22.9287631467
848	45.9856644824	46.4417089966	22.3005869335
849	76.4920999583	52.9714490479	23.5580903653
850	58.9333652967	55.8742482449	23.2791833053
851	51.5016796325	61.4494119316	23.0712059827
852	54.0075777183	85.0226600141	22.4478742237
853	32.027515416	23.0723543822	22.3710556093
854	49.4471437642	46.1676259893	22.9567768115
855	53.6745334417	47.262125239	22.7875930894
856	27.7874508153	50.3203490128	22.3633613045
857	29.6185933702	59.0882069107	22.1250050638
858	30.9221020454	66.3551994049	22.1491642177
859	88.8310829261	68.4533982274	23.1810450782
860	72.944022972	89.8025030747	22.8266906949
861	62.0617531963	29.1172927073	22.2850961396
862	26.6779781402	35.4469928673	22.5582354706
863	41.9538526311	45.4513523248	22.6930140923
864	90.0278835979	62.9166861075	22.8602029752
865	69.0993680298	64.6177598143	24.0384470658
866	66.0527297061	37.2687425253	23.005160211
867	87.2620863668	55.5825600162	23.2469587516
868	75.8887023567	73.7553908631	24.9595744875
869	71.6398211587	81.5511088767	23.4611033843
870	59.0066945742	82.582970194	24.1242664606
871	34.1991289501	35.9346731526	23.4893543136
872	41.7161271397	54.5848940119	23.1143771085
873	56.1527584085	62.0315048059	24.2964779281
874	46.3964569119	89.0558611153	23.5367224774
875	42.2029348588	17.523044425	23.4430938026
876	52.9625716512	17.2754591938	23.050037741
877	47.5696793237	51.202500399	24.0285175089
878	86.9438570955	72.5438277142	23.6794901185
879	35.6001687874	76.6409988661	23.1322392002
880	56.0566401356	21.1640730796	23.3552602061
881	61.1160218902	33.0548425943	22.8305800999
882	79.6019112928	44.7717473888	23.6031274109
883	53.3245230339	68.22187991	23.7599686158
884	43.2760821634	74.0537547558	23.687221209
885	28.0745099177	44.8530493135	23.921202046
886	39.8928977874	64.0477817941	24.1366510072
887	68.8247041526	52.4537344499	25.3932255597
888	79.015577233	59.2839042904	24.9731628783
889	47.7756396391	78.5219544974	24.4756940704
890	47.0297369856	17.8583523965	24.2621386965
891	56.0939721029	28.4364775305	24.1431939133
892	62.2171093624	51.226954374	25.1716444319
893	75.2060547117	44.2566886425	24.9535312847
894	84.637916909	53.6261814386	24.958073492
895	43.0291102011	60.2731538966	24.5852947538
896	62.170502777	82.0488810415	25.0466947657
897	52.9921824327	91.0159883818	23.7964089096
898	60.7865405192	36.0955763848	23.9800156969
899	55.7579529717	51.5984125441	25.4780721935
900	52.9388948699	79.8543998861	25.1359918983
901	76.1108484663	85.6854006623	24.4185322257
902	55.0719251676	33.2443206245	24.5027673057
903	66.764547228	90.6718034364	24.4303933896
904	36.7415304869	22.87699916	25.2622389705
905	45.285725679	55.9559755729	25.4853871382
906	87.4055114217	60.1099686394	24.9675458281
907	77.2314734613	67.1417501589	25.8319110467
908	30.0130031601	30.2441812918	24.9907216233
909	67.4053787442	41.4689514845	25.1444409487
910	32.6995596249	52.5569416252	24.9302317824
911	34.9808730063	71.2089490992	24.3723072494
912	67.3790764436	78.7932435487	25.607367856
913	40.279687791	80.3902254295	25.3787466433
914	61.164730338	90.4629467616	25.2118727273
915	51.2629450018	23.6148476768	25.3840580572
916	59.6272864952	40.8567551817	25.6520499515
917	71.070872217	42.4119685851	25.2548335124
918	34.4556038247	62.1635298885	25.4219127457
919	44.3018380797	67.2908413474	26.1404070355
920	51.5868539161	74.5357814283	26.3766193545
921	56.1575738492	89.9060589049	25.7211749079
922	54.8888717528	39.2580758977	25.8014180027
923	35.0932119057	57.3626924467	25.9553510581
924	74.0542537433	59.5598922378	26.7172471792
925	85.3758560317	64.1341849588	26.6174850496
926	55.4043006373	35.7662981781	25.4669635933
927	79.9922731408	49.5306282456	26.2318702155
928	46.1576010415	72.7677868639	26.2038750723
929	49.9376019618	30.7588249543	26.2344648164
930	51.4400405877	55.8692997636	26.4949623007
931	62.5618528507	56.3055075763	27.5912047424
932	36.7719273105	67.1960295995	26.7225887504
933	49.0967795327	37.4499851827	26.3071602661
934	34.8577455857	47.3382612512	26.0577256023
935	47.6788599492	60.5987309598	26.9189644108
936	58.0148458975	76.619956095	27.0245387192
937	69.0625435834	87.6351380475	26.3483009978
938	47.2816413163	41.3099214241	26.6392739968
939	81.49543688	76.0116388928	27.1419252926
940	79.7764662212	80.0641436993	26.4547364661
941	76.75210576	83.2564604285	26.0807234665
942	42.1878141261	41.8902241752	26.8151843611
943	62.4275476041	43.1041478628	26.8732219231
944	53.3791520751	43.3834815462	26.9110476996
945	30.2680826313	38.5681272762	26.8542533053
946	50.348489979	69.4029343581	27.5733895095
947	46.1924926943	83.7094914937	27.4194657801
948	46.2543150999	32.4160703062	27.1851050551
949	42.5648102886	36.3616513611	27.1897781671
950	43.0033262367	46.5407040188	27.0830528126
951	38.9956927944	52.6137269017	27.0874245921
952	67.5685918665	58.7698051389	27.5717275978
953	67.7172396533	72.3440100822	28.168619001
954	61.9841289696	74.3814897803	27.7105096861
955	63.0638633241	86.5831206218	27.7714783024
956	44.1437323686	25.1239121756	26.9804139435
957	38.498432007	38.2116079802	27.7006585309
958	33.4086199972	40.7468855951	27.3548257686
959	52.3416078207	64.7863405888	28.2326479452
960	72.4701157293	68.3434276632	28.560410238
961	81.9058109299	71.5937666282	28.1197735528
962	39.8713333851	73.7718721704	27.6157268885
963	41.1517995891	29.4618945827	27.9090763475
964	38.1594004103	43.149720921	27.1435029291
965	55.6916858881	58.6624817664	28.2032298632
966	83.2774085443	68.3020918482	28.0559650036
967	57.1692272725	69.0971928129	28.1690174341
968	66.3784278748	46.9170498511	28.6354278177
969	47.9311181482	47.1106788136	28.0148182841
970	35.393071988	32.2029941819	28.4043588555
971	82.6233242731	58.9722400789	28.697554408
972	61.6267483762	62.7521589147	28.7804637132
973	64.00890866	67.4561484565	29.0280941919
974	70.1116871839	83.7219449101	28.4240092687
975	79.8633639683	54.2768726762	28.3739385066
976	40.370201094	60.855648145	28.4830481111
977	69.5727745329	64.502998161	29.2849531065
978	51.1033025544	83.4180073959	29.0378290864
979	55.9562613412	85.1844866943	28.5990247924
980	54.9472767912	47.4371588286	28.8278012644
981	71.5605034529	49.2559288401	29.1587337306
982	76.0953747866	50.5121685111	28.4092199059
983	74.343762665	78.8730247987	29.580645244
984	43.6315626284	53.8244646337	28.9133474498
985	60.2157263064	48.8899094914	29.8945953959
986	46.8656143342	77.4528307111	30.1266322639
987	70.0223088035	80.628659016	30.3492318973
988	49.61687819	52.5638777097	30.3221591393
989	77.1465938558	74.2296274445	30.5377880507
990	63.6777954547	82.3155967727	30.4109300267
991	74.2202812984	54.367716781	30.4872642302
992	79.8991066349	63.0523584911	30.434698255
993	43.4487444732	66.076847151	30.8856528963
994	43.7782284461	71.9348476879	30.4384829228
995	57.8837108972	81.5590550204	30.7378933656
996	65.0836916802	52.2799801507	31.4720730769
997	46.6509121578	58.381292829	31.1851827801
998	66.0412510957	78.9211029918	31.5969338484
999	54.225312905	53.2996058218	31.4607199766
1000	68.8548620865	55.0722429106	31.9948652118
1001	74.6074537673	57.6858831332	31.6942436665
1002	76.4835524682	68.5619691251	32.1892989814
1003	53.8091021848	76.7006288506	32.0691800423
1004	49.1114659425	72.9620684343	31.9581648743
1005	58.6728041306	55.3385085425	32.4761529572
1006	50.9792911133	59.1095285198	32.337620614
1007	74.7559964264	63.2520611844	32.8159639896
1008	69.4210643404	75.3943444348	32.6791776131
1009	48.5298443589	66.8086511737	32.5669898683
1010	54.9962359637	72.1688375992	32.9867973201
1011	72.5439598712	72.5561891521	32.7024965613
1012	59.6150341014	75.8849001816	32.6934453816
1013	68.2434974534	60.757861282	33.3126911768
1014	54.3686400479	62.3982238171	33.5079957846
1015	52.1880147749	68.3090418892	33.5926530232
1016	62.3291488556	57.8226708279	33.3326276753
1017	64.1762104464	73.128283854	33.4746572265
1018	57.9211397225	68.9007834147	33.9632146484
1019	58.7634556331	62.7794965377	33.9205134124
1020	63.6874775681	63.9437122928	34.2257284094
1021	69.9680862464	66.6002369341	34.0128579288
1022	61.51163236	68.3815915985	34.2355832117
1023	67.1149733879	68.9104017384	34.2658030887
