2
3
4
7
8
11
524
525
15
528
515
20
533
516
541
30
543
544
34
547
553
554
556
46
559
561
564
56
348
411
62
69
582
73
589
590
591
696
855
84
597
598
599
600
601
95
870
613
615
617
618
622
623
113
787
117
819
632
532
634
125
638
789
643
644
133
647
649
650
141
656
659
149
662
663
152
666
667
156
670
160
161
162
163
164
710
678
167
168
892
682
683
172
686
688
693
694
184
186
700
701
702
703
193
195
196
886
198
711
202
203
716
719
722
212
727
728
217
331
223
841
738
229
742
744
745
746
747
809
750
239
753
759
760
249
762
763
252
810
766
767
256
770
771
260
774
775
776
777
780
269
782
786
275
788
277
790
281
794
796
288
289
802
879
292
805
295
808
297
298
299
818
302
815
816
306
307
820
821
822
823
824
735
828
793
830
831
832
833
834
835
324
829
838
839
840
329
842
843
844
845
846
335
848
849
850
851
340
853
854
343
856
857
858
859
860
861
862
863
864
865
354
867
868
869
358
871
872
873
874
875
876
877
878
367
880
881
882
883
884
318
374
887
888
889
890
891
380
893
894
895
896
897
388
404
405
406
836
751
866
414
417
155
781
326
429
430
433
439
761
448
672
451
452
453
454
673
456
460
674
811
463
464
170
885
847
421
481
482
483
337
827
491
492
495
801
499
500
501
502
503
852
505
509
510
