1	337548.400448
2	290.400212969
3	109.859315645
4	92.1764464175
5	114.369844364
6	319.868335333
7	53.3080628735
8	240.475046635
9	228.051134565
10	122.572620044
11	27.691852204
12	71.5996538969
13	11.1964894317
14	139.167773275
15	46.4524583819
16	56.3416928086
17	240.694585644
18	134.337915089
19	116.974375328
20	56.0123842959
21	207.913420062
22	105.727990667
23	135.375735856
24	148.637887776
25	69.2645571705
26	62.8779678334
27	333.978706149
28	15.8567038386
29	87.616022469
30	172.028771224
31	36.8426372387
32	76.439491129
33	58.2177534264
34	37.5411704474
35	67.368538461
36	260.862237285
37	15.3876886842
38	27.7617055249
39	221.185551028
40	160.083853354
41	89.043026024
42	96.4873942201
43	119.858319576
44	187.755747466
45	138.678800029
46	177.227854106
47	25.3268183401
48	33.3100550115
49	60.7324729779
50	138.708737166
51	193.134453174
52	124.847842495
53	211.056819501
54	141.173561488
55	101.147608627
56	18.9302499571
57	31.8131981357
58	264.853855621
59	38.6887607189
60	187.6759151
61	22.7123083302
62	79.7625133934
63	75.5413770034
64	39.2376082401
65	274.214200618
66	312.443925228
67	147.440402275
68	167.618032963
69	109.250593849
70	239.756555335
71	31.3042667979
72	33.9886301286
73	110.587785991
74	11.5457560361
75	126.893546892
76	89.2226488491
77	186.238932499
78	78.1259498758
79	136.49338899
80	29.2685414466
81	53.9167846697
82	27.3625436913
83	137.86051827
84	57.5391783093
85	216.4554833
86	126.135139409
87	114.689173831
88	405.219114396
89	226.534319598
90	108.901327244
91	119.538990109
92	96.9763674662
93	26.5642200242
94	364.883811114
95	97.1959064747
96	134.986553068
97	55.5932643707
98	128.989146519
99	423.780139657
100	35.9644812048
101	143.368951573
102	57.0502050632
103	253.60747096
104	128.709733235
105	48.9472198417
106	138.678800029
107	80.3911932813
108	151.851140536
109	96.6969541827
110	73.4258192855
111	49.176737896
112	160.233539041
113	159.32544587
114	230.805351217
115	122.46285054
116	48.4782046873
117	72.837055581
118	200.429135682
119	13.6513347081
120	99.0420299549
121	139.077961862
122	9.2705335847
123	180.081861216
124	31.9828419149
125	71.2603663384
126	147.580108917
127	78.674797397
128	98.1738529669
129	151.012900686
130	50.3842024426
131	7.3146406002
132	48.8773665208
133	57.4793040343
134	200.508968049
135	145.973482537
136	28.9392329339
137	68.2566735407
138	35.4954660504
139	240.335339993
140	70.1726503419
141	184.073479552
142	143.738176269
143	59.8144007607
144	154.156300125
145	126.474426967
146	67.6379726987
147	84.5324973046
148	53.0785448192
149	95.5992591404
150	63.8159981423
151	37.6609189975
152	57.8485287304
153	128.330529493
154	219.109909493
155	157.269762427
156	104.989541275
157	76.8186948708
158	124.528513028
159	83.9636916918
160	112.942840809
161	64.6143218094
162	102.285219853
163	72.3181451973
164	23.5705062724
165	231.473947288
166	242.860038591
167	173.076571037
168	129.837365415
169	131.134641374
170	198.343515102
171	136.333724256
172	93.0047072222
173	260.552886864
174	19.6986364868
175	313.361997445
176	117.732782812
177	264.474651879
178	345.694105965
179	591.428109757
180	141.802241376
181	98.8923442674
182	243.199326149
183	240.345319039
184	248.37845094
185	148.787573464
186	390.879225525
187	207.344614449
188	263.376956836
189	217.074184142
190	179.014103311
191	178.734690028
192	178.425339606
193	127.88147243
194	159.335424916
195	131.204494695
196	130.984955687
197	269.504090982
198	70.102797021
199	235.844769366
200	268.985180598
201	126.743861205
202	131.98286027
203	97.4952778499
204	454.42578943
205	477.73684051
206	250.99296095
207	291.248431865
208	198.752655981
209	128.570026593
210	148.667824914
211	237.690892846
212	246.252914176
213	158.028169911
214	273.365981721
215	113.571520697
216	376.519378562
217	209.719627359
218	272.108621946
219	133.908816117
220	425.915655467
221	216.325755704
222	366.430563219
223	410.31840682
224	234.288038215
225	210.0988311
226	161.880081605
227	391.458010184
228	215.168186387
229	183.634401535
230	142.959810694
231	326.993374062
232	297.984287807
233	168.136943346
234	153.048626037
235	255.473552532
236	309.540022889
237	325.24704104
238	313.850970691
239	179.772510795
240	260.522949726
241	187.715831283
242	244.037566
243	239.507079189
244	285.749977608
245	243.897859358
246	133.28013623
247	160.193622858
248	261.580728585
249	182.92588928
250	243.458781341
251	337.79070166
252	129.637784498
253	295.33984066
254	159.56494297
255	217.293723151
256	324.867837298
257	341.073807741
258	227.03327189
259	245.993458984
260	175.73099723
261	247.200923531
262	262.628528398
263	153.088542221
264	188.085055979
265	451.881132741
266	217.682905938
267	126.743861205
268	151.671517711
269	163.576519398
270	189.981074688
271	169.763527818
272	219.608861785
273	111.535795346
274	127.242813497
275	188.015202658
276	159.125864953
277	145.803838758
278	182.875994051
279	192.106611452
280	185.909623986
281	218.072088726
282	193.573531191
283	133.858920888
284	134.487600776
285	260.732509689
286	233.120489852
287	155.46355513
288	193.932776841
289	393.294154618
290	292.336147862
291	111.994831454
292	184.582410889
293	253.308099585
294	138.738674304
295	153.198311725
296	159.525026787
297	171.86910649
298	251.372164692
299	215.20810257
300	174.184245125
301	214.230156078
302	272.507783779
303	258.317580596
304	314.150342067
305	103.672307224
306	190.799356447
307	175.232044938
308	241.383139807
309	388.793604945
310	447.151065013
311	187.50627132
312	143.279140161
313	214.779003599
314	243.788089854
315	223.660354396
316	101.107692444
317	260.223578351
318	231.004932134
319	324.758067794
320	263.077585461
321	151.432020611
322	226.244927268
323	133.39988478
324	143.508658215
325	233.589505006
326	255.244034477
327	184.921698448
328	162.468845309
329	138.678800029
330	188.903337738
331	256.94047227
332	210.847259538
333	225.626226426
334	169.683695451
335	185.270965052
336	161.421045496
337	205.239035777
338	148.079061209
339	79.6727019809
340	168.835476555
341	180.580813508
342	95.0903278026
343	116.99433342
344	91.647556988
345	268.635913994
346	180.72052015
347	255.663154403
348	139.487102742
349	156.102214064
350	268.59599781
351	157.539196665
352	203.602472259
353	210.448097705
354	93.1444138639
355	226.155115856
356	144.835871311
357	242.949850003
358	202.225363933
359	247.101133072
360	228.180862161
361	154.914707609
362	344.057542447
363	251.611661792
364	195.569340358
365	257.249822691
366	228.849458232
367	99.2116737342
368	220.55687114
369	224.638300888
370	288.26469716
371	296.996362269
372	159.964104804
373	216.954435592
374	303.582532523
375	112.573616113
376	168.65585373
377	197.575128572
378	226.364675818
379	148.428327814
380	103.961699554
381	126.783777388
382	125.835768033
383	261.251420073
384	252.978791072
385	159.065990678
386	207.254803036
387	357.309715322
388	379.004160976
389	112.164475234
390	336.06432673
391	109.949127057
392	277.656971432
393	258.147936817
394	182.726308363
395	185.819812573
396	160.014000033
397	125.895642308
398	156.661040631
399	266.111215396
400	242.810143362
401	173.625418558
402	150.733487402
403	261.750372365
404	156.032360743
405	98.6927633506
406	106.626104793
407	130.835269999
408	132.132545958
409	203.861927451
410	121.923982064
411	106.17704773
412	246.262893222
413	273.745185463
414	183.255197793
415	246.961426431
416	252.300215955
417	129.547973086
418	197.734793306
419	118.331525562
420	223.820019129
421	123.091530428
422	314.848875275
423	215.44759967
424	191.637596298
425	149.256588618
426	204.380837834
427	169.683695451
428	83.5046555832
429	139.497081787
430	175.711039138
431	137.142026969
432	94.072465127
433	178.295612011
434	149.63579236
435	250.22457442
436	83.2950956205
437	270.591806978
438	250.763442895
439	83.4647393998
440	173.016696762
441	246.971405477
442	254.97460024
443	124.568429212
444	293.753172371
445	130.276443432
446	157.249804336
447	134.208187493
448	227.362580402
449	216.635106125
450	197.305694334
451	98.912302359
452	180.101819307
453	113.761122568
454	116.295800211
455	232.242333818
456	195.938565054
457	238.978189759
458	193.902839703
459	234.078478252
460	240.624732323
461	136.024373835
462	238.768629797
463	92.0367397758
464	181.758340917
465	71.9888366846
466	187.067193303
467	296.906550856
468	322.882007176
469	105.558346888
470	228.99914392
471	244.965617263
472	139.457165604
473	186.687989561
474	169.743569726
475	189.601870946
476	181.768319963
477	174.174266079
478	108.172856898
479	188.015202658
480	75.8906436078
481	188.663840638
482	215.647180587
483	150.823298815
484	283.664357028
485	154.685189555
486	307.813647959
487	146.731890021
488	98.7426585798
489	153.826991613
490	68.6059401451
491	347.320690436
492	122.881970465
493	164.394801156
494	262.538716986
495	194.761037645
496	270.811345987
497	190.869209768
498	181.848152329
499	141.403079543
500	109.530007132
501	121.125658397
502	293.403905767
503	108.382416861
504	163.716226039
505	179.562950832
506	222.16349752
507	166.230945591
508	260.872216331
509	231.453989196
510	87.0372378103
511	262.349115115
512	242.31119107
513	142.999726877
514	167.368556817
515	254.395815581
516	134.058501805
517	235.295921845
518	114.090431081
519	274.603383406
520	125.506459521
521	162.887965235
522	70.2425036628
523	186.827696203
524	548.53817074
525	261.201524843
526	109.490090949
527	249.126879378
528	132.431917333
529	197.774709489
530	253.657366189
531	210.927091905
532	236.523344483
533	118.670813121
534	186.90752857
535	188.234741667
536	129.847344461
537	297.66495834
538	69.8034256458
539	228.290631665
540	178.215779644
541	160.373245683
542	118.930268313
543	89.2725440783
544	174.473637454
545	231.583716792
546	181.289325762
547	141.333226222
548	185.390713602
549	245.843773297
550	131.084746145
551	222.542701262
552	246.222977039
553	130.755437632
554	119.479115834
555	135.615232956
556	112.543678976
557	221.973895649
558	246.691992193
559	154.775000967
560	239.666743922
561	110.587785991
562	178.315570102
563	120.257481409
564	123.281132299
565	138.978171404
566	150.513948394
567	251.382143738
568	186.608157195
569	183.155407334
570	201.746369733
571	176.728901814
572	135.335819672
573	221.654566182
574	185.54039929
575	208.422351399
576	191.278350647
577	133.429821917
578	139.46714465
579	230.775414079
580	201.287333624
581	107.78367411
582	174.064496575
583	172.048729315
584	270.601786024
585	222.313183208
586	184.073479552
587	211.086756638
588	104.859813679
589	151.541790115
590	324.049555539
591	128.011200026
592	160.742470379
593	182.247314163
594	257.728816891
595	252.519754963
596	119.898235759
597	289.192748423
598	207.115096394
599	214.519548407
600	253.278162447
601	225.915618756
602	325.765951424
603	179.004124265
604	137.611042124
605	84.6722039464
606	99.6906679345
607	240.544899956
608	178.674815752
609	131.224452787
610	210.917112859
611	235.894664595
612	99.5808984303
613	123.47073417
614	151.751350078
615	215.32785112
616	190.420152705
617	173.795062337
618	120.606748014
619	156.341711164
620	172.258289278
621	228.629919224
622	196.936469638
623	233.709253556
624	171.968896948
625	284.033581724
626	248.627927086
627	173.815020429
628	81.838154928
629	136.483409944
630	186.578220057
631	179.822406024
632	234.258101077
633	288.753670406
634	130.046925378
635	260.27347358
636	180.181651674
637	126.913504984
638	100.918090573
639	203.352996113
640	146.073272996
641	97.1859274288
642	258.816532888
643	191.418057289
644	204.580418751
645	309.031091551
646	56.5213156337
647	106.197005822
648	190.200613697
649	252.749273018
650	293.144450575
651	152.569631837
652	208.562058041
653	124.917695816
654	144.57641612
655	261.69049809
656	183.774108176
657	157.818609948
658	157.83856804
659	159.155802091
660	184.243123331
661	285.101339628
662	133.359968596
663	89.971077287
664	233.589505006
665	254.575438406
666	173.745167108
667	106.546272426
668	220.856242515
669	212.074682177
670	146.083252041
671	312.404009045
672	123.690273178
673	97.4753197582
674	126.464447921
675	283.544608478
676	117.423432391
677	282.057730648
678	190.130760376
679	168.037152888
680	108.093024531
681	178.235737736
682	171.769316032
683	154.495587684
684	107.78367411
685	269.943168999
686	171.020887594
687	167.598074871
688	132.661435388
689	121.484904048
690	135.415652039
691	249.276565065
692	100.718509656
693	77.8066204089
694	245.434632417
695	200.908129882
696	193.882881612
697	130.875186182
698	210.418160567
699	80.5308999231
700	258.018209221
701	100.528907785
702	276.279863107
703	145.733985437
704	110.408163166
705	239.04804308
706	186.009414444
707	208.472246629
708	201.377145037
709	161.0518208
710	139.8263903
711	171.27036374
712	180.101819307
713	120.496978509
714	202.484819125
715	128.580005639
716	137.321649794
717	158.766619303
718	110.378226028
719	107.314658956
720	264.893771804
721	127.801640064
722	108.152898806
723	119.159786367
724	119.419241559
725	265.033478446
726	85.250988605
727	119.299493009
728	95.1402230318
729	204.061508368
730	105.229038375
731	78.7047345345
732	165.003522953
733	169.424240259
734	147.899438384
735	77.3575633462
736	279.752571059
737	120.067879538
738	133.010701992
739	106.995329489
740	185.560357382
741	108.631893007
742	194.631310049
743	161.480919771
744	124.149309287
745	196.567244942
746	95.8387562405
747	185.141237456
748	205.987464215
749	87.6260015148
750	177.906429223
751	178.754648119
752	118.281630333
753	158.327541286
754	262.618549353
755	139.806432208
756	166.091238949
757	127.971283843
758	209.090947471
759	174.12437085
760	154.555461959
761	162.199411072
762	115.856722194
763	198.353494148
764	227.252810898
765	93.5236176058
766	145.29490742
767	95.5693220029
768	124.927674862
769	132.920890579
770	139.517039879
771	203.203310425
772	207.264782082
773	198.543096018
774	220.477038773
775	205.219077685
776	212.344116414
777	92.0966140508
778	178.355486286
779	130.815311907
780	170.601767668
781	117.792657087
782	195.289927075
783	248.827508003
784	96.36764567
785	183.065595922
786	97.9443349126
787	139.05800377
788	134.796951197
789	127.492289643
790	157.439406206
791	139.257584687
792	166.310777958
793	130.186632019
794	132.7512468
795	178.624920523
796	120.417146143
797	202.5446934
798	104.281029021
799	182.057712292
800	126.125160363
801	188.384427354
802	120.696559426
803	172.986759624
804	171.679504619
805	282.526745802
806	223.271171608
807	161.560752138
808	221.983874695
809	205.747967114
810	220.946053928
811	168.047131934
812	154.256090584
813	81.3890978652
814	242.041756832
815	147.360569909
816	134.527516959
817	230.426147475
818	161.001925571
819	57.5990525844
820	129.528014994
821	226.703963377
822	66.93943949
823	193.563552145
824	151.282334924
825	184.472641385
826	138.708737166
827	202.953834279
828	354.535540578
829	125.855726125
830	134.35787318
831	162.369054851
832	267.727820822
833	139.167773275
834	135.864709102
835	105.079352688
836	121.704443056
837	259.79447938
838	146.492392921
839	246.24293513
840	128.300592356
841	124.039539782
842	248.198828115
843	206.64608124
844	234.457681994
845	177.876492085
846	185.211090777
847	244.356895467
848	131.473928933
849	297.046257498
850	105.827781126
851	208.13295907
852	120.227544272
853	182.167481796
854	102.903920695
855	161.979872063
856	236.343721658
857	110.497974578
858	162.488803401
859	122.712326686
860	204.181256918
861	238.080075634
862	175.900641009
863	157.419448115
864	113.880871118
865	216.784791813
866	155.882675056
867	229.218682928
868	101.636581873
869	174.802945967
870	75.1721523074
871	202.395007712
872	249.855349724
873	123.899833141
874	170.182647743
875	194.541498637
876	151.641580574
877	231.913025305
878	354.575456762
879	183.824003406
880	168.795560372
881	187.556166549
882	130.745458586
883	185.560357382
884	206.077275627
885	148.478223043
886	220.936074882
887	235.265984707
888	214.709150278
889	233.210301264
890	128.919293198
891	162.488803401
892	110.857220229
893	83.015682337
894	160.113790491
895	117.183935291
896	155.263974214
897	207.504279182
