1	304178.668589
2	78.1119834762
3	45.6092503312
4	46.0916988166
5	221.962040202
6	174.771430946
7	130.716736845
8	59.0284656099
9	11.4358159498
10	5.19078833348
11	82.3557433013
12	7.71917576615
13	373.030955745
14	35.8262671554
15	9.1665212223
16	17.8952651153
17	11.7038428862
18	242.126600044
19	120.86227982
20	97.132961724
21	3.26099439195
22	163.398154615
23	56.4107358651
24	142.286566263
25	154.490726097
26	141.848788934
27	34.539737861
28	78.4157473373
29	24.0062792635
30	73.8950263447
31	15.3758119138
32	107.693223015
33	204.933395514
34	108.675988448
35	126.464042789
36	117.109902711
37	247.424599152
38	8.40711156938
39	50.4694721099
40	278.203025674
41	68.2485922194
42	35.0132521152
43	65.5683228562
44	58.0814371015
45	14.9291003533
46	32.3687196768
47	106.067192935
48	7.20992458713
49	94.8726012277
50	168.106494463
51	171.135198843
52	49.5313778328
53	116.466638064
54	65.5147174689
55	127.598690153
56	59.2250186965
57	143.948333269
58	74.0737109689
59	65.9167578734
60	80.4974232095
61	281.758849696
62	90.8521971828
63	80.64930514
64	104.887874415
65	11.6413032677
66	257.8865839
67	12.1416202155
68	54.3826653802
69	123.631891495
70	21.1562595072
71	56.7055654951
72	120.04926478
73	103.065291248
74	276.532324437
75	140.151285004
76	94.2650735053
77	45.5288422503
78	224.561901484
79	86.027712329
80	66.1937190409
81	226.214734258
82	125.490211587
83	81.113885163
84	16.3853800406
85	66.3813378964
86	123.453206871
87	83.8030887575
88	255.090169531
89	26.8384305573
90	128.626126742
91	127.42893976
92	11.3107367129
93	147.137853811
94	12.5972660073
95	63.6474631459
96	216.762317637
97	48.9506528041
98	36.8000983574
99	202.074441526
100	150.541795902
101	127.562953228
102	150.506058977
103	270.617863376
104	227.55486894
105	32.3151142895
106	139.08811149
107	110.275215835
108	217.164358041
109	27.7943932969
110	105.459665212
111	34.9149755719
112	195.391636581
113	107.06782683
114	174.79823364
115	157.555167403
116	68.3290003003
117	12.6151344697
118	76.2000579971
119	61.4943134241
120	176.862041049
121	9.23799507198
122	213.117151303
123	11.1499205511
124	79.8273558686
125	37.8990087963
126	259.932522848
127	185.555048017
128	84.0353787689
129	141.59863046
130	104.298215155
131	108.005921108
132	25.6144408814
133	38.9532480792
134	52.211647196
135	78.7463138921
136	57.2058824429
137	128.375968268
138	74.6633702288
139	98.9734133534
140	135.425076694
141	171.760595028
142	50.6570909653
143	84.1783264683
144	28.77715873
145	124.91842079
146	88.1451251259
147	87.9575062705
148	43.5186402279
149	103.878306288
150	104.521570935
151	33.1191950985
152	3.58262671554
153	17.9935416586
154	48.3073881569
155	99.589875307
156	79.4074470017
157	83.954970688
158	70.4642815597
159	156.983376605
160	130.448709909
161	20.1109544555
162	24.2743061998
163	77.7278115341
164	178.452334205
165	90.0927875299
166	8.71980966176
167	43.3220871413
168	83.23129796
169	45.5824476376
170	39.4356965645
171	37.166401837
172	15.724246931
173	80.7833186082
174	235.077491619
175	99.5005329949
176	24.2921746622
177	98.8304656541
178	149.693043937
179	168.740824879
180	80.2293962731
181	229.4042548
182	178.613150367
183	156.65281005
184	168.303047549
185	189.807742074
186	95.5248001061
187	208.0782449
188	288.307641173
189	115.814439186
190	168.669351029
191	168.499600636
192	349.274834956
193	234.952412382
194	78.612300424
195	107.898710333
196	257.475609265
197	196.86578473
198	128.670797898
199	274.361306253
200	309.329887212
201	235.729690497
202	376.810135547
203	131.333198799
204	183.089200203
205	426.886501484
206	196.999798199
207	160.226502535
208	193.292092246
209	254.035930248
210	249.774301961
211	173.806533975
212	216.780186099
213	408.750012126
214	247.862376482
215	202.798114254
216	311.643853096
217	212.911663985
218	149.040845059
219	418.926101475
220	244.315486691
221	148.1652904
222	254.536247196
223	168.767627572
224	213.554928632
225	367.107560452
226	150.175492423
227	171.412160011
228	216.93206803
229	118.20881315
230	160.217568304
231	204.674302809
232	207.283098322
233	182.901581348
234	196.526283944
235	243.162970865
236	154.079751462
237	161.968677621
238	203.914893156
239	183.473372145
240	94.0595861875
241	240.580978045
242	88.7705213107
243	140.803483882
244	259.164178963
245	187.49377619
246	185.742666873
247	181.29341973
248	344.521823952
249	247.04042721
250	136.774145606
251	183.50910907
252	154.419252248
253	313.81487128
254	195.945558916
255	110.936348945
256	208.801917628
257	165.193935088
258	184.804572596
259	82.087716365
260	221.327709786
261	158.457524755
262	209.364774194
263	295.928540396
264	96.793460938
265	109.283516171
266	262.2375545
267	318.353460735
268	190.129374397
269	229.189833251
270	124.489577692
271	182.562080562
272	160.878701413
273	152.007009821
274	213.751481719
275	203.834485075
276	168.919509503
277	231.066021805
278	124.48064346
279	252.481374018
280	209.382642657
281	180.828839707
282	228.796727078
283	234.56824044
284	219.228165451
285	186.45740537
286	154.95530612
287	78.0583780889
288	129.314062545
289	148.960436978
290	321.382165115
291	247.058295673
292	226.875867367
293	240.795399594
294	211.232028517
295	202.994667341
296	163.433891539
297	199.626462174
298	256.77873923
299	239.893042242
300	284.787554076
301	159.797659437
302	180.462536227
303	350.302271545
304	168.2315737
305	242.707325073
306	327.698666582
307	117.315390029
308	208.328403374
309	224.195598004
310	132.583991169
311	188.262120074
312	235.202570856
313	146.17295684
314	181.757999753
315	153.293539115
316	152.873630248
317	152.185694445
318	392.239552848
319	430.513799356
320	248.702194216
321	183.544845995
322	193.953225356
323	103.342252416
324	118.378563543
325	266.016734302
326	178.952651153
327	228.680582072
328	204.075709317
329	280.400846551
330	230.958811031
331	240.000253016
332	121.719966016
333	166.677017469
334	215.609801811
335	121.201780606
336	302.691753422
337	155.786189623
338	151.738982885
339	188.485475855
340	271.028838011
341	172.743360461
342	200.510951064
343	133.933060081
344	246.182741014
345	132.789478486
346	283.938802111
347	177.139002217
348	156.983376605
349	111.061428182
350	228.332147055
351	110.596848159
352	253.517744838
353	199.161882152
354	263.005898384
355	143.108515535
356	112.464102482
357	175.325353281
358	95.9000378169
359	481.939234205
360	221.131156699
361	143.510555939
362	114.188409105
363	259.217784351
364	352.089117787
365	181.999223996
366	87.4125181666
367	168.990983353
368	244.860474795
369	86.92113545
370	154.14229108
371	261.379868304
372	185.921351497
373	147.486288828
374	142.751146286
375	150.434585128
376	146.619668401
377	174.976918264
378	126.991162431
379	220.210930884
380	249.023826539
381	151.435219023
382	264.587257308
383	124.945223483
384	184.724164515
385	116.332624596
386	114.697660284
387	113.277117522
388	97.7136867527
389	228.0015805
390	139.597362669
391	257.252253484
392	124.739736165
393	135.889656717
394	329.396170512
395	151.613903648
396	135.10344437
397	294.257839159
398	198.849184059
399	191.817944096
400	243.091497015
401	129.331931008
402	119.129038965
403	229.511465575
404	154.401383785
405	148.218895787
406	257.966991981
407	169.473431838
408	274.808017814
409	236.962614404
410	284.180026354
411	145.511823731
412	156.304375033
413	153.892132606
414	149.264200839
415	205.389041305
416	350.105718458
417	221.899500583
418	313.466436263
419	193.7656065
420	129.474878707
421	235.595677029
422	222.033514051
423	195.507781586
424	97.0704221055
425	214.269667129
426	110.90061202
427	166.855702093
428	114.358159498
429	77.4597845978
430	106.263746021
431	189.789873611
432	150.970639
433	262.854016453
434	114.51897566
435	258.922954721
436	182.847975961
437	316.557680262
438	220.175193959
439	276.961167535
440	157.31394316
441	177.362357997
442	199.74260718
443	204.281196635
444	98.0442533075
445	99.2325060585
446	213.974837499
447	265.462811967
448	251.257384342
449	180.355325453
450	79.3895785393
451	95.3818524067
452	192.014497183
453	115.742965336
454	200.609227608
455	386.351894481
456	140.258495779
457	118.441103162
458	161.66491376
459	236.623113618
460	226.992012373
461	140.615865027
462	125.025631564
463	201.87788844
464	189.101937808
465	206.434346357
466	173.654652045
467	144.895361777
468	264.462178071
469	168.204771006
470	89.1814959464
471	103.395857803
472	166.739557087
473	273.173053502
474	209.159286876
475	175.504037905
476	185.233415694
477	139.758178831
478	276.344705582
479	393.481410987
480	195.391636581
481	96.1055251348
482	102.466697757
483	172.904176623
484	272.163485375
485	171.099461918
486	151.801522503
487	125.606356593
488	140.12448231
489	160.012080986
490	186.645024225
491	272.27069615
492	210.401145015
493	186.09110189
494	133.879454694
495	226.187931564
496	108.863607304
497	161.423689517
498	131.958594984
499	239.294448751
500	271.716773815
501	257.243319253
502	188.190646225
503	139.061308796
504	144.225294436
505	426.806093403
506	223.364714502
507	151.783654041
508	175.307484819
509	169.875472242
510	188.717765866
511	211.205225824
512	174.95011557
513	150.836625532
514	153.499026433
515	78.0047727016
516	143.555227095
517	255.233117231
518	96.9989482558
519	109.015489234
520	190.451006721
521	291.229134779
522	217.173292273
523	135.46974785
524	122.407901819
525	115.090766458
526	204.02210393
527	225.571469611
528	99.7596257
529	354.76938715
530	91.0755529631
531	206.961465999
532	136.711605988
533	98.0978586948
534	195.53458428
535	146.253364921
536	131.788844591
537	149.219529683
538	164.452393898
539	190.316993253
540	123.292390709
541	221.175827855
542	210.150986541
543	147.754315764
544	163.969945412
545	207.434980253
546	147.075314192
547	269.652966405
548	254.634523739
549	248.961286921
550	127.634427078
551	187.824342745
552	107.451998772
553	129.564221019
554	235.470597792
555	174.485535547
556	189.396767438
557	130.028801042
558	172.278780438
559	153.490092202
560	119.53107937
561	162.066954164
562	118.968222803
563	170.938645757
564	138.069609132
565	198.196985181
566	105.968916391
567	183.759267544
568	90.4769594719
569	82.1591902147
570	225.357048062
571	207.041874079
572	239.07109297
573	116.439835371
574	179.292151939
575	295.312078442
576	90.7896575643
577	183.687793694
578	114.921016065
579	237.561207896
580	244.395894772
581	143.573095558
582	66.9799313875
583	181.615052053
584	193.381434558
585	236.480165919
586	129.242588696
587	334.03303651
588	146.7626161
589	220.62190552
590	245.798569072
591	101.483932324
592	142.268697801
593	227.688882408
594	144.520124066
595	220.755918988
596	140.356772322
597	113.366459834
598	198.759841747
599	159.342013645
600	205.737476323
601	131.672699585
602	309.973151859
603	145.225928332
604	161.602374141
605	160.55706909
606	195.775808523
607	130.261091054
608	134.022402393
609	144.010872887
610	116.153939972
611	108.801067685
612	114.116935256
613	159.243737102
614	261.335197148
615	242.510771986
616	182.213645545
617	217.52172729
618	193.140210315
619	175.870341385
620	200.091042197
621	247.40673069
622	240.759662669
623	134.317232023
624	116.51130922
625	138.918361097
626	192.523748362
627	172.904176623
628	113.18777521
629	49.5045751391
630	141.142984668
631	248.934484227
632	243.05576009
633	180.167706597
634	86.5190950455
635	225.634009229
636	264.998231944
637	134.210021249
638	143.689240564
639	136.631197907
640	105.995719085
641	238.767329109
642	123.283456478
643	114.099066793
644	83.445719509
645	99.974047249
646	133.62929622
647	100.778128058
648	106.192272172
649	275.165387062
650	217.807622688
651	225.187297669
652	190.638625576
653	126.455108558
654	160.798293332
655	155.68791308
656	121.853979484
657	188.253185843
658	137.149383317
659	185.215547231
660	84.9466703524
661	133.870520463
662	176.620816807
663	153.713447982
664	167.186268648
665	127.964993633
666	90.4501567783
667	127.223452442
668	276.040941721
669	103.08315971
670	248.210811499
671	127.545084766
672	99.3665195267
673	172.198372357
674	190.066834779
675	145.72624528
676	95.4533262564
677	100.215271492
678	202.753443098
679	134.612061653
680	226.947341217
681	271.439812647
682	137.899858739
683	137.578226415
684	256.912752698
685	224.01691338
686	194.516081922
687	98.106792926
688	189.146608964
689	126.106673541
690	170.867171907
691	179.140270008
692	107.684288784
693	236.095993977
694	104.664518635
695	205.308633225
696	153.427552583
697	203.637931988
698	207.443914484
699	158.680880535
700	139.463349201
701	182.079632076
702	138.703939548
703	85.563132306
704	163.13906191
705	94.6135085225
706	210.910396194
707	243.154036634
708	125.168579264
709	115.573214943
710	149.317806226
711	116.028860735
712	236.167467827
713	272.208156531
714	85.7507511614
715	215.341774874
716	176.602948344
717	152.596669081
718	304.049756567
719	189.70946553
720	251.382463579
721	157.796391645
722	105.379257132
723	147.673907684
724	199.957028729
725	261.978461795
726	131.913923828
727	86.2331996468
728	209.40944535
729	149.737715093
730	176.701224888
731	240.009187247
732	214.609167915
733	209.177155339
734	141.259129674
735	149.201661221
736	248.237614193
737	209.543458818
738	171.537239248
739	114.501107198
740	225.535732686
741	149.853860099
742	136.166617884
743	88.4935601431
744	63.9958981631
745	136.014735953
746	79.4699866202
747	215.940368365
748	178.952651153
749	124.569985772
750	163.398154615
751	167.749125214
752	158.287774362
753	240.107463791
754	162.022283008
755	170.983316913
756	162.969311517
757	180.534010077
758	110.578979696
759	154.21376493
760	133.754375457
761	125.811843911
762	153.641974132
763	126.428305864
764	117.878246596
765	177.800135326
766	185.05473107
767	160.065686373
768	142.179355489
769	184.545479891
770	181.981355533
771	232.495498799
772	154.303107242
773	247.933850331
774	127.87565132
775	135.094510139
776	112.330089014
777	163.424957308
778	167.918875607
779	220.353878584
780	136.943895999
781	169.008851815
782	198.277393262
783	150.59540129
784	259.959325541
785	111.275849731
786	174.967984033
787	119.182644352
788	216.93206803
789	152.516261
790	167.481098278
791	138.560991849
792	210.463684633
793	206.630899444
794	115.483872631
795	210.061644229
796	143.644569408
797	215.198827175
798	150.077215879
799	124.391301148
800	135.782445942
801	183.205345209
802	172.80590008
803	174.869707489
804	202.771311561
805	156.063150791
806	115.010358377
807	138.739676473
808	218.030978469
809	207.19375601
810	197.258890904
811	161.781058765
812	182.008158227
813	128.179415182
814	202.583692705
815	129.689300256
816	186.466339601
817	169.455563376
818	134.549522035
819	221.667210572
820	139.561625744
821	248.282285349
822	200.064239504
823	151.596035185
824	166.489398614
825	121.74676871
826	126.901820118
827	111.945917072
828	142.5545932
829	137.185120242
830	170.277512647
831	115.528543787
832	223.284306421
833	119.271986664
834	154.088685693
835	114.867410677
836	168.294113318
837	98.5803071802
838	94.7743246843
839	189.021529727
840	104.289280924
841	124.695065009
842	201.949362289
843	262.246488731
844	161.584505679
845	144.600532147
846	245.995122159
847	164.550670441
848	122.738468374
849	171.572976173
850	209.489853431
851	309.919546472
852	154.374581092
853	190.66542827
854	193.095539159
855	232.379353793
856	191.710733322
857	211.455384298
858	130.922224163
859	215.136287556
860	109.926780818
861	109.069094622
862	102.002117734
863	138.677136854
864	233.290645377
865	162.77275843
866	153.829592988
867	147.986605776
868	100.12592918
869	137.337002173
870	109.64981965
871	186.278720746
872	252.418834399
873	233.147697677
874	146.208693765
875	167.892072914
876	228.966477471
877	212.706176667
878	176.808435662
879	157.724917796
880	184.670559128
881	77.7367457653
882	231.208969505
883	236.372955145
884	151.202929012
885	203.003601572
886	222.649976005
887	201.109544555
888	195.489913124
889	124.909486558
890	123.488943796
891	119.048630884
892	156.197164259
893	107.13930068
894	170.509802658
895	167.758059446
896	99.1431637464
897	176.468934876
898	214.877194851
899	120.013527855
900	200.761109538
901	143.876859419
902	106.022521779
903	137.408476022
904	237.748826751
905	127.696966696
906	153.266736422
907	72.1260485649
908	173.815468206
909	116.636388457
910	138.891558403
911	199.939160267
912	212.000372401
913	191.567785622
914	111.204375881
915	172.564675837
916	165.470896256
917	50.5766828844
