1	58.1328995931	57.2358060292	24.4449547447
2	48.5020866984	1.71049862448	1.19972819945
3	69.650156593	0.280830136212	0.652359940698
4	66.9528013367	2.10279181768	1.22263267712
5	78.3776160377	4.25680907209	0.405129131299
6	42.6410530449	4.37184646237	0.319213576478
7	41.6355848463	7.53250891976	0.813549735531
8	62.1005661012	7.83699354355	0.387747606853
9	35.9530303543	6.69655420356	2.46529915079
10	66.7180324252	9.25803212244	1.6005541005
11	73.0721368985	9.58501206494	1.58319036395
12	46.8474834557	12.1759985589	1.64677562063
13	83.228580385	9.7340500528	0.437826315048
14	70.6568518477	11.3807315616	0.630421535908
15	28.5099454161	12.47696262	1.82066042821
16	38.8371203274	12.4407935121	2.13024448044
17	33.4528041691	13.2003431532	1.16795929124
18	53.5513586568	13.9674202727	1.49964947136
19	18.3274348041	15.4312017763	1.73912372838
20	62.8562589849	13.6552701672	1.71044764326
21	74.3541768157	15.501921914	0.909704008403
22	68.6161980888	15.5735800033	0.670787318983
23	82.0711771219	16.0296534746	0.476084594909
24	38.7112224422	17.5182012419	0.31364565957
25	50.7099387472	20.9307085066	1.27616462823
26	24.0903842718	20.7154838398	1.33710328795
27	66.9084388413	20.6172357295	1.12392248078
28	60.9819500797	19.9725752166	1.33626552205
29	71.488198908	21.6380146306	2.08095809148
30	13.2385267332	23.8417397507	1.84885302109
31	74.8337816425	23.7874728078	0.936690067873
32	18.3141793646	23.2548155402	0.602993765221
33	45.759493378	26.2718765706	1.26662604781
34	21.353723327	25.5700034627	0.429463820927
35	26.6891363604	26.5081786715	2.03661249292
36	68.8323857095	26.0424326154	1.01887473974
37	40.2977368318	26.4562293316	0.819636115065
38	58.8633778927	26.530536882	1.18552188296
39	35.8762182932	27.7321950929	1.76103783749
40	76.8876247647	27.5856899759	0.623148792159
41	49.9468497605	28.141078077	1.84882229239
42	61.6451558838	27.7562886594	0.797044362356
43	66.0555325707	28.5510334081	1.28747840136
44	80.949036558	28.4792112841	1.21929214353
45	22.432936584	29.8150024111	1.40333976776
46	29.1710816541	29.9661849487	3.44275807972
47	16.4890779475	31.8157315284	3.45641491298
48	77.0500022574	30.8396300037	1.65011861139
49	68.5943054483	32.8277022107	1.36052522329
50	62.0180341374	32.9147853174	1.65243793173
51	47.0283133498	32.246107699	3.66262830964
52	82.5954413127	34.4579735623	0.67479935207
53	39.8312260502	33.5794891744	0.638421691048
54	54.9086288948	35.356183696	2.28179480979
55	23.5874755901	36.4754316199	1.65019554461
56	68.9250335397	36.1387411593	0.511825476473
57	60.0468954311	36.8516361257	1.27601731656
58	51.3683211745	37.2718072907	4.52541933167
59	45.475650876	37.9202567072	3.29165259723
60	73.420235571	38.4851155912	1.34417185948
61	87.9755298229	38.7753341607	1.51294122234
62	82.6239851587	39.93173896	1.2431378387
63	31.0741337549	38.4382040127	2.17790116026
64	57.1281779183	40.5480558551	0.659074747155
65	13.2227380879	42.2823267313	2.18924403314
66	68.6707264023	41.251668618	1.61240549706
67	42.852413742	41.8369395278	2.36654229611
68	26.4978056075	43.2482038822	2.60833176612
69	52.26280109	43.3373789233	2.14480440863
70	8.36599187745	42.9607793241	2.90863736411
71	29.5522334132	43.0560041137	0.503828286899
72	61.9742094564	44.4420831387	1.71462002468
73	23.2679398595	43.8803495202	2.98793044987
74	95.1880614969	44.8048495251	0.564112323079
75	73.1558072419	45.4402649361	2.66628688273
76	81.7914247828	45.6399262702	1.09894938573
77	45.0453736573	45.609338567	2.20798838993
78	33.2655032091	47.4250748535	2.96105593199
79	38.5529311037	47.2363898899	1.47239118104
80	69.0406336931	47.5853170931	1.38893898594
81	76.1002530676	47.4018890118	1.53525276516
82	26.8856116662	51.0149144443	3.99333203567
83	84.7222583987	50.2331691926	0.798072791399
84	46.3421241632	49.6197168336	2.09063306112
85	79.4193643358	51.7909902885	1.09567327077
86	30.7736046486	51.2965190908	0.86681398223
87	21.0365411686	51.1929702255	1.93477050914
88	14.3461948403	53.3397892011	2.14109821405
89	71.4858708638	52.9922005074	3.19474876421
90	36.3832611282	54.2829135951	2.71038240697
91	89.3337858296	53.6294092107	0.762063491173
92	67.0554149736	54.7916908735	0.633145763551
93	46.0019043966	55.3909383451	2.01404449432
94	55.1059908713	55.7463128789	0.393146188905
95	60.6367795002	55.3043038	2.83479629849
96	28.5008164162	56.4856565685	2.31405327535
97	4.08608208088	56.7115891782	0.204952777571
98	18.5386365065	57.667941875	1.43006278681
99	97.6050256548	58.1405459916	1.72972229663
100	38.7331508625	57.6564664042	1.07257816754
101	11.5548329767	58.3264327075	1.16470283493
102	67.8288345832	60.16698124	3.74817751047
103	82.1687295285	60.4356451424	2.58632062995
104	93.3318270586	60.165890555	2.49090348955
105	22.0453680382	60.7434960811	2.31403286979
106	53.194338532	61.645834744	0.953341099609
107	58.3862948964	63.2246820438	3.03292501134
108	97.5577320586	63.3722926873	1.37594655001
109	14.775513692	64.2133988695	1.73459281309
110	81.4679104838	65.901947903	2.38183499172
111	76.7834839202	66.1565311509	1.70841218365
112	22.5919429312	66.3573202452	1.96094807787
113	101.762637636	65.9204829144	0.800386799595
114	68.5242746053	67.4369395167	5.9769572928
115	90.1822551446	67.6019904405	2.13480689364
116	33.4569500093	67.9404197562	0.859727957447
117	38.2935602805	68.0798560338	0.470984008089
118	46.6808124335	68.2723009384	0.415548908966
119	95.0954701816	70.4543535546	1.24608193753
120	35.9285251637	70.2477991253	0.712412292879
121	73.0591646	71.6969411246	1.324289448
122	42.4110562479	70.9795890269	1.10448397397
123	81.5205228797	71.169425127	1.33783894996
124	84.739974433	71.7707298721	0.976832834433
125	51.1419910547	70.9033901064	2.5682315774
126	58.3679900397	72.2215844572	1.95288235992
127	77.1487175791	73.7305974843	1.66286945932
128	32.4762191797	71.6006020082	1.48747099374
129	24.8926350736	73.8524538806	1.54783255541
130	68.1518532575	74.9350612391	1.10717849237
131	88.5935050954	74.8217963737	1.67875497211
132	51.5197942319	77.3409124304	0.627228750846
133	9.43475744209	76.1052870843	0.472518854686
134	81.0845759213	77.8085074951	1.69209386532
135	29.0345585719	77.5881845389	1.79126705813
136	36.0830387645	77.1100008987	0.862458927736
137	61.085602339	79.8545842798	0.84089383412
138	18.6717441553	78.6859699677	1.06702077349
139	74.8968748789	80.0007676402	1.93694004201
140	68.0884640748	79.6654845455	2.12839763253
141	95.8564000317	80.1119276061	1.51524489573
142	44.6749921103	82.8459253662	0.945700016411
143	31.8479028412	83.4631180235	0.993265535895
144	52.0383329244	83.7438214362	1.20888049298
145	75.00948465	84.0325358797	1.26238879672
146	40.1401420088	84.2447988945	1.85024028643
147	64.5907703068	85.0087432737	0.479765337576
148	15.3463471404	84.9291938857	0.393582886066
149	61.3279753356	85.4669472338	2.11941539819
150	78.280369227	87.8605811372	1.34167625032
151	49.6345925505	87.0702616633	1.5685839131
152	69.8291393003	88.8232944444	1.1119811016
153	63.5604764962	90.1717260435	1.51603498542
154	81.9175000424	90.8157022636	1.22588844522
155	43.3803209434	91.3914258671	1.71588670415
156	71.5399878226	91.6933733583	1.80924153847
157	50.384604973	92.9313088337	1.68123256091
158	77.1919844262	93.2152820764	1.76261101954
159	24.6717039054	93.0555044841	0.417600489406
160	64.8803519807	94.3710594391	0.569742941424
161	41.2439740499	96.3756199371	2.31171666346
162	80.3249944897	96.4413560378	2.06806770775
163	52.259801284	98.5160478269	0.945730474259
164	60.2687810675	99.5790936367	1.10363382059
165	67.3980943255	99.0630503483	0.534684774762
166	52.0174682632	102.942846509	2.54415121398
167	57.6942068887	103.354256987	0.928156939525
168	61.5625533794	1.51069132858	2.21623054075
169	95.4080168551	40.7051151925	1.7875743995
170	95.2594715763	48.7704938434	2.02919834222
171	37.5334354222	1.23180330826	2.16103619422
172	70.8776266659	97.1499884623	2.1478382697
173	55.9228036737	7.78858522927	2.15562837018
174	79.066862612	10.8835618551	1.8931298907
175	64.4874554158	38.296363387	2.58090196737
176	15.4755425542	71.2072861392	1.45504819498
177	57.679999513	90.4895804862	2.31680549249
178	85.4691655264	92.452215135	2.25803109935
179	44.493285241	18.0830943668	2.49061101363
180	33.4313334999	18.9546510242	3.77655532637
181	78.1372799339	19.6538921689	1.70808354677
182	23.361212964	25.8807973294	1.6294371155
183	18.4949826023	41.7466582278	2.3642352282
184	36.0298583763	44.0214564907	3.50945628554
185	83.7101024531	55.1051123266	3.66275194168
186	41.5824108216	64.6500578883	2.93267154529
187	68.9362325488	84.1283623257	3.25610605431
188	29.3652220085	18.5155623158	4.09453234872
189	71.3685292375	30.9693715931	2.34346314668
190	35.104428708	35.4889469222	2.59634656176
191	100.860648974	53.2712970798	2.18584977299
192	75.3970142483	58.9249219433	2.24614742212
193	7.24517031583	61.2521679289	1.98878511585
194	46.374032628	77.0351380035	2.25630952514
195	23.9963718663	80.8650613445	3.06805429774
196	31.0667363956	89.6756193185	2.17690077074
197	43.7692977438	101.380424207	2.03357966396
198	91.2130386639	43.3810427286	2.53700791582
199	98.6585963837	74.9866774483	2.32512450999
200	13.8747247511	78.1424102839	2.1906931738
201	40.5474862393	79.7917240327	2.38205808153
202	47.9679614419	97.7788793034	2.6865449706
203	39.3274083546	20.0901499925	3.22499023291
204	54.7244368716	26.4448991141	2.73216606851
205	93.7832659499	74.2958588588	2.26240535774
206	87.3735230826	83.1676077876	2.76266868482
207	19.3524608079	85.6888308304	1.68549174239
208	55.8931578964	1.80632244171	2.32956880027
209	84.1697044018	31.2700374702	2.80677067297
210	56.1857417868	31.4662414663	4.0146558376
211	40.0359381871	37.6443279068	5.43880689846
212	89.2319731541	48.9513543165	2.81661979117
213	101.812542267	57.7359559269	2.42163600815
214	48.6089984158	63.2618449974	3.36002881362
215	96.4974515593	67.7184828115	2.85553565422
216	56.2839238501	79.4894961052	2.31925109208
217	37.9990750012	87.2413933451	3.04000085566
218	88.3695806995	89.1118333072	2.77991628697
219	36.7745416742	92.5052069434	2.72283417831
220	58.7469577718	94.2483228455	3.01949287058
221	66.1085080145	102.477074789	2.67433857593
222	56.2190575587	21.1525813448	2.7171258441
223	64.8718701835	24.9292748885	3.29840794733
224	76.2346745514	36.2465433249	3.58597596485
225	77.8921185609	42.4211872031	3.84787237253
226	91.9750925094	54.0755637143	2.66250228143
227	34.4577133678	61.2624774489	2.57626714507
228	100.04407067	70.8650133203	3.03527011576
229	84.1127063423	79.6593331165	3.79308636986
230	64.6770163046	97.4745689638	4.36065497213
231	22.651127986	10.2758343354	3.55928999816
232	57.4825281583	14.2174925635	3.1064527582
233	78.4435526629	24.4878818731	1.91772114995
234	7.3644764453	52.3202696801	2.22939410763
235	29.7945545384	65.6891976674	3.01314685392
236	58.5468520686	83.5396410706	3.24316541991
237	27.8430129042	84.8536366821	2.79881759348
238	75.4683030367	87.3095949183	3.15151370796
239	42.1928866097	29.3011306421	3.17314667054
240	22.4054658803	57.8946300238	3.54501518886
241	10.0566093645	69.2710018836	2.42748566614
242	80.369118301	84.03177097	3.38641714176
243	92.1754921705	85.0961110635	2.42235704534
244	83.6830572105	87.905942178	3.0471849027
245	36.3933632529	98.2852203221	2.61417404069
246	29.4458003411	4.51378457766	3.33289351918
247	39.1097385605	31.0982098836	3.94710182393
248	90.1346081175	35.5678549689	2.87117145611
249	85.4280580956	44.7231729265	3.32720046353
250	14.1736704782	48.6532065473	3.40167505733
251	35.3905008993	65.0798512661	2.8398899169
252	87.3575176472	70.2048121614	4.3920064669
253	64.2877097576	75.8388938814	4.28209644967
254	62.2360639733	50.7222944635	4.01345347029
255	49.323055676	56.4586103324	4.49235667876
256	86.4428185649	63.7288565503	3.47207170788
257	49.2012875171	82.3691335563	3.68052619315
258	54.6327948977	98.1513645874	5.23981124758
259	90.9855282359	78.7938578577	3.23101871572
260	54.2422131655	51.6675762309	3.71780769144
261	19.4194776047	72.3519228178	2.39252020008
262	95.7137443365	52.9515599442	4.39202584886
263	81.7984660747	74.1525571692	5.43443009174
264	62.0656388072	6.18623385202	3.42262168142
265	50.5595917071	7.13452986564	3.64534111926
266	10.4144835008	33.1611439858	3.74188177353
267	19.6246027807	36.5930986595	4.55489403573
268	27.8495270643	71.5865731763	3.77295315407
269	29.656373708	94.3195094475	2.31905339663
270	72.5950358477	2.53363868513	2.62069148795
271	76.745532886	16.0641252292	3.47451169958
272	64.1983433933	17.2116470092	3.58167467278
273	25.7970357843	61.6598780287	4.70142104136
274	77.1616454035	69.4380933853	5.4585524438
275	70.8590128802	73.9222472405	6.7020472712
276	40.2132339195	75.4190109512	4.24620678772
277	21.2092725813	75.5704940703	3.38962527041
278	23.6328588955	87.7292594818	2.8161309907
279	70.4077837498	15.2795363689	3.69809468968
280	100.997007645	62.3573992139	4.04101778721
281	94.5533112079	64.2123159475	4.12759875126
282	72.5098155983	77.5617193439	5.46749696065
283	35.3355733909	80.8782679245	4.19825608749
284	67.1124326071	90.9765172462	4.41597984889
285	43.0148805822	3.6788067081	4.72504287778
286	58.3376648231	8.94832606409	3.96621607506
287	77.555356555	52.4007656153	5.22259306353
288	46.3580787567	71.4756502616	5.01064356626
289	85.3512259541	75.3153032868	5.26494662937
290	75.6284647851	5.90988413771	3.60559533861
291	61.9886688065	30.1168004148	5.037716161
292	81.8944759619	49.1170559782	5.21564215403
293	99.6215662284	49.2966897201	4.07035723276
294	86.9053375856	53.4446147944	5.68375039083
295	83.8457768397	36.3552608189	4.65172038064
296	89.2808381272	58.7481400714	4.9366846524
297	68.5295456343	7.69310172465	3.90242756934
298	60.8823980776	25.1523945465	5.4195609538
299	71.546467382	26.6358492752	3.83498360279
300	79.0810841173	33.0781954933	4.46930643537
301	33.5398168364	53.1548381068	5.85245217312
302	55.5036667644	58.0711039801	6.09820965435
303	100.804444229	66.4281496438	4.3044887099
304	39.5380919926	69.8565610901	5.04482839104
305	54.5016923929	76.8318817236	5.28749753623
306	44.7175374343	35.4451643067	8.38525202599
307	81.659301462	39.8488107443	4.97367077066
308	58.8882687351	42.1286936782	4.71119524839
309	17.9896026004	66.7072160089	4.1927115787
310	57.3984196695	86.697559704	4.97611436559
311	23.4926556918	17.2812604663	5.03728126342
312	46.1145052737	20.8684837458	5.01146911766
313	42.4095352557	22.560810862	4.89281889177
314	30.7765290786	45.3038409086	5.79564242051
315	97.7601047897	45.4608648453	4.55445160359
316	41.8312331316	59.9018862317	5.8981840367
317	89.0662020737	64.8654654062	6.22869288062
318	45.2275747948	88.2794433274	5.81288193183
319	74.988799829	94.4763828448	5.42965075962
320	50.6107741894	19.4854535967	5.52010873589
321	35.0664224025	40.9406579677	6.6885945028
322	41.4447801232	50.2234978137	6.58238626025
323	77.9215521893	75.8611360857	6.01244985365
324	95.6531175268	79.483877541	4.73145281143
325	64.8332782288	80.640831474	6.31695441322
326	63.1189185702	86.5837519372	5.99100297015
327	68.6542709575	47.1634606864	5.75386831497
328	16.0285238175	59.5638873732	4.9809313943
329	93.555769717	71.5547309641	5.68074012656
330	70.2101169313	87.1051882736	5.81417345112
331	58.1782041077	102.974037869	4.04986425152
332	72.5294239476	29.9034171737	5.94370276596
333	18.6063859056	80.2931855122	4.70119487626
334	77.8149973684	28.0803271212	5.10002971253
335	72.2845717509	41.9854842292	6.35532393158
336	60.5073250993	72.5023817751	6.38552865344
337	33.3670298521	87.4476932811	5.60206254755
338	50.0692520897	91.2084371379	6.0350238459
339	26.9590750274	24.1359653758	7.39978879393
340	19.544902402	24.3929638043	6.46984863991
341	47.4133203096	27.566243563	6.89300035193
342	66.2066355538	32.1083106458	5.77878088408
343	20.8411832005	47.2350358698	5.90283970287
344	54.6512674474	71.4659852485	6.78548132678
345	33.6550093412	74.4762844812	5.58259872393
346	88.9086426299	79.8287630402	6.60004356671
347	78.5249963575	90.7864810594	6.17236325595
348	67.8159922452	18.4828428105	5.88631724858
349	66.8812289804	22.107908389	5.79494754671
350	54.2413374501	46.584751734	6.24617078673
351	83.0479703739	69.6801397556	6.67117346248
352	29.0663126774	81.6156773153	5.9960138802
353	74.345814298	82.6356955504	6.57217778588
354	54.5625077978	91.6255598965	6.04491253492
355	71.090129771	90.7156971071	6.68211788681
356	63.3520577142	12.9532868714	5.84889308655
357	74.1856123407	22.0154231441	5.45445262011
358	68.2181878743	39.0794893258	6.00026982291
359	87.8630635574	40.804274958	6.59705488212
360	40.8479641683	44.4232094534	7.1730553634
361	46.0921110676	82.2336648153	6.17584191454
362	69.9064689279	95.9527396886	6.54687487232
363	46.4772007774	101.254678928	5.48717081249
364	27.2306959437	38.2358409692	6.65647503412
365	59.2658494062	40.0494172513	7.03596010676
366	11.5392650603	63.0145749506	5.73098163941
367	91.3119961293	85.0917092393	6.05993027403
368	81.3518986533	95.2403210374	5.45402996062
369	67.5371880949	1.50449265744	5.50755631399
370	50.0857064269	2.13170381197	7.23320291949
371	30.793678164	10.5700164034	6.89269127884
372	58.1469137076	19.6532792155	6.24435305937
373	99.955771433	55.9671691755	6.03499350829
374	73.9285563473	64.0901028256	5.31195772829
375	61.1525548167	65.7326008465	7.80533051354
376	57.0838909961	80.8828925571	6.49820232352
377	46.6151579456	95.584804349	6.81173468126
378	75.4131209925	99.1868376151	5.88810524557
379	49.8855837105	13.5973819863	7.04029218572
380	33.1721593633	32.015823949	7.25862637409
381	91.9117621244	46.5614517839	6.47999221829
382	78.7049494042	60.9706666098	6.83870434468
383	80.4714755088	78.7580645708	7.9420368022
384	53.6029904341	25.0589171455	6.71695055071
385	35.8834915742	25.1465220677	6.77310853447
386	51.3694634137	42.4339258222	7.06083825017
387	10.6137782616	57.4676398571	6.20124308094
388	74.7635301418	57.1554694914	8.50792663367
389	70.7330765009	101.06022149	6.34123157915
390	17.0277043535	17.7198599278	7.36899609097
391	60.9644350484	35.8614100906	6.71253519022
392	74.3651547854	51.0081930949	7.39706365116
393	17.6870224179	53.7344348589	6.66192827884
394	11.1534015471	53.7443453052	6.70352821793
395	32.196632436	60.9114752558	7.4759227508
396	90.8682271801	74.4646293325	7.60491484993
397	84.0323166772	84.6127292129	8.04412910196
398	43.1872904258	12.0264350719	7.19961997071
399	21.607568514	58.4515349081	7.03637751811
400	44.0916672995	78.5051815627	7.4834453008
401	26.8085901427	88.6802763523	6.55747432819
402	85.3372782372	90.9243041181	7.28294802411
403	59.5185062069	98.1571306969	7.50068903839
404	54.1659187511	29.6988036125	8.4955997036
405	93.287539308	39.9222833186	6.87699880564
406	23.800639556	53.6807450778	7.98663491117
407	40.0899216499	92.9860894654	7.02105082985
408	51.4092016212	34.1468159633	9.93596180985
409	15.9487346256	37.6028817551	7.98201936863
410	47.8541335344	47.2687862676	8.23726832884
411	41.7881911072	56.808991493	7.80539150529
412	85.8335292234	59.579039637	8.95361447357
413	94.8422764237	59.2565686518	7.16779339052
414	16.3149995183	73.2664022342	6.68881034975
415	54.3477547336	86.1378113277	7.58231978806
416	63.2432387831	5.0225701935	6.76912522549
417	72.855811514	10.4743265986	6.72111138313
418	45.9582040556	40.9510338751	10.748856794
419	45.1066242566	66.4896035792	8.29580507217
420	23.3679511199	70.091091031	7.73615978418
421	85.3920929028	33.5501432582	7.4527556732
422	81.9712016068	42.1282488621	8.15859676332
423	52.093378145	66.2081353327	9.03154463377
424	74.5003371088	69.3263421203	9.04699105562
425	37.2147568237	71.8966742746	7.42068681241
426	25.1320870631	76.1748126747	7.79087334201
427	57.2834814415	3.98857690946	7.50374114454
428	38.1901426057	13.7743292835	7.93691359429
429	22.1670565071	31.9317952271	8.34692286467
430	16.4395462237	43.4262393008	8.45861929289
431	63.9382300127	47.7378600206	8.49524421004
432	85.6741445898	48.908976161	8.87448049621
433	93.5384487913	64.3693912859	8.35584203287
434	80.4291001393	88.6060771599	8.48361445205
435	62.0538049116	102.417771984	8.00066090663
436	33.1938112119	3.01383648564	8.87345431883
437	40.4970016863	26.6720022006	8.32068769254
438	57.9210952172	30.9873797717	8.43009319399
439	74.9059822646	46.8153043777	9.35361945868
440	92.4444903474	53.906591966	9.03358322273
441	62.7791321522	58.3531363229	8.98619429787
442	49.8481204813	72.086916038	8.93371399512
443	96.4860289164	74.5841460478	7.94006411795
444	64.0293169252	90.2488158913	9.30445419159
445	59.4978541692	91.3617726914	9.48547502784
446	72.0728803231	15.1395584897	7.84364371612
447	65.585814726	24.6859418946	8.23047766855
448	30.2549560959	67.9961646206	8.29800311472
449	76.0969591424	85.400566323	8.78583062169
450	68.7547708912	5.10258443963	7.92233141059
451	20.68042445	64.1225404895	8.21879632605
452	42.242000083	85.5726383656	8.45570488714
453	34.1277428447	93.9824262559	8.24139350207
454	40.4952139341	98.2781632469	8.07349972597
455	52.7013384795	52.9677183254	9.07956468033
456	68.4929988958	55.2868171062	9.47746758426
457	83.4143856679	66.0936916595	9.98895303775
458	32.2436277888	76.6978920476	8.59323209696
459	21.0019354195	80.0702393302	7.86399376051
460	36.3779729747	83.0381748435	8.42602996885
461	35.119274509	38.2675960488	9.4836597294
462	98.5798368944	66.2454561059	8.25067214612
463	62.3481855096	20.0453477196	9.05189842549
464	79.7714753572	30.7515167468	8.28406094862
465	73.6495719342	34.6016902519	9.64368972885
466	33.3437591614	50.2288275461	9.36652614925
467	98.9183961537	57.4379888273	8.41531085573
468	27.7835749061	59.6237962863	9.52958305377
469	37.0835399982	66.6624129141	9.02142032746
470	68.142404248	72.1525905173	13.5372723864
471	51.1214976173	76.6368319356	9.52194184635
472	24.1229181955	9.30651472322	8.86548269397
473	59.1151810697	11.0304825514	9.05824526082
474	65.0034508319	13.1176157913	8.4351438875
475	71.7587810101	26.0897792341	8.65922845441
476	87.806046807	36.0792170682	9.26061902072
477	89.0998698594	45.411591304	9.76747508097
478	26.0467432884	47.7602133183	9.95811438973
479	57.1866645985	48.1777940062	9.94042298135
480	90.8205849415	69.1447152955	10.090117868
481	14.0210734444	24.6959954462	9.70535045331
482	93.3401795238	80.0475249654	9.22588930122
483	85.7443868453	80.3456373154	10.0343203411
484	55.0960473565	0.375018522316	9.03036795529
485	36.6557980687	18.7152982786	9.49926827049
486	69.5771184396	38.7999825274	9.82321476176
487	79.6976280748	48.5718711246	10.5812350622
488	84.9173220969	71.1043956035	9.7503721803
489	40.3101485046	79.8489215477	9.65080484958
490	53.549550278	81.3066448771	10.7834245619
491	53.2926166562	15.2562637644	9.4798466177
492	70.6491678445	21.3389668577	8.65817728097
493	45.0883648121	24.5875175507	9.52763332548
494	79.4459563527	36.8478909047	10.0407999339
495	70.2130489422	47.9227448581	10.0890510484
496	11.8308024747	48.2701481749	9.72998033526
497	47.432392675	53.5773912468	10.3845160539
498	48.6541003929	60.1237285538	10.5509925452
499	88.5739149211	74.6250471285	10.1727163876
500	35.8383998035	88.222590908	9.87942872961
501	64.0104808848	96.2366470629	10.8446099942
502	51.462996952	101.504411318	9.13139272873
503	63.2191351987	38.3065280591	9.5293312873
504	97.1470337015	49.9210582229	9.37620692942
505	81.4618143997	54.1344605167	10.2295513952
506	35.820600857	60.901727036	9.89131660329
507	63.5474894424	76.9494336887	11.2703632121
508	76.4749284033	81.1485137073	10.9326253527
509	30.3601782509	81.6438240981	9.83749677709
510	73.4226423648	92.7938413409	10.2515152348
511	53.386127848	7.2632731748	10.0674530202
512	56.3210866603	37.7029363605	10.4914080496
513	15.8429900579	66.5599329503	9.31571833653
514	68.0263406699	95.6022745337	10.0806765864
515	23.5126164543	39.4684299601	9.81101997023
516	30.805198943	55.02259157	10.7851665587
517	41.1736484385	63.987647511	10.74465018
518	36.2394723902	7.71003197643	10.1758874566
519	52.5995319539	20.7321860826	9.82125384306
520	64.1249997058	29.2452427382	9.91781759002
521	44.4987269459	31.6057950957	10.5146233708
522	75.887060989	76.7649923789	12.1081713343
523	69.7508881487	80.7175884889	10.9906508145
524	60.1971105844	82.6687449218	11.657350763
525	89.2604637288	85.0038362458	10.014754213
526	51.2601493214	95.7023637637	10.7841262989
527	46.8392687903	8.38061363074	10.0847845983
528	60.8379126854	25.4851274187	10.3203871333
529	73.3659714268	61.4378032546	12.9081009909
530	80.065253165	71.6543917538	11.9924006887
531	79.5454956062	94.8687909765	9.99916334744
532	56.2201595247	59.4377475688	11.1506931186
533	57.3925721813	71.359936709	12.4253574324
534	85.233379626	89.6324229343	10.4822471882
535	40.3655268462	42.937353021	12.2426167551
536	20.799247109	57.6194586943	10.2538879816
537	81.319507564	58.9229872558	11.991520219
538	65.7495368972	60.2217772833	13.1744994839
539	67.8389641452	85.9121720932	11.5607563129
540	52.7794661699	86.1593997034	10.5989148245
541	61.8131387781	2.10711866272	10.5395695715
542	74.9001683114	41.3920374595	12.0887207423
543	47.7304121561	89.8074426124	11.2805146778
544	72.0840366415	98.9176514074	10.6937537291
545	24.5159311198	16.3216241653	10.5987861316
546	68.0683204221	32.5907285921	11.1028283826
547	93.6128261387	43.2689276815	10.6044771931
548	29.337158932	87.9627338756	10.7682101959
549	33.0502683498	21.2277334439	11.3547950386
550	47.3705041806	25.5374834434	11.7323134569
551	71.621222685	28.8767873292	10.8351703547
552	84.1740149211	40.6054165326	11.3062644468
553	30.246260155	44.0720844218	11.617307027
554	18.3063733131	50.3558094193	10.7014815158
555	38.3571121769	54.8921406464	11.2552596546
556	61.3350387752	55.7291690475	12.6901860954
557	58.4031771555	18.2761286891	11.5387342781
558	11.828187277	41.434510772	12.1101236254
559	62.3485574894	44.6126609972	12.4230365637
560	81.5482943638	64.1024681247	12.8745856895
561	43.8116651299	72.0369093695	12.1939872582
562	63.1022173567	73.2113239852	13.208121065
563	24.5976115386	81.8848919369	11.0847929457
564	44.2212626433	19.4389008652	11.6100041376
565	54.3154770667	44.1301835682	11.8059869236
566	14.854558746	60.239335912	10.526382813
567	97.2256722478	60.2779080837	11.1674866208
568	81.0525558507	83.5570384103	12.0543390279
569	11.8906884959	32.8331827591	11.1976069031
570	89.0579346523	51.5838985693	12.4139010619
571	44.4810058811	53.1895827155	12.0227312164
572	15.031991669	55.6628760295	12.0024396704
573	90.7140734707	58.7683743688	12.6094396481
574	43.9060252499	75.563650692	11.8579947345
575	27.8482298904	30.6802846715	11.9464444181
576	35.8578599813	31.5621601422	11.1868106758
577	62.5343122459	33.6508262271	11.810055965
578	40.476443772	36.6488482651	12.5556434245
579	24.1587311071	63.0461561429	11.8894973994
580	89.7967822705	64.3635623963	12.0937184856
581	73.19644137	73.8096087859	13.5659492771
582	67.4444693781	93.2478674792	13.3910128471
583	45.9147087508	94.6394598478	11.6192021264
584	56.3682685679	95.9430898509	12.4211691993
585	43.7611098423	98.6086269308	11.4828226297
586	65.8454407401	7.6009020306	11.0986107702
587	32.5990326843	14.7420084852	11.5082494096
588	57.2521656607	23.5375891786	12.0692850607
589	34.6703407223	44.6539299531	12.3387189193
590	47.0755167542	47.0362192291	12.1079955541
591	39.730885092	48.8787870096	12.2446173248
592	65.7889947552	100.756150015	12.1731337202
593	41.4763100472	5.32822272219	11.6342046679
594	67.198110731	16.9273118642	11.3866300165
595	54.5975919493	89.579372333	13.3291608827
596	59.0713229337	13.2032763238	11.7580965228
597	66.2368184905	48.9334432821	12.4032855589
598	76.147433415	52.5375027589	14.2817964756
599	55.4176694129	66.1264837196	13.9719213532
600	96.0286476006	66.8159810747	12.1996621181
601	40.7987872373	68.8055468097	12.7389550817
602	30.7719637036	73.6700276224	12.1721782499
603	84.3925936357	75.7729960527	13.3168994876
604	81.6116187713	33.898506857	12.1434053651
605	31.7837179966	37.2113062936	12.5263392413
606	69.6256705264	54.5571773101	13.4868181826
607	27.1339317229	67.6598458237	12.7237822091
608	94.2333857663	73.0777157514	12.4043500071
609	37.2759690088	73.2575440391	12.5211652537
610	43.4761574837	1.06176564165	12.3597426299
611	84.1984659498	44.3436462639	12.9661130068
612	83.5858592014	54.6848461802	13.3022876318
613	71.702709628	90.5051307844	13.3868475137
614	38.6360207982	25.3198818792	12.221047124
615	57.901507699	27.9407708414	12.5745303919
616	50.4453374235	41.2067344793	13.2869167576
617	77.8036637451	45.6372166945	12.6312300171
618	33.3348439423	50.8301775975	12.9969376292
619	90.9928395153	79.5056210779	12.5315503131
620	33.5155358543	82.5597558836	13.347748832
621	41.7649723155	91.4692817934	12.9498283519
622	65.4260531472	11.3777221519	12.488069203
623	66.4687065685	22.7410057819	11.7555336935
624	88.6629340226	39.71496767	12.9578522188
625	96.0498530169	54.9111960117	12.8220419753
626	44.0350154446	57.643559879	13.1183094818
627	62.2619303231	66.0249496346	13.1333173398
628	87.3571260649	70.5790656777	13.7370386456
629	50.0129360738	79.0741532527	13.5361881203
630	71.7047553822	83.1189988705	13.5477316105
631	61.2175079315	87.1613112016	13.5142504005
632	28.2622121645	20.3246168167	13.5174950295
633	47.5682144004	21.330312011	13.2558333944
634	41.071251041	30.8159555085	13.3936487627
635	20.4046959402	45.2192161618	13.3641439847
636	76.9406901833	66.9749046479	15.3970422804
637	76.5315570584	71.3072387609	15.1165240935
638	47.7128647864	84.5006613342	13.9878784255
639	75.125761641	88.1702995878	13.1177207874
640	55.2567885993	2.03644710443	12.4247995171
641	53.1397956899	10.533404053	12.7695972173
642	38.3792814754	19.1006834427	13.10391194
643	50.4076310559	63.0110923849	13.8885155679
644	21.281623692	73.4299586564	12.337551448
645	43.871131174	86.7795126213	13.5151785611
646	61.191506822	100.857414537	13.1542347058
647	58.4330856255	40.2006167665	13.982493567
648	94.2226616337	48.2958550952	12.7815433184
649	41.9106713153	60.3588441327	13.6041713886
650	59.9728787968	5.85952290315	13.177782746
651	47.8295580172	6.67557450809	13.5558088218
652	39.3999213417	11.6237291993	13.6814320473
653	30.6197496268	26.7314775927	13.6669764509
654	65.0488449332	27.3332589475	13.3175944467
655	74.2250407149	31.8719423929	13.5229455928
656	57.3387212849	31.7301003574	13.0512860932
657	67.1350980419	65.5431653618	15.7977801799
658	47.7341712122	67.7889005206	14.3929372242
659	77.9884661939	86.7235990473	13.5158184737
660	60.0558033858	96.3055219165	13.6930046355
661	54.8726868405	101.047611386	12.9680470502
662	47.3646284984	13.2581779412	14.4558462148
663	52.4254337113	29.2742857568	13.701217857
664	18.1664959657	30.6983655924	14.0910703677
665	60.9464478368	50.5418890384	14.5792587999
666	57.3427291963	77.5115702971	15.2186415621
667	39.6518333427	80.9037356984	13.4272403481
668	51.1618147201	2.14100319444	13.8314193544
669	52.8750092067	25.1630093956	13.9977721326
670	33.6632199676	63.3962091965	14.0447044827
671	84.5735658989	86.8635454415	14.2552999518
672	80.7684222458	90.8243319363	13.7722586169
673	22.023675243	24.7187636219	15.510008133
674	51.0756921811	50.5668997202	14.1549997896
675	94.8975044892	61.4560609442	13.9690517775
676	76.8783358642	94.6149317324	13.3342323833
677	66.5569354256	82.044301876	15.5824443998
678	53.9333546923	17.2158533041	14.3852387024
679	21.4187780048	20.701582903	14.2660512674
680	58.5847435553	35.4188063112	14.6451911859
681	23.3326386357	52.4584873723	14.0308675255
682	36.7128052252	93.4319846463	14.2030690665
683	51.4342237398	95.4730442744	14.3752047498
684	30.4611556972	12.1884062864	14.4701304868
685	83.4497685376	36.6726090379	14.1092836237
686	18.9975012719	38.5765279691	14.3627019884
687	57.1631165288	52.8814699184	15.5570698126
688	21.1212383507	66.9924822963	14.4942713363
689	51.9682966734	72.0906082734	16.0965340617
690	61.9539450152	93.0729883254	15.5849613226
691	37.3299908328	2.49311288146	14.5498717425
692	19.3307038578	15.3902315747	14.7326141588
693	72.2187060305	47.5645524139	15.2352385596
694	83.4032062426	47.5355456368	15.5100003206
695	35.5647383491	69.2197731023	15.2798800067
696	25.447490571	9.33867688236	14.882154415
697	65.7755741936	37.3010462113	14.8017974682
698	27.1148975657	58.3034713246	14.5614983815
699	69.5969015266	77.5607138936	16.6996319784
700	38.2588780677	87.1730611291	15.1853380276
701	68.9927695634	45.8345486861	16.6503467933
702	36.793240621	56.4649752727	15.4247255749
703	86.1251625419	64.0672565	16.0271052994
704	81.2028347458	76.8383248239	16.410620909
705	87.0115858955	82.4787056483	15.1401645463
706	40.3915437662	15.4678603668	15.3714214418
707	64.348750799	41.971125785	15.352097162
708	90.2375573542	45.8347935152	15.425657454
709	19.555692864	59.1946822315	15.0676812711
710	41.6721060874	64.972810774	15.0743339836
711	94.0379784133	66.6799732846	14.7351678441
712	45.9053431978	79.5544744976	15.6893730944
713	76.4246303516	83.0891843219	16.3720329965
714	69.6586506786	97.7668535046	15.1135692676
715	62.1750833049	16.2382720811	14.8912695501
716	52.9022460278	33.6386701819	15.1675334859
717	79.759029619	41.653584934	15.4260130298
718	27.4271837921	52.8846850562	15.4414100669
719	90.0529142273	77.4448380739	14.7279218904
720	61.997349434	22.2834567196	14.7402394212
721	34.6319230764	22.4433882895	15.3702848705
722	87.346662637	56.911179443	15.7401526409
723	53.9027210635	56.4606569403	16.172522223
724	79.5849237594	62.0647889204	16.6762010196
725	50.7046361874	20.5427286375	16.0601528813
726	26.748205195	34.4558165046	15.8319364355
727	56.3578196615	47.7986845153	17.009803232
728	73.7482611071	54.5235025586	17.3051133439
729	29.2002404101	75.9572890624	14.8456492166
730	32.4384129044	88.9260007089	15.5409484371
731	76.2388054886	39.2772836565	15.7396494402
732	27.4980056058	47.325937173	15.6286910298
733	43.3669560345	50.3792042528	16.0716413389
734	25.8205918315	78.7493703348	15.2127791655
735	49.2884645087	46.0933096865	15.8743719014
736	78.3691457102	57.6424807565	17.1080627183
737	66.7512620631	90.0150363129	16.7270701843
738	57.6303709839	8.04539987454	15.3251508747
739	47.6822826606	26.6185865536	16.1645892281
740	83.2051155382	51.6063221222	16.9654496012
741	93.3229210185	52.4223016838	15.2840824227
742	55.4392396488	60.4774344198	17.7968208039
743	47.9990960977	61.2416718901	16.6612350767
744	46.7520190093	91.5861391224	16.9047056381
745	54.3036665712	37.4046557546	16.2381307909
746	30.3798657087	69.4841235835	16.5721372359
747	62.5731133041	80.2831435937	18.1096432515
748	42.1358008399	82.9377431285	16.8161297083
749	57.7818410442	92.7928372082	17.4280676622
750	45.0381161532	3.04982606859	16.2026192325
751	60.3202518752	27.3475397827	15.8808949916
752	66.4241376391	32.1469266664	16.5367512478
753	47.9142621224	33.0037481226	16.0831554465
754	91.2554693951	69.6868297495	16.7360288398
755	49.2014127265	75.2326762529	17.3939300547
756	37.3755374116	75.9701964096	16.4283024604
757	51.8047170047	84.9855884364	17.6119752411
758	59.6324441903	86.0347633387	16.5191369981
759	32.3969464254	6.27522585823	16.3872043222
760	44.0679802554	39.2689574744	16.7460165099
761	38.2574030547	40.1618799076	16.275581696
762	70.1210588065	58.4752686353	18.9981131377
763	82.0592144175	69.9798308687	18.246848542
764	70.1584343609	39.8028885531	17.367872722
765	25.8398428526	41.4955413066	16.9246500157
766	17.1237702324	49.8175807567	16.7124408338
767	45.8840924925	97.3311292969	16.5120590297
768	39.5698449639	10.381333084	16.9421337682
769	48.0454466566	16.3092570607	16.8320913399
770	59.8651374027	31.8420378467	16.8687521222
771	49.0853914665	38.8261204231	16.9608696126
772	31.58573181	48.6823580645	16.6892109438
773	41.0228596877	57.9311611701	16.8512507488
774	74.2026958419	62.0428639078	19.2944027275
775	88.9065397469	74.6819006681	17.1107745558
776	35.0889910991	83.3686719352	17.2606721373
777	51.924917751	92.0477277986	17.6839797528
778	64.709289086	97.9593707525	17.2259826357
779	35.8654102656	27.9790835509	16.8461438109
780	77.6399142409	35.7178146827	17.0543852478
781	36.8193316699	45.0031948407	17.1226812632
782	22.2222077779	46.0957802098	16.5444584914
783	29.4088730754	64.0620086161	17.1039181951
784	74.6592178694	80.6584112033	18.9379201601
785	38.7694226322	32.830766786	17.3766811152
786	72.2349807871	34.7396638495	17.2987090045
787	32.4754890801	54.2103374657	17.4885531467
788	92.3601802785	56.7123643511	17.4928820053
789	56.1467656504	13.8468110165	17.5877183573
790	15.432932645	24.4127505986	17.2796027285
791	43.4347911972	34.6128631176	17.2752735674
792	29.8969697318	40.2960783481	17.4617328748
793	47.9562033076	55.7112063835	17.8276387662
794	71.2701247147	69.9785848926	19.703038944
795	46.32506018	69.2998096994	18.1899170736
796	25.3881213591	72.8267295845	17.192506159
797	56.7712028427	82.5773135352	18.6218053498
798	29.1665223951	83.2678562998	16.7986669922
799	72.2696742837	94.7329925649	17.1111549593
800	26.0075001973	17.6050006237	17.4044051228
801	38.7491047497	37.1688776927	17.298503229
802	34.2356446081	37.7760027993	17.7043813724
803	84.7136199299	40.8914887598	17.4627108762
804	66.8773331317	51.0727899657	18.7416686926
805	69.6150207862	85.9132507396	18.7703370535
806	43.076602627	28.5924734861	17.2964835805
807	32.1814034411	44.1247534092	17.4850297066
808	40.8613479359	44.6491419108	18.0287187243
809	62.2291751364	45.254165111	18.0861329811
810	78.4950632458	47.0375738031	18.5376674087
811	64.3293809195	55.1286870487	18.0207440313
812	61.6129518954	59.9989063307	18.5575545929
813	64.6103424894	71.4760466879	19.655016936
814	43.1598623998	74.9201988597	17.9247190906
815	85.4653944229	80.1790574773	18.1693145473
816	81.8494037771	85.6532199586	17.8066351573
817	44.6821270714	22.0957947565	18.1937904668
818	45.2070228186	43.8950637159	17.5458169302
819	91.2881085877	63.4117776617	18.4305279895
820	59.4468130885	72.6100225877	18.4890611148
821	63.3187071871	76.7936802024	19.8354643788
822	42.0026306782	88.696061784	18.801742046
823	56.2428493799	98.8720066622	17.7722835288
824	34.4555071021	32.7585822202	18.2335486527
825	36.9195327858	49.7142483841	18.1462683246
826	40.1613744996	94.124858653	17.966579996
827	52.0931191359	9.14676199366	17.9592058938
828	59.9241753945	65.9271574237	19.2147744442
829	77.0709345476	75.3564164446	19.8323769864
830	33.0087797649	16.4301361919	18.1937137204
831	39.8611814641	23.3019782756	18.8182088628
832	55.9491086529	24.9028486994	17.9830734014
833	89.0535086099	49.6829209137	18.3138278888
834	83.4463830055	59.0161285629	19.6454637586
835	66.6494813983	60.4649732581	20.2968952797
836	38.2667409989	5.8339512375	18.2982942266
837	31.1079769933	22.1032858886	18.8510670415
838	20.7486150805	38.584641608	18.3575785296
839	51.0486092301	49.0406743855	19.0844150803
840	69.6229986709	54.3046971621	20.3032376795
841	75.0754827326	90.8463823435	18.5122320814
842	29.4427964259	28.5356999605	18.602707664
843	40.9529678067	68.7159536541	18.403657122
844	46.0810697112	6.54324902555	18.4276415281
845	42.3610830421	16.0822087495	18.865326402
846	55.8994520105	20.2361776933	18.3646346079
847	24.03464701	28.5771897529	18.8522335247
848	24.796311164	62.7170972839	18.6025039841
849	37.8367827546	64.3088001353	19.1077700034
850	81.876730775	65.9921396202	19.6976615994
851	48.7739218053	80.6340818975	20.1220342956
852	63.5365691439	89.1419639498	19.8641557801
853	55.1746194126	89.3493332876	19.9279947304
854	54.2860472589	29.1383711951	18.29193045
855	22.5540141427	52.2051931679	18.6980898118
856	53.9607313407	67.127271955	20.967956572
857	88.2509734842	69.5147393258	19.690686954
858	34.6625637685	78.7150809398	19.0220112955
859	14.0745823483	37.7299383368	18.9449935829
860	58.1553641183	39.3822337752	19.2352614403
861	17.4015188174	44.0499738217	19.5402125732
862	74.88911046	44.660181014	19.9362931499
863	59.8528220395	50.1456720603	20.3745442493
864	49.9566622124	96.839463009	19.9336223331
865	36.7559697775	18.7333426075	19.9059444595
866	53.906995917	32.4034379896	18.9877852981
867	78.5815125649	51.618760262	20.5297617019
868	25.3928657596	57.3708357434	19.2887522875
869	34.5831322145	74.4668937639	19.6292961869
870	14.9927295443	32.986561712	20.0363475925
871	86.0765963837	74.3004869541	19.9962027253
872	53.8535868298	43.7736704873	20.689149936
873	44.1214156936	64.1585106112	21.2386657412
874	38.3309840929	82.5460208136	20.0335656971
875	61.7915044648	97.7371702985	19.1187371498
876	60.0927642187	34.4231635707	19.5271010698
877	84.6693220024	45.3145399912	20.2171742962
878	55.2205902577	78.7818398195	20.6568409241
879	27.2782436539	11.6256679932	19.7703940572
880	29.8422741021	35.0478141598	19.7178763103
881	41.0880321335	57.1530865376	19.9652533841
882	70.2975691112	65.1720536801	21.7455390273
883	48.069013062	90.0002918235	20.4622115819
884	34.629439912	60.7028190618	20.4400779026
885	65.7228836109	65.9753156747	22.7687747927
886	27.5308738526	68.4783033986	20.6657210364
887	42.2171468727	76.7091872372	20.9042294856
888	50.8227515738	24.1054374059	20.2868095226
889	26.0401816335	24.7512615804	20.680028817
890	36.1403688027	28.0060090095	20.3218197324
891	23.7613086411	33.8619204552	20.830343522
892	88.3369565837	54.794506163	20.2684603616
893	32.899046783	65.7852827908	21.1491321072
894	68.0540564963	36.1785265139	20.7901959425
895	64.1813032444	42.3329475413	21.4201202721
896	46.7331073014	46.1715154124	20.7967105576
897	36.7116489031	55.9922913919	21.8970268435
898	76.5278940096	70.8648864808	22.4604113582
899	29.0080239874	76.6441918331	20.4532637
900	67.2131368012	81.3843891562	22.6379110009
901	62.7419571719	84.5040765528	22.0565756063
902	34.6719787815	70.3146924348	21.4704440636
903	45.4100708653	85.958572303	21.3914530639
904	36.3929922604	88.8077660898	20.7755071476
905	66.6928202707	94.131013607	21.0373281603
906	45.8023368009	11.8623928849	20.965224489
907	47.7394643544	30.0581839193	20.5630445916
908	24.9862948581	46.6423841061	20.5402136618
909	29.3691925645	52.2639898422	20.8616080557
910	55.0223857846	53.7021847355	21.8458689202
911	81.4212181953	55.586437371	21.1606781945
912	49.7150857271	16.1701308411	20.8980632463
913	69.6184539397	44.6052933718	21.9855729903
914	63.5278090845	54.7842293802	21.8720785979
915	47.6678090826	32.9676106096	20.9045308632
916	52.6533268993	37.5609300053	21.5955824548
917	46.960197254	36.6337211272	20.9384172715
918	79.2350325085	40.9984560888	21.2287154176
919	40.7802835735	51.0835829406	21.799563
920	88.2873418329	60.3438451593	21.7995502624
921	58.4779808241	87.7477296967	22.0610494308
922	56.3325464155	96.522828351	21.0243786412
923	59.0553553969	72.9415775544	22.5212620996
924	72.5324035619	76.6284162053	22.6599967049
925	79.0603975662	83.5443254655	21.4273606556
926	32.7181442064	84.2587545336	21.0099913578
927	62.6358393917	37.011102861	22.2371726041
928	73.3577891752	38.4737329508	21.719400587
929	74.0033415369	51.4044876083	22.7709533034
930	78.6198262338	59.3024859401	22.9147934372
931	45.9231712862	60.535518659	22.9234481719
932	51.2452143119	74.5669301778	22.4916164084
933	41.3038765011	82.9729066817	22.6503630915
934	75.7042223014	87.6979118826	20.705400517
935	60.0314573582	59.7784683246	22.9525169241
936	29.8013438277	60.8642347123	21.8877897244
937	87.1441650342	65.4864032933	21.8592313357
938	81.2124244998	78.6894547898	22.5189767634
939	20.680871092	19.93495658	21.5748637669
940	32.8583710589	22.6138395085	21.817191685
941	48.040569159	54.9115449289	22.1429885462
942	49.9489158011	65.0564333473	23.5135944621
943	52.5862226331	87.7240136844	22.4911423624
944	39.6797572294	10.3143976663	21.6687729119
945	40.8000560555	35.1883886302	21.9062520658
946	59.6494982241	44.9751439459	22.8960745627
947	33.5251909615	45.6507178674	21.5033782524
948	76.7691606633	66.7243872345	23.2636763906
949	30.1647818297	29.4162265906	21.9669945799
950	38.5706350633	39.657681716	21.6248908225
951	33.1394036162	40.5680559737	22.0288163427
952	85.1132058871	50.6105437972	21.9574702928
953	40.7965724709	69.8322696589	22.06357195
954	46.0832570338	72.4967875654	23.1787539396
955	22.8399946348	16.59827628	21.921509837
956	45.2653971878	41.3718128214	22.4290100433
957	57.8274672855	65.2039450964	23.8593750009
958	47.1870947898	25.4414904425	21.982291819
959	33.4809077317	12.8204344267	22.4749959876
960	44.9855624292	18.3307621432	22.7120090476
961	28.7399400451	42.2735589139	22.4190489784
962	46.6745382435	50.4476704193	23.5935213397
963	51.7378679377	61.7315984916	24.1591399501
964	61.1611709826	93.4282952786	23.3431041858
965	85.5016978983	54.9165911942	23.2618032916
966	48.2945993958	69.2501671915	23.7749373822
967	68.0922543395	48.8444562013	23.9203618577
968	33.5857073761	53.1070026851	23.2431046696
969	70.1086456107	88.9154473589	23.3150090883
970	42.0442506088	27.7966231857	23.2988953054
971	18.1277469007	29.1833326471	23.9834971534
972	54.0304984728	57.8054309921	24.3893822212
973	38.8754862735	15.1899945434	23.5418799451
974	38.8278096393	46.0270885769	23.1400706874
975	81.6933498308	73.6936455504	24.1223331861
976	38.2331354364	75.958550823	23.6843594502
977	43.9310403882	91.7520761491	23.5752675852
978	56.9153982449	93.0959062219	24.2277011281
979	33.656041616	34.463782061	23.6737797429
980	72.8234818462	57.4092139429	24.8424082419
981	83.3549395078	69.7659188165	24.3687791537
982	31.8249017718	76.4174031984	23.6731770547
983	39.1806241659	88.4931475385	23.7929342059
984	28.1696723858	16.9934945036	23.6898319685
985	47.3800003243	84.0178896077	24.5941810558
986	42.6115374	21.1822037436	23.9423249077
987	80.0217155047	47.4035031473	24.3188875721
988	64.1903320947	50.0044784644	24.9489127391
989	67.6297654129	39.5074317202	24.5752402046
990	56.2175102296	48.5946834028	24.5589059267
991	84.450610689	64.3914373258	24.4361690904
992	59.8772565996	80.0097433979	25.2921954462
993	54.8265570555	83.4289444004	25.0639357109
994	37.8117988438	29.9025742822	24.2293736166
995	73.9935289818	42.5005517818	24.9429967493
996	42.9932284216	55.4808996426	25.0039282472
997	72.7499615944	62.1547468074	25.7226758485
998	42.8871212948	79.1182166145	25.0936106961
999	51.008534897	93.0552447252	24.6077519051
1000	20.3042819746	24.7164368208	24.4690998331
1001	39.3862302653	61.4969968467	24.9815261832
1002	29.115702535	36.9081010697	24.4327787114
1003	23.4414770971	39.8826158662	24.4857073321
1004	56.3520805117	39.8930080386	24.7892807803
1005	73.9125737084	83.3629356624	24.725527404
1006	19.0674541947	37.2047564369	25.4490931304
1007	64.180913288	76.723532625	25.8044177739
1008	66.2136378616	89.5525868045	24.8989874408
1009	67.9529838859	53.5780518597	25.815908918
1010	37.8739545141	68.4445017668	25.3563041707
1011	71.346074233	70.2782256053	26.1672636028
1012	66.3593283653	73.1188831433	26.1849615393
1013	26.4163675618	21.3931512714	25.2817286838
1014	80.8041233889	52.9146732667	25.7270194024
1015	46.4938327901	77.7600433819	26.2425776143
1016	37.2312844095	22.8736145122	25.1536488942
1017	51.5015594672	51.0673418355	26.0758941468
1018	59.1539909688	50.7656138902	26.2028712295
1019	83.7828218869	58.2321524923	25.5726116146
1020	33.6634954773	20.0691666834	25.496410996
1021	65.5056911348	59.3821474997	26.9808084865
1022	56.6825211328	76.9125939267	26.5837738935
1023	51.4188795863	79.3454964548	26.7019973125
1024	33.4461011011	28.3614234978	25.5538156102
1025	32.8769825676	62.210835278	25.8815912233
1026	36.7727328519	81.3613313244	26.2673263837
1027	48.3335242595	89.9696655311	26.493014143
1028	68.0218691594	85.0538281877	26.6375890274
1029	49.9288982586	43.6807260697	26.0956428155
1030	32.3526949639	69.1735973395	26.3286354368
1031	42.1980903499	72.5819577826	26.7401279601
1032	61.3121555911	89.1764512117	26.7058217377
1033	35.4869503113	54.4438480869	25.9521805856
1034	76.2359335841	76.7743010688	26.9738578304
1035	60.5008932413	56.9335937575	27.6863776307
1036	62.6835316308	67.9817673413	27.874976083
1037	30.6325868401	25.1922911199	26.4603064872
1038	62.6317724971	42.4213441914	27.1287744146
1039	45.7326859136	46.7082186631	27.2294291772
1040	46.6397723119	56.1833097762	27.2726421656
1041	42.6230012361	61.1743922451	27.4682948354
1042	53.6618135713	70.8973671517	28.1885671775
1043	25.6537050001	32.2579461664	26.8540216368
1044	59.1294209475	70.7126031874	28.3880710951
1045	71.4319191437	80.9006003581	27.4059544142
1046	25.2035025083	27.4656106182	26.9139508088
1047	80.1143185902	65.6950853594	27.639612475
1048	43.7600008159	66.1760653646	27.8999102093
1049	75.0989760928	49.0948563585	27.5197848313
1050	81.2087201553	60.1094835861	27.3972904715
1051	67.8849903051	65.9619394201	27.8621739467
1052	49.660204994	73.0276741001	28.2888542387
1053	61.3277355103	63.6238918492	28.4927438642
1054	35.0514105046	74.6990665484	27.68824069
1055	56.4172611659	55.9067152792	28.6919706489
1056	43.5524440787	86.8370879868	27.7674650872
1057	69.745415151	45.3397812664	27.8230158885
1058	54.3545858013	88.336940425	28.326508791
1059	41.1201498426	51.8907710388	28.4001350567
1060	77.9688012797	54.6858988583	27.9863525914
1061	47.7610436521	60.3927232571	28.773175016
1062	77.9196438502	62.0305123147	29.1811645739
1063	77.4032383162	70.4766393274	28.6015084812
1064	63.2332015416	83.35363374	29.0166976698
1065	56.0930709063	63.9701611575	29.3317823279
1066	48.8811965549	66.6103622365	29.2691535051
1067	45.6361863167	72.0824500276	28.7520457064
1068	58.965561888	86.4870522679	28.6411673754
1069	51.7573619081	58.9831061037	29.1956335285
1070	40.8818271358	82.3059510232	28.9252105467
1071	53.927058402	46.2476802988	29.2688346405
1072	62.5023862273	46.5213505985	29.658556778
1073	50.1190821019	86.0813562262	29.5389837152
1074	72.7227963547	54.3322345278	29.9786099186
1075	68.1430031258	79.6259235032	29.4018307198
1076	68.9907938606	49.660882794	30.0130780804
1077	38.1336688678	58.7414931248	29.5517643221
1078	71.0293794506	74.9564583448	30.2513747865
1079	74.0821504158	66.2979926616	30.9822001459
1080	39.2335443337	76.473194033	30.0807495039
1081	36.4718563251	66.6644178644	29.761024966
1082	73.2754186195	58.4657112924	30.7678820697
1083	67.5525908072	54.9965344961	31.6198070409
1084	73.5572003292	70.8373739956	30.8967371935
1085	55.8810660435	82.1492187518	31.1975559519
1086	66.2297113647	77.2431894506	31.2327108492
1087	46.037609032	81.323387312	31.1801563062
1088	63.0662927053	52.138508713	31.8630497596
1089	47.4998746736	52.5725808099	31.4202322914
1090	73.0391669544	63.232221956	31.814399603
1091	39.849230215	70.8066026386	31.495949238
1092	60.0318671969	77.443006127	31.8945780589
1093	56.5947888473	48.7367908175	31.0971867559
1094	59.6834324233	51.0872563823	32.1536648825
1095	44.8921892474	57.756750306	32.4712540444
1096	43.2015873489	76.546052035	31.975561279
1097	42.28743249	61.8187403109	32.3538402773
1098	67.3140206757	62.8866924596	32.8856453379
1099	49.460168826	81.1829788725	32.0090384116
1100	64.7936246303	71.1805168829	33.0361595693
1101	62.5151561358	74.5617977381	32.5616662061
1102	54.0440393937	77.9375326056	32.6524703572
1103	68.4156415669	68.478043091	32.7406430214
1104	49.1989468819	75.5961538156	33.3057411186
1105	64.1594693732	55.8757601056	32.6484045628
1106	41.5704709642	66.6366572749	32.8481169278
1107	54.512576832	53.6150193809	33.0470935221
1108	64.0206088541	60.4290066702	33.528863241
1109	51.8812316843	57.4267108284	34.0764240062
1110	59.9586996314	57.3606312708	33.8561143705
1111	54.8220614071	73.4509780975	33.9491178001
1112	49.0846714917	61.508138112	34.1114100997
1113	59.679917149	65.4135614786	34.4837871435
1114	52.0689564099	70.290340422	34.4808663016
1115	45.4639880904	70.6496672433	34.0043252623
1116	57.8018287558	70.8460000647	34.0754610104
1117	56.9503736819	59.5131238997	34.3290431881
1118	47.4874466582	65.4401366155	34.4324295373
1119	63.3796996689	65.9249478947	34.2384296052
1120	54.1061958909	62.9968841265	34.8994787181
1121	54.133554111	66.4804934191	35.0165596244
