2
7
9
15
17
24
31
34
35
45
48
52
58
69
74
95
98
108
113
132
143
153
155
163
174
177
178
183
189
190
191
194
196
197
201
202
203
204
227
229
250
261
262
265
266
267
276
286
295
297
298
306
307
315
333
336
339
346
349
354
357
358
359
361
362
363
367
374
383
386
389
394
395
400
414
420
421
423
429
439
443
445
449
451
460
465
466
467
470
475
483
492
493
494
496
500
505
516
521
526
538
539
542
545
548
557
563
569
571
575
580
581
596
597
600
604
605
606
611
613
618
621
622
623
626
635
640
642
649
650
652
657
665
666
671
675
679
680
682
683
690
695
698
702
703
705
708
709
710
717
726
736
737
739
740
750
752
753
755
758
760
762
765
767
772
778
783
784
785
786
787
788
789
798
801
804
807
808
809
810
813
814
816
819
823
834
835
836
837
839
844
846
850
851
852
853
856
857
860
861
864
865
866
872
874
877
880
881
883
884
888
889
890
892
893
894
898
900
901
907
908
909
910
911
915
916
917
918
921
922
923
924
928
929
930
931
934
935
936
937
938
941
943
944
949
954
955
956
957
958
959
962
963
964
966
967
968
974
975
979
982
985
992
993
998
999
1000
1003
1004
1005
1007
1008
1012
1014
1015
1016
1017
1018
1020
1026
1027
1028
1030
1031
1032
1033
1034
1036
1037
1041
1042
1043
1044
1046
1049
1052
1054
1055
1061
1062
1064
1067
1069
1071
1074
1075
1076
1078
1079
1080
1081
1084
1085
1086
1090
1091
1093
1095
1096
1097
1098
1099
1100
1103
1105
1106
1108
1109
1111
1112
1113
1114
1115
1116
1117
1118
1119
1120
1121
1122
1123
1124
1125
1126
1127
1128
1129
1130
1131
1132
1133
1134
1135
1136
1137
1138
1139
1140
1141
1142
1143
1144
1145
1146
1147
1148
1149
1150
1151
1152
1153
1154
1155
1156
1157
1158
1159
1160
1161
1162
1163
