1	57.9531704507	55.2124234234	25.8413557639
2	67.0407474417	1.23678499672	1.70374182611
3	41.253694705	2.46099815665	2.10638445963
4	26.7609484808	3.17327351609	1.28380915638
5	72.2540756124	2.85230254225	0.480998509687
6	74.0530072074	5.91593241206	0.819779353822
7	49.1115085178	6.48333395358	1.11688611689
8	60.0665043114	6.82955661959	0.77327377013
9	67.6679290432	8.52231859856	0.626297139965
10	40.5208666589	8.66513841509	2.68286851881
11	56.0575998981	9.04079954002	1.00505106164
12	19.5170941057	9.47832369271	0.800942596907
13	62.411550378	12.7823887621	1.14856072968
14	48.4550516629	12.8889678763	2.71162301927
15	56.6407567567	13.5421906914	0.587202497074
16	68.6163520372	14.0998249837	0.585195035461
17	20.9912685525	15.8156886616	1.89838895651
18	26.6268649796	16.5188572756	2.60842115607
19	30.7780661976	17.1791504398	1.60843189142
20	37.1395244387	18.6058560115	0.923372252025
21	66.5756886831	18.0973152058	1.85473668726
22	49.2101741361	19.7753596041	1.7751079093
23	43.9742081906	19.347793714	1.37428571429
24	40.4817940049	21.009339377	1.96780103398
25	72.8441298731	21.822152399	0.998199525329
26	65.6792489921	21.9548872003	1.66807797477
27	34.718071546	22.8448196721	1.7847698335
28	16.6232075879	23.2318233358	4.08931488516
29	59.7448403752	25.3573716019	1.59785228315
30	64.5863461172	25.4998098778	0.527319673497
31	68.5591515884	26.2176472907	0.778642510845
32	45.9946519349	27.6289085714	2.80387694901
33	76.4684217873	27.9224545934	1.01818481033
34	25.9856626418	29.4215718932	1.48463671658
35	13.3808381509	30.6057792919	2.20546390299
36	71.1984735338	29.7197426141	1.61420223577
37	32.7640549762	31.5249452213	2.02591811131
38	55.560403742	31.1738881585	2.72483664885
39	60.8042103042	30.4883522434	1.76726905637
40	19.2747683111	31.3267442782	5.02000604691
41	37.2771524448	30.9207276648	1.34525673137
42	7.14693670281	32.9898643581	1.46264900463
43	45.7493396052	31.9521636378	1.42840741937
44	65.2651033237	32.2363854101	1.99497425662
45	79.1684084101	33.6994677815	1.22105195966
46	42.7704375233	35.4204840914	4.22317226232
47	33.0013515237	35.5873908565	0.56128600134
48	24.8714712584	38.7367034947	2.41658061067
49	16.9203578525	36.9211643702	0.727797001153
50	59.642237699	36.1464522756	2.12053692
51	84.8495216297	37.3657002198	2.45749698653
52	38.0860604523	37.3489790908	5.1684183847
53	49.8361290514	35.3792359888	4.51187186397
54	76.3188415647	38.114141722	2.01487875518
55	44.409598093	39.5704402407	1.52490662932
56	82.0854123779	40.8629842186	2.2745606196
57	32.763673252	41.3470192941	2.31334887492
58	16.7647059521	41.4084985819	0.822159338267
59	5.64403390137	42.4297562776	0.751696140585
60	21.122640954	43.3537829453	0.993508819053
61	71.9191580905	43.1178884992	2.06988706547
62	49.7723393269	43.0406060689	2.68109579718
63	58.2474731144	44.1654696038	1.77135840334
64	93.2062724461	44.4433598941	0.84753999256
65	81.1148250946	44.35328988	0.677009617129
66	33.9676246664	45.5743983737	0.914908579466
67	28.0508665003	45.1038628154	5.06227070676
68	86.961305432	46.2423882923	1.83433977456
69	38.0933280914	44.1844262787	5.97378950888
70	99.2133289338	46.6419356509	2.36812425801
71	17.9906751752	47.3158928531	2.24768770573
72	73.7694422041	47.9988817255	1.01085638999
73	68.6572344177	49.0025114222	2.80071510811
74	11.3635593192	49.5336342342	1.04820919041
75	32.4413031661	49.10409196	1.00364501971
76	81.4320630475	48.4467559952	2.14206603601
77	59.479362825	50.4575162376	1.6825813316
78	97.1246154796	49.4413706535	0.591614658345
79	91.5362953388	50.8506396381	1.51062300514
80	101.519294488	51.0829525836	1.6879154659
81	39.3848425058	51.2195130538	2.6737983071
82	24.1779328312	52.2374792405	1.41706548861
83	54.5929020322	53.7436298677	2.30879320094
84	63.8674801925	54.4622001976	3.12013842376
85	31.9695018377	54.6222395405	1.78644283435
86	78.4507910634	54.110540989	3.01759958264
87	94.1183205691	56.2954312654	1.5806063376
88	60.722556491	58.0676380165	1.9268031977
89	46.8140073074	57.3771142157	1.73368743458
90	26.4275295982	57.5175714636	0.661882246989
91	13.1039980974	60.3758163402	1.80168854542
92	80.8890160539	60.1465286946	2.15848708487
93	19.0694653244	59.2651691413	0.403929188256
94	90.4306722893	60.9324659456	1.62803199004
95	75.9521204803	61.5413834338	1.43304956114
96	85.6377472914	63.1322463096	4.53357758067
97	22.6577828443	63.0894392729	1.7103280388
98	34.370764491	62.9089635899	0.817430620518
99	58.2884712635	65.6474086469	2.03372939389
100	8.21280556553	63.609508456	1.93499188915
101	48.0166383552	64.956513462	1.52761544391
102	103.583566093	64.5786705531	1.43871095295
103	88.0789166976	66.8569041808	1.68480488032
104	33.0745480174	65.7005535358	0.675136116152
105	39.3414058646	66.3475352325	1.15242400533
106	97.5976598805	66.6801340845	1.98027445772
107	14.6255168724	67.6420578327	1.11368600244
108	28.7949358384	67.5429199971	0.688098276962
109	81.7253648132	68.6703737748	1.45860988201
110	66.1621442768	71.0409099741	2.09675914407
111	103.517778015	69.2987390939	1.25205124514
112	94.2046677788	71.1760467749	1.46701193425
113	7.74915515526	70.1471785297	0.590437668533
114	49.9486165626	72.9319431727	0.971894730061
115	99.539292337	71.4485290121	1.16458747665
116	38.4110611961	71.4941712442	2.37649037451
117	88.6693781251	73.1406631218	1.42721597078
118	44.531339585	73.3700762094	2.25444526464
119	25.0545821949	73.2361146082	1.39800342478
120	15.8854899475	72.6211699804	0.327267932489
121	102.360340995	74.774488935	1.47403388764
122	31.3141768115	75.7161458979	2.37345378735
123	63.2568681934	79.6883249563	7.61328516499
124	40.7090293874	76.2951601498	0.710211665859
125	17.3808820299	76.5322063373	0.743443610416
126	82.8832715332	78.7288649511	3.38322859482
127	37.8626464981	77.5792781062	2.13950801848
128	87.4021407846	79.5310308407	3.50525089743
129	71.7624103314	80.7645501792	2.31448233085
130	53.5826680118	79.3231823126	3.35156788627
131	45.6249691964	78.9580879815	0.715320051651
132	101.082638255	78.8830110725	0.741415854175
133	57.1746688693	80.69326644	0.72772484119
134	33.1634505829	82.4647156027	1.37116142075
135	68.1000711289	82.5868604239	1.0264428539
136	14.7864719128	81.5292899469	0.973982449178
137	38.501554957	82.1459664532	0.489427860697
138	93.4017773329	82.8409945842	1.76095010317
139	21.2334047121	82.8103950935	1.1135047154
140	25.6189328148	83.4661164698	2.13789578383
141	47.9129777017	84.6742477695	1.63477109935
142	85.4631626727	84.6177423191	2.55965261959
143	97.9489839984	83.7911549632	1.48561584063
144	58.2217378492	86.2824490909	1.75574615988
145	67.709462027	86.951594434	2.27286906498
146	78.8707212591	87.2875736066	1.12644801117
147	18.8525352601	87.9027858791	0.603222180592
148	88.35670676	88.9737877793	1.84883252818
149	30.1191229166	89.5204963123	2.00456263542
150	35.9036612936	89.061995518	1.11443420742
151	56.4687971161	89.6242810265	3.10648956625
152	61.7432197403	89.6583328497	2.75850259019
153	68.8088435223	90.6521553281	2.49834494614
154	75.6367451234	91.483365291	1.66431180751
155	52.5610450338	92.6350252346	1.8741461966
156	84.3010695402	93.0477326384	1.47628307786
157	56.7719605235	93.8128141144	0.735879077168
158	66.0056951882	95.0911683614	2.0448889469
159	33.2162780851	94.9867686395	0.48010862186
160	26.3224489659	96.2670764278	0.401178831201
161	58.2085122085	97.3487029516	1.98088821998
162	74.4675074021	99.208887049	2.60664306608
163	33.9454820001	100.403606825	0.625165038289
164	46.9659886701	101.53284674	0.573661052951
165	54.353542304	105.783479008	1.09078897697
166	42.0172742341	12.8983712684	3.34436755368
167	40.1375905672	61.5343798522	2.79272630075
168	74.4253902252	103.70864854	2.69897938479
169	56.7487700042	19.4950698762	1.87144769802
170	84.1953528905	51.8080303115	3.31666064281
171	89.1280418639	55.5306216099	4.06328801138
172	62.0557392432	83.8203155786	2.65358258971
173	52.7429810611	25.2793481473	2.56650476491
174	84.3805070716	57.6039728882	2.94591428965
175	44.2801377319	89.1974464114	3.00436323019
176	71.7330639941	55.3404536869	2.24846644471
177	71.5097982557	70.2048918139	12.3670719936
178	76.8095155964	71.792768585	2.35221612361
179	81.322028	89.6170516509	2.74364671449
180	28.2792621899	9.20214554311	3.12740832143
181	77.810627418	44.031054952	2.44505360624
182	53.0216166931	47.6060344895	2.39912074109
183	54.6812391404	60.1597116596	4.02412062588
184	71.0044397323	77.2119875203	5.56647854335
185	78.1991511557	79.3972758784	3.6950535089
186	80.6436072245	100.216365634	1.924824582
187	43.1436195589	103.609306299	1.70934458905
188	71.7934399535	10.2799484531	2.36877551321
189	44.1478834015	84.1724160897	3.6008119566
190	63.4181620157	101.383905058	2.60176323227
191	7.89031658166	54.1580941886	2.48208380065
192	7.34047167345	58.1495728303	2.19364032829
193	96.767868303	75.7812088285	2.68660709171
194	78.5581347271	95.827809252	3.39720844998
195	69.0472583364	100.596163934	3.22861466247
196	48.8926989328	1.75405898444	3.49556172526
197	14.4655611533	54.1357696875	2.36838880447
198	97.8683082702	54.1055395058	2.32597008488
199	18.527958641	58.9897144049	2.50188566041
200	29.6567879914	61.8564368374	3.07792440355
201	23.4101988777	90.1423211352	2.22157424904
202	68.9317846512	105.315423944	2.70237290427
203	36.1667678042	12.3433491143	3.31107175591
204	32.6722522244	25.9701165912	3.04856382233
205	29.3764853299	32.2848510813	3.58837583076
206	66.9428111902	40.8601458249	3.22952188992
207	55.8922231809	83.4902091716	3.61942726303
208	24.2572281305	23.4732270856	3.70394956644
209	57.737636557	40.6903535479	2.74508503667
210	89.2685067101	41.6761858293	3.82504604052
211	43.5531648965	41.7215790199	6.30845499227
212	45.8983147216	48.2017908696	3.98831972035
213	102.589925087	57.7141049068	2.01571671064
214	53.4709111697	73.4286784365	4.01400306317
215	59.4642196757	74.9091166506	3.7300986269
216	91.3398165131	74.8411714088	3.43851330682
217	74.2551232795	86.2514629634	3.77995820102
218	41.3244451869	92.2172088292	3.03724931037
219	70.4926763543	95.3097868645	4.20325980063
220	20.9000464817	54.0813860743	3.62078133547
221	52.3571618033	89.1475972072	4.6137750082
222	43.9301684135	98.2989755369	3.32020667505
223	62.5525689477	4.90398808538	2.32573109387
224	14.111902549	16.2891339665	3.65686124527
225	52.5413030235	29.7200034402	4.35300207039
226	47.9298156453	94.0673137591	3.2641627654
227	39.5677631756	57.8069120965	4.01453641512
228	64.41212546	24.6859512326	3.3252826138
229	32.5729194073	38.3835056332	5.06973319177
230	64.2052647306	47.3647180667	4.15969544514
231	94.0694518671	47.6648063333	3.98993441562
232	68.4023927036	62.716928626	3.6719981673
233	90.9641829945	84.7203438256	3.9785573756
234	93.0469444594	89.8308967034	2.63251981268
235	37.05692021	95.090308236	3.30497062966
236	56.4160003444	3.39484407602	3.16821934077
237	94.6050317209	40.6272425102	3.46100907029
238	13.046423665	74.4060467486	2.72691861429
239	41.8922826885	80.2124925874	4.04586756031
240	12.8400600421	37.1232501161	4.40962052719
241	30.4596551625	50.9848980477	6.986693938
242	34.7706270313	73.2610319591	3.61866539456
243	68.2968572196	4.96816135447	3.08978638673
244	71.2250509764	15.1805458953	2.80385665473
245	70.6334566155	25.9847141334	3.34625393921
246	38.6386436748	26.4797016983	3.78098509501
247	85.6891112763	33.6420376167	3.25774596182
248	73.403460038	33.6924555134	3.89025626406
249	43.1767381535	67.9803699415	4.87810760668
250	84.6010096961	72.719882004	4.08830577098
251	21.9922226097	77.6177838613	3.80348568464
252	51.9128563145	100.980804012	3.04281855471
253	93.1450727991	61.521274808	4.73422333861
254	93.2150363058	78.7864285431	5.02253241322
255	57.334699149	101.738557178	4.89752954649
256	31.0006531041	2.35812149187	5.21979539134
257	79.230594555	30.6569190013	3.70292143703
258	17.4989263661	64.8146428042	3.76913670354
259	74.7327181859	66.3361395881	5.98340309549
260	91.6581255052	67.9167455856	4.06909251031
261	52.8686100081	96.2995518864	4.54977633541
262	13.0822647768	43.4835372142	4.22001299689
263	24.1166305425	48.0900246919	4.12168477626
264	50.2582538537	53.5045309313	4.45468576146
265	74.4627850332	59.8938095146	6.27633792049
266	27.6089657049	69.0956281616	4.33117708308
267	20.2528734684	71.0558395322	3.65167094069
268	17.5008289719	81.5098563407	3.46716552345
269	85.8787653559	96.1877209848	4.25513687903
270	59.6383997787	106.102574611	4.21071094481
271	20.5808552684	39.4322889898	5.78263171357
272	7.64503737092	47.9239144025	3.60771035276
273	79.5411334275	65.0140227321	6.95530753521
274	21.6447002706	7.94256098444	4.84900622423
275	58.1230848969	10.6271415245	4.53402659165
276	64.183231399	12.9562127064	3.76444275111
277	34.6626353804	18.3244102388	4.99163666367
278	69.6724760805	21.2763523136	3.57960957261
279	74.8758026785	52.8023912945	5.97689003789
280	98.1614316822	61.5608665898	3.37213791522
281	37.3619618912	100.483511193	3.70842646401
282	61.3520873608	19.8043982518	4.3055906851
283	69.4513482678	37.662826762	4.81498136445
284	81.4070985251	83.6077049767	6.30541740675
285	62.3180795735	93.3006953952	5.4624150442
286	86.4220545531	68.10454655	7.61990950226
287	34.5662408385	67.8259777523	5.24862735236
288	79.7090326928	72.677997958	5.70566290777
289	65.657423235	83.7962503269	5.67925514227
290	33.3409311683	84.8214643483	4.96396306795
291	39.4292138842	87.4832628838	5.162842761
292	30.7809464302	95.9843748395	4.21594577913
293	10.7126998318	23.7777554342	6.01990996404
294	43.4328454415	24.2368670851	5.28528612038
295	50.8580280933	68.0095078132	6.70200235571
296	60.961913938	68.321221266	6.92714870079
297	49.7275263253	79.3153235554	6.11637472631
298	73.5219719361	82.1231955712	5.85070306038
299	34.4250693509	6.61110573359	6.17391951423
300	62.7945519098	29.0477883865	5.48446729381
301	89.2781166669	51.2193544104	6.01309632331
302	24.8167710267	60.3262555743	5.42947514535
303	102.002953812	66.1554681808	5.27553763441
304	47.9472565696	74.046048336	6.35127579974
305	29.4522831387	78.2771430071	5.00465823136
306	98.8156277457	79.8110376309	5.07899355233
307	42.6226796477	31.73422099	6.47891941836
308	83.1435807591	43.3771295259	6.50948023207
309	33.3739608438	61.7879937185	6.22246644531
310	96.7528369028	69.1742451418	5.98941932587
311	85.4011221334	89.8776209244	6.3888237445
312	48.4122124808	104.301053028	5.19517713573
313	45.4299070774	7.5592838263	5.70563356285
314	52.1222492716	14.8138288246	5.02984055976
315	51.1102108375	20.4254001631	5.68460552431
316	12.3629828928	67.3448600243	5.2098574941
317	101.278257042	71.3956091475	5.54156193736
318	71.0717370354	91.5963527506	6.0370467453
319	57.5325859176	95.178082914	7.50474644631
320	52.2102118453	6.69971742632	5.79593701423
321	59.5200115962	25.4353842175	5.86327969456
322	33.6180525694	31.4944810316	7.40126795156
323	54.5724946753	37.8525928016	6.60155056906
324	62.2373635812	38.6376045443	6.04764705882
325	75.200573353	48.1170977118	7.84458104841
326	88.6713195312	36.4239926975	6.07577646981
327	80.2432454314	37.2056378207	7.75631181068
328	94.455360489	53.0549220891	6.75528481698
329	27.2316230162	83.2747752501	6.24549572276
330	70.6132416775	28.6000007044	5.95083622532
331	72.7947961662	43.5231733529	6.39928915781
332	56.0583840902	49.4587613482	7.16017292427
333	45.7362464408	54.83634636	7.33910711875
334	62.7111472748	60.5328700418	8.42061615619
335	100.212776345	76.1873363065	6.05053430316
336	37.4336857114	81.6940957419	6.61086769018
337	86.3667468848	49.4257037879	8.47540686693
338	27.9537862319	55.7503425474	6.98131823144
339	76.7080156091	70.9529652646	12.8669773954
340	51.3983334158	83.7276465232	7.14559732816
341	32.8139501182	90.2421862121	6.56974231834
342	76.4073469954	90.4033896543	7.68513367912
343	80.9214134145	93.9257831393	6.93632387016
344	42.5910799753	18.8879873546	7.64487087303
345	99.38893225	51.2437430986	6.78965399109
346	34.731996842	55.3353778009	6.74260875281
347	96.3128075669	65.4650765305	7.19152298851
348	62.6105452665	2.3539047451	6.13517953809
349	30.7304997026	20.7651555287	7.33098670999
350	26.1645972905	31.5478643886	7.58369415635
351	32.1421724929	45.1239959189	8.53592658526
352	22.2120023054	47.911029334	7.09021413401
353	68.6926758973	56.9902841588	8.82881144242
354	47.0822102543	61.6029987103	7.98223683776
355	91.1679579745	90.6402369425	6.8126539244
356	45.5934701164	25.3002546955	8.04518372068
357	90.3383656313	45.3074750532	7.60073419473
358	79.9545882155	49.7468676675	7.50362067794
359	15.0478404275	50.7520977916	6.78032975556
360	95.4532394549	57.3692273156	7.46862773865
361	58.9297944682	1.31070117657	6.8696548171
362	67.1845397501	32.4278565111	7.32535804549
363	17.5954707102	58.1882081794	6.35708798409
364	95.4824720484	84.7693713101	7.22646913
365	30.5207092576	13.8959783691	7.55231529466
366	21.8977787913	15.1720042565	7.04752476902
367	8.40400931614	32.3372554825	7.89413225271
368	62.3543185733	50.4174275678	7.51150415787
369	88.9748669858	60.703842673	9.21404710461
370	86.9952862921	74.9699363801	8.57580528598
371	66.6900801336	100.706446833	8.04914286918
372	40.0362162636	4.42974180435	7.85647122601
373	66.1884136108	16.9829700797	7.00977793338
374	76.5724542552	41.3469982873	8.59569456797
375	21.0061875918	63.8792065084	8.14666843789
376	67.5100338746	74.4687927206	9.59543294333
377	21.0768256448	83.4389397299	7.32945648779
378	87.4024802168	85.3371681078	9.19990714096
379	72.8396527261	98.3521705157	8.30361379814
380	79.3476641099	100.223386721	7.61843724226
381	61.1000289298	33.6040875513	7.99775334488
382	83.1525102967	55.8430104335	9.21146701358
383	60.6763065934	86.1499229819	8.74526012963
384	65.0270562076	7.4631767654	6.89882510695
385	70.0408933856	49.2245793463	8.61259047746
386	9.16722122818	49.4561368599	8.24531588363
387	93.4543154009	72.6295532688	8.90750533445
388	25.8603962331	89.6841909017	7.11526639344
389	57.2269836707	18.0295588905	7.55902374565
390	53.1867922433	55.559024779	8.458516737
391	50.5157062628	89.089586457	8.61385717147
392	62.1829239531	101.071742855	9.10533504868
393	57.932584823	12.9311132837	7.81697968149
394	37.7931800829	24.1290441211	8.2583527229
395	29.3166062	37.2983957951	8.92199052443
396	61.4696464463	43.955116367	8.65703469427
397	95.4743948797	44.1302614759	8.55946065429
398	37.1419767605	49.6204820075	8.78770086853
399	77.0777365606	58.5185422552	9.29234984467
400	65.4358694646	88.730153267	9.2213655018
401	48.4102187114	99.1073939178	8.49768226895
402	65.2509015739	22.7511171316	7.34830005056
403	55.8949896051	23.3900129387	8.04939604365
404	55.6315640553	31.7026302628	9.33806572499
405	52.6875067157	44.9472375924	8.81294326241
406	39.1080245236	65.2903882276	7.82203515814
407	83.5159238301	70.7739490577	11.1535373808
408	90.7180975631	78.9548121681	9.54763984354
409	78.348268099	85.2168529265	10.0968233882
410	70.7747746827	104.202640912	8.01887327306
411	44.81405252	47.8811979004	9.00350417061
412	65.0701402207	67.6718781346	9.77079781292
413	69.2391984785	84.5672429817	10.3056318151
414	60.2882884789	55.8185484218	9.41715948821
415	63.3355330108	95.8821078326	9.34007628389
416	40.3978717279	101.212129198	8.3672252622
417	34.372952631	26.5743182286	8.88741891431
418	23.5144288182	28.6439553163	9.4436557686
419	56.3968112146	27.8766788681	8.72341149876
420	8.3376573655	41.4188963177	8.54167611124
421	41.7193329999	73.7299096155	9.89628057913
422	77.9251603925	79.6118453428	11.224347356
423	38.1777514724	93.5452470346	9.0182939382
424	64.5233236918	11.3284684582	8.30609974711
425	48.4930390425	41.7123188416	9.99726311262
426	92.0744591342	48.0104585198	9.62119770356
427	81.921828285	60.9649850403	10.840196389
428	56.1471873416	74.2836095813	11.8453114247
429	81.7258018146	89.9542678463	9.78133458255
430	86.1378809207	95.0188621602	8.60952687668
431	17.7716574513	74.6407455919	8.7331371215
432	41.6227413126	77.4866474768	9.36779339042
433	48.3425412636	77.9183053544	9.43423652272
434	45.1393452515	92.6986856195	9.26859167294
435	51.9029240944	10.1767903218	8.9738974471
436	73.3831782822	36.2344059114	9.79594084917
437	42.141346009	54.1912877875	9.00608974359
438	92.1637950981	67.0646926543	11.7010097489
439	24.1342192714	68.8170058857	9.2800844364
440	74.8952454938	86.7401285917	11.117387179
441	17.1835090266	45.4199132876	9.89649639817
442	37.7419518264	56.4328155565	9.5626628761
443	55.6524194466	61.5111290459	10.3312695083
444	38.6095119058	70.4160394032	10.2444307236
445	62.6699651285	76.4362624342	13.7328730292
446	42.5889893475	0.78982999484	9.0796446988
447	54.2523686014	1.78236102557	8.61911484067
448	36.38429263	18.6040610237	9.4601104697
449	63.598353451	27.3320144814	9.16969415887
450	39.0240195589	30.8153601513	9.96520163684
451	27.9296186207	75.0481895108	9.20934940408
452	34.7791115007	75.034366035	9.8922063067
453	42.811642208	97.2753444681	9.192318409
454	63.8015342334	105.701807178	9.5959963223
455	72.0227178716	30.8814627335	9.60747959953
456	82.0797313275	33.6640477617	9.48840703149
457	85.6754987598	41.142170386	10.3958907887
458	100.13422989	62.5971494908	9.46232513509
459	81.4544352073	75.4604611762	11.4940851073
460	37.6005486998	10.9357899737	10.0285815475
461	46.077947355	20.9844123737	9.79170808208
462	29.5182237382	27.3882334937	9.88219491058
463	57.0117256389	40.7357289048	11.798685215
464	11.5367263438	57.5124578415	7.76247655593
465	42.0767584968	58.8395429302	10.79537846
466	97.7414996017	77.2050026609	9.84112868484
467	47.3226050981	81.3115544748	11.3561303126
468	59.0953190864	5.61694039711	9.25402457661
469	46.511319406	6.06612875426	9.95844478669
470	45.8858593662	12.7394535735	10.7449793237
471	50.7482165073	29.3328689691	10.0518576463
472	57.1789148901	86.1192083926	11.648106423
473	45.4420416254	86.4620074503	11.2960623089
474	53.849252752	99.9533939382	10.9152590708
475	51.4020492313	25.1078281174	10.3919785223
476	68.9913521009	41.0970298962	10.3241445974
477	50.1111681016	1.98309612608	10.4346243415
478	25.7579678674	19.6650417572	10.133052372
479	26.1638827768	25.0683310195	10.789032992
480	15.1309377891	30.2403193912	11.2919240468
481	20.1738455412	52.9044004931	10.3969001055
482	39.6976124568	61.6846583903	11.2733143569
483	91.5303720472	52.9657319753	11.8569579062
484	66.8885618408	63.2166764929	12.2454920276
485	30.397536988	84.2608014141	10.8146909067
486	90.3034276312	90.117422805	10.137892873
487	51.6236593712	93.501490884	11.1540827617
488	93.2575713104	60.8100379733	12.1666435994
489	98.848746169	69.966548729	10.7095031253
490	52.6617139082	16.9890660972	10.8071936506
491	66.8913256083	36.5566239169	11.6885676028
492	74.7306750469	82.4168225416	13.3658996435
493	51.8967879472	104.821738727	10.4735720223
494	18.6726135904	19.7816978337	11.3649407865
495	76.1373574192	32.2754946478	10.7170823377
496	51.0678336001	33.7824521118	11.5730696644
497	15.8281914719	38.5338562042	11.1307653091
498	90.3322315244	40.2568221849	11.2752613482
499	30.0024788929	64.4112101086	11.6208632444
500	34.0507738297	64.6807800646	11.0023714939
501	55.2633786873	67.2665085665	12.4038484931
502	68.197732778	92.0471099878	12.1718254645
503	65.9073148649	50.4575921544	12.2009113589
504	49.4524356411	51.7352624215	12.2416869424
505	83.2366434687	66.8001195339	13.142913066
506	17.7255332002	67.8968367646	11.1453760416
507	57.0552492089	80.6377127236	12.9798034212
508	58.5296685139	105.453101016	11.0878381114
509	82.40682317	50.2389042391	12.6443826625
510	41.0793287344	89.2764242637	11.9822051181
511	66.5447218213	98.8555849929	12.5510246446
512	60.7325297809	22.2825704272	10.9317589049
513	24.4535989494	53.3320180632	12.0105468302
514	85.6399779756	81.2855089513	12.3887300349
515	36.8944886152	82.9406476279	11.7009063169
516	51.8434528584	84.5930631628	12.028472025
517	75.1747813904	93.8192538558	12.9130963973
518	71.4180124291	96.4225370794	12.7560512577
519	35.9573934877	1.84818781643	11.6389252116
520	16.7148825675	14.298675681	11.9925218685
521	57.0667992869	35.4618770024	11.7221066724
522	86.1098142941	45.1342479857	12.8658494304
523	78.9884548574	46.5667454936	12.7714789424
524	96.5192305372	49.464172737	11.3508021826
525	98.7659682855	56.6702409979	11.3609760944
526	71.8785617507	64.0091719714	13.6534944373
527	93.0817969032	84.2074286225	11.6358007855
528	60.0504584426	91.6888822155	12.9169590328
529	57.8877242031	101.075085973	12.6458700541
530	28.4781165047	11.2294297024	11.3684640966
531	38.6342392763	15.0003578914	11.993254825
532	61.1104956749	16.1418382621	11.1512187401
533	24.1563206451	59.1060367844	11.2771514186
534	16.2343508257	59.806585318	11.7668348178
535	75.9502004114	63.3986493907	14.2303600699
536	64.5671421632	30.6206435249	11.7473773781
537	45.9247209874	69.5579510731	13.1902517278
538	33.3274404876	95.6643681958	11.5511808919
539	23.3165822393	8.27357358272	12.0270062312
540	32.451381117	22.0931205203	12.1521661583
541	71.8565370571	56.8969321779	13.3454040404
542	39.3888116771	94.524327631	12.9829918875
543	76.5636773223	100.434577231	11.8766916999
544	19.2776848588	24.0946195838	12.8073631519
545	35.7006965077	40.4934556602	13.1578432469
546	41.0881634408	51.2247947703	12.3490049077
547	55.5375228776	53.8300636006	13.1604879969
548	89.3554238354	74.0406925935	13.6342868871
549	49.0903590679	74.4401972645	13.343563572
550	73.3639321711	77.4236688784	14.2732230698
551	22.3433470159	80.0906079382	12.2428921069
552	82.34261525	87.4728002261	13.3999314934
553	71.5317113053	87.79467192	13.4132981563
554	78.7134865179	92.0307020205	13.3750158032
555	81.9000538198	96.8371060109	11.6948112115
556	56.5775877428	7.84274045125	11.7534413225
557	24.0802064288	34.4342835617	12.5739341011
558	24.5342876276	47.6660019066	12.1913965858
559	61.1068893912	47.2512470098	13.0134500113
560	85.9663237976	56.2037904655	13.4394870117
561	60.5279521749	66.1053175143	14.5166649032
562	34.2339523568	57.389061001	12.8872414145
563	49.1437184645	64.7441005021	12.9103192492
564	67.5944161789	74.0801588291	14.3078328219
565	35.1980655262	89.4081846623	13.5636786483
566	45.9850820663	26.6728748445	13.0043413405
567	58.7869670422	27.3990852734	12.2080305366
568	84.571288434	36.6271172895	12.8357199305
569	74.7148221232	42.6079006018	13.9038987196
570	48.6409583324	98.8032136091	13.0709377626
571	45.9002611481	33.1537828474	12.7768058959
572	60.3148987189	51.8425235568	14.3618415423
573	78.1243661144	55.236130262	14.1179193391
574	33.2321853992	70.6611102596	13.445165251
575	61.483162318	70.7275485777	15.3580988816
576	26.0466888683	77.3589763922	12.1444476685
577	61.2817850805	58.1437203409	14.3465552914
578	95.6605910874	76.879835136	13.2774195785
579	49.2825088412	20.4449047826	12.9317462983
580	52.5263213219	37.6432593401	13.626469463
581	41.7439527677	39.5668959828	13.6078856153
582	22.9665037625	41.6596328881	13.8679932834
583	85.2199570154	61.1839657895	14.063186882
584	97.7652564015	63.7972518268	13.4479099237
585	39.56251269	66.5590719116	13.3354067684
586	65.3343210536	86.2112145098	15.0798355811
587	29.0459000321	90.7710100716	12.9745053885
588	58.1817589432	31.565801816	13.4793347432
589	28.7993691995	49.1110327098	13.509541273
590	67.832752827	46.2535272061	15.0534726237
591	72.1810956933	48.1510512276	14.5905274932
592	54.8205199049	48.2689911756	14.8018684814
593	53.4281560285	69.5168007208	15.4632448378
594	77.5751910507	74.6264483367	16.0895610208
595	85.7783582228	92.1539746316	13.8372135322
596	47.0505909116	39.182940163	14.1644289924
597	19.1476850983	46.3546053221	13.4639660494
598	68.7602350153	55.4014186046	15.1306596603
599	27.6561068187	70.7294784174	14.245748598
600	86.3660129734	77.7441881165	14.9128830803
601	43.6134348103	82.0669882224	15.3803018105
602	43.7974049305	2.51530547793	13.1231521739
603	38.0404733732	9.73480670024	13.9072487376
604	46.6400720477	16.018171964	13.6633579277
605	33.7741236611	27.9064551536	13.9454457831
606	92.6787162802	44.9587157085	13.7987146434
607	34.1085157764	45.4813125132	14.1064267106
608	13.8251465005	50.1385886479	13.62100772
609	51.8096671296	57.9818367505	14.5081095275
610	53.8006526904	93.2271008245	14.7411006744
611	68.4663208838	103.532028082	13.7589784989
612	54.9859196787	13.6510966902	14.359166641
613	31.278851141	16.3637158506	13.5332390826
614	41.2013385213	34.7738409072	14.1869603045
615	64.0557497338	42.2970829269	15.3117384621
616	47.5570388644	46.9319699144	13.997171916
617	66.8554993176	68.5297198305	17.2942849257
618	30.7472891787	5.43488871614	13.7391511393
619	41.0940475695	28.5949836501	14.3773341661
620	27.268062937	40.4828590196	14.5026600727
621	29.5794551476	54.939557243	14.6237719955
622	96.7547607195	69.6468070986	14.3326237138
623	92.089640415	81.965616377	14.5739910314
624	37.7955958577	22.8557254937	14.4327494864
625	81.3437526344	41.9735803167	15.9880667423
626	29.4801596657	44.3976011784	14.3544240875
627	95.9573376901	53.9603272231	14.5519219736
628	60.605170754	98.3306852806	15.4808766919
629	36.568164791	32.945528736	14.4401604129
630	31.7822324635	37.9422904514	14.7616863704
631	67.8244486636	81.3036291419	17.5461530393
632	25.7994071595	84.809566381	14.2519040429
633	42.6902492056	100.484528637	14.5665591484
634	36.420189955	37.332119781	14.3929391851
635	45.3646673006	62.5004015392	14.7538119762
636	22.0646952466	73.9628349844	14.3473144278
637	34.7675083693	77.8087209045	15.10827564
638	82.0287292896	83.3981311921	16.0997441493
639	80.8937989248	96.1448758749	14.7296612555
640	12.6042455329	23.644701943	15.0977753122
641	63.168477689	37.6894698108	15.1420166951
642	85.8222612603	48.5138171615	16.358473656
643	34.2429850549	50.362692185	15.3449799593
644	38.9751974647	58.8985055761	15.2427430637
645	65.3914929027	61.4823433468	16.1117780731
646	26.5206288936	65.0225352854	14.6111786271
647	50.8695568283	8.82863237415	14.7129014091
648	23.7260599484	16.8111824036	14.816588837
649	54.7002152018	20.1631032479	15.2026128851
650	42.9221237033	44.4031606472	15.038465791
651	92.425474893	47.6628523851	15.8388791945
652	45.07162755	56.3022706908	15.614281949
653	90.0252266456	58.9013361486	16.3332358568
654	39.689915639	85.3250050334	16.4127575591
655	88.7739159877	87.4424196931	15.2208899109
656	50.3002699861	87.9471437377	15.7352306476
657	54.5534515999	24.9549622233	14.7864262874
658	77.0610649844	39.1262934091	15.8334580372
659	38.2665461115	45.0542120902	15.3236522706
660	76.7588183928	51.7837853381	16.3531551105
661	88.3595081824	66.7606026105	16.5589912552
662	49.4647431586	82.7650650539	16.1722009011
663	32.0492785111	85.2394869593	15.5881891247
664	43.8553891454	94.8769569276	16.0623466446
665	43.104383975	21.9039635206	15.278126395
666	65.909775493	32.3886112109	15.0316146238
667	32.1378076649	32.8456010719	15.3817858257
668	55.4288161557	62.6372696882	16.8810514661
669	47.2976581693	77.8349881595	17.7322242717
670	45.2107375981	88.9111851956	16.2247818685
671	54.5780400595	97.8034184665	16.3614584476
672	44.7993388951	6.10562221613	15.4696288844
673	28.9957955853	21.6619112427	16.1688406706
674	17.8282349621	38.5257969791	15.7809202345
675	54.9357660748	80.7333860492	16.9110730882
676	36.9459233017	5.15870053796	15.603917343
677	27.0483974844	28.3477992745	15.707897399
678	52.6009749125	29.167167891	15.1859420177
679	66.2655136219	95.6014190915	17.3339875186
680	40.8784842608	15.7383451778	15.962578176
681	21.3521275611	28.3382222344	16.654169897
682	21.5526000702	63.4268892426	15.6935265383
683	81.2098661966	64.4667547011	17.9523356072
684	77.1913508122	87.7987665804	17.2244343741
685	36.7702353753	96.6646330819	16.2337589449
686	11.2726452831	32.040736846	16.1441281872
687	71.9951420731	33.8950454252	15.94000262
688	19.3581678267	52.5983170133	15.7422366211
689	10.9277206907	37.7219979353	16.7007338787
690	70.2916163419	39.5144071576	18.1403756997
691	74.4161527842	56.6144426251	17.5641092782
692	22.2193756655	57.86786328	16.3550474861
693	96.6666504939	59.8201806869	16.1608851675
694	63.1103374887	103.563496459	16.2433843527
695	51.7414212356	32.6363809985	15.8320843541
696	78.2459030055	35.1090740393	16.0823188855
697	41.6077577183	51.3589692877	16.0711825488
698	93.7433455779	73.0510331665	16.9773812783
699	49.377903766	96.113668382	17.740430835
700	87.8396536801	41.6591970501	16.5137679854
701	82.7752842453	79.1172953237	17.7969794623
702	71.2727773679	82.2213000913	18.3046051996
703	58.3038329277	90.2810818671	17.3910872529
704	71.8061040788	100.660722836	16.8323676551
705	14.3241814036	44.2213466854	17.0470512109
706	38.9479928747	70.6235804205	17.8519998809
707	40.8220804565	77.0897120107	17.2339506402
708	53.3612007937	103.369123962	16.8035982621
709	60.630291857	45.3944288586	17.8164241735
710	80.2235996399	59.2739077881	18.6210083442
711	91.0200773029	78.6089157764	17.5516842726
712	61.5273156203	83.690012908	17.4180639546
713	54.9464897105	86.9190348028	20.1524616626
714	34.9368371022	18.2659497678	17.190929207
715	58.3471271227	33.8875224785	16.8255864672
716	35.6556911531	65.5654438474	18.3007041734
717	69.6466591287	66.0201453074	17.9059449312
718	44.5073569752	72.7919725422	18.0492310084
719	83.6697074365	73.3144650032	19.2632723378
720	47.202872669	101.669731722	17.0222093791
721	27.3928432907	35.0887543775	17.0775033769
722	69.3565428823	77.7514613785	20.1509200769
723	30.8081805789	15.2129424742	16.9554210557
724	92.7930110462	52.1857800847	17.9848734873
725	70.9572001893	60.3832660747	21.0804449043
726	77.5531761356	96.4193955864	17.5781066418
727	57.0329923149	39.3710832206	18.5039044078
728	22.0518410815	46.9673184003	17.813166252
729	38.9352563453	91.4716238984	18.1473703408
730	25.3835500472	10.7994734881	17.5677879275
731	50.493510923	36.2934642941	17.8669353787
732	51.4431390669	43.1596818246	18.1975844991
733	85.5149448193	53.0975895822	18.1975146299
734	57.3646078008	54.6356534319	18.6708711213
735	47.8391986248	63.3583711844	18.2960561858
736	44.5948628154	69.0320494895	18.7319020321
737	51.7264047968	74.3684384543	19.1181727403
738	66.445605978	87.219218701	18.6739038227
739	70.734892033	90.7904612044	19.3965964773
740	49.3344581483	24.0942570326	17.590009543
741	49.856278366	50.0797070069	19.5731485946
742	58.8601076024	75.0725675086	22.1216460204
743	31.6050697452	80.4997593361	17.7045798367
744	77.1303997221	83.7483209524	20.067778239
745	33.9531291924	27.86295182	17.8426348569
746	22.2373902928	34.2546072301	18.1046097972
747	26.322392642	52.7349620724	18.1051014453
748	61.2659967974	61.9010942309	20.545638926
749	94.6006226282	64.3636001995	18.2154528731
750	82.8904987137	90.64176482	18.4603732471
751	44.467829198	11.5093585402	18.1602299378
752	38.2350813204	23.2765660653	18.0892222019
753	68.9572154871	52.074882623	20.0359263887
754	62.8946374891	79.7121012742	19.4267410235
755	87.056979686	84.4117136339	18.901348733
756	23.6971492757	24.2153137063	18.4462496822
757	45.8274670974	30.1306023555	17.8208905535
758	74.5070641708	48.2571851584	18.9126187111
759	94.3884795377	57.9323582097	18.5444174343
760	54.6956156494	57.9605005404	19.1996963729
761	64.2089921182	74.4503369784	21.5637324037
762	31.6834527537	76.0467790145	18.5939667
763	48.4431516145	15.9772301976	18.1337405991
764	45.4760727774	33.1614157238	18.1451205656
765	44.5099250692	36.8373096456	18.2068539282
766	64.5105980054	56.5179697912	19.484351622
767	24.3625184192	69.4169854202	18.3822741869
768	41.8595806733	65.5164269843	19.8073548241
769	25.7326599862	77.9235288017	18.5158408801
770	73.257166718	86.1568047863	20.5477599745
771	80.3937851383	47.5869233652	20.3353455645
772	35.264662636	84.8291598673	19.5355553143
773	49.0444320125	89.5481999117	20.0219727985
774	66.8221855633	91.0173058371	20.6964285714
775	59.5927772523	103.09436037	18.6996948159
776	44.9728870641	46.644246379	20.0879719995
777	31.8537257253	61.5523549066	18.8651282367
778	61.1743756512	35.1146649969	19.7607779383
779	84.8734739472	40.1575517298	18.7511960344
780	70.3836316852	46.1932185966	20.3288200128
781	30.6948974704	46.0287858866	18.6761667488
782	56.3665649543	48.9152001291	20.0176161864
783	48.6429618058	57.6092044934	19.7408125625
784	39.092045711	58.1433599523	19.4277178212
785	85.7146491589	61.2438082636	21.0843293299
786	74.8178521545	65.6984747418	21.1938899441
787	62.1239132609	67.5701701651	20.3526660881
788	51.8691338889	67.72549947	20.8267751047
789	45.7499015183	83.7584037554	20.7291953045
790	32.9137093191	91.0024229351	19.5147176239
791	53.0863831219	94.0641911061	21.0708814022
792	57.6241098293	97.3139771898	19.4127616712
793	38.3152757927	9.81289832042	19.1582921472
794	32.4620367119	10.4336527986	18.9359099099
795	36.0059571967	39.9520262307	18.830751187
796	30.2054040328	66.8073652173	19.8570027938
797	93.0647342888	67.6073056315	19.874636179
798	83.5472679237	68.7197087057	21.3046391958
799	18.3385527921	19.262838732	19.6431335614
800	45.4832053882	25.4151976751	19.5704172367
801	27.8067182744	29.2626517289	19.6769064312
802	38.4531315395	35.3059335484	19.3070876695
803	26.7110592967	61.5227662228	19.7793469445
804	30.7715144037	22.2694783492	19.5335951588
805	18.9718211662	33.0418497299	19.8418438756
806	30.4949749184	40.8302278817	19.4852150538
807	90.6878485669	49.5930486239	19.6714039985
808	58.3114883593	68.5357601158	22.9850194211
809	77.8009792175	79.066695554	21.3557675173
810	45.0881697284	93.7893006552	20.8672499623
811	76.0874184588	61.4874441663	21.7526270398
812	73.0013178763	96.7252287404	20.326769422
813	38.3868240017	51.7076433824	20.6589923353
814	75.5002455408	54.7946494892	20.8734516237
815	34.0813642152	56.8081586279	20.6825066645
816	90.3478317244	72.6998346847	20.7155668714
817	61.6314550191	84.9574173372	21.1556245236
818	29.255487624	85.8933944125	19.5307822753
819	14.6139314614	27.8662415541	20.4787567241
820	12.8284337775	33.472378824	20.4171650896
821	42.7704984621	41.5689335997	20.087113741
822	44.0170720081	61.3511649919	21.0632754342
823	62.4374229931	94.3739446216	21.3039897095
824	20.6808254809	15.8298842436	20.0436546463
825	43.5315509517	18.1453638348	20.2169776119
826	67.3555996373	35.2067595439	20.6213427377
827	25.9816299541	42.5995598516	19.8660213083
828	53.4456054915	54.6520140616	22.0418961386
829	44.911266021	55.2438935885	21.5136373554
830	31.853327667	71.8537092582	20.8521515207
831	87.7630148282	77.9718852604	21.2443704836
832	86.892576833	45.8572564743	21.3565190988
833	66.9679211642	62.5864309075	22.724454741
834	53.9362912706	62.2355966396	21.5640620645
835	37.3302782424	14.809151731	21.1073834438
836	40.1102722198	27.8487458742	20.8268941036
837	76.1953673926	44.6603345244	22.1114425132
838	36.0119500507	46.5669606385	20.9514406686
839	30.4879699165	53.7504479191	21.1590315496
840	39.7515860842	79.2601285053	21.5995321292
841	53.3832558155	82.4807953531	22.7220117916
842	64.2532685719	100.710986284	20.8180596489
843	80.001015878	39.0745796218	21.2684083557
844	62.6885371042	40.9637912441	21.5472590883
845	65.6783218984	51.373910246	21.7405862217
846	70.2745679443	55.6350112163	22.848323737
847	91.1433116468	56.4454275231	21.4392274562
848	42.4779628593	89.4602971369	22.2318500466
849	50.5064129962	38.4686514771	20.6703755497
850	46.5283820813	99.918124067	20.9718999175
851	64.1855086486	46.6344353684	22.0211501993
852	75.9996448172	93.07733204	21.9542690931
853	53.7171724088	101.371308037	21.0896724914
854	59.755161792	51.0518234727	23.0607469422
855	80.2036062637	52.7578263085	22.849563272
856	31.1077416442	14.0898598775	21.4260854874
857	40.9241893988	21.0477470066	21.602739726
858	31.2819918355	34.5718414378	21.2184583109
859	65.5273204809	70.3977593249	24.8764187821
860	69.2891808776	73.6796479807	23.128156976
861	62.0114717088	80.89724625	23.1856682273
862	57.6518275262	93.371763512	22.8906318492
863	26.2441191058	16.4954058897	21.6829274731
864	15.4478687006	39.2523443688	22.2140525291
865	53.5979254792	44.8501377275	23.0549608309
866	77.3990179312	74.0518504595	24.5080734301
867	80.5550732457	86.8864675617	22.9854869166
868	67.2565007219	98.9300820892	22.4237699003
869	20.822211748	40.1497814159	22.6659153895
870	83.3995900033	57.5474657635	23.2862161674
871	38.1632245279	85.6443809839	23.189703222
872	68.0692952465	86.6283414261	23.4656458579
873	62.785293849	89.7557245553	23.6125284381
874	73.7953111569	37.6358726709	22.6665615025
875	35.6335614812	29.9079119897	21.8374420866
876	89.3088131605	68.3718756152	23.3113740629
877	78.4908476753	89.9407866983	22.8415805691
878	53.7731009833	38.5556541012	22.9038014356
879	58.669240563	43.8444779224	23.2300176396
880	70.6186530652	67.8418793445	24.175886194
881	26.6209673463	37.0910979962	22.193412604
882	90.7197437218	62.6772512126	23.3096742145
883	28.5209376042	77.8450963537	22.5016949153
884	56.5439588008	77.4884091631	24.9459936135
885	83.8039470502	82.4219233847	22.8010556602
886	35.3959553179	22.6578986288	22.8670924717
887	17.9686148404	24.2688741882	22.8681503318
888	70.0601066265	42.8837969526	23.542805686
889	38.411135805	71.8160874176	22.8289721901
890	72.6291426589	80.4116893491	24.6875540793
891	87.4459963154	51.8660802375	23.6549767085
892	47.2468700204	79.1231497643	24.4202466598
893	49.9092254195	92.2044727276	24.3403897021
894	40.4344497145	95.1747658801	23.5152122656
895	63.6172090179	56.1438988678	24.827037048
896	80.8060301438	63.9822208356	25.0676817111
897	65.3008510804	66.4606186684	25.9210550996
898	35.1955425768	78.0329938363	23.9749389539
899	48.040933377	84.569647782	24.2532959327
900	31.8382162476	19.6673882465	23.3430557127
901	24.3658361621	20.9640568068	23.3860971524
902	81.5737595645	42.7822660652	23.7049875765
903	50.1293207272	62.924493855	24.6918087666
904	77.8098183375	69.5479671459	25.4812920577
905	59.5182834494	59.2575810211	25.4022190135
906	53.0778819296	71.3996334475	25.2409913739
907	31.364376298	28.2625166814	23.395106191
908	61.3269728777	37.1208993472	23.6940417715
909	44.7961145987	51.2979299282	24.5703850995
910	50.8846940193	76.5517361897	25.172398035
911	35.6029909944	91.0319964537	23.4154691663
912	43.6851551301	75.002670904	24.7935689993
913	74.9620368433	50.7316662107	25.0867037127
914	48.1404073731	66.9836390155	25.8034798171
915	41.6459369072	46.1519769873	24.8810276746
916	79.3193727954	59.1798354964	25.8487337781
917	59.4714688803	98.9678156809	24.3581873341
918	28.6185253705	24.9604494342	24.4082871044
919	48.1701803258	56.8929545894	25.3726244836
920	87.8399001824	56.6816435648	25.0854167904
921	52.7434842029	59.0988050663	25.2931855192
922	86.4459464037	73.0986317849	24.8472623941
923	36.82892002	62.799770103	25.3824487392
924	42.0599794288	66.2202359996	25.1069814941
925	69.8070737665	94.2011834312	24.8047585927
926	65.1545593874	43.3409791435	25.2090857143
927	60.1219412727	88.1135444204	25.7692275434
928	55.5344375337	91.5830549801	25.4743323784
929	54.6118265755	98.1953323399	25.4125351182
930	23.2857556764	32.230265761	25.200160008
931	75.7170518116	54.7126033631	26.6504562994
932	40.6746626151	56.4659836381	25.7864505403
933	29.8772131115	63.0153396364	24.8261434354
934	59.2872627179	63.2539280226	26.8284854361
935	16.106576271	29.9426300344	24.8276553106
936	46.2979101387	71.4447972227	26.0311918063
937	80.5280021278	83.1254839995	25.3835689875
938	65.5516859637	84.7433374302	25.8343287107
939	23.052281203	27.1431803765	25.1440318001
940	32.6800043191	54.8601124425	24.5599681384
941	35.05125666	69.9704590929	25.7618899993
942	82.7068051792	77.3700249129	26.1213580338
943	72.9297269946	89.290409795	26.233612947
944	47.99377053	43.3613546886	26.0445284054
945	70.8942241086	46.0832555844	26.0581313432
946	44.2374904448	62.1050948066	26.4755529769
947	29.2067252917	70.2759624936	25.452047945
948	48.1178322075	97.5842277709	25.6116427744
949	16.836366862	36.0077142926	25.9224756585
950	39.7566658421	81.8906456592	26.7950673446
951	33.1741571277	83.4355694662	26.0314840784
952	55.0808417104	54.7081591216	26.5097052091
953	67.2924232281	38.7152458414	26.2567319268
954	44.1996715752	87.5555322079	26.5234582059
955	55.2853993853	40.1349996754	26.3293219247
956	59.6200398415	45.8939239124	26.7466677474
957	49.2517310354	50.3542546779	27.2973626995
958	36.8798410293	51.7914573199	26.5073067368
959	73.7544064367	59.2721446811	27.8217328227
960	86.2272012428	67.1812754473	26.5776187905
961	66.2980011684	80.5898273282	27.1413093592
962	65.2828981871	94.8949662117	26.7067615114
963	75.1486785859	42.2482000334	27.3371040988
964	81.2169951116	46.359220233	26.3947843283
965	75.5084985684	85.989341805	26.9328080868
966	50.8866966312	88.1538424253	27.0145061195
967	73.6618416423	64.6448968562	28.5797758221
968	55.282704999	49.0331083087	27.5400232829
969	68.9781444757	49.3460081244	27.3577991747
970	82.5724788669	49.5683203021	26.9552749928
971	54.9638546177	66.7565638041	27.9963491537
972	66.0140467727	76.1791375537	28.7327654106
973	58.6099518195	83.9845548721	27.8388971224
974	54.5723254483	87.2471576657	28.3339137593
975	31.6900143823	76.1193809603	27.5637733895
976	38.2882907543	90.1523264838	27.2240835465
977	64.4432488582	50.5543053485	28.7741742987
978	83.2251566171	72.9143797418	27.5726895897
979	44.9934823374	93.9821717676	27.9084757303
980	85.8003856789	60.2804687352	27.9411458333
981	71.65334508	73.2127727076	28.6528782811
982	61.934749144	79.8446603796	29.0392773789
983	54.1781156415	81.8115613535	29.4461262386
984	82.7791118256	54.2852602574	28.313881582
985	43.7275622907	80.8025419527	28.8055299539
986	77.5925391496	81.7700491793	28.2435376823
987	39.3291495958	74.8514854929	28.5972003066
988	70.352488386	54.888981433	29.0782669462
989	67.8524958045	61.1713007365	29.9981139759
990	47.6000459334	85.0364983046	29.5681344742
991	59.7641461833	94.3304553574	28.7640596581
992	60.0800038389	50.7262270593	29.7090121999
993	40.3846883255	62.2855853628	29.1703441977
994	60.2683952396	41.1477405983	28.7703003957
995	49.894540973	81.8680236663	29.9639064122
996	71.2931465321	84.8952780548	29.6020205559
997	67.4072816213	89.54389068	28.9831942513
998	53.5186828463	59.3425902759	29.323565365
999	66.8028493082	54.7068323084	29.6785838813
1000	44.8353044124	56.9980494081	29.5324226837
1001	64.2528793416	61.2004840705	30.6221553864
1002	50.6593195171	63.8048859592	29.4255989049
1003	62.0468643345	70.5291475035	31.0460415725
1004	56.2520455186	79.2871435257	30.456209859
1005	81.4199681154	68.6068649382	30.2955652624
1006	39.8641168661	52.4699333497	29.5827482896
1007	51.6815706352	94.1382894071	29.5093925577
1008	35.3379804742	59.415568998	29.652576966
1009	37.1872175935	85.022028321	30.0304731115
1010	41.0495508592	67.8112128127	30.2525970349
1011	76.4002654098	47.8873167904	29.8928817293
1012	45.0651366254	47.5832408124	29.4887658281
1013	61.0073416365	56.3057139289	31.1094601288
1014	33.328295579	67.7980121726	30.0844326758
1015	67.9680561567	68.4346631717	30.9303838425
1016	58.6412375802	74.7694317682	31.3003411609
1017	52.4617104291	75.9431439017	31.3989515795
1018	41.0597897373	89.9566812955	30.0093586898
1019	64.3615427128	42.6200885586	30.3658475605
1020	53.9697031262	44.2625938526	30.3721086664
1021	56.6253293528	52.2260863326	30.7786410445
1022	51.1307522177	53.4738329159	30.7133052911
1023	78.2514026872	73.7329044048	31.0472741656
1024	47.2620299851	75.7331239575	31.3309932864
1025	75.9226614977	79.3052322348	30.1425456109
1026	82.742346837	62.4915715091	30.1263163173
1027	76.7357923881	51.5680319599	31.1653420303
1028	79.4740190694	56.4284977742	30.9887642626
1029	42.992995927	74.2938354129	31.4867505384
1030	72.673387576	46.2524220256	31.1696993556
1031	35.5894170277	78.6977878276	31.0854613377
1032	46.6970275519	68.3978297188	32.6261967062
1033	56.8960336318	71.2344571308	32.4409196291
1034	61.3345795238	88.5112869937	31.4198188512
1035	69.1139519704	44.3459889965	30.917478286
1036	60.6624172595	65.5930779073	32.2954775286
1037	59.3920836336	60.2448688672	32.321966882
1038	51.5141652393	71.2989360416	32.1666028516
1039	67.6454284998	83.3502458606	31.9054920599
1040	57.1964768403	91.2152246266	31.1762837911
1041	55.4934510808	57.0483976449	32.775846124
1042	45.8606027474	61.7133368024	32.1451609195
1043	79.0662133448	64.5617949614	32.1741912145
1044	47.1502679932	90.110455062	31.89224998
1045	43.3558155573	52.6422971323	32.2192013594
1046	54.8553167472	65.8088865429	33.3977286516
1047	71.079422036	78.2226434203	32.9623104567
1048	63.4721838185	86.0217060116	32.0313595879
1049	52.6464852759	90.9564490288	32.2617692072
1050	50.2902491666	60.1888656608	32.9699884007
1051	76.5131694362	60.170093925	33.2745002016
1052	50.6038811798	48.0669925222	32.4768035372
1053	36.3866285524	72.6966946356	32.8770154081
1054	42.6247608689	84.5543877934	33.4124852554
1055	62.1970051248	46.3560152913	33.0987368493
1056	74.8760151461	69.1415778183	33.8853704451
1057	73.8346050643	55.8303241556	33.4332609875
1058	74.0598953675	73.9237606937	33.7054335658
1059	71.6500116201	51.0728605087	33.3557932264
1060	68.1164566863	49.3346841482	33.8743858463
1061	65.5245599828	80.6426878687	33.9103968638
1062	60.1391413585	82.405767787	34.3279296261
1063	39.4440600402	62.8748297002	34.2365863309
1064	39.8479472238	78.9979803072	34.1107709836
1065	55.3567058071	48.6804090873	34.3473584278
1066	56.0631075924	85.6259862844	34.0387691199
1067	51.9480516817	86.6544247763	34.1889841826
1068	71.9256980206	60.769614392	34.6816248519
1069	42.2472589567	58.3218137057	34.5941962707
1070	46.5879470286	84.6918846421	34.7283358631
1071	46.8762813294	53.141376266	34.5752819411
1072	73.7680273826	65.6182506072	34.9253476871
1073	65.8827864797	75.1624066813	35.1326164875
1074	38.2743762822	68.1469744553	34.6297961631
1075	68.1867661386	56.2676711313	35.30316564
1076	63.0524130189	52.7346938382	35.8688228262
1077	61.6663708184	77.559619816	35.7018270242
1078	40.7897305326	72.3055941125	35.9565697662
1079	58.9625894799	51.3536487908	35.9724800272
1080	67.5712151641	65.028290412	36.3378942109
1081	45.6655466211	79.2529430121	35.9143737237
1082	57.3952953349	79.5696922399	35.8126233344
1083	50.0613075561	82.4002142734	35.9056615858
1084	68.6220389004	71.0413208111	35.8374755422
1085	52.9109497193	80.6976552053	36.0364526866
1086	64.250448975	56.9855868226	36.54796875
1087	53.1050796356	54.078971558	36.7347449659
1088	42.6934851595	66.2679265449	36.8982058856
1089	63.1585948808	72.850197453	36.8638055362
1090	63.8856702574	62.1001023166	37.3446393573
1091	46.7198457714	62.7073345704	37.4357971077
1092	52.9781492929	76.1999090876	37.3372217394
1093	50.0192305098	58.2332829165	37.7645168285
1094	49.7132984775	72.5522816103	37.9093606745
1095	43.9695277736	72.9636354517	37.5267090367
1096	47.8915701399	77.0182570381	37.1559393225
1097	56.4832332007	73.3135160958	37.6768772025
1098	59.3524335505	58.3933254934	37.963907572
1099	58.3200677412	69.0432367093	38.2246299227
1100	62.9744895211	68.1307829031	37.673490751
1101	55.7733245543	60.713599748	38.3470320905
1102	59.400938742	64.8236151683	38.4394790797
1103	46.9294006175	67.9165232258	38.2913141757
1104	52.4423924002	64.5278752814	38.7656746126
1105	52.3718969849	68.4587243324	38.7524830181
