1	56.9528285619	54.7421050133	25.1973811689
2	50.0823473447	2.02035634301	2.2836600401
3	40.195257139	1.40901709258	1.14504056612
4	44.1012742047	2.18849933786	1.44651400003
5	68.1003669007	1.41125831724	0.59813456368
6	58.0983837486	4.08061166834	1.81239868288
7	69.4217617386	5.68503394858	1.36938551937
8	63.8327832929	6.56775870562	1.09831866711
9	28.8688642259	8.80840518984	2.21394759576
10	41.2059792099	9.05368158625	1.75525793894
11	59.6707262774	10.9112014062	2.16188889077
12	71.9447824412	11.1796548271	1.02672680273
13	42.9024476982	12.9769198432	2.0844247778
14	37.4225230727	13.3270649602	2.2630490556
15	48.7755579152	13.4031342633	1.56257426213
16	64.8682428125	13.9882419551	1.25791918069
17	27.1197818835	14.0033443745	0.997448343342
18	14.7331171444	15.5684225227	2.52650640597
19	71.8156144258	15.52036384	1.0281864756
20	26.4324131501	16.9905580121	1.09758322573
21	28.026261421	18.7355433605	0.350892244338
22	35.3172131924	18.7118479031	2.10921334573
23	62.5185348882	20.8024945984	1.94598866703
24	70.6913211464	22.0616208359	0.898559402449
25	24.4352964445	23.4700111001	2.1572229615
26	16.9833916094	22.7767821094	2.93544346429
27	44.1702885468	25.6248627991	1.95829092083
28	64.9614448981	25.1037677304	0.56881849976
29	60.6794970079	26.3053550714	2.06075430298
30	33.534472277	26.3250098958	1.07870954566
31	53.7066548499	26.3054365943	0.986495525226
32	70.1976867549	26.6112551446	1.103049896
33	39.0074277588	27.6712522036	1.26554985843
34	44.724876659	28.5557530341	0.403031618837
35	48.4308228693	29.2227734002	1.61661702953
36	63.4243595456	30.0861381999	1.73437892221
37	19.3732741844	31.4675125914	4.05187653536
38	13.5253727991	30.5532642433	0.974783467238
39	53.6561522899	30.2442618255	1.17256202752
40	26.78290127	32.0896220224	3.87868939194
41	43.7553960617	32.5338911533	2.77464090715
42	80.4201407047	31.9425118366	1.35441576226
43	30.3935802086	31.8978952651	1.05884308511
44	57.4572232156	31.9131773779	0.998310162071
45	86.0014439909	34.7559024161	0.859096004715
46	75.3315471598	34.9929038155	1.19473095974
47	50.282871305	35.3128872272	2.7460946648
48	13.1913682909	36.9307016207	2.78518350192
49	25.6460052017	36.3234037369	0.621200607903
50	43.7312114729	37.2433066385	3.27547977786
51	81.9562007406	38.2031316204	2.30788068262
52	89.9603979915	37.6499457126	2.32491222736
53	38.8653031906	37.7635333563	4.21373369791
54	21.4394091958	39.5980645509	2.8570778554
55	33.6073234334	39.5784450121	2.18719237194
56	70.6890136258	39.4657943624	1.68927784015
57	63.3383136285	39.8811264796	2.27165477326
58	87.1699270211	40.0488717307	1.07201633935
59	25.9306259517	40.4250539337	0.774276115821
60	55.3966165878	38.8478769066	2.61025830967
61	81.1829085861	41.8621173362	0.61941157376
62	95.5735908398	41.6177014018	1.38944666979
63	13.482184677	43.659333215	2.17323961763
64	44.1589298315	42.5129447216	3.39651334254
65	58.2620846103	43.2146780653	0.719328792285
66	91.2064646158	43.1022729311	1.74931096636
67	68.5633380751	44.3537426803	2.16246136332
68	38.5529797166	44.5290733984	3.86060865804
69	73.9980025022	45.161431286	2.32238808237
70	84.7846749971	44.7053820708	3.03651891109
71	27.9354277404	45.0083255961	3.21319743898
72	18.2930930882	46.3264819589	0.370154473914
73	66.4862299713	50.2057647866	1.67390780937
74	22.6666378319	48.333831623	2.41519542395
75	25.730178566	49.9566675983	0.89979453351
76	76.622914039	48.7652729852	2.81863747954
77	58.0570204293	50.8971631339	1.97040032501
78	96.4230245593	49.7875000459	1.0591759555
79	38.9830860638	51.0942869031	0.470008974747
80	49.0234456701	49.8280715433	1.20265085455
81	31.054510469	51.9677779201	3.35959253512
82	91.4066218682	53.2832603453	2.22729857319
83	70.6955876255	53.2420005157	0.792362393991
84	85.6667948421	53.7766444272	1.1924833824
85	51.3836271377	54.7444424548	1.42518053195
86	102.104886039	54.3504317606	2.11053283438
87	21.7032253571	54.3710944878	0.887042665766
88	76.5581403301	54.94808501	2.60813647385
89	96.9387035636	54.614072891	2.59470879698
90	35.2540636431	56.1828878383	2.04738258111
91	46.7933550336	56.2248141393	3.08415420771
92	81.0804158332	56.1983498262	1.25607406893
93	28.6001085612	56.7034924639	2.77216857844
94	58.4940072213	56.4504322518	0.555507012102
95	91.3570840807	57.6232501747	1.80529040926
96	40.8985813721	59.4199305636	0.942880885558
97	97.8693659838	59.2645136219	2.72633186333
98	17.8791817048	58.6991767253	1.83463654793
99	86.320008412	60.1355075129	0.717837389879
100	103.492033653	59.9083520898	1.00001239173
101	75.8404988407	61.7698154436	2.51257764412
102	56.5278702627	61.9486558771	1.07318958567
103	25.6035557374	61.7548982137	1.56097037053
104	33.6951582127	62.4878570282	1.56444003448
105	41.5133019	62.9720281905	0.701218909895
106	95.9816924844	63.6199575286	3.57237454341
107	70.438811499	65.0797209866	1.96919017695
108	100.024202592	63.7549113699	1.10455817124
109	89.2208947535	65.2651569454	2.49593368844
110	16.4687134528	64.1476058307	0.988403518255
111	29.7686351636	64.2288648366	0.463037610852
112	48.5492910404	64.847369645	2.02088071862
113	82.0327233084	66.563088576	1.62772987926
114	12.6907859334	67.3105600346	1.5097549842
115	40.3793428491	66.5217479359	3.1953388816
116	76.5212201816	68.2167308385	3.23257205048
117	17.3439588313	67.4841301419	0.639850908526
118	98.6108097886	67.5014251451	2.1964901017
119	62.1275478827	69.8066468648	2.7310978205
120	35.0227332651	68.9739868494	1.53141128132
121	51.8998227282	69.5952451805	2.69629701693
122	104.090963303	68.8750870893	0.868582311422
123	44.1881562166	69.72850588	1.41798979386
124	87.7333694721	69.759900541	1.80282795843
125	71.1159666365	71.5481094582	1.6803790382
126	29.2904201484	70.3564595383	1.52151060644
127	93.6552609571	70.6303887167	1.25937600327
128	99.010542566	71.2152289373	1.66995987457
129	20.5475342829	71.8135739366	0.962033906825
130	77.0828078335	74.3708030338	4.38299292803
131	81.181430631	74.6187026907	1.43265706047
132	103.319664594	73.5583567611	1.17903390847
133	85.94879877	75.3332686437	1.19851270399
134	48.8491593049	75.0173050225	1.6901980834
135	96.1209344384	75.8567355246	2.41698962803
136	61.0231742722	76.7503713644	1.09562621428
137	22.4578343156	78.2007170813	0.875720514035
138	102.362470812	78.847451644	0.723146357189
139	93.8658810709	80.0564475203	3.36672218443
140	72.4784626527	80.081420517	2.66556367619
141	52.0804084207	80.5727482234	2.15382229803
142	81.6459431707	80.7147610707	1.1282240055
143	96.4801525907	81.0235235777	1.358324432
144	85.9646040225	81.0157257891	1.49455654587
145	31.5726225226	79.8988300948	1.92960049539
146	56.665779327	80.9264266858	0.879715830004
147	89.567818224	82.7611948569	1.07657591737
148	43.1132072584	82.0761925545	1.31191008336
149	74.6372518605	84.3281978776	1.18695173413
150	38.3921715048	82.9939854716	1.51899497301
151	100.683964123	82.623813046	1.0524109246
152	26.6914668288	83.8466764014	1.49738424021
153	52.2481244582	85.0085811513	1.70220843632
154	66.1888200714	85.3649890943	1.11735934063
155	20.8253267283	84.0244495395	1.86995746583
156	34.1772535983	86.421944112	0.780168456349
157	61.6305611039	87.8949093937	2.98295173995
158	91.6514467355	87.6927058773	1.28434342732
159	74.0165553169	89.3074710095	0.819276909486
160	40.208968686	89.1113284318	1.18673590649
161	51.8163613138	90.5980881371	3.41343489842
162	54.7284174209	91.2945981377	1.07900092507
163	66.27381278	90.8599185435	3.25925396249
164	25.6928724625	90.4838409496	1.73885521215
165	32.4616047429	91.4046265183	1.59234630206
166	86.9956048787	92.482795287	1.69720865975
167	76.1471097515	92.8717151958	1.59729215362
168	93.1646496733	93.1315510868	0.809890700591
169	72.0120689654	94.1016840728	1.03732959613
170	63.02412535	94.3977658131	1.31937033084
171	56.601562816	94.6114814157	0.827825396455
172	82.0652132266	96.7893529846	1.64603664766
173	29.8933552981	95.730992064	0.701787234043
174	69.4460275861	97.6701182545	0.982904269637
175	52.7962712122	97.9670315523	0.790325669625
176	64.1946350664	97.7770775347	4.01491060632
177	73.6646615698	100.849779135	1.91938696201
178	48.5488511179	100.524789563	1.87484651322
179	39.9414889455	102.18747733	2.05012849712
180	62.883037856	103.30430664	3.03748237631
181	67.7554400106	103.248647365	1.67808124793
182	80.7834921397	102.34853235	1.44400475574
183	57.7573568698	104.122001293	0.930661835442
184	46.904401479	105.28339771	1.14349280659
185	71.1998744576	106.556643736	1.44957884766
186	81.7573624741	51.4526611852	3.5727147489
187	83.8998319482	85.4112843312	2.24829160574
188	58.5983637779	97.8565692	3.08395303112
189	32.6446161995	45.8896071055	4.19043247497
190	44.3335244763	18.8979795287	2.49569783145
191	29.9109679817	36.6426765956	2.695293287
192	15.3614061572	51.4183761361	2.77952070279
193	63.5579626098	51.8327626941	2.96008336365
194	21.0466483892	64.5170054917	3.21309014686
195	89.4189247643	77.2421025922	3.46198273782
196	38.1167532332	94.8880986153	2.66036198289
197	87.662918412	97.7341716739	2.07032940158
198	43.160037805	98.7836045153	2.84522400432
199	52.074130318	21.1338119394	2.27851981335
200	11.0773238461	23.4303741208	4.67961909365
201	71.3330143358	29.3541926013	2.00975193258
202	100.687433699	50.3141860659	1.99964104657
203	69.455368807	57.3129347	2.9920484395
204	64.157886487	61.639878647	3.86469435865
205	45.6263674483	94.0189871935	3.08986553557
206	52.8035645446	15.4004919981	2.71375891901
207	62.3757967313	81.4848161328	2.91377486032
208	97.3921320834	87.3515537929	1.93587118704
209	31.7799170492	2.43701934945	4.1573801403
210	22.3537000539	7.67829440075	3.23696339767
211	53.6656177575	7.23548997525	3.35015755277
212	68.4048135298	33.5555741974	3.04582578544
213	88.4735796078	51.1503939255	4.57912890823
214	44.1394461352	77.9410471232	2.92090082935
215	64.041237819	107.896978606	2.63238240626
216	46.7030753188	8.17565239208	3.34967401087
217	8.53380121449	41.8431534721	5.78263768659
218	91.4280435106	62.4167141934	4.81477247374
219	34.3204273427	32.1496795172	3.60044428568
220	92.3307974379	46.7156668302	3.24926698471
221	8.6326986299	49.4202718886	3.05024992706
222	54.2261534859	56.9481253785	3.60940990431
223	85.1153346635	57.5480785688	4.97147808867
224	24.3588405971	69.713907793	3.77064551028
225	70.4635048888	86.7530697899	4.8567316965
226	83.4354321794	92.6287656865	3.79096830795
227	55.9275114696	0.345497531699	2.57864196274
228	31.546736521	21.1506700287	4.14047592097
229	78.9885121679	60.2240754811	5.01940146031
230	47.7316080952	61.9132593431	3.92835147192
231	17.7028983133	75.3974054513	2.99719869272
232	35.4488112799	76.1011154356	4.11023092297
233	49.1756711212	79.2022100516	3.6623456424
234	79.1345972295	92.6275983603	2.81115700871
235	37.8057047713	50.5596445692	4.33040448417
236	90.4483381062	70.9434445947	5.40046554976
237	79.9351526878	87.6238245174	4.06541492711
238	62.5781408893	45.1597341037	4.35805532642
239	45.3598964964	48.8872786635	3.6973174959
240	39.2497617032	71.5533872459	4.66684178268
241	79.7596033492	81.8398771868	5.9716018529
242	57.870223793	87.9016055392	5.75131733566
243	64.3790659329	3.05028648589	3.43753032687
244	20.5956951729	26.1260644176	3.97539339782
245	62.2195589352	34.6914144324	3.76249632017
246	78.4104085125	42.7988848053	4.36944852578
247	53.6594819211	46.130098547	4.32389900392
248	102.719321539	64.5181345377	3.90311724478
249	66.62127344	69.4134465179	5.56935650224
250	85.7360120683	72.9407520177	6.46226141975
251	41.2984713889	79.340596018	4.61352071723
252	88.7714746454	87.9337459391	4.12974635271
253	69.2745337606	94.7605685959	6.79126788506
254	54.2434163436	101.672299574	4.08045015672
255	31.3748198511	14.1443362735	4.73435675306
256	67.6145707967	18.0991092532	3.3296388237
257	46.6679571193	26.0137079122	4.39458075872
258	17.2261410565	36.0943371452	3.73056403888
259	55.1447703023	50.6582974111	4.01732696128
260	71.5612278352	50.855502871	4.3931523379
261	56.9402317964	75.8942689273	6.39504693021
262	92.5250652187	82.7230561587	4.4936902715
263	66.6415243515	23.7698761623	3.30358447235
264	97.5748110471	45.5417893808	4.10045058718
265	42.9566952734	55.2460764837	4.08012750359
266	38.577795982	57.4248599311	4.69809204855
267	30.6537746151	85.3144341969	4.50681377114
268	92.2350275739	92.7512767107	3.83052097
269	51.7696268885	106.385430276	3.46301749432
270	58.8384190001	107.499860199	3.73414974666
271	35.4375109683	6.87440304992	4.70020221495
272	22.363815334	15.0871172558	4.10671821171
273	29.7928912906	38.5692726135	5.83592944799
274	94.3829752023	49.6085311537	5.48311790572
275	61.6756891943	57.3222484218	4.93363268831
276	84.0445052996	62.9030139883	6.63067037111
277	42.3376648917	74.9550882606	4.26684661374
278	28.7145528035	76.1588345702	3.83332525741
279	83.2102080348	77.6255915454	5.51342996237
280	76.3458185065	89.3599011452	5.3577600568
281	52.1112355354	95.1023474591	4.65189117899
282	58.5843977118	18.8612116883	4.05992973719
283	57.1464583835	24.2432377439	4.25122437489
284	38.7473594423	24.6279205135	4.59237232813
285	57.4723354746	28.8934246527	4.81690226259
286	11.5155647369	57.8010754145	3.20451096968
287	95.7588008735	73.8766476602	5.81104675244
288	100.275418152	79.5375411124	3.80455870025
289	59.8742569493	92.8779449471	4.85786030392
290	67.4763849039	101.586735358	6.42502148493
291	60.6872490843	1.6572022777	4.48053188408
292	56.712358713	32.7263234597	5.3661034744
293	80.8552632786	67.4225770982	5.51948162167
294	58.3532301136	103.211787435	6.02845465082
295	77.6910193417	103.160289603	5.0268192881
296	58.1550015486	41.3301812492	5.77473805639
297	49.4867610658	42.8743448263	5.53364873277
298	45.8595752635	87.7387358918	4.92140860742
299	59.4438480344	13.7875432079	4.9150814121
300	8.47343314342	32.4007540635	5.13700812757
301	71.2627767832	60.1220025573	6.26813552535
302	74.0386154468	72.6915337216	12.7142884137
303	65.1938851435	83.622408914	7.25786020706
304	83.4735662812	99.5297869872	5.2351167632
305	66.7384800901	8.54490390892	3.90198925051
306	24.0451950191	29.1131171744	6.12110250443
307	17.4266934289	45.9595164893	5.72462092092
308	42.9063400558	60.0941459329	6.0375136681
309	94.721353749	67.8154200351	7.1909613685
310	101.569092893	72.2415806005	5.37080141664
311	64.0447744585	78.4006904582	9.09089737501
312	76.392032799	84.9758933154	8.83277416175
313	52.4855024526	86.1137540059	6.29524931988
314	41.4538342734	90.6919617708	6.09309462916
315	33.3633613019	96.9088037962	4.60482539286
316	35.216190709	27.1760741156	5.53676858808
317	73.5430614086	31.7718457654	5.3334545379
318	56.9824859096	63.0242123814	5.8775041564
319	47.9255798597	82.7062278786	5.58246852581
320	66.159852046	12.4654273905	5.42145573046
321	64.955561815	28.3128948134	4.98998779515
322	67.3059451203	49.0666528972	5.97321902349
323	40.4543044761	62.8916023568	6.34813526134
324	17.7631006858	68.7112309701	5.82854734838
325	37.4492890414	19.1490612382	6.58477447315
326	40.0036680454	31.5937041943	6.45069912154
327	83.8009922543	34.8275547441	5.52660101638
328	75.112502123	37.4876133053	6.00524690889
329	80.6593974195	47.8474983418	8.05025786179
330	68.6846481154	65.0955485959	8.84453665893
331	87.7597252622	83.8578268268	7.41631226317
332	37.3393174475	84.155425879	5.93902450661
333	72.6054379213	99.2595827757	7.03067208442
334	41.3835801518	4.85550050205	5.86720544581
335	30.3214159353	27.9129873268	6.61710855706
336	51.8473699523	30.284440281	6.39843180647
337	94.5635962358	56.7317670371	6.81715946988
338	30.0314741349	64.9393625616	5.44584498534
339	34.5706564648	65.8042625026	5.8123422089
340	56.5719541021	68.8737241936	8.18687582653
341	94.6917641026	70.9710096143	7.66772832347
342	87.8071775523	42.5256660343	6.90088620108
343	70.6097041407	42.4236602684	6.87075060041
344	20.4387147261	53.5611960227	5.80369990926
345	85.6958093936	68.8531554912	8.98053959844
346	57.9332539784	82.3615097243	7.80922967864
347	95.3552536191	86.8925520613	5.89698139948
348	40.0272933758	95.9275898606	6.88363174069
349	48.9413323363	100.415894262	6.56377364297
350	24.458574082	59.8309542932	6.15850692622
351	42.4804497005	102.473186608	6.03613485754
352	53.3771570266	10.9898476758	6.52389468322
353	77.2565581093	51.3808454679	6.90051083668
354	101.373144503	58.5042460262	6.64879006016
355	26.2128950312	78.2561899917	6.39805613329
356	35.5117945774	90.8031095024	7.65200348836
357	72.968984119	90.6626476571	8.07558839324
358	42.9123175046	20.2049883521	7.12005033803
359	26.5215317523	19.8756669465	7.48793405042
360	26.9542529384	25.5003034577	8.03067166827
361	52.6654718814	26.0687243324	7.11335108139
362	82.0589408525	39.3054162419	6.95577326739
363	47.2991062027	21.7340043286	6.87165507231
364	92.4626613817	41.5361202113	7.53203519674
365	60.8388445229	53.0177798052	8.16982160677
366	24.8949635065	54.1430292486	7.35185255989
367	34.9387672877	70.7715998005	6.35889163408
368	49.8724346592	75.9459503935	8.38153702086
369	22.3682168302	81.0627036398	6.3674053677
370	29.0624910197	91.9320379415	6.69205326335
371	80.0643088443	94.8995973259	8.07385742752
372	77.7610171471	33.2796583801	6.94715922375
373	16.1416478519	39.1751384187	8.02785797655
374	88.4008376733	94.2829800366	8.25879862397
375	69.2457282146	106.357010853	6.94251997579
376	55.8986003379	2.26740282062	6.70234940229
377	60.8081620546	6.55873539361	7.08563940258
378	29.8838453136	6.91031006431	7.39025547734
379	50.4972671159	53.1257181832	8.05853596597
380	50.1876399185	66.3012501688	8.2988782128
381	44.2090638398	0.995148067157	7.62175444159
382	38.8971736582	11.5031756726	7.85211401014
383	47.2790655626	13.5397938331	8.39982519146
384	52.0579507938	34.8923819028	7.9859308202
385	42.0104418238	52.5228731022	8.18310183767
386	88.6423419104	58.0284733231	10.1663441546
387	91.9599647063	76.5794637069	9.30528432132
388	75.3171520663	79.8450882208	10.4632170884
389	54.160467524	17.9902712572	8.12745053051
390	65.9714519302	31.5293625628	7.89727456863
391	16.0820293208	62.8632725718	6.30398385598
392	84.2759661819	90.2610667574	8.39705476578
393	99.0656407183	51.0545959747	7.12539553845
394	93.7559795632	53.5880518055	8.61647525055
395	16.6067885688	58.649783051	7.67054283248
396	95.4097086166	62.3182626742	9.32842977256
397	46.8701571659	70.9500874119	8.46048514764
398	48.0995754534	6.80347569045	7.98564419575
399	25.0429566093	48.4720896954	7.96213573633
400	79.1969078693	57.1624886543	9.59229775333
401	78.143082643	65.4708288034	10.9476475335
402	62.7950252892	72.7252992755	11.7158619416
403	62.167683229	23.4647548529	7.66359437318
404	15.5507556343	30.4963341632	8.62151316457
405	58.2944931727	36.5856781907	8.02315290119
406	68.4195767938	37.6906567278	8.0224560277
407	67.2404240713	53.179260491	9.45551579358
408	62.0559180347	68.0008989676	11.2238677852
409	98.2863305807	79.3756189686	8.29149788057
410	54.5370671076	95.405699739	9.17688484652
411	86.0686352975	96.5451494932	8.26218761886
412	51.7535538094	2.42120051971	8.71274634581
413	42.6399315085	40.7422878256	9.69776528379
414	88.5127910564	46.7591597032	9.88537553631
415	87.7641206982	62.995666159	10.3637292882
416	100.536745838	65.8909599402	8.92531204937
417	81.3828904964	72.133430407	11.3772908533
418	66.8717077684	89.4743280099	11.6144552033
419	61.4019185917	101.06513408	9.85125847313
420	62.7133575913	17.3319708207	8.39278166683
421	36.4119733656	41.5176008646	9.53597956871
422	62.3730702831	48.6953527356	9.43945197159
423	29.3973069265	50.0369733714	9.29820983621
424	73.8774149236	58.5498667162	10.0298882757
425	34.9326198373	58.5565804445	8.36003432582
426	62.8622729895	59.7561260448	10.9551173531
427	40.3379886995	67.8455620823	8.61311610498
428	28.1231018294	71.8364346945	9.31493102681
429	82.3283551324	99.1748195203	8.926134993
430	19.333380676	19.9215094379	9.46527877456
431	24.6739761074	35.2112540807	9.3165344465
432	84.8287238056	51.7473515592	9.43816518644
433	56.8335038644	55.3520147184	9.23922920579
434	44.1089159456	83.5920857236	10.1548047432
435	25.8982071188	85.9920188711	8.43921813719
436	76.6618623459	96.7148480942	6.77668401941
437	60.1121157126	28.5437671642	8.71181893052
438	46.9195401623	34.2451402171	9.41800827344
439	69.0928075667	76.3442749253	7.00294523371
440	35.3637021103	79.1554209769	10.1621650307
441	16.6741398461	15.5184488159	10.2007699673
442	50.7634360002	21.4429744183	10.3220804941
443	47.2222436923	27.6915798455	10.0752276772
444	53.6503137984	38.8934654013	10.146317216
445	52.9683797503	59.6127433959	10.6187580607
446	73.7886984057	65.8985950962	10.3976822899
447	84.4204570229	77.8765872477	10.0855361706
448	62.3123565361	95.2184424008	10.1018692143
449	44.226438616	96.6234560003	10.2838367898
450	33.5445114718	22.6793611135	9.60752209821
451	19.6418344994	47.1257425206	9.66528759512
452	48.5184141797	48.3194779828	10.2516831628
453	26.9489838307	66.0943505343	9.82435663627
454	32.3310748727	66.930735917	10.1296140008
455	94.5304778518	84.6940358063	9.73523596523
456	90.8459520338	90.4386521073	10.0537164506
457	18.9674758742	12.1271489791	11.2976147746
458	19.943892839	24.434408905	10.9973286923
459	59.4131025162	32.6497037351	9.8780019755
460	68.5632629265	70.7842742121	14.5459245456
461	33.3432436329	72.404363187	9.54750749992
462	22.1878512651	75.0123091001	9.08709019283
463	84.0494439782	86.1137270392	11.6833533555
464	39.9895280938	15.734417057	9.68239322282
465	86.6647646774	37.8490975925	9.50935014895
466	48.0014124238	40.3811405063	10.4535300484
467	23.6065379495	42.4620458672	10.4101363858
468	34.9105522541	46.4972186003	10.0698524162
469	30.1259972293	55.9996202233	10.3403791861
470	46.2968499514	64.0077394572	10.4968457126
471	54.5596836758	71.3409037674	11.5504592089
472	32.4109448921	86.5562966138	10.1863356809
473	50.833568699	89.7249912172	10.6043045328
474	36.9063384455	98.2405285159	10.1661340325
475	63.6624494726	106.457437394	10.0406764474
476	95.2013675012	46.38770778	10.4151944307
477	69.4016273991	47.6846642656	12.1514034707
478	66.4122151292	98.894564819	11.5769539862
479	55.1837570989	100.146015375	11.0518082366
480	72.8573974994	103.782195659	11.0256676787
481	58.3084728514	8.90675654451	9.73022124536
482	76.7442967345	44.0928036114	11.2307063357
483	14.0545942363	50.8678195987	9.82040510037
484	98.7437356907	55.7023930847	10.6985576372
485	70.6306802263	57.0432194508	12.0345642937
486	99.3992263513	71.8287525113	9.84739100738
487	88.7030465541	80.2902386413	10.7739826047
488	50.1647349142	84.4995096272	11.3485580631
489	45.7503423418	90.7039390767	10.8986239787
490	47.2764824908	103.654901765	10.7680363202
491	53.5013410782	105.691778	10.5006872111
492	37.6436952882	2.18944974188	10.5863496304
493	29.6469805901	11.494312375	9.68135059819
494	58.351905363	42.8176794738	10.7804424436
495	56.0830935398	49.6880941303	11.5937615144
496	79.683485447	77.1844699335	12.492481684
497	54.3780469725	81.1276168191	11.3852512668
498	40.1717285156	86.9086939608	11.393229737
499	57.4701912153	93.2413556205	11.5383681706
500	49.300044442	96.6041145712	10.6223031542
501	42.1525703594	35.8351335563	10.8991041517
502	30.1228375035	45.3200061742	10.5354317595
503	91.0239177605	68.9757168454	13.1364908171
504	23.8067128304	9.04170612539	11.0383723103
505	37.1581069222	38.3590443086	10.8200523692
506	32.6005469177	38.8981318764	11.4581796129
507	27.9894985124	41.3872791048	11.1188627228
508	74.0328582284	49.5469778289	11.4407397231
509	46.0751220366	57.7472899859	11.7630242384
510	39.8326032757	60.2810823513	11.187389991
511	80.136706328	89.9277735941	12.3786693083
512	34.8058008842	28.7903595772	11.3429509474
513	43.7932416549	45.6433466846	11.3181526768
514	90.1643980088	51.0552717198	12.0554720347
515	82.4576675722	56.4915644179	13.2845431579
516	67.1928171646	63.2423965664	13.3398595836
517	21.8304329184	64.4100159515	11.1139073418
518	69.2905569971	84.1139454832	13.894416486
519	62.4760095075	86.2651979768	13.1985815603
520	42.9299971405	101.549906605	10.2352042723
521	26.9519730952	5.96418172019	10.3884300883
522	32.6036369847	16.9261438192	11.6222143206
523	48.2188490882	16.9962878551	11.574317495
524	42.3063104811	29.5636140555	11.6640467474
525	37.5477876197	33.9145682786	11.4713788912
526	64.6276770025	38.9452885034	12.2092417969
527	83.7431574541	43.4396874332	13.7930034239
528	65.786771396	43.5996196438	12.7313886819
529	34.9284718675	51.4975635864	11.3834298811
530	56.8357436163	64.4941432795	13.5514086747
531	41.4541141992	78.5586599262	12.6358367452
532	56.8815192001	84.1467369763	13.3565233835
533	78.9075299024	99.7593340032	12.228539468
534	77.0095283863	92.4397147483	13.3434650456
535	39.0389302785	23.7976620585	12.1920635506
536	55.9848615863	26.1899263068	11.9521413005
537	39.0453986993	46.417614679	11.8897984973
538	95.2398129838	49.270470714	12.7782782984
539	79.2496550672	53.2243122366	13.8042710038
540	22.539370682	58.8493230126	12.2032266219
541	92.8244374433	60.8439232614	13.2438837121
542	35.7980787967	66.5549292885	12.5323287208
543	83.7177715924	66.649041364	14.9354197101
544	32.0339777958	81.8847196372	12.6945332776
545	61.2599321151	92.3865136405	14.1721471193
546	39.2841591528	93.1680250859	12.9886914214
547	33.0949635704	33.7978290969	12.4933876159
548	73.0700149481	85.0091672222	14.4184753555
549	55.239311359	88.3697299088	13.8039104343
550	45.6570014251	3.35234252093	11.9818712593
551	56.6992752387	14.8178110255	12.3583163611
552	73.7226816068	34.9405421509	13.0557573969
553	79.1696712013	40.3600856337	13.5072865195
554	39.6678104292	72.1304274025	13.6035668568
555	96.468275301	77.0291354167	12.5025338544
556	85.0044339009	81.6986373168	14.0977708467
557	39.6342173001	10.4766462178	12.4312902235
558	44.5145172927	23.0529251387	13.1018514139
559	67.3258988982	33.4000467221	11.5819335173
560	81.918650934	48.4676463612	13.3232076109
561	19.7172377583	53.4656245162	11.9003665904
562	82.8287975521	61.250777048	15.8844547862
563	99.5566002117	61.873226705	12.224715317
564	71.5179258095	68.3417225646	15.0232846689
565	48.0771387042	79.6237850244	13.3714995927
566	50.0775765702	99.5931275974	13.8304851682
567	53.8105250046	30.4233842216	12.0761983136
568	18.4711382652	39.304097349	13.1213753588
569	62.5484528002	53.7119707407	13.7985558218
570	90.1709591656	55.0159596467	14.5745989174
571	79.2024568045	72.1728438154	15.440650909
572	96.299423396	73.9167247571	13.4445260025
573	52.6750173701	9.9378694315	13.1512552691
574	56.2641233575	21.3787200183	12.850382839
575	12.7424777948	25.7824874277	13.0607277073
576	52.978451614	33.781818418	12.6552482524
577	72.4769210259	40.1819558389	14.0773900583
578	42.5343163016	52.7821600648	12.6951489692
579	87.6458651721	75.2802111307	14.7789782123
580	93.5606402877	81.4021498813	13.3425372781
581	83.7458740169	95.2576767566	13.2444731483
582	69.2512984926	98.485207695	14.2781641364
583	32.294549272	5.89171953924	12.8934872599
584	28.0084179901	29.18164116	13.3819443635
585	80.2356920191	36.204950372	13.4849382758
586	32.2692466516	77.5295313161	14.0843906914
587	90.4449865419	43.1078067935	13.9857852981
588	90.3255035044	86.3454932755	14.4123269487
589	72.4113700178	94.0931653095	15.2664260742
590	60.0581522561	105.909008307	12.9374298378
591	24.8916564722	17.2313542306	13.3829780846
592	30.2128601314	22.3167586003	14.3210866009
593	11.8202308265	32.5364560556	14.3199031439
594	14.890676096	45.038680723	14.1615000621
595	48.9522069392	65.0416232238	14.5315813375
596	45.5031887529	70.6948561791	14.7999294495
597	45.4718871334	74.4548718841	14.0372694631
598	14.2572473502	21.3233074444	14.7280738712
599	77.3141212074	57.5450162922	16.8634284696
600	97.4639563938	66.6591477531	14.7090807797
601	24.7291801667	70.6073016457	13.9426416153
602	71.3438689786	80.3645687182	16.9708493827
603	25.9584427767	79.2231224738	13.7009462928
604	58.472007623	100.046842591	14.5900474309
605	59.4689675396	34.9899900465	13.7421754824
606	87.4323046901	49.6238294762	15.3804451655
607	35.704383998	86.424489535	14.7935817771
608	85.8948211469	92.3678194866	14.5764866855
609	33.0810513291	92.6437218244	14.1752476037
610	42.4733790367	16.7519950877	14.2903421904
611	81.7030693321	82.0295034884	16.5885737596
612	64.0949465465	82.1723100156	15.7810822248
613	38.7351484374	5.94153120122	14.7150083839
614	28.2961887908	36.0086019445	14.4377437836
615	51.4340969284	37.5807328385	14.7803146791
616	11.5119362217	38.4266147858	14.5582879572
617	62.3097073991	46.873363365	15.5822711652
618	22.6388496795	47.940579004	14.4860445114
619	49.809141029	52.3799493164	14.8280193039
620	95.7317164644	53.9764486481	15.0999539383
621	52.4141301451	77.0228507305	17.2904628292
622	59.6410107615	78.1314126565	16.2705215593
623	46.6550556906	7.08103526126	14.243505584
624	22.2588154148	29.0377660025	14.8050506199
625	26.9127642556	53.8261090318	14.3830504414
626	65.8518125633	76.9575728202	18.7241226265
627	49.7178263739	91.9010386215	15.5705862205
628	62.4918352314	98.635549113	15.6743695779
629	74.4710882577	100.174750229	15.6617581448
630	73.1934553782	62.283779607	17.0696695942
631	79.2063548576	86.6169066831	16.486606408
632	75.1639457303	89.3120127431	16.8755581931
633	58.4610777092	40.7489019611	15.9732040403
634	52.6515667685	44.5648234842	15.4047335302
635	71.1347663397	53.6010380903	17.8887976088
636	56.1958486005	59.6893988045	16.1996714227
637	32.5853551013	62.9440826305	14.9960327429
638	62.9878081279	63.7570065059	17.9982355428
639	30.9081642885	68.1696463609	15.8923320781
640	46.3637874572	85.7433950073	16.5584382455
641	68.4152720345	94.428737346	16.7969158073
642	45.5689256572	95.9358634597	15.9991055382
643	50.8245455736	25.3658789268	15.3811434191
644	23.1577089352	35.1733385058	15.8168133998
645	45.5704980307	38.1114117698	15.0546936791
646	43.7525151106	48.9339486206	15.9774943891
647	97.377163293	59.9893562194	15.3943923172
648	86.2023527501	71.2242994217	18.2353458056
649	39.6066247091	81.4630397922	15.9488872585
650	29.4850382296	87.3531011918	14.4808279503
651	87.8205851632	88.9865592641	15.0740567211
652	54.1388700358	104.039517666	15.7138822756
653	36.3706246974	19.1688544639	15.649570452
654	47.0373837562	31.4882556916	15.1368654825
655	31.3990377106	47.2185241596	15.2281441693
656	86.777239443	54.9673202485	16.8852800016
657	58.8790022718	56.2426089213	16.0152626828
658	49.8650894995	59.2430761354	16.5430439339
659	42.7523129489	67.214236371	16.1024810728
660	53.7474231676	96.8794364246	16.6873728731
661	65.2068295623	104.017074932	15.7066290337
662	35.3120471243	28.886983546	15.6187569449
663	46.6670237824	34.455770177	15.2869205482
664	76.9833418696	49.6001204233	16.9110642393
665	66.4006760755	58.2940772629	17.1659172778
666	27.1834690259	62.7742648747	15.8166706778
667	95.9315083514	70.1631820973	16.3233975951
668	46.7562126819	102.136867616	15.5484563347
669	32.1932991679	15.8991922478	15.5451280238
670	88.6002447817	63.4987972967	18.5904897901
671	53.0542136902	69.6738367049	17.8950378713
672	84.1703889756	76.5936447297	17.637288246
673	36.9142350952	41.1595286405	15.7717588839
674	32.5721318023	73.3032241686	16.7473212579
675	39.7050317683	24.4446194502	16.2115636591
676	87.3854431366	41.4602388971	16.5994789918
677	40.0666949407	59.6963047846	16.0823225064
678	77.0461853209	67.9999178689	18.686645059
679	59.6825509443	70.9330742988	18.532226239
680	52.9845178815	83.8896595855	17.6207845317
681	43.0817350669	91.5066398735	17.6592778613
682	31.489930666	42.0347652659	16.4283890858
683	93.0795610542	75.3750809879	17.2546480001
684	46.3421697399	12.6568896959	16.7872703973
685	50.2686171028	17.2542584259	16.4446049131
686	47.9248882895	47.4828683963	18.0243794326
687	37.3225221172	67.6853368494	16.9423959076
688	63.7165226621	69.5694681636	17.9691461998
689	79.15987624	81.7582654218	18.939200864
690	62.9334566725	88.1388496762	17.9842120359
691	64.468234798	97.0261201021	18.1215738001
692	24.8777405397	25.0109188547	16.749915286
693	62.5248251488	36.2639500889	17.1714244458
694	39.5612981459	36.6212947365	16.4636303263
695	57.9860439011	50.569378431	18.0152714392
696	93.564328747	51.2922758581	17.3895811945
697	45.262756021	63.0704386317	17.8227287002
698	43.7432685192	42.9536041311	17.0469624621
699	31.2196593854	55.0227373972	17.7049292931
700	34.8473515107	58.1892905771	17.1642673235
701	26.8614801317	11.431374934	16.8833348185
702	26.8973842738	43.7825014727	16.9236002402
703	72.7518831555	47.5533927518	18.6571245626
704	32.2109021774	23.3886064888	17.9795334726
705	46.9966244932	26.8519305475	17.4405394989
706	29.1074210668	30.3470523366	17.6949443452
707	90.2424830927	46.4740756534	18.048944089
708	84.6482609164	49.7766162068	18.516951338
709	39.2994206673	53.0563779417	17.4134824038
710	78.5630867155	63.6905639116	19.4895626445
711	56.402787099	90.6198674999	18.4636064889
712	77.7824707568	96.5389901282	17.7059357716
713	58.6205721646	96.6086150888	18.8445350302
714	68.3704102245	102.312304268	17.7589589479
715	19.9519312093	34.0392816892	17.959029087
716	81.7433626855	48.5138584104	19.0754146765
717	46.1514950426	56.8894569951	18.8272935965
718	90.2761823835	80.7927336016	17.7032785262
719	51.7476075696	39.6982201954	17.8614396049
720	55.4927873581	64.2349485185	19.012454332
721	63.3152632683	83.8473003851	20.2228952062
722	34.1883067079	11.3334016983	18.0383293321
723	54.8869446863	56.3656657486	19.6188670654
724	38.8278144415	87.5561251116	18.90845753
725	82.7567893024	90.1036710158	19.2561702128
726	40.2057952854	10.9088253222	18.1808111453
727	69.0824338898	36.2875797409	18.2920688939
728	72.2651860832	41.37455455	18.5034712835
729	78.7483263596	44.4953324498	19.182596291
730	36.8508691378	47.8330838726	17.7234498121
731	52.3687999599	51.0485587979	18.6876188234
732	94.3005087884	58.6295399432	19.0493007069
733	40.8103101831	97.3126360823	18.5425129018
734	15.6990358191	28.7176211265	19.1755951237
735	21.5437472926	42.4077350064	18.60890512
736	72.5303174178	57.5764718364	21.1503317308
737	94.4365722366	65.2545191447	19.4033109035
738	29.0139791166	79.2849543148	18.1075213501
739	35.9920487699	92.8907848719	18.5506686882
740	45.3805897475	19.5265934598	18.6456616697
741	19.594857287	19.9273022756	18.6165036759
742	67.593172728	52.9802549735	20.114558959
743	68.9627048616	64.7028385211	20.726872835
744	69.9334708232	89.8174408465	20.2431312512
745	64.3508269625	93.2239623535	20.4570239353
746	41.5585922411	29.2690323856	18.6961184332
747	13.8850838014	34.392858393	18.729944102
748	71.3858684375	76.2002187445	20.5024257337
749	55.3967224295	85.883200589	20.7149282826
750	80.511799036	93.3608524289	18.950450962
751	32.5171145179	35.8273532057	18.8428149274
752	82.4487419552	40.2338482302	19.5930024175
753	62.4760447098	52.1147858489	21.1399489085
754	42.0214703665	80.6391202394	19.9810755907
755	86.2886939147	85.429596682	19.2932777924
756	60.3307334775	102.359317645	19.8299581304
757	22.1275211466	16.5660127889	19.2192672315
758	48.5805005897	68.4001447247	20.8063805624
759	39.336863579	73.6094529553	19.2231341593
760	36.0194589861	79.7926921002	20.0315795537
761	49.0939099954	87.1321702242	20.7602438613
762	50.5660065877	95.0449982791	20.2457860146
763	16.4825803188	40.4295373763	20.1990878268
764	64.5610824243	42.4179494134	19.871548284
765	72.8483951256	70.2195755602	22.2200979674
766	92.226966673	70.9569600048	20.501925064
767	79.7488168485	76.768969658	21.8164929466
768	48.2067520421	81.4208944195	21.1979157451
769	74.2888928739	84.7795876304	21.4791853568
770	39.1637130869	16.0259613786	19.8605177295
771	75.3711849059	37.5835880856	19.47720675
772	42.6839542505	22.4819262649	19.9687994556
773	27.7701284008	38.3898042888	19.840966422
774	66.3882013543	48.212336519	20.7576168544
775	67.3664514808	72.971317913	22.9062701978
776	44.7457331613	77.1332470839	21.7737758356
777	37.0547352942	31.2656426769	19.7556843683
778	55.0855340061	39.8892298938	20.5643793829
779	82.9959189592	54.6523139277	21.2073956264
780	86.2786315855	59.8500149406	21.1507284752
781	32.9128805989	15.176728831	20.5613841934
782	55.150666414	46.402794824	21.0799587796
783	51.5448228877	65.0373796802	22.4384696001
784	27.9125225333	17.5124795562	20.7735921613
785	89.3418422916	48.6989149294	21.1130583092
786	90.5488026026	53.8670937039	21.855029891
787	54.3761902794	73.9040596096	23.0618320055
788	75.5822852797	81.0402409623	22.3079446119
789	56.4489327505	94.8902164844	21.9440564776
790	71.5009807211	97.8806575378	21.0629356379
791	55.3061064181	101.420240683	21.1156800016
792	60.5304857236	45.2602287955	21.8379393614
793	73.1944307292	62.6745681554	22.203252872
794	67.2073844385	68.8986779983	24.1110982183
795	80.2460791094	72.1899139082	23.2479873946
796	86.7824465021	80.5736528856	21.6832085265
797	48.568654781	100.334202044	21.061120995
798	46.9904920648	73.1254872325	21.7384786298
799	57.7205222059	80.2667223583	22.3750905796
800	82.8870218631	86.1936223279	22.0975979504
801	46.1811787439	52.9508637276	22.1328369844
802	59.9712189452	54.0933610501	22.5612677169
803	29.935370627	71.8658899413	21.7533680603
804	89.233923141	75.903033764	21.9833341745
805	33.7668839252	85.3126187425	21.8509431367
806	37.0516407923	24.0301320103	21.3929452065
807	19.3856704775	25.2808346835	21.8108290661
808	32.8464615067	29.6183736156	21.595663658
809	72.5128087642	44.2735312255	22.4270969184
810	64.1815540051	56.8917474645	22.9656603033
811	30.6352577528	64.4974030103	21.3527838047
812	37.9392410666	64.603349292	22.4785569808
813	36.0908477081	71.8566251903	22.4537436752
814	61.0340544504	76.7574583592	22.85605858
815	63.0893586799	38.3420463725	21.8104826429
816	42.7552442317	47.6481526071	22.1532920457
817	78.8467352067	47.8218630407	22.6333816518
818	33.5939993625	56.3562010244	21.3984012509
819	49.763172236	58.682663825	23.292342426
820	61.2311121484	61.2391205541	23.766106277
821	82.0536520815	61.491178629	23.8329323794
822	43.2672751086	68.085414233	22.3291813656
823	67.2805968896	88.0002064108	23.0345293663
824	61.4315805597	91.5778073721	22.883821558
825	25.9524310972	22.0366955405	22.3038140085
826	83.454626501	66.5023303635	22.7935818247
827	44.8822917218	90.1252337943	22.8759008538
828	84.3660020616	44.2663103564	22.4129174805
829	77.6083002274	52.5116693121	23.9294555698
830	90.9636374799	59.031243558	23.0434266858
831	92.5835182509	65.1741917534	22.612840237
832	40.5532027828	84.0655995507	23.2542975844
833	51.7283282531	91.2440060703	23.8298831795
834	38.8185573861	92.441282705	22.8955501379
835	33.5798647596	20.9683469199	22.150951005
836	76.5565153472	39.974049691	22.5768145877
837	41.8924436502	58.2276986782	23.2674339183
838	74.8929573735	92.9071463116	23.0293525431
839	66.7381998223	98.6330920793	23.1122513186
840	67.4807355563	59.5981848884	23.9695488942
841	54.3596345835	61.1279192175	23.3206602429
842	45.642893965	64.0668722602	24.0989787079
843	60.0548223251	70.7851979902	24.6259902703
844	30.213806617	26.2550438889	22.9794230574
845	22.4382183371	39.9316321333	22.4594996506
846	49.2692385234	44.8779680053	23.8239723392
847	89.0670040069	69.9280753264	24.107706813
848	77.7080049004	89.3993601423	23.795506084
849	45.538098521	96.7586559474	23.6982241253
850	24.6687226206	33.6099782667	23.4899626378
851	61.1123115347	65.5019774614	25.1473012576
852	17.4474740813	31.1746892404	23.5460069755
853	37.9506048545	53.3407143835	23.7058483146
854	52.7257838821	79.8913412203	24.4489421524
855	68.2730168368	83.5034763179	24.5865332895
856	55.7700987817	90.5950381912	25.3487229157
857	24.6280797515	28.416162838	23.7726263598
858	78.4136931083	56.8395415549	25.3204941222
859	85.9001835558	75.8856507226	24.8209599915
860	83.8828324743	80.1676087995	24.4532956032
861	18.1100389796	37.3706082237	24.2802144829
862	67.392382119	44.8120649144	24.2041426665
863	32.4501831737	77.9807230854	23.8159364304
864	69.4348437388	79.1771780205	25.9221564459
865	59.1191773619	87.7504485609	24.8398218927
866	69.38698	39.9849765614	24.9771527358
867	77.6326776592	67.9457746457	26.0182221271
868	45.0228538603	85.024264583	24.8031671516
869	48.0474496438	74.1617320286	25.3717359288
870	56.8231792762	41.4911582778	24.4950356284
871	73.4715193983	47.5529841513	25.17646636
872	50.7311287372	52.1082691307	25.5552585442
873	77.9194327289	63.512276586	26.1990967423
874	61.020658785	98.0035896333	25.1580249475
875	57.0376536526	56.5401624462	25.1516525448
876	56.5193105929	69.1633047772	26.3345543801
877	79.9625010023	84.9236099448	25.273747375
878	61.5874652276	86.6283291691	26.2061022772
879	61.5684984204	47.5435976517	25.6882073965
880	57.0324884548	50.7586187545	26.4240545866
881	88.8065251915	62.8969538064	25.9480356851
882	73.9305145225	76.0032922607	26.4839708331
883	40.3607099834	77.0974603798	25.4933148763
884	63.6288874187	83.0333393142	26.6748446832
885	48.5620843726	87.9258105643	26.5093800046
886	85.5760433994	51.5532069672	25.5788691997
887	69.2609589184	93.175445488	25.9740824213
888	84.2155076805	48.0464200333	25.2146559038
889	71.3992137503	51.0332846442	26.4787896004
890	75.5850386053	60.9624307247	26.3740768923
891	50.2069732945	69.8089154534	26.0258985182
892	52.5106700832	97.4553037371	25.8488235144
893	40.9513169327	70.4821973903	26.2641913659
894	55.4446187149	85.0159403285	27.2576196705
895	37.8892837183	87.3442065974	26.2069988171
896	73.4701692446	88.238443664	26.8090476392
897	79.0946643023	44.2861854523	26.0663457096
898	41.7630884805	64.3053215636	26.7452654283
899	65.9216386084	78.9995216058	27.4733645348
900	41.713732886	92.5152743179	26.0281454639
901	85.8186713855	56.5933176527	26.8337251018
902	44.4791711259	81.9607280528	26.7004357947
903	51.0043051476	84.8000111688	27.4887021411
904	41.1235752967	54.2315009494	27.0313266865
905	75.3047421936	42.5677018574	26.7362919665
906	66.6608130272	52.3476994877	28.0852019566
907	36.4503542386	61.2441954259	26.7828574239
908	73.9776858292	66.0821625221	27.8141661075
909	34.3370482997	69.6590560305	26.8563577128
910	71.093271967	72.194713769	28.723971671
911	72.825480107	57.1205732079	27.9210558076
912	46.2440619716	58.9631321916	27.5570186293
913	70.1527020265	63.6994875846	28.5532545356
914	46.3356531046	49.2834087792	27.3666788681
915	78.4132188772	82.3027957049	27.5314944075
916	62.1020565786	42.4691246474	27.4450402895
917	69.1799020875	56.7643116549	28.8526879255
918	55.1957034686	61.330534635	28.0816889907
919	36.4670614712	80.8868801678	27.6275238868
920	57.6739095413	82.4668979233	28.3883040624
921	66.3844453162	63.565686117	29.3361807327
922	52.199284445	66.0576512709	28.1092373423
923	84.1671680202	71.5243746043	28.0463523392
924	60.4168983476	77.6755936901	29.4820443544
925	58.4197026031	94.837188946	28.1357970067
926	62.2177243178	52.2863955281	28.9493190144
927	85.5972219002	65.2691653015	28.2511977804
928	62.9472999376	92.149139763	28.5449304139
929	80.8904348979	76.6961474946	28.7167007962
930	44.1086021122	76.6509822754	28.9224384611
931	47.957070089	93.2012997481	28.4336207396
932	48.4586452152	78.34380095	29.0124999449
933	53.8219284328	78.756121473	29.6039082565
934	69.7851189275	86.6915393095	29.3588001259
935	58.5604619875	54.0754106114	29.8807135385
936	52.7247728032	55.2879924031	29.4148865615
937	43.4998506059	69.5384964966	29.0730856482
938	46.4083727679	70.5454380074	29.9245066868
939	63.9819222957	73.269943686	29.4932662279
940	79.2197788394	49.7635314587	29.1032427583
941	69.0198918685	69.4481679403	29.8007484926
942	53.6583941407	94.3609981434	29.019686657
943	66.3886097831	44.0512557768	29.4781296308
944	55.5620409434	45.7824428073	28.952058219
945	63.0914460839	58.2911194124	30.2114725474
946	82.314829123	58.9452789163	29.6140016935
947	65.2707637266	89.5795007565	29.5293136797
948	44.6342662589	54.5441173075	30.0920231138
949	52.8278134891	73.836792737	30.4609797007
950	81.7754184911	67.3922952826	30.3092932505
951	37.3289358788	74.8823886714	29.7347829825
952	79.6473223824	53.7868924175	30.1509378012
953	61.3962205934	62.5353741298	31.2094174822
954	47.3278552354	63.9351897889	30.4325033401
955	62.6008015886	68.1064047688	30.8820608158
956	71.5070130415	45.89030114	30.1789576466
957	75.2949829802	47.9291422112	30.3670212766
958	73.2133906263	83.1762854297	29.6310565387
959	58.4583681077	73.9555285446	30.8738917672
960	43.3991616917	87.3089567821	30.1857571402
961	55.674324404	69.9456819103	32.098370457
962	49.382619455	71.026481633	31.5400904309
963	52.0947706045	49.7610019642	30.9802045374
964	57.1847534892	59.0841474106	31.7676690144
965	57.3643898921	66.2598784994	32.137710493
966	76.4894631091	76.9569887098	31.4631086182
967	73.4905375751	80.3033817162	31.0515709151
968	40.7292646419	81.553070368	31.085633451
969	79.1726044909	62.9419614603	31.6330397386
970	77.3585265558	72.0861499353	31.8624834137
971	51.801142263	62.2906552803	31.618516853
972	39.3102880869	70.4261185462	31.8097189313
973	67.6124571148	83.8285082491	31.5958213256
974	40.6018600051	64.9799988317	31.8020047938
975	61.7895034624	85.8740264329	32.0496000095
976	47.4385481679	87.7478174639	31.6929922791
977	57.3939504406	89.2148623389	31.4772630826
978	76.4690560695	58.3208581979	32.2029986198
979	53.049990589	90.1458678567	31.3948447704
980	61.8652996017	47.3892320423	32.0365151492
981	43.5322897165	60.350213237	32.5805945348
982	66.0429476417	48.3992699253	32.4693376814
983	74.2283956247	53.1371498608	32.4406945463
984	74.457491257	63.5255250358	33.3212346025
985	76.2996118568	68.5687197511	33.0922708517
986	70.6250691083	51.1481651791	33.0160663428
987	48.2601732348	55.0137577569	32.8933858644
988	68.0524474014	78.2150466996	33.1006091549
989	57.0502245315	50.466615247	33.3363519367
990	41.7134763194	74.8176423724	33.3452911418
991	46.5951705826	82.201004411	33.3225870336
992	54.2689499049	84.0500484415	33.8398886723
993	70.5112878083	74.6494294581	33.7318951917
994	63.5609055999	80.8157952238	33.8249365621
995	59.0141491205	82.8851180826	33.8301169411
996	51.1824796792	85.6986945272	33.4849921299
997	70.7369951974	56.6084758203	34.2414816032
998	69.9309031031	67.917886415	34.6777114578
999	70.7151695889	60.8197349951	34.4374412995
1000	72.2393126607	72.1696509421	34.2003617449
1001	43.7185179162	68.6366536651	34.7253534357
1002	44.9899795787	75.6235317447	35.1059736822
1003	48.9342218945	79.9801547297	34.7963617342
1004	65.2701720269	54.7736760648	35.0221955394
1005	52.902086692	55.393918569	34.8233284581
1006	66.544051835	59.4210449719	35.4237490642
1007	60.8909179071	53.235516693	35.0757276839
1008	65.1572602776	75.9063274941	35.0376735806
1009	54.3836593631	79.2771039444	35.3656731503
1010	66.1219777984	64.7824165004	35.9353807378
1011	65.0736992204	71.0747767294	36.0373996509
1012	51.4306155786	60.479430824	36.2919003323
1013	47.9660704222	65.0780642524	35.7536851055
1014	50.9789695464	75.358344538	35.9678146189
1015	56.5920848518	75.0210242291	36.2203358962
1016	59.3670903254	77.4428926023	35.8549693744
1017	56.1567063498	56.7393754019	36.1959126775
1018	59.9496628756	71.9006466851	36.6969716216
1019	61.237623907	60.7932097859	36.7856872009
1020	61.2974079442	67.5523953554	37.0559542712
1021	47.9933554055	70.4784554933	36.3617581053
1022	57.3956951998	63.1745092381	37.1150823453
1023	53.8558302887	67.1379581347	37.3336842341
1024	53.733976096	71.243859151	37.1744368402
