1	10	12	18	19	20	24	35	41	45	47	48	54	60	74	84	105	112	124	128	150	163	167	175	184	186	198	200	201	203	206	207	209	211	212	213	215	219	224	229	231	240	255	259	263	264	268	274	277	282	294	302	303	304	305	312	313	318	330	336	337	340	341	344	350	354	363	373	379	381	382	389	391	396	399	403	411	414	415	419	423	424	425	431	432	433	436	437	438	446	450	454	469	470	472	474	475	476	479	482	484	487	489	504	520	523	533	547	551	561	566	569	583	587	588	591	593	601	602	604	610	620	623	625	638	645	648	650	655	656	660	661	669	676	677	679	681	683	686	690	692	697	700	701	702	706	708	714	724	735	736	741	744	745	746	754	758	761	765	770	771	774	778	779	782	783	787	788	789	796	800	802	803	805	810	811	818	819	826	829	832	838	845	847	852	855	856	859	860	861	863	866	868	872	873	876	883	886	887	888	893	897	898	899	900	904	907	908	909	914	922	923	924	925	926	927	929	936	937	938	940	946	951	954	957	961	963	964	966	968	971	973	977	979	987	988	989	997	999	1000	1005	1006	1007	1008	1009	1010	1011	1012	1014	1018	1020	1022	1023	1026	1027	1028	1032	1035	1037	1040	1043	1045	1046	1047	1048	1050	1052	1055	1056	1061	1063	1065	1066	1069	1070	1076	1077	1078	1079	1085	1086	1087	1090	1094	1099	1100	1101	1103	1107	1108	1109	1110	1112	1113	1114	1115	1119	1120	1121	1122	1129	1132	1141	1142	1143	1145	1146	1150	1152	1153	1157	1158	1162	1164	1165	1167	1171	1173	1175	1178	1180	1183	1189	1190	1192	1193	1195	1200	1202	1205	1207	1208	1212	1213	1214	1217	1218	1222	1224	1225	1229	1232	1234	1235	1238	1239	1242	1243	1247	1248	1250	1252	1253	1254	1256	1260	1261	1262	1266	1269	1271	1272	1273	1275	1277	1278	1279	1280	1281	1282	1284	1290	1291	1294	1299	1300	1301	1303	1304	1305	1308	1309	1310	1313	1314	1315	1316	1317	1318	1319	1321	1322	1323	1324	1325	1326	1327	1328	1329	1330	1331	1332	1333	1334	1335	1336	1337	1338	1339	1340	1341	1342	1343	1344	1345	1346	1347	1348	1349	1350	1351	1352	1353	1354	1355	1356	1357	1358	1359	1360	1361	1362	1363	1364	1365	1366	1367
2	9	11	295	17
3	9	492	4	13	310
4	3	5	13	14	310	319
5	4	485	423	8	361	14	16	341	319
6	8	10	341
7	514	241	295	557	15	17	342
8	5	6	361	10	16	21	220	341
9	311	2	3	310	295	552	492	522	11	300	13	306	22	23	539
10	1	6	8	12	264	19	341	220	350
11	2	295	9	300	17	306	23	539
12	24	1	10	19	20
13	3	4	310	9	492	14	22	311	221
14	4	5	13	16	310	25	221	319
15	224	241	7	17	342	247	26	27
16	5	8	265	14	296	21	374	361	25	220	30	319
17	32	33	2	295	7	618	11	300	514	15	306	342	23	26	351
18	224	1	382	247
19	1	35	264	10	12	24
20	24	1	12
21	8	220	16	296	361	28	30
22	225	9	311	13	29	23	221
23	225	33	9	11	300	17	306	22	311
24	1	19	12	20	35
25	36	37	265	14	16	310	374	221	30	319
26	32	320	251	49	553	266	493	15	17	342	408	27	252	351
27	34	515	553	266	493	15	592	342	247	26
28	296	42	21	220	30	31
29	40	225	221	22
30	37	327	296	265	42	16	21	25	28
31	35	264	41	42	296	220	312	28
32	33	226	38	300	17	408	26	251	351
33	32	225	226	38	311	300	17	242	23
34	259	266	27	247
35	1	264	41	312	19	24	31
36	64	352	37	40	265	44	25	221
37	36	327	265	42	44	301	25	30
38	32	33	226	343	408	251
39	225	40	242	46	328	50	285
40	64	225	36	39	328	46	29	352	285	221
41	1	35	42	43	45	337	312	31
42	37	327	296	41	43	44	301	337	52	312	63	28	30	31
43	41	42	52	45	337
44	64	36	37	424	265	42	620	301	462	593	52	494	470	63
45	1	41	43	337	52	54	313	58
46	64	227	39	40	328	50	57
47	1	259	389	425	48	248	314	62	575
48	1	389	391	425	74	47	314
49	320	65	266	235	524	55	248	409	26	251	252
50	227	39	328	73	46	242	57	285
51	226	227	73	75	343	56	251	395
52	424	42	43	44	45	301	337	470	313	281	58	59	63
53	56	320	251	252	55
54	1	58	60	45	313
55	320	65	66	71	235	79	49	404	53	56	252
56	320	66	395	71	75	51	404	53	55	343	251
57	64	577	67	260	328	73	426	621	46	50	227	494	585	540
58	291	70	45	52	54	313	281	59	60
59	291	70	267	52	281	58	61	410	63
60	1	291	68	438	277	54	313	292	58	437
61	267	59	63
62	65	72	77	47	248	314	315
63	64	260	69	424	716	42	267	44	464	499	52	471	281	410	59	540	61
64	260	265	281	540	36	40	44	301	46	584	57	701	63	577	67	69	328	585	76	462	593	352	487	620	494	424	499	758
65	376	66	516	101	390	235	77	79	49	85	55	88	409	315	248	62
66	65	71	235	79	55	56
67	64	260	73	426	76	57	222
68	291	292	70	82	277	214	60
69	64	260	267	76	81	222	63
70	291	68	292	329	267	80	82	87	281	58	59	410
71	516	517	390	775	395	404	773	416	675	558	55	56	576	66	73	75	79	83	725	90	98	749	751	631	760	377	766
72	77	278	88	314	315	62
73	577	83	67	227	517	71	426	75	621	718	50	51	626	663	57	725	395	222	709
74	1	391	302	48	78	314
75	576	51	675	71	73	395	83	725	663	56	766
76	64	67	260	69	222
77	65	72	88	376	315	62
78	74	314	302	278	391
79	65	66	516	390	102	71	235	749	385	404	85	55	631	90	94
80	97	70	297	362	267	86	87	329
81	69	267	308	86	439	378	92	222
82	96	427	68	70	329	375	428	307	214	87	292	91	286
83	448	98	261	71	73	426	75	377	89	90	222	517
84	1	277	214	215	91	286	95
85	65	578	516	101	385	680	106	79	664	596	376	665	90	315	94
86	97	103	297	267	80	81	308	439	92
87	96	97	100	70	321	329	362	495	80	82	307	375
88	65	101	455	72	107	77	368	104	278	376	315	93
89	98	83	109	222	261
90	416	385	98	675	102	71	651	79	624	775	83	85	631	760	412
91	96	99	82	307	84	214	253	286
92	261	103	108	81	308	86	378	222
93	368	104	302	112	278	88
94	385	578	644	101	102	412	106	79	710	594	596	85	376	347	316	542
95	99	84	215	344	249	286
96	321	100	110	111	82	307	87	346	91	253
97	322	100	103	297	362	331	80	113	562	308	501	86	87	510
98	384	416	261	102	71	109	333	114	83	119	89	90	412	377
99	236	307	117	345	249	91	253	286	95
100	96	97	322	321	362	110	113	562	115	87
101	65	230	455	456	106	107	368	376	85	88	316	94
102	384	385	98	228	106	79	496	114	416	119	90	347	412	94
103	97	108	113	308	309	86	92
104	368	107	396	334	112	116	118	88	93
105	112	1	302
106	230	323	228	101	102	85	347	123	316	125	94
107	456	101	230	104	334	368	376	116	503	88	316
108	261	103	109	308	309	502	120	378	92	222	421
109	98	261	262	488	108	333	589	309	119	120	89	421
110	96	321	322	100	392	111	115	122	346
111	96	110	253	117	122	346	317
112	1	104	105	363	396	302	368	118	124	93
113	97	322	100	103	129	331	115	308	309	121	127
114	98	228	125	102	119
115	322	100	392	110	113	275	122	127
116	131	230	104	107	364	334	118	126
117	130	99	236	111	317	122	253	287
118	131	104	363	396	334	112	116	124	255
119	384	98	228	133	102	422	262	109	333	114	380	125
120	129	262	137	108	109	589	370	309	121	543
121	120	113	309	129
122	115	136	110	111	392	275	117	346	335	317	287
123	288	323	228	134	230	232	106	413	369	434	347	316	125	126
124	112	1	363	118	255
125	323	228	133	134	422	106	535	269	369	114	119	123	380	549
126	131	230	232	364	140	116	123	413
127	129	322	331	136	275	138	139	370	142	429	113	146	115	440	458
128	1	132	231	268	379	254
129	256	137	138	331	113	370	371	309	120	121	127
130	132	357	135	393	236	141	465	117	287
131	450	364	363	140	334	116	533	118	126	255
132	128	130	357	231	268	236	141	465	379	254
133	262	134	137	332	269	145	119	153	380	125
134	288	133	269	143	369	148	153	123	125
135	289	258	393	130	141	465	147	149	216	348	287
136	353	392	139	142	335	144	440	146	275	216	122	287	127
137	256	129	386	133	262	145	332	257	270	152	370	120	543
138	256	129	293	429	142	370	371	154	127
139	136	146	142	127
140	354	131	232	364	450	400	467	126	150	151	413	158	255
141	289	130	132	135	268	465	147	282	155
142	293	136	138	139	429	146	440	154	159	157	127
143	288	451	134	233	269	148
144	353	358	136	237	146	149	216	157
145	257	324	133	166	137	298	332	152	153	165
146	353	293	358	136	139	142	335	144	430	440	505	157	127
147	160	289	258	135	141	149	155
148	161	387	134	233	269	398	143	451	153
149	353	258	135	237	144	147	216	348
150	1	354	167	140	158	255
151	232	140	271	400	156	158
152	256	257	162	166	137	270	145	169
153	161	387	324	165	134	298	332	269	398	145	148	217	133
154	256	290	164	293	138	142	371	244	159
155	160	289	258	163	141	365	147	282	474
156	161	168	233	299	271	400	232	435	151
157	272	293	358	237	142	144	146	243	430	159
158	354	167	140	173	271	400	467	276	150	151	303	479
159	272	290	293	170	142	176	179	244	154	283	157
160	258	163	172	365	175	147	155
161	387	168	233	299	401	148	217	153	156
162	256	290	164	169	452	338	238	270	180	174	537	152	244	442
163	160	1	172	365	175	431	282	155	474	469
164	256	290	162	174	244	154
165	145	217	298	177	153
166	257	325	169	298	238	145	178	270	152	442	572	478
167	1	354	158	150	303
168	161	299	156	245	271
169	162	166	270	180	238	152
170	272	176	243	181	284	159
171	417	258	388	172	237	243	181	184	414
172	160	258	163	388	263	171	365	175	184	431	414
173	303	304	276	186	271	158
174	162	164	273	338	179	180	185	244
175	160	1	163	263	172	431
176	339	170	272	179	181	283	284	189	159
177	512	165	444	298	299	366	178	182	217	188	325
178	325	166	298	238	177	366	188	223
179	355	174	176	273	443	339	244	283	189	159
180	192	162	169	174	338	238	183	185	442	405
181	336	417	170	171	176	243	184	218	284	191
182	193	546	356	481	444	299	526	177	372	245	279	217	188
183	192	180	238	190	405
184	1	294	198	263	171	172	399	336	417	181	431	414	191
185	192	480	194	359	174	273	338	244	406	180
186	304	1	173	303
187	304	201	276	279
188	193	197	366	177	178	372	182	444	223
189	195	339	355	176	273	179	250	284
190	192	196	453	521	238	405	246	183	280	223
191	198	294	336	181	184	218
192	194	406	521	202	338	180	405	246	183	280	185	190
193	356	197	199	360	204	372	182	279	188
194	192	480	195	359	202	273	406	280	185	234
195	194	359	234	367	240	273	250	189	318
196	246	239	197	190	223
197	193	196	326	204	366	239	208	372	188	445	223
198	1	294	263	203	184	218	191
199	193	356	360	201	204	206	305	436	279
200	1	203	349	240	274	403	218	284	250
201	1	199	520	206	304	436	279	187
202	192	194	234	209	373	280	219	447
203	1	198	294	200	274	218
204	193	229	326	199	360	206	208	305	372	197
205	394	239	208	210	246	407	280	219	447
206	1	199	201	204	305	436
207	1	234	240	209	211	340	381	318
208	418	419	229	326	204	205	239	210	213	197
209	1	202	207	211	212	373	381	219	234
210	432	418	419	394	491	205	239	208	213	407	219
211	340	1	209	212	207
212	1	209	211	213	219	415
213	1	419	229	394	208	210	432	212	219	415
214	411	68	427	428	82	84	277	215	292	91	286
215	1	472	84	277	214	344	411	286	95
216	353	135	136	237	335	144	149	348	287
217	512	161	387	324	165	614	401	298	299	177	182	441	153	444
218	294	198	200	203	336	274	181	250	284	349	446	191
219	1	202	205	209	210	447	212	213	280	415	394	373
220	341	433	8	361	10	296	16	264	21	312	28	350	31
221	352	225	36	310	40	265	13	14	477	530	22	311	25	374	29
222	448	555	67	260	69	471	502	73	426	267	76	421	81	83	567	108	439	89	378	92	261
223	196	197	521	453	238	239	178	366	246	188	445	190	325
224	1	482	15	241	18	342	247	382
225	352	33	39	40	311	221	242	285	22	23	477	29
226	32	33	603	227	420	38	300	461	242	51	343	408	251	508	351
227	226	420	328	73	395	242	46	509	50	51	343	57	285	621
228	384	323	422	102	457	106	535	496	114	119	347	123	125	549
229	1	419	484	326	204	208	305	213
230	101	232	106	107	364	334	434	116	503	123	316	413	126	581
231	128	1	132	330	249	379	254
232	288	646	230	519	233	140	271	400	434	435	564	151	536	364	123	156	413	126
233	288	161	387	451	232	299	398	143	401	435	148	156
234	513	194	195	359	202	207	240	209	595	529	373	280	367	381	318	447
235	320	65	66	390	266	79	49	404	55	409	554
236	130	99	132	357	397	317	117	345	249	253	254	287
237	353	258	388	358	171	559	144	466	243	468	149	216	348	157
238	162	325	166	169	453	270	178	180	405	183	442	572	190	223
239	418	196	197	326	205	208	210	246	407	445	223
240	1	195	200	234	207	274	403	250	318
241	224	482	7	557	15	342	602
242	33	226	227	420	225	39	300	461	50	311	285
243	417	388	358	170	171	460	237	559	272	468	181	284	157
244	480	162	443	164	452	290	174	273	338	179	185	154	283	159
245	546	168	299	526	271	402	276	182	279
246	192	196	521	205	239	407	280	445	190	223
247	224	34	259	266	482	15	18	515	342	27	382
248	65	259	772	266	759	524	874	622	47	49	846	463	575	409	314	315	541	62	383
249	449	99	231	330	236	397	254	344	345	286	95
250	528	538	195	497	200	490	355	403	349	240	273	339	527	218	367	284	189	318
251	32	320	226	38	508	408	493	49	51	53	343	56	26	252
252	320	266	49	53	55	26	251
253	96	99	236	111	307	532	117	345	346	91	317	286
254	128	132	357	231	330	236	397	465	249	379
255	1	354	131	118	363	140	450	533	150	124
256	129	162	164	386	137	138	290	270	370	371	152	537	154
257	386	324	166	137	298	332	270	145	152	478
258	160	289	388	135	171	172	237	365	466	147	149	473	155	348
259	1	34	515	772	389	678	266	706	47	247	248	463	700	382	575
260	64	67	69	471	426	267	76	439	57	540	222	63
261	448	98	421	518	108	109	333	83	377	89	92	222
262	386	133	422	488	137	332	109	333	568	309	119	120	380	589	543
263	1	198	294	172	175	431	184	399
264	1	35	10	433	19	312	220	350	31
265	64	352	36	37	327	296	44	301	462	16	374	25	221	30
266	320	34	259	772	678	554	235	524	493	463	592	49	515	247	248	409	26	27	252	574
267	464	260	69	70	297	439	80	81	86	329	410	59	471	61	222	63
268	128	1	132	289	489	141	465	504	282	379
269	288	544	451	324	133	134	332	398	143	369	627	148	153	380	125
270	256	257	162	166	137	386	238	629	169	152	537	442	478
271	168	691	299	173	467	400	232	402	435	276	245	630	151	526	156	158
272	339	609	293	358	170	460	430	176	243	468	283	284	157	159
273	480	194	195	582	359	355	174	367	573	179	244	185	250	443	189
274	1	294	200	203	240	403	340	446	218	476	349	318
275	322	612	136	458	459	335	392	115	440	122	636	127
276	400	551	173	271	304	303	402	467	245	279	187	158	479
277	1	68	438	427	428	561	84	214	215	292	411	60
278	391	72	455	302	541	368	78	88	314	315	93
279	193	546	356	199	520	201	304	402	276	245	182	436	187
280	192	194	406	359	521	202	205	529	405	246	407	219	234	190	447
281	64	291	70	487	424	499	52	437	313	58	59	410	63
282	1	163	289	489	268	141	474	155
283	272	290	355	452	293	609	339	430	176	179	244	528	570	443	159
284	339	272	497	417	200	170	460	349	176	336	243	181	527	250	218	475	189	565
285	352	225	227	420	486	39	40	242	461	328	50	311	509	477
286	449	99	428	472	82	307	84	214	215	344	249	91	411	253	345	95
287	353	130	357	135	136	393	459	236	597	335	392	466	117	216	122	348	317	511
288	323	134	519	232	233	269	451	143	369	434	435	536	123	607
289	258	550	135	393	268	141	365	465	147	489	473	282	155	348	474
290	256	162	443	164	293	556	371	244	537	452	154	283	159
291	68	70	292	329	525	437	438	313	281	58	59	60	410
292	291	68	438	70	329	427	525	82	277	214	375	60
293	290	570	452	138	556	429	142	272	146	371	430	440	154	283	157	159
294	1	198	263	203	399	336	274	184	218	446	191
295	2	7	9	522	11	514	560	17	306	539	618
296	454	327	220	42	361	433	16	337	21	374	265	312	507	28	30	31
297	97	464	329	362	267	80	531	308	501	86	439	500
298	512	257	324	165	166	177	572	720	145	178	545	217	153	441	478	325
299	481	161	614	401	168	233	526	271	177	402	435	245	182	217	444	156
300	32	33	226	311	737	649	9	11	306	461	17	242	23	722	640	539	351
301	64	37	327	265	42	44	462	593	337	52	470
302	1	391	105	74	396	78	623	112	368	278	93
303	1	354	167	551	173	304	276	186	158	479
304	1	551	520	201	173	303	402	276	279	186	187
305	1	356	229	326	199	360	204	206	648	498	436	484
306	640	514	295	9	618	11	300	674	17	23	539	351
307	96	321	99	449	375	428	495	82	579	532	606	87	345	346	91	253	286
308	97	611	113	534	103	297	331	108	81	500	309	86	439	378	92	510	501
309	129	421	262	103	534	331	108	109	589	113	370	308	502	120	121	378	543
310	3	4	552	9	492	13	14	477	530	374	311	25	221	319
311	539	33	477	737	310	486	225	552	9	300	13	694	285	242	22	23	461	530	221
312	1	35	454	337	264	41	42	296	433	220	31
313	1	291	487	424	45	337	52	437	54	281	58	60
314	391	72	425	74	78	47	48	788	278	248	575	315	541	62	383
315	65	516	390	376	455	72	664	77	622	248	85	278	759	88	409	314	541	62	383
316	323	644	101	230	839	456	106	107	594	434	542	503	376	347	123	94
317	357	392	236	111	532	117	345	122	511	346	253	287
318	1	195	583	234	207	240	547	274	403	340	250	367	381
319	4	5	361	492	14	16	530	310	25	374	485
320	343	548	508	266	235	493	49	404	53	55	56	26	251	252	554
321	96	322	483	100	362	110	495	562	307	87	346	579
322	97	392	483	100	321	275	458	331	110	113	562	115	612	346	510	127
323	288	347	228	549	519	457	106	594	369	434	123	316	125
324	544	257	387	441	298	332	269	398	145	598	153	217	478
325	512	545	453	166	572	298	238	177	178	366	444	223
326	418	419	484	197	360	204	239	208	305	372	506	445	229
327	37	454	470	296	265	42	301	462	593	337	374	507	604	30
328	64	352	227	486	39	40	585	621	46	509	584	50	494	662	57	285
329	464	291	292	70	297	362	267	525	687	80	375	82	531	87	410	605
330	1	231	587	588	397	344	249	379	254
331	129	322	97	458	113	370	308	309	534	510	127
332	544	257	386	324	133	262	137	269	145	627	740	598	729	568	153	380	637	478
333	384	98	261	262	422	488	518	109	119	377	586	421
334	131	230	104	396	107	364	368	456	116	533	118	503	363
335	353	440	136	459	392	146	275	216	505	122	287
336	1	610	294	417	399	692	181	446	184	601	218	475	284	349	414	191
337	1	454	327	296	41	42	43	45	301	424	52	470	312	313
338	192	480	162	452	244	174	180	405	406	599	185	442
339	272	355	609	490	460	367	176	570	179	528	527	250	283	284	189
340	1	583	207	274	211	381	318
341	1	5	6	423	8	361	10	523	220	350
342	224	482	515	602	7	553	241	514	15	17	866	771	747	247	26	27	557	351
343	320	576	226	227	420	38	395	558	408	51	404	56	548	251	508
344	1	449	681	330	587	397	215	472	249	286	95
345	449	99	357	236	397	317	563	307	532	249	253	286	511
346	96	321	322	483	634	392	110	111	562	307	532	317	122	579	668	253	511
347	323	228	102	412	106	496	594	457	123	316	94
348	289	258	550	135	393	237	353	466	149	216	473	287
349	200	476	336	497	274	403	565	601	218	475	284	250	446
350	1	264	361	10	523	433	341	220
351	32	640	226	603	553	300	461	17	306	674	342	649	408	722	26	514
352	64	225	36	486	584	40	265	619	462	285	328	530	494	374	477	507	221
353	358	136	459	237	335	144	466	146	149	216	505	348	287
354	1	450	167	140	303	467	150	569	479	413	158	255
355	443	339	367	528	273	573	179	250	283	189
356	193	546	199	360	648	305	498	481	372	182	279	436
357	130	132	393	236	397	580	465	563	345	511	317	254	287
358	608	272	353	237	430	144	466	146	243	468	505	157
359	480	194	195	582	529	234	367	273	595	547	406	280	185	381
360	193	356	326	199	204	305	498	372	600	484	506	660
361	523	5	341	423	8	485	433	16	296	21	374	507	220	350	319
362	97	100	321	297	375	495	80	562	531	501	87	719	605	329
363	1	131	396	334	112	533	118	124	255
364	450	131	581	230	232	140	334	116	533	503	413	126	645
365	160	289	258	163	388	172	431	469	473	474	155	638	414
366	545	197	705	616	444	453	653	639	177	178	372	521	223	188	445	325
367	490	195	582	359	234	355	403	573	528	273	595	339	529	547	250	381	318
368	101	455	391	104	632	107	396	302	623	112	456	334	278	88	93	533
369	288	544	627	323	422	134	519	713	269	451	607	123	380	125	549
370	256	129	386	635	137	138	331	684	429	590	689	371	309	534	755	120	543	458	127
371	256	129	290	293	684	138	556	386	590	429	370	537	154
372	672	193	356	197	326	481	360	444	204	366	498	654	182	600	506	188	445
373	1	513	202	209	447	566	234	219	381	394	415
374	352	485	327	296	265	462	16	530	310	361	25	507	221	319
375	292	329	362	427	428	525	495	82	307	87	605
376	65	578	101	455	456	107	77	664	85	88	542	315	316	94
377	384	416	98	261	518	71	586	333	83	448	517
378	768	611	534	555	108	81	643	308	309	502	439	500	92	222
379	128	1	132	231	588	330	268	397	465	504	254
380	133	262	422	332	269	369	627	119	568	125
381	1	547	513	359	234	583	207	209	595	340	373	566	367	318
382	224	1	482	259	389	778	706	18	515	247	700
383	248	314	315	541	575
384	416	98	228	422	102	753	488	713	586	535	333	496	712	726	119	377
385	516	710	102	680	651	717	79	596	85	631	665	90	412	94
386	256	257	262	769	776	137	332	270	629	370	371	590	568	537	637	478	543
387	512	161	324	742	441	233	398	401	148	598	217	153
388	417	258	571	805	171	172	365	237	466	243	468	638	658	697	473	474	559	414	799
389	1	259	772	678	425	47	48	819	852	700	382	575
390	65	516	71	235	79	404	409	315
391	1	455	425	74	302	623	48	368	788	78	278	314	541	789
392	322	115	612	634	136	636	459	483	110	335	275	597	668	122	511	346	317	287
393	289	130	580	357	550	135	459	465	466	597	727	696	511	348	287
394	513	676	617	447	491	205	432	210	415	373	566	407	219	213
395	576	227	420	748	71	73	75	663	621	558	51	404	343	56	509	766
396	1	104	363	302	623	112	368	334	118	533
397	449	580	357	588	330	587	236	465	563	345	344	249	504	379	254
398	544	387	324	742	233	269	451	401	435	148	598	824	153	732
399	1	294	263	431	336	184	414
400	646	232	140	467	271	402	435	276	691	630	151	564	762	156	413	158
401	512	161	387	742	614	233	299	398	435	526	217	732
402	400	546	551	520	691	299	526	271	304	467	276	245	630	279	615
403	1	538	547	699	200	490	367	240	497	274	250	591	476	349	318
404	320	343	395	516	773	390	71	554	235	548	558	79	784	55	56	409	764
405	192	453	807	521	599	238	338	180	406	183	280	442	671	190	639
406	192	480	194	582	359	521	529	338	405	693	599	280	185	671	673	447
407	685	418	616	521	394	491	205	239	210	693	246	617	280	445	447
408	32	226	603	38	553	493	343	26	251	508	351
409	65	516	390	808	266	235	524	622	784	49	404	248	315	554
410	291	70	487	329	650	267	525	687	464	499	724	437	281	59	63
411	1	428	561	277	214	215	472	286
412	416	385	98	710	102	457	651	496	594	760	624	90	347	94
413	354	581	230	232	364	140	450	400	434	467	564	761	569	123	126	645
414	1	610	571	388	805	417	171	172	365	399	336	692	469	184	431	638
415	1	676	394	432	212	213	566	219	373
416	384	448	98	517	102	71	586	775	751	496	377	90	412	624
417	610	571	388	171	460	559	336	243	181	184	475	284	733	414	565
418	432	419	326	616	491	685	239	208	210	661	407	506	445
419	1	418	484	229	326	655	208	210	432	660	213	506	661
420	576	226	227	649	395	461	509	242	343	508	285
421	448	738	261	518	488	682	555	108	333	109	309	502	589	633	667	222
422	384	228	549	262	488	713	535	712	333	369	627	119	568	380	125
423	1	485	361	523	625	341	5
424	64	1	487	620	44	593	337	52	470	313	281	63
425	1	389	391	810	47	48	819	788	314	575
426	448	577	67	260	517	73	567	718	626	83	471	57	540	222	709
427	292	438	428	525	750	495	561	82	277	214	375
428	449	642	774	681	427	750	495	561	82	307	277	214	375	472	411	606	286
429	836	293	684	138	556	142	792	370	371	628	430	755	440	458	127
430	608	609	293	358	556	460	429	272	628	146	468	440	505	570	283	157
431	1	163	263	172	365	175	469	184	399	638	414
432	1	418	419	676	394	491	783	661	210	213	415
433	1	454	264	361	523	686	656	296	312	507	220	350
434	288	323	581	230	519	232	839	646	594	564	503	536	123	316	413	613
435	288	451	732	646	232	233	299	780	398	271	400	401	526	630	536	156
436	1	546	356	199	520	201	648	770	206	305	279
437	1	291	487	650	679	525	724	438	281	313	410	60
438	1	291	292	679	427	525	561	277	60	437
439	555	260	643	297	267	695	464	81	531	308	853	86	471	500	378	222
440	608	756	612	293	136	458	459	429	142	335	146	275	628	430	505	636	127
441	512	387	324	742	298	720	598	217	478
442	162	452	453	166	270	629	338	180	238	599	537	572	478	405
443	480	290	355	452	647	528	273	179	244	570	283	573
444	512	481	875	325	614	545	299	653	366	177	659	372	526	182	217	698	672	188	445
445	672	685	418	197	326	616	521	653	366	239	372	654	246	407	506	444	830	223
446	1	294	336	497	274	601	218	475	476	349
447	513	617	521	234	205	529	757	373	406	407	280	673	219	202	394	693
448	416	261	518	633	426	555	517	751	83	567	377	586	222	421
449	681	587	428	397	472	307	532	606	563	345	344	249	666	796	286
450	1	354	131	645	364	140	533	761	569	413	255
451	288	544	519	840	233	780	269	398	143	369	435	148	536	732	824	607
452	480	162	443	293	806	647	556	290	721	338	244	599	537	442	283	570	670
453	545	325	807	521	366	815	238	405	599	442	639	572	190	223
454	1	327	296	337	433	686	470	312	507	604
455	578	101	391	456	632	664	623	368	376	789	278	759	88	315	541
456	578	683	101	455	107	802	334	623	368	632	533	503	376	316	542	702
457	624	323	228	549	496	594	535	347	412	703
458	322	483	612	331	429	792	370	275	628	534	755	440	635	510	127
459	353	804	392	393	652	335	696	466	275	756	597	440	505	636	287
460	417	243	430	527	272	339	468	565	609	559	284	733
461	737	226	603	420	486	649	300	722	477	657	242	311	509	508	285	351
462	64	352	779	708	327	584	265	619	44	301	494	593	374	507	604
463	248	772	266	259	524
464	471	297	267	716	695	687	531	499	439	410	605	329	63
465	289	130	132	357	550	135	393	727	268	141	397	489	504	580	379	669	254
466	353	258	388	550	358	393	459	652	237	559	658	468	505	696	473	730	348	287
467	354	741	551	140	271	400	402	691	276	569	564	762	413	158	479
468	608	609	388	358	460	237	430	559	272	466	243	505
469	1	163	365	431	638	474	414
470	1	454	327	424	44	301	337	52	593	604
471	555	260	567	426	267	716	695	877	464	821	439	540	222	63
472	1	774	449	681	428	561	215	344	411	286
473	289	258	388	550	489	365	466	658	690	697	474	348	730
474	1	163	388	289	489	365	690	469	697	473	282	155	638
475	1	610	417	336	692	565	601	284	349	446
476	1	744	714	591	497	274	403	601	538	349	446
477	352	225	694	486	641	552	801	619	461	285	657	530	723	310	311	737	221
478	257	386	324	166	769	298	332	270	720	740	629	598	441	442	731	572	637
479	1	354	741	551	303	467	276	569	158
480	194	452	582	359	647	273	338	244	406	599	185	443	573	670	671
481	672	704	546	356	299	526	881	498	659	372	182	600	444
482	224	1	515	778	747	241	771	342	247	602	382
483	321	322	612	392	458	562	798	346	668	510
484	1	419	229	326	360	648	305	498	660	506
485	736	5	423	361	523	492	656	625	530	374	507	319
486	352	801	657	328	619	461	285	584	723	662	311	509	477
487	64	1	424	650	620	499	437	281	313	410	701
488	384	262	421	422	682	712	518	109	333	726	568	586	589
489	1	550	289	268	669	465	690	504	473	282	474
490	547	699	582	743	403	527	528	573	339	250	367	538
491	418	676	617	394	685	783	432	210	661	407
492	736	3	485	552	9	522	13	677	625	530	310	735	319
493	320	794	603	251	548	553	266	592	707	408	26	27	508	554	574
494	64	352	708	620	593	328	585	44	462	584	758	57
495	321	642	579	362	427	428	525	750	719	562	307	375	87	605	606	767
496	384	416	228	102	457	586	624	753	726	535	347	412	703
497	538	744	284	714	527	403	565	601	250	476	349	446
498	704	481	546	356	360	648	305	660	372	600	484
499	64	487	860	716	650	620	687	464	281	410	540	701	63
500	611	643	297	695	531	308	501	439	378	795	853
501	97	611	297	362	719	688	562	531	308	862	500	795	605	510
502	768	738	643	421	555	108	589	309	534	378	667	222
503	683	644	581	230	839	456	107	364	334	434	838	533	316	542	645
504	588	1	580	489	268	397	465	754	379	669
505	608	353	358	459	652	466	430	335	146	468	440	756	559
506	418	419	484	326	360	685	654	655	372	661	793	600	660	445
507	352	641	619	779	485	454	327	296	361	523	462	656	433	530	686	374	604
508	320	576	226	603	420	649	809	461	558	493	707	820	343	408	548	251	764	509
509	576	227	420	837	486	328	649	395	748	461	621	657	820	662	809	508	285
510	97	322	483	612	458	331	834	688	562	611	308	501	534	635	798
511	634	580	357	392	393	563	532	597	790	739	345	346	317	287
512	545	387	325	614	177	298	742	720	401	598	441	217	698	444	842
513	757	673	676	886	617	234	746	381	529	595	373	566	394	447
514	640	674	747	295	553	618	7	557	17	306	867	342	937	602	818	866	351
515	482	259	678	553	266	747	706	592	771	342	247	857	27	778	382
516	385	749	773	390	65	680	71	717	622	79	784	404	85	631	664	409	315
517	416	448	675	633	913	71	73	426	775	718	751	976	785	83	725	567	377
518	448	738	261	488	586	333	752	633	377	667	682	421
519	288	323	549	232	728	594	613	369	434	451	536	703	607
520	1	546	551	201	615	770	782	304	402	436	279
521	192	705	406	817	616	639	453	366	693	405	246	407	280	447	671	445	190	223
522	295	552	9	715	492	560	787	539	735
523	1	485	423	361	656	433	341	625	507	350
524	772	808	266	622	463	49	846	248	409	554	574
525	847	291	292	679	329	427	750	495	561	724	437	438	375	410	687	605	767
526	481	546	630	614	615	732	691	299	781	271	401	402	435	659	245	182	444	865
527	609	570	490	460	733	528	497	339	565	250	763	284	538	734
528	843	609	538	355	763	699	647	490	733	844	367	570	573	339	527	250	283	443	734	816
529	513	547	582	359	234	367	595	406	280	673	447
530	352	641	619	310	552	736	485	492	686	477	656	694	374	311	826	507	221	319
531	862	297	362	695	464	500	501	439	795	605	329
532	449	579	634	666	711	813	317	563	307	790	739	345	346	253	606	511
533	1	450	131	645	456	396	363	364	334	623	368	503	683	702	255
534	768	611	458	331	589	849	370	308	309	502	791	378	635	510	543
535	384	228	549	422	457	496	753	713	125	703
536	288	451	613	646	519	232	780	434	435	728	607
537	256	769	386	556	270	670	162	806	684	1054	950	442	452	970	290	590	721	851	599	1003	371	629	890
538	699	744	745	490	527	528	497	403	565	250	591	476	714	734
539	640	737	715	295	552	9	522	11	300	560	306	694	311	827	618
540	64	577	260	709	897	716	426	567	620	877	765	499	758	471	57	860	701	63
541	391	664	455	622	632	788	789	278	759	248	575	314	315	810	383
542	578	811	644	456	683	802	596	702	503	376	316	94
543	386	262	689	776	137	589	590	568	370	309	534	791	120	635	894
544	451	324	840	713	332	269	398	369	627	598	824	729	607
545	512	325	572	298	653	366	815	720	777	698	639	444	453
546	704	481	770	356	615	520	498	526	781	648	402	659	436	245	182	279
547	832	1	699	582	359	745	490	583	743	367	529	595	403	673	591	381	318
548	320	707	764	554	493	558	404	343	508
549	323	228	870	422	519	753	457	713	369	594	627	535	728	703	956	125	607
550	289	393	727	690	829	465	466	489	696	473	730	348	669
551	1	741	615	520	782	303	304	402	467	276	691	479
552	736	694	904	9	522	715	492	530	787	310	311	826	539	477	735
553	514	515	747	603	493	592	722	342	674	408	26	27	794	351
554	320	707	548	808	266	235	524	493	784	404	409	858	764	574
555	448	738	643	421	567	439	695	975	785	821	502	471	633	378	222	853
556	608	609	290	452	293	841	684	429	430	721	371	628	836	537	570
557	514	7	866	241	342	602
558	576	548	773	71	764	395	809	404	343	508
559	608	417	610	388	609	652	460	237	814	466	243	468	658	505	786	571	733	799
560	522	539	618	715	295
561	1	774	679	427	428	525	750	847	277	438	472	411
562	97	322	483	100	321	362	798	642	910	495	688	579	501	889	346	719	668	797	510
563	449	739	580	357	587	588	397	813	754	532	345	666	796	893	511
564	741	581	646	871	232	823	922	400	434	467	761	569	762	413	613
565	800	417	610	744	733	460	527	497	692	855	601	538	475	284	349	734
566	1	676	513	746	394	583	595	373	886	381	415
567	448	517	426	555	877	718	785	821	471	633	540	222	709
568	386	262	422	488	682	332	589	776	712	627	854	791	380	637	543
569	1	450	741	354	467	564	761	413	479
570	609	283	452	293	647	841	556	430	527	528	721	339	763	890	443
571	417	610	388	805	559	692	414	855	925	638	799
572	545	731	453	166	807	298	903	238	815	720	916	629	599	442	639	478	325
573	480	816	355	699	582	647	490	743	844	367	528	273	891	443	670
574	707	772	808	266	524	493	846	592	953	858	554
575	928	973	259	772	389	966	425	810	874	622	47	819	788	846	759	248	314	541	383
576	395	420	773	71	748	75	663	809	558	343	508	509	766
577	64	709	585	426	621	861	626	758	73	57	859	540	765
578	802	811	455	456	664	680	94	632	596	85	376	665	542	702
579	321	642	797	711	495	562	307	532	346	668	634	606
580	739	357	393	588	397	893	465	754	563	597	727	504	835	669	511
581	613	230	839	823	364	434	564	503	761	838	413	645
582	896	647	273	529	406	670	671	673	547	816	573	972	844	480	359	490	743	367	880	1016	891	892
583	832	1	547	745	746	591	595	340	566	381	318
584	64	352	708	758	486	328	585	619	876	621	494	845	723	462	662
585	64	577	758	584	620	621	494	845	328	662	57	859
586	384	416	518	488	682	333	751	496	448	726	633	377	752	624
587	1	449	681	330	588	397	563	344	796
588	1	580	330	587	397	754	563	504	379	796
589	768	421	262	488	534	109	568	309	502	791	120	667	682	543
590	769	386	776	684	689	370	371	537	851	543
591	1	547	583	745	714	403	538	699	476
592	515	772	678	808	553	266	747	493	707	953	857	794	27	858	574
593	64	1	708	327	424	620	44	301	462	494	470	604
594	848	323	644	549	710	519	316	839	812	624	434	915	457	728	347	412	703	94	613
595	832	513	547	359	936	746	234	583	743	367	529	757	566	673	892	381	885
596	385	578	811	644	710	651	94	802	914	85	868	665	542
597	739	580	392	393	459	652	932	835	756	790	727	696	804	634	287	636	958	511
598	512	544	387	324	742	842	332	398	720	740	729	824	441	731	478	864
599	480	452	453	806	807	903	338	405	406	537	442	671	572	670	629
600	672	481	360	654	655	498	372	793	856	660	506	923	704	831
601	800	1	744	336	497	692	565	475	476	349	446
602	1	482	771	557	241	514	342	866
603	226	707	553	906	493	461	722	820	649	408	794	508	351
604	1	708	454	327	779	462	593	686	470	507
605	642	862	329	362	695	525	941	495	464	531	501	375	687	947	719	767
606	449	642	579	774	711	681	428	750	495	307	532	822	888	666
607	288	544	451	549	780	519	840	713	728	369	627	870	536
608	609	836	358	652	556	430	559	628	786	468	756	440	505
609	1034	527	528	786	814	283	799	556	430	559	570	960	836	841	460	339	468	733	608	912	272	763
610	1	571	805	417	925	814	559	336	692	565	855	475	733	414	799
611	768	834	643	795	688	849	500	501	534	889	308	378	635	510	853
612	322	483	392	668	458	834	792	275	628	798	755	440	635	636	510
613	581	646	519	839	594	728	434	564	823	536
614	512	672	875	742	865	732	299	526	401	659	217	698	444
615	546	551	520	782	770	526	781	402	659	691	630
616	705	418	521	407	653	366	685	882	654	617	793	445	830	693
617	513	676	616	394	491	685	783	757	884	693	886	407	825	447
618	640	514	827	295	818	937	938	715	674	560	17	306	867	887	539
619	352	641	708	486	584	873	779	876	462	530	723	507	477
620	64	1	708	487	424	585	44	494	593	499	758	540	701
621	577	227	748	328	73	395	663	584	626	662	585	57	954	859	509	927
622	833	516	680	874	524	717	846	808	784	664	759	248	409	315	541	575
623	1	803	455	456	391	396	302	368	533	632	702	789
624	416	710	775	457	586	812	751	496	753	594	726	760	90	412	703
625	736	1	485	423	523	492	656	677
626	577	899	709	73	426	621	718	725	663	859	861
627	544	740	549	422	712	713	332	269	944	369	850	854	568	729	380	637	607
628	608	612	458	556	429	430	792	756	440	836	636
629	769	386	806	903	970	270	916	950	599	537	442	731	572	478
630	865	646	615	969	780	781	526	271	400	402	435	691	762	732	959
631	385	675	516	71	909	651	908	717	79	749	868	760	665	90	766
632	578	803	455	456	802	623	368	789	759	664	541	702
633	448	738	421	518	913	586	555	751	752	785	567	517
634	579	804	711	392	668	532	597	790	346	636	511
635	768	834	611	612	849	458	689	370	755	894	534	791	510	543
636	612	967	392	459	910	879	792	275	628	597	804	440	756	634	911	668	798
637	769	386	740	776	332	627	854	568	985	478
638	1	388	805	365	431	692	469	697	474	571	414
639	545	453	705	521	807	653	366	815	817	405	777	572	671
640	737	514	827	618	300	674	306	867	722	539	351
641	779	873	619	686	530	723	694	826	507	477
642	579	797	711	428	941	750	495	562	878	822	719	605	606	767
643	768	738	611	555	500	853	502	439	378
644	811	838	710	839	683	914	594	915	596	94	503	316	542
645	1	450	581	838	683	364	533	503	761	413
646	613	871	232	780	400	728	434	435	564	630	823	536	762	959	895
647	480	816	763	452	582	844	890	528	721	570	443	573	670	880
648	704	1	546	923	356	770	305	498	436	484	660	926
649	737	420	837	828	300	461	657	722	820	905	603	508	509	351
650	1	487	907	687	499	724	437	410	860	701
651	385	868	710	908	964	596	631	760	665	90	412
652	608	786	932	902	459	658	559	466	756	597	696	505	730	799
653	672	545	705	616	777	875	366	698	444	445	830	639
654	672	616	685	882	372	600	793	506	445	830	831
655	1	419	856	660	661	600	793	506
656	736	1	485	625	523	686	433	530	507
657	737	837	486	801	649	748	461	477	662	828	509
658	961	388	805	968	652	690	559	466	697	473	730	863	799
659	672	481	546	614	615	732	875	704	526	781	881	935	444	865
660	704	1	419	484	360	655	856	648	498	600	506	923
661	1	418	419	872	491	685	655	432	856	793	506	783
662	801	486	657	328	585	748	621	876	845	584	723	954	859	509
663	576	395	900	73	75	748	621	626	675	725	809	859	924	861	766	927
664	833	578	803	516	929	455	680	874	940	802	622	632	85	759	376	665	315	541	1023
665	385	578	868	929	680	651	717	909	596	85	631	664	802
666	449	711	681	813	977	563	532	822	888	796	606
667	768	738	421	518	682	919	589	752	502	791
668	579	612	711	392	967	910	797	562	483	790	804	346	879	636	634	798
669	1	580	550	489	754	465	690	727	504	829
670	480	452	806	582	647	880	721	599	537	573	671
671	480	673	896	806	582	807	521	880	693	405	406	599	817	670	639
672	704	481	614	875	653	654	881	659	372	600	444	445	830	831
673	757	513	896	547	582	743	529	595	693	406	885	952	671	892	447
674	640	514	867	553	618	747	722	945	306	794	827	351
675	963	900	517	71	908	75	663	749	775	946	725	631	760	90	766
676	1	886	513	617	394	491	783	432	566	415
677	736	1	735	492	625
678	1008	706	515	772	389	266	592	259	852	857	819	700	778
679	1	898	525	847	561	724	437	438	767
680	385	578	516	929	833	874	717	622	909	85	664	665	1023
681	1	774	449	587	428	472	888	344	666	796	606
682	421	518	488	586	919	589	943	752	712	726	791	568	982	667
683	1	644	645	838	456	811	533	503	542	702
684	931	836	933	721	841	1003	556	429	590	689	370	371	755	792	537	851	1053
685	705	418	616	617	491	825	654	783	872	882	661	1032	407	793	506	445	693
686	736	1	454	641	779	656	433	530	826	507	604
687	898	939	329	650	907	716	525	464	947	499	724	695	410	860	605	862	767
688	798	611	834	719	562	501	889	795	510
689	834	931	776	1002	684	590	370	755	851	635	894	543
690	1	550	730	489	829	658	697	696	473	474	669	863
691	865	741	551	969	615	781	526	271	400	402	467	782	630	1014	762	922
692	800	1	610	571	805	336	565	855	601	475	638	414
693	896	673	705	616	521	407	1004	685	817	884	757	406	617	952	825	671	447
694	641	737	552	873	715	904	530	723	311	826	539	477
695	939	439	555	716	974	687	464	531	500	821	471	795	605	862	853
696	835	932	902	550	393	459	652	690	1040	466	1012	597	727	730	829	863
697	1	388	805	690	658	473	474	638	863
698	512	545	742	614	777	842	875	653	815	720	444	965
699	832	547	743	714	745	490	891	844	987	591	528	403	538	883	573	734
700	1	706	259	389	678	852	382
701	64	1	897	487	860	650	620	499	758	540	765
702	1	578	803	456	811	683	802	623	533	632	542
703	848	624	549	870	519	457	839	812	496	753	594	535	728	920	956	895
704	672	481	546	935	648	1063	770	781	881	498	659	660	600	923	926	831
705	998	616	521	685	366	653	817	882	884	693	777	825	986	830	639
706	1	515	678	778	1008	259	852	771	857	700	382
707	548	764	554	493	906	592	820	794	603	508	858	574
708	1	779	584	876	619	620	845	494	593	462	758	604
709	577	901	897	73	426	877	718	861	785	626	567	540	765
710	848	385	964	644	651	812	914	624	594	915	596	760	868	948	412	94
711	642	579	822	1001	813	797	532	790	634	879	668	666	606	930
712	384	854	422	488	713	682	983	943	753	850	627	726	791	568	921	982
713	384	544	549	422	753	712	840	369	850	627	870	535	729	956	607
714	1	744	745	591	497	883	538	699	476	734
715	737	827	552	522	938	560	904	787	694	887	539	618
716	1056	939	907	860	695	877	974	687	464	499	821	471	540	63
717	385	516	773	833	680	999	908	749	622	909	784	946	631	665	1023
718	897	899	709	913	73	426	861	785	626	725	567	901	1018	765	517
719	642	1019	797	942	362	941	878	495	688	562	980	501	1049	889	795	605	862
720	512	545	934	864	298	815	1041	916	598	441	698	731	572	842	478	965
721	880	452	806	647	684	970	1003	556	816	841	537	570	763	890	670
722	640	737	674	827	837	1055	553	906	300	461	905	945	867	820	649	794	603	828	351
723	641	694	486	737	584	873	619	876	1007	904	801	662	828	477
724	1	898	679	650	907	525	687	437	410	767
725	976	675	900	517	71	73	75	718	775	913	626	899	963	663	1018	861	766
726	384	624	869	753	488	586	812	751	496	712	752	982	921	1072	943	682
727	835	580	550	393	957	829	465	754	597	696	669
728	895	613	646	519	839	780	549	848	594	871	870	823	536	703	607
729	544	864	740	840	713	332	944	850	627	598	824
730	902	550	968	652	658	1040	466	1012	690	696	473	863	799
731	864	769	740	934	720	916	629	598	985	572	478
732	865	994	451	742	614	1031	875	780	526	401	435	659	398	630	824	995	959
733	800	417	610	763	971	997	609	843	460	814	559	528	565	855	912	527	925	734
734	800	997	744	714	843	844	527	528	883	565	951	538	699	733
735	736	1	677	552	522	492	787	826
736	1	485	552	492	686	656	625	530	826	735	677
737	640	801	827	904	649	938	715	300	461	1005	905	657	722	723	694	311	539	828	477
738	768	1024	643	421	518	555	975	752	785	821	502	919	633	667	1125	853
739	835	580	813	563	532	597	790	949	893	511
740	864	769	854	934	776	332	944	627	598	985	729	731	637	478
741	1	551	782	467	564	691	761	569	762	922	479
742	512	864	387	1062	614	1031	842	875	398	401	995	598	824	441	698	732
743	832	673	547	582	936	745	490	891	1069	987	595	699	892	573
744	800	1	714	497	883	565	951	601	538	476	734
745	832	1	547	583	714	743	591	883	538	699
746	832	1	886	583	936	595	513	757	566	988	885
747	482	515	553	1026	514	989	592	945	771	342	674	857	794	867	866
748	576	801	837	1009	809	395	621	657	662	663	954	509	927
749	675	516	773	71	908	717	79	946	631	766
750	642	774	941	427	428	525	878	495	561	1006	822	847	606	767
751	416	448	976	517	71	586	775	812	1038	918	624	913	726	633	752	869
752	1024	738	869	518	913	586	1038	751	1072	785	1102	726	919	982	633	667	682	975
753	384	624	549	712	713	812	496	850	869	981	726	535	920	921	956	703
754	1	835	580	893	957	588	829	563	727	504	796	669
755	834	931	612	933	458	684	429	1053	689	370	792	635	1002
756	608	960	804	1030	902	993	459	652	911	792	786	628	597	440	505	932	636	836
757	513	673	617	746	1004	595	884	693	886	885	952	988	447
758	64	1	708	577	584	585	620	845	494	765	859	540	701
759	928	803	966	455	664	810	940	874	622	632	979	788	789	248	315	541	575
760	675	964	710	71	908	651	812	624	775	963	948	918	631	90	412
761	1	450	581	838	871	1020	741	564	823	569	922	1011	413	645
762	1090	741	646	871	969	467	400	691	564	630	922	959
763	609	912	647	841	843	890	527	528	721	978	570	733	816
764	707	548	773	808	809	554	558	784	404	917	820	858	508
765	897	1	899	709	577	718	861	758	859	540	701
766	576	395	900	773	71	809	75	663	749	946	675	725	631	924	927
767	642	679	941	847	525	750	687	947	724	495	605	898
768	992	1025	738	611	667	502	795	919	589	849	643	853	534	791	378	635	1125
769	386	740	776	590	851	916	629	950	985	537	731	637	478	1013
770	704	1	546	615	520	781	782	648	436	1014	926
771	1	706	515	778	747	482	989	342	857	602	866
772	1008	259	389	678	266	524	973	846	463	592	819	852	953	248	857	1066	574	575
773	576	1010	516	71	809	717	558	749	784	946	404	917	1046	764	766	927
774	1	681	428	750	847	561	1006	822	472	888	606
775	416	976	675	517	71	812	751	624	963	725	918	760	90
776	769	386	740	590	689	851	984	1013	854	791	568	985	637	894	543
777	545	875	965	998	705	807	1036	653	815	817	1015	698	1021	830	639
778	1027	1	706	515	678	482	1008	771	857	989	382
779	1	708	641	873	619	876	462	686	826	507	604
780	451	870	646	1031	840	824	728	435	630	536	959	895	732	607
781	704	865	546	1014	615	969	935	770	526	691	659	782	630	926
782	1	770	741	615	520	551	781	691	1014	922
783	1	676	872	617	491	685	432	661	886	825	1022
784	833	516	773	999	808	554	717	622	946	404	917	1046	409	955	764
785	738	709	555	1102	877	718	975	752	913	821	567	901	633	1029	1093	517
786	608	609	836	902	652	559	756	960	799
787	1	552	522	715	904	887	826	938	735
788	1	966	391	425	810	979	789	759	314	541	575
789	1	803	455	391	940	623	979	788	759	632	541
790	739	804	711	1001	1067	813	879	835	532	597	949	634	668	958	511
791	768	992	667	854	849	712	682	589	943	776	984	534	919	568	982	635	894	543
792	993	834	612	933	1089	967	458	684	429	911	755	628	1053	836	756	636	1002	798	991
793	616	1037	685	654	655	1032	856	882	661	872	600	1017	506	830	831
794	674	707	553	906	747	493	592	945	722	857	858	603
795	768	1025	611	719	688	849	531	500	501	695	889	980	862	853
796	1	449	681	587	588	813	977	754	563	888	666	893
797	642	579	942	711	1001	1019	930	878	719	1051	1134	562	910	822	1033	889	879	668
798	834	483	612	967	636	910	688	562	792	889	668	510	991
799	960	609	610	388	805	902	961	968	1035	652	786	814	559	658	730	571	925	1061
800	1	971	997	744	951	692	565	855	601	733	734
801	737	837	486	876	748	845	1007	657	723	662	1048	954	828	477
802	1	578	803	868	929	456	811	940	664	596	702	632	665	542
803	1	802	940	623	664	789	759	632	702
804	1067	932	967	636	459	879	756	597	790	634	911	668	958
805	1	610	388	961	863	658	692	414	855	697	571	925	638	799
806	896	1154	1059	452	807	970	903	880	721	1106	1015	629	599	537	1084	670	671
807	896	1059	453	806	903	777	1015	815	817	405	599	671	572	639
808	784	833	990	554	524	622	592	846	953	409	858	955	764	874	574	917
809	576	962	773	764	748	558	1009	1010	820	917	663	927	508	509	766	837
810	1	966	425	973	819	788	759	541	575
811	1	578	644	838	683	802	914	596	702	868	542
812	848	869	710	775	1071	918	751	624	753	594	948	981	726	760	920	703
813	930	739	822	711	1001	977	563	532	949	790	1047	666	796	893
814	960	609	610	1035	1061	925	971	559	912	1099	1043	855	733	799
815	545	965	453	807	777	903	1036	720	1041	1059	916	1015	698	572	639
816	880	996	582	647	972	843	844	1042	528	721	978	890	763	573
817	896	705	1060	998	807	521	1015	1004	884	693	777	952	986	639	671
818	1	514	937	618	866	887
819	1	772	389	678	425	810	973	852	575
820	962	707	764	649	906	905	722	917	809	858	603	508	509	990	837
821	738	1093	471	555	716	695	974	877	785	853	567	975
822	642	774	711	1006	813	750	977	878	888	666	1115	797	606	930
823	1058	581	646	839	871	1165	1011	564	728	761	838	895	1020	613
824	544	864	451	1075	1062	742	1031	840	780	398	944	995	598	1081	729	732
825	705	872	617	685	783	1032	882	884	693	886	986	1022
826	736	1	641	552	873	779	686	904	530	787	694	735
827	640	737	674	867	905	618	715	1005	722	1045	539	938
828	737	837	801	904	649	1005	1007	905	657	722	723	873	1048
829	1	835	550	754	957	690	1012	727	696	669	863
830	672	705	1091	998	616	777	875	653	654	1021	881	882	1123	1044	1017	793	445	831
831	672	704	881	1100	1037	654	856	1017	600	793	923	830
832	1	547	743	883	745	746	583	987	936	595	699
833	999	680	874	717	622	909	784	808	664	955	1023
834	611	612	894	849	1002	688	689	755	798	792	889	635	510	991
835	739	580	957	893	754	1012	597	790	727	696	932	1052	829	958	949
836	608	609	960	933	1030	993	556	1034	684	429	1105	786	628	841	792	756
837	801	962	1009	649	748	1010	1070	905	657	722	820	809	1048	954	828	509
838	1	811	644	645	839	683	823	914	915	503	761	1011	581
839	1011	895	644	613	838	823	1068	594	1165	848	1058	434	915	503	728	1050	703	316	581
840	544	451	870	1031	713	780	1039	944	850	1081	824	729	959	607
841	609	836	933	1127	556	1034	1003	684	1042	912	721	978	570	763	890
842	512	864	995	934	742	875	720	598	698	1062	965
843	816	912	996	997	971	844	528	978	1107	1076	951	763	733	734
844	816	891	996	582	647	843	972	1085	528	883	1076	951	699	573	734
845	1	708	662	801	584	585	876	758	954	859
846	928	772	808	1132	874	524	973	622	1109	1113	248	953	955	1066	574	575
847	1	898	1028	774	679	525	750	941	561	947	1006	1079	767
848	710	839	1068	812	920	594	915	948	728	895	703
849	768	992	834	611	1025	795	1002	1096	980	534	791	889	635	894	991
850	1088	870	753	712	713	983	1039	944	840	627	854	921	729	956
851	769	931	776	1097	1054	1003	684	590	689	1138	1013	950	984	537	1160	1130	894
852	1	706	772	389	678	1066	973	1008	819	700
853	768	1025	738	611	439	1057	555	939	974	975	643	500	821	695	1133	980	795	862	1125
854	740	712	1098	983	943	944	776	850	627	984	791	568	985	637
855	800	1	610	805	971	814	925	692	565	571	733
856	1	872	1037	655	660	661	600	793	923	831
857	1027	1008	706	771	772	678	1065	778	747	989	592	945	515	1108	953	794	858
858	1108	707	808	990	554	1065	592	945	820	917	953	857	794	764	906	574
859	1	758	861	577	585	621	845	626	662	663	954	765	927
860	1056	1	897	1000	650	907	716	877	687	499	540	701
861	897	1	899	900	709	577	718	626	725	663	859	924	765	927
862	1057	795	1092	1124	939	941	942	687	947	531	980	501	695	1049	719	1116	605	853
863	1	805	961	968	690	1040	658	1012	696	697	730	829
864	944	740	934	742	1062	842	720	1075	598	1081	824	729	731
865	994	614	935	969	875	781	526	691	659	630	1083	732	959
866	1	514	771	937	747	1026	557	818	867	342	602	989
867	640	514	905	618	747	1026	674	938	945	722	1045	937	1005	827	866	1055
868	1	802	811	964	710	929	651	908	909	914	596	631	665
869	976	726	1126	1072	812	1038	751	752	753	981	918	982	921	1071
870	895	549	1073	840	713	780	1039	920	850	728	1081	959	607	956	703
871	1058	646	969	1090	564	823	728	761	762	959	1020	922	895
872	1	1032	1037	685	783	882	661	793	856	825	1022
873	1	619	641	904	779	876	1007	723	694	826	828
874	928	833	1023	999	680	1087	940	622	808	664	979	846	759	248	1113	955	575
875	672	865	994	995	742	614	935	732	842	1131	653	881	659	1044	777	698	1083	444	1021	830	965
876	1	779	708	801	584	873	619	845	1007	723	662	954
877	1056	897	939	1092	709	1029	1000	860	471	716	974	785	821	1142	567	540	1093	901
878	642	1006	941	930	750	719	942	822	1033	1115	797
879	1067	804	711	636	967	910	790	1001	1051	668	797
880	896	996	582	806	647	970	972	1106	816	721	1042	890	1084	670	671
881	672	481	1091	935	875	1100	1063	659	1044	1150	1017	923	704	830	831
882	705	998	616	685	654	1037	872	1017	1064	1032	793	825	986	830	1173
883	832	1	891	744	745	714	844	987	951	699	1085	734
884	705	617	1004	817	757	886	825	986	988	1022	693
885	673	936	988	746	1004	595	757	1129	952	892
886	1	676	513	617	746	783	884	757	566	825	988	1022
887	1	937	618	715	818	787	938
888	1	774	681	1006	977	822	666	796	606
889	834	611	1095	1019	910	719	688	849	562	980	942	1049	795	797	798	991
890	880	647	841	970	1003	1042	816	721	978	537	570	763
891	987	582	743	972	844	1069	1085	883	1016	699	892	573
892	896	673	987	582	743	936	1129	1069	1016	595	885	952	891
893	1	739	580	1052	813	977	754	563	949	1047	835	796	957
894	992	834	931	849	776	1097	1002	689	851	791	984	635	543
895	1058	870	646	839	1073	1068	871	780	848	920	823	728	959	703
896	673	1060	582	806	807	1084	1016	972	880	817	693	1015	952	892	671
897	1	899	709	861	1000	860	877	718	701	1078	1018	540	765	901
898	1	1028	679	907	847	947	724	687	767
899	1	963	900	897	718	765	626	725	1018	861
900	1	675	908	946	899	963	725	663	924	861	766
901	897	709	913	1000	877	718	785	1078	1018	1029
902	960	932	1061	1030	968	652	1040	786	756	696	730	1146	799
903	1059	806	807	970	1015	815	916	629	950	599	1082	572
904	1	737	552	873	938	715	1005	1007	723	694	787	826	828
905	737	962	867	837	649	906	1005	1070	1007	722	820	1045	1048	827	828	1055
906	962	707	905	1101	1070	1112	945	722	820	1077	1048	858	603	794	990	1055
907	1056	1	898	1028	1120	650	939	716	687	947	724	860
908	1	675	868	999	909	651	749	717	946	963	631	760	900	964
909	1	868	929	833	680	999	908	717	631	665	1023
910	1051	967	636	1095	879	562	1151	1080	889	1019	668	797	798	991
911	993	932	1030	967	1067	1080	756	792	804	636	1117
912	960	609	1107	971	996	841	1034	843	814	978	1043	1162	763	1099	733
913	976	517	1110	1038	1102	718	751	752	785	725	1078	633	1018	1029	901
914	1	644	710	838	811	915	596	868	1050	948	964	1011
915	1104	1121	644	710	838	839	1068	914	848	594	1011	948	1175	920	1050
916	769	1059	934	903	815	720	1041	1075	629	950	985	1082	731	572	1118
917	962	773	999	808	809	1101	784	1010	820	1086	1046	858	955	764	990
918	963	964	869	1094	775	812	751	976	948	760	1071
919	768	992	738	1125	1024	1025	682	1111	975	752	1168	982	791	667
920	1104	1137	870	1073	1068	812	848	753	915	948	981	703	956	895
921	1088	1136	869	1126	712	943	1072	753	850	981	726	983	956
922	1	1090	741	871	969	782	691	564	1014	761	762	1020
923	704	1	881	648	1063	1100	1037	856	660	1150	600	926	831
924	1	900	946	663	861	766	927
925	1	610	1035	805	961	971	814	1043	855	571	733	799
926	704	1	770	935	648	1153	1063	781	1014	923
927	1	773	1010	809	748	621	1009	946	663	954	859	924	861	766
928	966	1132	874	940	973	846	979	1109	759	1113	1114	1087	575
929	1	802	868	680	940	909	664	665	1023
930	711	1001	1047	813	878	1103	977	822	1033	1115	797
931	1097	1002	1003	684	689	1138	851	755	1053	894
932	835	804	1030	902	1067	652	911	1040	756	597	1145	696	1012	1146	1117	958
933	993	836	1127	841	1034	1003	684	1105	755	792	1148	1053
934	864	944	740	965	1062	842	720	1041	1075	916	985	731
935	704	865	1063	1153	969	875	781	881	659	1044	1014	1083	926
936	832	1	743	988	746	1069	595	885	1129	987	892
937	1	866	867	618	1026	514	818	1045	887	938
938	1	867	737	904	937	618	715	1005	787	1045	887	827
939	1056	1057	1028	1120	907	716	877	974	687	947	853	695	1092	862
940	928	1	802	803	929	874	979	789	759	664	1087	1023
941	642	1115	1028	942	1006	1143	1079	1134	750	847	947	878	1033	1193	1124	719	1116	605	862	767
942	1033	941	878	719	1134	1049	889	1019	1116	797	862
943	1136	726	1169	712	682	983	1072	984	854	791	982	921	1098
944	864	1075	740	934	840	1088	1074	1039	850	627	1081	854	983	824	729	985	1098
945	674	867	1065	906	747	1026	989	722	1077	1112	857	794	858	990	1055
946	1	675	900	773	999	908	717	749	784	1010	963	1046	924	766	927
947	1120	1124	898	939	1028	1189	907	941	847	1143	1092	687	605	862	767
948	1104	964	1094	710	1121	1195	812	1071	848	920	914	915	981	918	760	1050
949	1152	1122	835	1001	1067	813	739	790	1047	1052	893	958
950	769	903	970	851	916	629	985	537	1082	1130	1054	1013
951	800	1	997	744	843	844	883	1076	1085	734
952	896	673	1060	1084	1004	1200	817	1164	757	885	1129	1016	892	1141	693
953	1008	772	808	1066	1132	846	592	1108	990	857	858	955	574	1119
954	1	1007	837	801	876	748	621	845	1009	662	1048	859	927
955	833	999	808	874	1086	1132	846	784	917	1113	953	990	1119
956	1088	549	870	1073	713	1039	1104	753	850	981	920	921	1137	1126	703
957	1	835	829	754	1012	727	1052	893
958	1152	835	932	1067	1012	597	790	1145	804	1052	949
959	865	994	870	646	871	840	969	1031	780	1058	1068	1073	1185	630	1177	1081	762	732	1149	895
960	609	836	1030	902	1034	1099	814	912	786	1171	756	1162	1146	1061	799
961	1	805	968	1035	658	1061	799	925	863
962	837	809	906	1101	1070	1010	820	917	1046	905	1048	990
963	1	675	900	1110	1094	775	908	976	946	899	725	918	760	964	1018
964	1	963	868	1094	710	1121	651	908	914	948	918	760	1050
965	995	1062	934	1128	777	842	875	1036	815	720	1041	1161	698	1021
966	928	1	810	973	979	788	1109	759	1114	575
967	993	1051	804	1089	636	1067	910	879	1080	1147	792	911	668	1117	798	991
968	1	1061	902	961	1040	658	730	799	863
969	865	994	1058	1090	1014	871	935	781	1149	691	630	762	1083	1180	922	959
970	1154	1059	1186	806	903	1003	1106	880	721	1042	1139	629	950	537	890	1082	1054	1206
971	800	1	1107	997	843	814	925	912	1043	855	733
972	896	880	996	582	1164	844	1069	816	1106	1076	1016	1178	891	1084	1085
973	928	1	772	966	810	846	819	852	1109	1066	575
974	1057	1133	1092	1093	939	716	877	975	1203	821	695	1182	853
975	1024	738	1029	555	1102	1133	974	752	785	821	919	1144	1111	1125	1093	853
976	1222	963	869	1094	775	1194	1102	1038	751	913	725	918	1208	1018	1071	1110	517
977	1	930	813	1006	1103	822	1047	888	666	1115	796	893
978	912	996	1157	841	1034	843	816	1042	1107	890	763	1162	1214
979	928	1	966	874	940	788	789	759	1114	1087
980	1025	1057	1095	719	849	853	1049	889	795	862	991
981	1204	869	1126	1137	812	1038	1071	1104	753	948	920	921	956
982	992	1024	869	1072	712	682	919	943	752	1169	1168	726	791	984	1111	1135
983	1088	1136	712	1098	1074	943	944	850	854	921
984	992	1187	982	1169	776	1097	1098	1197	943	1168	1160	851	1013	854	791	1176	985	894
985	769	776	1170	916	1176	934	1197	944	1160	1074	1075	950	1209	1082	1098	854	984	731	1118	740	1130	1013	637
986	705	1060	1158	998	1140	1032	1207	1004	817	882	884	1064	825	1022
987	832	1	891	743	936	1069	883	699	892	1085
988	1	936	1129	746	1004	884	757	886	1141	1022	885
989	1	866	771	1065	778	747	1026	945	1027	1077	857
990	1108	962	808	1065	906	1101	945	820	917	1112	953	858	955	1086	1119
991	1025	834	1089	967	1096	1002	1095	910	849	980	1080	792	889	1019	798
992	768	1025	1187	1156	1125	1096	1097	1002	791	1168	849	982	919	984	894
993	1105	1089	836	933	1030	967	1117	911	1080	756	792	1179	1148	1053
994	865	995	1031	969	875	1131	1172	1083	732	1149	959
995	994	1131	965	742	1031	1128	842	875	1172	824	1062	732	1021
996	880	912	1106	1157	972	843	844	1042	816	978	1107	1076	1178
997	800	1	971	843	1107	1076	951	733	734
998	705	1123	1060	1064	777	1036	817	882	1155	1140	1174	1015	1017	986	1021	830
999	1	833	874	908	717	909	784	946	917	1046	1113	955	1086	1023
1000	1056	1	901	897	877	1078	860	1142	1029
1001	1152	930	1122	711	1033	1103	1067	1167	813	879	949	790	1047	1051	1212	797
1002	992	1089	834	931	1156	849	1096	1097	1095	689	755	792	1053	894	991
1003	931	933	1127	841	970	684	1138	1230	721	1042	851	1139	537	890	1148	1053	1054
1004	1060	1158	1129	817	757	884	885	952	986	988	1141	1022	693
1005	1	867	737	904	905	938	1007	1045	1048	827	828	1055
1006	1	774	941	878	847	977	750	822	1079	888	1115
1007	1	801	904	873	876	1005	723	905	1048	954	828
1008	1108	1	706	1027	772	678	778	852	953	857	1066
1009	1	837	809	748	1070	1010	1048	954	927
1010	1	962	773	809	1101	1070	1009	946	917	837	1046	927
1011	1	838	839	1175	1068	1165	914	915	823	761	1050	1020
1012	1	835	932	957	1040	696	1145	730	1052	829	958	863
1013	769	776	1130	1160	851	950	984	985	1082
1014	1	770	1090	935	1153	969	781	782	691	922	1083	1180	926
1015	896	1154	1059	1060	998	806	807	777	903	1036	815	817	1140	1174	1210	1084
1016	896	582	1084	972	1069	1164	1129	952	891	892
1017	1091	998	1202	1064	1100	1037	881	882	1123	1173	793	830	831
1018	1	899	901	897	718	976	913	963	725	1078	1110
1019	1211	1159	1095	1151	1134	942	719	910	1049	889	1051	1116	797	991
1020	1	1058	871	1090	1165	1011	823	761	922
1021	1131	995	965	998	1128	777	875	1036	1199	1123	1091	1044	830	1163
1022	1	1158	872	1004	783	1032	884	1141	886	825	986	988
1023	1	929	833	680	874	999	940	717	909	664	1113	1087
1024	1072	738	1219	1220	1111	1196	1038	975	752	1102	982	919	1144	1135
1025	768	992	1211	1125	1057	1096	1268	1095	1166	849	980	853	919	1049	795	1255	991
1026	1	866	867	937	747	945	1077	1045	989	1055
1027	1	1065	778	1008	1108	857	989
1028	1120	1	898	939	907	941	847	947	1079	1143
1029	1252	901	1190	785	1000	877	1102	975	913	1078	1144	1142	1093
1030	960	993	836	902	1224	1034	1229	911	1105	1171	756	932	1146	1117
1031	1185	994	995	1062	742	840	1226	780	1231	1128	1172	824	1081	732	1149	959
1032	1	1158	872	685	1037	1064	882	1173	793	825	986	1022
1033	930	1115	1001	1167	941	942	1103	1134	878	1051	797	1183
1034	960	609	836	933	1030	1127	841	1162	1099	1042	912	1105	978	1171	1213	1214
1035	1	1061	961	1099	814	1043	925	799
1036	1059	1155	965	998	1128	777	815	1181	1041	1245	1123	1174	1015	1161	1199	1021	1215
1037	1	872	1100	1032	882	1173	1017	856	793	923	831
1038	1024	976	1220	869	1126	1072	1194	1196	1102	751	752	913	981	1071
1039	1088	870	1137	840	1074	1198	944	1073	850	1075	1081	956
1040	1	932	1061	902	968	1012	696	1145	730	1146	863
1041	1059	1188	965	934	1161	1036	815	720	1075	916	1062	1181	1118
1042	880	1218	996	1157	1127	841	970	1003	1106	816	978	1139	1271	890	1034	1214
1043	1	971	1035	814	912	1099	1107	925
1044	1153	1091	1063	875	1150	881	1131	935	1242	1083	1021	830
1045	1	1026	867	937	938	1005	905	827	1055
1046	1	962	773	999	1010	1101	784	946	917	1086
1047	1	930	1122	1001	813	1103	977	949	1052	893
1048	1	962	837	801	905	906	1005	1070	1007	1009	954	828	1055
1049	1025	1211	1124	1057	1166	1095	942	719	980	1159	889	1019	1116	1191	862
1050	1	964	1121	839	914	915	948	1175	1011
1051	1217	1147	967	1001	1067	1167	910	879	1134	1033	1080	1019	1212	797	1183	1151
1052	1152	1	1122	835	957	1012	949	1047	1145	893	958
1053	993	931	1156	933	1089	1097	1002	1003	684	1138	755	1228	792	1179	1148
1054	1139	1206	970	1003	1230	1138	851	950	537	1082	1130
1055	1	1026	867	905	906	1005	1070	1101	945	722	1045	1048	1112	1077
1056	1120	1	907	1092	1093	1000	939	716	877	1192	1142	860
1057	1025	1092	1125	1124	1166	1182	939	1133	974	980	853	1049	862
1058	1090	871	969	839	1068	1165	1180	823	1177	1225	959	1020	1149	895
1059	1216	1154	806	903	970	807	1036	1186	815	1041	916	1210	1174	1015	1082	1181	1118
1060	896	1154	1158	998	1207	1004	1200	817	1140	1141	1015	952	986	1243	1084
1061	960	1	1099	902	961	968	1035	814	1040	1171	1146	799
1062	864	1185	995	1188	742	934	1031	1128	1161	842	1041	1075	824	1081	965
1063	704	1	935	1153	881	1044	1150	923	926
1064	1123	1158	998	1032	1239	1232	882	1155	1140	1173	1207	1017	986
1065	1	1027	945	1108	1077	1112	857	858	989	990
1066	1108	1	772	1132	973	846	1008	852	1109	953
1067	1152	1122	1051	932	1253	967	1001	911	1147	949	790	1145	804	879	1212	1117	958	1205
1068	1184	1104	1058	1137	839	1165	848	1073	915	1175	920	1177	959	1011	895
1069	1	987	743	936	1129	972	1164	1016	891	892	1085
1070	1	962	837	905	906	1101	1009	1010	1048	1055
1071	1222	1104	1250	869	1094	1121	1194	1195	812	1038	976	948	981	918	1204	1126
1072	1024	1136	869	1126	1169	1168	1196	1038	943	752	726	982	921	1135
1073	1184	1185	870	1233	1068	1198	1039	1137	1177	920	1081	895	956	1246	959
1074	1088	1098	1198	1039	944	1170	1075	983	985	1209
1075	864	1185	1188	1062	934	1161	1170	1198	1039	944	1041	1074	916	1081	824	985	1118	1209
1076	1	996	997	972	843	844	1107	951	1178	1085	1157
1077	1	1026	1065	906	945	1112	989	1055
1078	1	901	1190	897	1000	1102	913	1110	1018	1142	1029
1079	1	1028	1193	941	1006	847	1143	1115
1080	993	1147	1089	967	1095	910	911	1201	1179	1151	1051	1117	991
1081	864	1185	1062	870	1031	840	1198	1039	944	1073	1075	824	1177	959
1082	1216	1186	1059	1206	903	970	1227	1118	916	1013	950	985	1130	1054
1083	865	994	1131	1254	935	1153	969	875	1044	1014	1172	1242	1180	1149
1084	896	1200	1154	1060	806	1129	972	1234	880	1016	1106	1238	1015	952	1178	1164
1085	1	987	972	844	1069	1164	883	1076	951	1178	891
1086	1	999	1101	917	1046	1113	955	990	1119
1087	928	1	874	940	979	1113	1114	1023
1088	1136	1126	1098	1074	1198	1039	944	1137	850	1197	1237	983	921	956	1209
1089	993	1156	967	1201	1002	1095	1228	1080	1236	792	1179	1240	1053	991
1090	1	1058	871	969	1165	1180	1014	1225	762	1020	922
1091	1123	1163	1131	1100	881	1202	1044	1150	1017	1242	1021	830
1092	1056	1057	1124	1093	1192	1120	939	877	974	947	1182	1203	862	1189
1093	1056	1133	1092	1029	1192	877	974	975	785	1203	821	1142	1144	1252
1094	1	963	964	1110	1222	1121	1195	1071	976	948	918
1095	1025	1211	1156	1089	1096	1002	1151	910	1201	980	1236	1049	1080	889	1019	1159	1223	991
1096	992	1025	1187	1156	1125	1095	1002	1223	1292	849	1236	1268	1211	991
1097	992	931	1156	1187	1267	1160	1257	1002	1287	1169	1138	851	984	1176	1053	894
1098	1088	1136	1170	943	944	1169	1074	1197	854	983	984	985	1209
1099	960	1	1107	1171	1061	1034	1035	814	912	1043	1162
1100	1	1091	1037	881	1202	1173	1017	923	1150	831
1101	1	962	906	1086	1070	1010	917	1046	1112	1119	990	1055
1102	1024	976	1219	1220	1029	1190	913	1194	1038	975	752	785	1262	1078	1144	1208	1110
1103	1	930	1001	1122	1167	977	1033	1047	1115	1183
1104	1184	1121	1250	1195	1068	1071	1137	1266	915	948	981	1175	920	1204	956
1105	993	836	933	1030	1127	1224	1034	1229	1213	1171	1179	1148	1117
1106	1234	1154	996	806	1218	970	1291	972	1186	880	1042	1139	1206	1271	1178	1084	1247
1107	1	971	996	997	1162	843	912	978	1043	1076	1099	1157
1108	1	1027	1065	1066	1132	1008	857	1112	953	858	990	1119
1109	928	1	966	1066	1132	973	846	1113	1114
1110	1222	1	963	1190	1094	1102	976	913	1078	1208	1018
1111	1024	1249	1219	1220	1125	1133	975	1168	982	919	1144	1135	1276	1285
1112	1	1065	906	1101	945	1108	1077	1119	990	1055
1113	928	1	999	1087	874	1132	846	1119	1109	1114	955	1086	1023
1114	928	1	966	979	1109	1113	1087
1115	1	930	1134	1033	941	878	1103	977	1006	822	1079	1193	1183
1116	1248	1211	1124	1159	1256	1193	1191	941	942	1134	1049	1019	862
1117	993	1179	932	1253	1030	967	1290	1067	1229	911	1105	1205	1080	1145	1146	1147
1118	1216	1059	1188	1130	1227	1041	1170	1075	916	1270	1259	985	1082	1181
1119	1	1132	1101	1108	990	1113	1112	953	955	1086
1120	1056	1	939	1028	1189	1192	907	947	1143	1092
1121	1	964	1094	1195	1071	1104	915	948	1175	1050
1122	1152	1	1001	1067	1103	1212	949	1047	1167	1052
1123	1235	1091	1284	998	1064	1163	1036	1199	1202	1155	1173	1239	1017	1021	830
1124	1057	1092	1189	1191	1193	941	1166	1261	947	1182	1143	1049	1116	862
1125	768	992	738	1187	1057	1025	1096	1111	1292	1133	1166	975	1168	1268	853	919	1249	1276	1255
1126	1088	1136	869	1286	1244	1194	1196	1038	1071	1072	1137	1204	981	921	1263	956	1258	1237
1127	933	841	1034	1003	1230	1105	1042	1139	1271	1273	1148	1213	1214
1128	995	965	1062	1031	1161	1131	1036	1199	1163	1172	1231	1021	1221
1129	1	936	892	1004	1069	1084	1200	1016	1164	885	952	988	1141
1130	1259	1206	1160	1227	1118	1170	1230	1264	1138	851	1013	950	985	1082	1054
1131	994	995	1221	1163	1128	875	1091	1044	1172	1242	1083	1021	1278
1132	928	1	1066	846	1108	1109	1113	953	955	1119
1133	1057	1219	1093	1249	1166	1255	974	975	1203	853	1111	1144	1241	1182	1125
1134	1248	1217	1019	1159	1256	1033	1183	941	942	1115	1193	1051	1116	797	1151
1135	1024	1168	1220	1285	1196	1295	1072	982	1111
1136	1088	1126	1098	1196	1197	943	1072	1169	1237	983	921	1244
1137	1088	1184	1126	1233	1068	1198	1039	1104	1073	1204	981	920	1263	956	1246	1237
1138	931	1156	1160	1097	1130	1003	1228	1230	1264	851	1257	1148	1053	1054
1139	1218	1291	1127	970	1003	1042	1230	1106	1206	1271	1054
1140	1154	1155	1060	998	1064	1207	1232	1174	1015	986	1243	1210
1141	1	1060	1158	1129	1004	1200	1207	952	1243	988	1022
1142	1056	1	1252	1029	1190	1000	877	1192	1078	1093
1143	1120	1	1028	1189	1193	941	1261	947	1079	1124
1144	1024	1219	1252	1029	1190	1133	1102	975	1203	1111	1093
1145	1152	1	932	1067	1040	1012	1205	1146	1052	1117	958
1146	960	1	932	902	1030	1224	1229	1040	1171	1205	1145	1117	1061
1147	1280	1217	1179	1253	967	1067	1277	1201	1080	1051	1212	1117	1151
1148	993	1282	933	1127	1224	1321	1003	1228	1230	1213	1105	1138	1273	1179	1053
1149	1185	994	1254	1031	969	1226	1058	1172	1301	1225	1177	1083	1180	959
1150	1	1091	1063	1153	1100	881	1202	1044	1242	923
1151	1280	1217	1019	1095	1256	1159	1134	1201	1147	910	1080	1051	1277	1223
1152	1	1122	1001	1067	1212	949	1145	1052	958	1205
1153	1	1254	1063	935	1044	1150	1014	1242	1083	1180	926
1154	1216	1186	1059	1060	806	970	1234	1279	1200	1106	1140	1275	1238	1015	1210	1243	1084	1247
1155	1123	1284	998	1064	1163	1036	1199	1232	1299	1140	1174	1239	1215
1156	992	1089	1187	1095	1096	1097	1002	1228	1138	1267	1236	1257	1240	1053
1157	1	1218	996	1162	1042	978	1107	1076	1178	1214
1158	1	1060	1032	1004	1232	1064	1141	1207	986	1022	1173
1159	1248	1211	1095	1256	1223	1134	1049	1019	1116	1277	1151
1160	1287	1296	1267	1288	1097	1130	1259	1170	1264	1176	1138	851	1013	1257	984	985	1289
1161	1185	1221	1251	1188	965	1062	1128	1036	1199	1041	1245	1075	1274	1231	1181	1215
1162	960	1	1171	1157	1034	1099	912	978	1107	1213	1214
1163	1123	1155	1221	1235	1128	1131	1199	1202	1091	1284	1242	1021	1278
1164	1	1129	972	1069	1200	1016	1234	1238	952	1178	1084	1085
1165	1184	1	1058	839	1225	1175	1068	1090	1011	1269	823	1177	1020	1281
1166	1025	1124	1125	1057	1191	1133	1241	1049	1211	1182	1255
1167	1	1122	1217	1033	1103	1001	1051	1212	1183
1168	992	1249	1187	1125	1292	919	1196	1135	1072	1169	1298	982	1111	984	1276	1285
1169	1136	1187	1302	1287	1097	1098	1196	1197	943	1072	1176	1298	1168	982	984	1244
1170	1188	1160	1289	1130	1259	1197	1293	1296	1074	1075	1270	1209	1176	985	1098	1118
1171	960	1	1061	1030	1224	1034	1099	1213	1105	1146	1162
1172	994	995	1221	1254	1031	1128	1226	1131	1231	1303	1242	1083	1149	1278
1173	1	1123	1158	1202	1032	1100	1037	1232	1064	882	1235	1239	1017
1174	1059	998	1299	1036	1245	1232	1155	1140	1015	1210	1243	1309	1181	1215
1175	1184	1	1121	1195	1068	1165	1104	1266	915	1050	1281	1011
1176	1287	1160	1097	1197	1296	1169	1170	1302	984	985
1177	1184	1185	1058	1233	1225	1226	1068	1165	1073	1269	1081	1149	1281	959
1178	1	1218	996	1157	1164	972	1234	1106	1076	1084	1085	1247
1179	993	1282	1253	1318	1089	1224	1201	1290	1228	1229	1053	1105	1080	1147	1148	1117
1180	1	1058	1254	1153	969	1090	1014	1225	1083	1149
1181	1216	1059	1188	1270	1161	1036	1041	1174	1274	1210	1245	1118	1215
1182	1057	1092	1189	1191	1192	1260	1133	1166	1261	1203	974	1241	1272	1124	1316
1183	1248	1	1115	1217	1256	1033	1167	1134	1103	1193	1051
1184	1281	1137	1233	1068	1165	1263	1104	1073	1266	1204	1175	1177
1185	1251	1188	1062	1031	1283	1161	1226	1265	1297	1198	1231	1073	1075	1233	1177	1081	1149	1246	959
1186	1216	1313	1154	1059	970	1227	1106	1206	1291	1082	1275	1247
1187	992	1156	1125	1287	1096	1097	1292	1168	1169	1298	1267	1236	984	1268
1188	1185	1251	1062	1283	1161	1293	1198	1041	1170	1075	1270	1209	1274	1181	1118
1189	1120	1	1092	1192	1260	1261	947	1143	1272	1124	1182
1190	1	1219	1252	1029	1102	1208	1262	1142	1144	1078	1110
1191	1248	1124	1305	1193	1261	1166	1241	1049	1211	1116	1182
1192	1056	1	1092	1093	1120	1260	1203	1142	1252	1182	1189
1193	1248	1	1124	1191	1143	941	1134	1261	1079	1115	1116	1183
1194	1250	1220	1222	1126	1258	1196	1102	1071	976	1262	1294	1204	1038	1208	1310
1195	1	1250	1222	1094	1121	1071	1104	1266	948	1175	1204
1196	1024	1136	1220	1285	1126	1168	1038	1135	1072	1169	1298	1302	1258	1306	1295	1244	1194
1197	1088	1296	1098	1312	1136	1169	1170	1237	1302	1209	984	985	1176	1244
1198	1088	1185	1283	1188	1137	1297	1039	1073	1074	1075	1237	1209	1081	1307	1246
1199	1123	1284	1221	1128	1161	1299	1163	1036	1315	1155	1324	1021	1278	1215
1200	1	1154	1060	1129	1164	1141	1238	952	1243	1084
1201	1280	1089	1179	1253	1318	1095	1290	1223	1228	1326	1240	1236	1080	1147	1277	1304	1151
1202	1	1091	1235	1163	1100	1278	1123	1173	1239	1017	1242	1150
1203	1249	1219	1092	1093	1255	1192	1260	1133	974	1300	1333	1144	1241	1316	1252	1182
1204	1184	1250	1286	1126	1322	1194	1195	1071	1104	1137	1266	981	1263	1258	1310
1205	1152	1	1253	1067	1229	1145	1146	1212	1117
1206	1313	1186	1259	970	1227	1330	1230	1264	1106	1139	1291	1082	1275	1308	1130	1054
1207	1	1060	1158	1064	1232	1140	1141	986	1243
1208	1	1222	1190	1194	1102	976	1294	1262	1110
1209	1088	1312	1283	1188	1289	1098	1170	1198	1197	1296	1074	1075	1293	1237	985	1307
1210	1216	1154	1059	1309	1245	1299	1140	1174	1015	1243	1181	1279
1211	1248	1025	1305	1317	1095	1096	1159	1166	1277	1256	1268	1241	1049	1019	1116	1191	1223	1255
1212	1152	1	1122	1147	1253	1217	1001	1067	1280	1167	1205	1051	1277
1213	1	1282	1127	1224	1034	1105	1171	1273	1148	1162	1214
1214	1	1218	1157	1127	1034	1042	1213	978	1271	1273	1162
1215	1155	1284	1221	1299	1161	1036	1199	1245	1251	1309	1174	1324	1327	1181
1216	1313	1186	1059	1227	1154	1245	1327	1309	1270	1210	1332	1082	1275	1181	1118	1279
1217	1	1147	1256	1183	1134	1167	1051	1212	1277	1151
1218	1	1157	1106	1042	1139	1271	1178	1214	1247
1219	1024	1249	1220	1285	1190	1133	1102	1325	1203	1300	1262	1111	1144	1252	1333
1220	1024	1219	1285	1329	1194	1196	1325	1102	1135	1262	1294	1038	1111	1295	1258
1221	1163	1128	1161	1131	1315	1199	1251	1172	1324	1303	1231	1331	1278	1215
1222	1	1250	1094	1194	1195	1294	1071	976	1110	1208	1310
1223	1317	1159	1096	1095	1341	1201	1236	1343	1304	1268	1211	1277	1151
1224	1	1282	1030	1290	1229	1105	1171	1146	1179	1148	1213
1225	1	1058	1090	1254	1226	1165	1269	1177	1180	1149	1301
1226	1185	1254	1031	1225	1265	1297	1231	1328	1233	1331	1172	1269	1303	1177	1149	1246	1301
1227	1216	1313	1186	1270	1130	1259	1330	1332	1206	1082	1118
1228	1089	1282	1156	1318	1257	1230	1264	1201	1138	1326	1321	1240	1337	1179	1148	1053
1229	1	1253	1030	1224	1290	1105	1205	1146	1179	1117
1230	1335	1314	1291	1127	1308	1130	1003	1228	1330	1264	1138	1139	1206	1271	1273	1148	1321	1054
1231	1185	1251	1221	1031	1128	1161	1226	1265	1331	1172	1303
1232	1	1155	1284	1158	1064	1239	1299	1140	1173	1174	1207	1243
1233	1184	1185	1137	1226	1323	1281	1263	1073	1269	1177	1246	1301
1234	1	1154	1164	1106	1238	1178	1275	1084	1247
1235	1	1123	1284	1163	1202	1173	1239	1278
1236	1089	1187	1156	1095	1096	1257	1223	1326	1201	1267	1268	1334	1240	1341	1304	1343
1237	1088	1312	1286	1126	1297	1197	1198	1263	1136	1137	1209	1307	1244	1246	1311
1238	1	1154	1275	1164	1200	1234	1243	1084	1279
1239	1	1123	1284	1235	1064	1232	1202	1155	1173
1240	1089	1156	1318	1257	1228	1326	1201	1236
1241	1319	1316	1191	1255	1133	1166	1261	1203	1272	1305	1211	1182
1242	1	1091	1254	1163	1153	1131	1202	1044	1278	1303	1172	1083	1150
1243	1	1154	1060	1238	1232	1200	1299	1140	1141	1174	1207	1210	1309	1279
1244	1312	1286	1126	1320	1258	1196	1197	1136	1169	1237	1302	1306	1311
1245	1216	1251	1270	1161	1036	1309	1299	1174	1324	1274	1210	1327	1181	1215
1246	1185	1346	1323	1137	1233	1226	1265	1297	1198	1263	1328	1073	1237	1336	1301
1247	1	1218	1186	1234	1291	1154	1106	1271	1178	1275
1248	1	1191	1256	1193	1159	1261	1134	1305	1211	1116	1183
1249	1219	1316	1125	1255	1133	1168	1203	1300	1333	1111	1339	1276	1285
1250	1	1222	1194	1195	1071	1104	1266	1204	1322	1310
1251	1344	1185	1283	1188	1221	1161	1324	1231	1265	1331	1315	1303	1274	1245	1342	1215
1252	1	1219	1029	1190	1192	1260	1325	1262	1203	1300	1142	1144	1093
1253	1280	1	1147	1290	1067	1229	1201	1205	1304	1179	1212	1117
1254	1	1153	1225	1226	1328	1172	1301	1303	1242	1083	1180	1149
1255	1025	1339	1316	1125	1249	1340	1319	1292	1133	1166	1203	1268	1305	1241	1211	1276	1317
1256	1248	1	1211	1317	1159	1217	1134	1305	1151	1116	1277	1183
1257	1156	1160	1097	1228	1357	1326	1264	1288	1138	1267	1236	1334	1240	1337
1258	1220	1286	1126	1194	1196	1294	1295	1329	1204	1306	1244	1338	1310
1259	1345	1270	1160	1289	1130	1227	1330	1264	1288	1170	1206	1335	1118
1260	1	1252	1189	1192	1203	1300	1272	1316	1182
1261	1248	1	1124	1189	1191	1193	1319	1143	1272	1241	1305	1182
1262	1	1219	1220	1190	1194	1325	1102	1329	1294	1208	1252
1263	1184	1281	1347	1286	1126	1233	1322	1323	1297	1137	1266	1204	1237	1336	1246	1311
1264	1335	1314	1351	1160	1257	1130	1259	1228	1330	1230	1357	1288	1138	1206	1321	1337
1265	1344	1185	1283	1331	1226	1231	1328	1297	1251	1303	1246
1266	1184	1	1250	1281	1322	1195	1263	1104	1204	1175
1267	1187	1156	1349	1287	1160	1097	1292	1357	1360	1288	1236	1334	1257	1268	1353
1268	1025	1187	1350	1125	1349	1223	1096	1255	1292	1343	1267	1236	1334	1211	1340	1341	1317
1269	1	1281	1225	1226	1323	1165	1233	1301	1177
1270	1216	1345	1259	1188	1289	1354	1227	1293	1245	1170	1332	1342	1330	1274	1327	1181	1118
1271	1	1218	1127	1291	1106	1230	1042	1139	1314	1273	1308	1214	1247
1272	1	1316	1189	1319	1260	1261	1241	1182
1273	1	1282	1127	1321	1314	1230	1271	1148	1213	1214
1274	1251	1188	1161	1354	1324	1293	1358	1245	1283	1270	1327	1181	1342
1275	1216	1	1154	1238	1313	1291	1186	1234	1206	1279	1247
1276	1249	1348	1285	1350	1255	1292	1359	1168	1298	1333	1111	1339	1125
1277	1280	1	1147	1317	1159	1256	1217	1223	1201	1304	1211	1212	1151
1278	1	1163	1284	1221	1315	1131	1199	1202	1235	1172	1303	1242
1279	1216	1	1154	1275	1313	1238	1210	1243	1309
1280	1	1253	1201	1304	1147	1212	1277	1151
1281	1184	1	1322	1323	1165	1263	1233	1266	1269	1175	1336	1177
1282	1	1318	1224	1321	1290	1228	1273	1179	1148	1213
1283	1344	1185	1251	1188	1297	1293	1198	1265	1363	1358	1209	1274	1307	1342
1284	1	1123	1235	1299	1315	1163	1324	1199	1232	1155	1239	1278	1215
1285	1249	1359	1219	1220	1352	1196	1325	1135	1168	1329	1298	1333	1111	1348	1295	1276
1286	1347	1126	1320	1258	1356	1263	1204	1237	1306	1338	1244	1322	1310	1311
1287	1360	1187	1349	1160	1097	1355	1292	1296	1169	1298	1267	1302	1353	1176	1288
1288	1296	1351	1335	1287	1160	1257	1259	1357	1264	1267	1289	1337	1353
1289	1345	1361	1160	1353	1259	1293	1296	1288	1170	1364	1270	1335	1209
1290	1	1282	1253	1318	1224	1229	1326	1201	1304	1179	1117
1291	1	1186	1313	1230	1106	1139	1206	1271	1275	1308	1247
1292	1187	1348	1125	1350	1255	1096	1340	1287	1168	1298	1267	1268	1355	1339	1276	1349
1293	1345	1283	1188	1289	1354	1358	1296	1170	1364	1270	1209	1274	1307
1294	1	1220	1222	1194	1262	1329	1208	1338	1258	1310
1295	1220	1285	1352	1356	1258	1196	1135	1329	1298	1306	1338
1296	1312	1287	1160	1289	1197	1361	1293	1360	1288	1170	1364	1365	1302	1353	1176	1209	1307
1297	1344	1185	1346	1283	1226	1198	1263	1328	1265	1362	1363	1237	1336	1307	1246	1311
1298	1187	1348	1285	1287	1352	1292	1355	1196	1295	1168	1169	1302	1306	1359	1276	1366
1299	1	1155	1284	1324	1199	1232	1327	1309	1174	1210	1243	1245	1215
1300	1	1219	1252	1249	1260	1325	1203	1333	1316
1301	1	1254	1225	1226	1323	1328	1233	1269	1149	1246
1302	1312	1360	1287	1320	1355	1196	1197	1296	1169	1298	1365	1366	1367	1176	1306	1244
1303	1	1251	1221	1254	1331	1226	1231	1328	1265	1315	1172	1242	1278
1304	1280	1	1253	1223	1290	1326	1341	1201	1236	1343	1277	1317
1305	1248	1	1319	1317	1255	1256	1191	1261	1241	1211	1340
1306	1366	1286	1320	1356	1258	1196	1295	1352	1298	1302	1338	1244
1307	1312	1283	1364	1293	1198	1296	1297	1362	1363	1358	1237	1209	1311
1308	1313	1314	1335	1	1291	1230	1330	1206	1271
1309	1216	1	1313	1279	1327	1299	1332	1174	1210	1243	1245	1215
1310	1	1250	1347	1286	1222	1194	1294	1204	1338	1322	1258
1311	1312	1347	1286	1320	1263	1297	1362	1237	1367	1336	1307	1244
1312	1365	1320	1197	1296	1362	1364	1237	1302	1367	1209	1307	1244	1311
1313	1216	1	1186	1291	1227	1330	1332	1206	1275	1308	1309	1279
1314	1	1351	1321	1335	1230	1264	1271	1273	1308
1315	1	1251	1284	1221	1324	1199	1331	1303	1278
1316	1	1319	1249	1255	1260	1203	1300	1333	1272	1241	1339	1182
1317	1	1255	1256	1223	1341	1268	1304	1305	1211	1340	1277
1318	1	1282	1321	1290	1228	1326	1201	1240	1337	1179
1319	1	1316	1255	1261	1241	1272	1305	1339	1340
1320	1312	1347	1366	1286	1356	1302	1367	1306	1244	1311
1321	1	1282	1318	1351	1228	1314	1230	1264	1335	1273	1148	1337
1322	1	1250	1347	1286	1281	1263	1266	1204	1336	1310
1323	1	1346	1281	1263	1328	1233	1269	1336	1246	1301
1324	1	1251	1284	1221	1315	1331	1199	1299	1274	1327	1245	1342	1215
1325	1	1219	1220	1285	1352	1262	1329	1300	1333	1252
1326	1	1318	1257	1290	1228	1201	1236	1334	1240	1337	1304	1343
1327	1216	1	1354	1324	1309	1299	1332	1270	1274	1245	1342	1215
1328	1344	1	1346	1254	1265	1226	1323	1297	1331	1301	1303	1246
1329	1	1220	1285	1352	1258	1356	1325	1294	1295	1262	1338
1330	1	1259	1270	1313	1345	1227	1230	1264	1332	1206	1335	1308
1331	1344	1	1251	1221	1226	1324	1231	1328	1265	1315	1303	1342
1332	1216	1	1313	1354	1227	1345	1327	1330	1270	1309
1333	1	1219	1316	1285	1249	1352	1325	1203	1300	1348	1339	1276
1334	1	1349	1257	1357	1326	1267	1236	1337	1268	1353	1343
1335	1	1314	1345	1288	1289	1259	1351	1230	1264	1361	1330	1321	1308	1353
1336	1	1346	1347	1281	1322	1323	1263	1297	1362	1246	1311
1337	1	1318	1351	1288	1257	1228	1357	1326	1264	1334	1321
1338	1	1347	1286	1258	1356	1294	1295	1329	1306	1310
1339	1	1316	1350	1255	1340	1249	1292	1319	1348	1276	1333
1340	1	1317	1350	1255	1319	1292	1268	1305	1339	1341
1341	1	1317	1350	1223	1236	1304	1268	1340	1343
1342	1344	1	1283	1331	1354	1324	1358	1327	1251	1270	1274
1343	1	1349	1350	1223	1326	1236	1334	1304	1268	1341
1344	1	1346	1283	1265	1331	1363	1358	1328	1297	1251	1342
1345	1	1289	1354	1259	1293	1361	1330	1332	1270	1335	1364
1346	1344	1	1323	1328	1297	1362	1363	1336	1246
1347	1	1286	1320	1322	1356	1263	1362	1367	1336	1338	1310	1311
1348	1	1285	1350	1352	1355	1292	1359	1298	1333	1339	1276
1349	1	1350	1287	1353	1355	1292	1360	1267	1268	1334	1343
1350	1	1348	1349	1340	1355	1292	1268	1339	1276	1341	1343
1351	1	1314	1288	1321	1357	1264	1335	1337	1353
1352	1	1348	1285	1356	1325	1295	1329	1298	1333	1366	1306	1359
1353	1	1349	1287	1288	1289	1351	1357	1296	1361	1360	1267	1334	1335
1354	1	1345	1293	1358	1327	1332	1270	1364	1274	1342
1355	1	1348	1349	1350	1287	1292	1359	1360	1298	1302	1366
1356	1352	1	1347	1286	1320	1295	1329	1366	1367	1306	1338
1357	1	1351	1288	1257	1264	1267	1334	1353	1337
1358	1344	1	1283	1354	1293	1363	1364	1274	1307	1342
1359	1	1348	1285	1352	1355	1298	1366	1276
1360	1	1366	1349	1287	1353	1355	1296	1361	1267	1365	1302
1361	1	1345	1353	1296	1360	1364	1365	1335	1289
1362	1312	1	1346	1347	1297	1363	1364	1365	1367	1336	1307	1311
1363	1344	1	1346	1283	1358	1297	1362	1364	1307
1364	1312	1	1345	1289	1354	1293	1358	1296	1361	1362	1363	1365	1307
1365	1312	1	1366	1362	1296	1361	1360	1364	1302	1367
1366	1	1320	1355	1356	1359	1360	1352	1298	1365	1302	1367	1306
1367	1312	1	1347	1366	1320	1356	1362	1365	1302	1311
