1	56.2903049563	54.7307735648	25.9078721383
2	42.1119596209	0.550013050679	1.1300951087
3	73.9301950136	1.28280152289	0.783530805687
4	50.1839510382	2.51238077235	1.11012169783
5	40.2793878538	4.15083908951	2.27823323104
6	27.478245644	3.96030324752	2.6476958889
7	61.5764655955	3.57703890513	0.846869499623
8	75.8353792537	4.3592018396	0.971032231742
9	56.6009844904	5.41170561398	0.904987486593
10	68.6557687799	5.42973373608	0.639934640523
11	35.6746499744	8.62359571455	2.46439204196
12	12.3256507278	9.62296547355	2.49750716564
13	41.8930071971	8.80724934179	2.37209302326
14	62.9078206993	9.89716624781	0.89666340748
15	48.4694463696	9.17676347248	2.01570185395
16	29.6035588876	9.86269029803	4.57419237456
17	24.8681430156	10.6814887474	1.38373125493
18	19.2693790833	9.37074118001	0.833944360578
19	69.3471276332	11.6322199736	0.388842975207
20	33.6504937238	14.760486409	2.08852444754
21	39.2386863585	16.0241117711	0.679212566299
22	66.7903400701	15.9674942753	1.19142705005
23	8.3952672632	17.9111994662	3.87450064115
24	14.4630051797	17.3744884927	2.49261334141
25	22.1649445671	18.2519325817	1.95977384975
26	56.7661104908	16.2982782327	1.04516303045
27	49.0194818246	16.3217830677	0.689189189189
28	65.4279004033	19.5873684615	0.945941943128
29	42.2421636722	21.6374626089	2.96461957531
30	31.103042791	21.6420307454	1.02531239987
31	52.3251711201	22.6143810452	1.3690319177
32	37.2765653541	23.2621864343	1.24427338589
33	63.9957954778	22.4442199403	1.28482855294
34	59.9524066229	22.7640578658	0.49863760218
35	72.360316576	23.766296323	0.875075895568
36	10.093664687	24.8358775772	0.69388185654
37	45.9922824758	25.4467567366	1.45521811865
38	56.8513876239	23.7123325534	1.05322802198
39	16.7083690907	26.6480362048	3.22749477324
40	28.0271213429	27.4532382996	0.883588197286
41	64.8237124582	26.7620234588	1.50062204528
42	51.9552291182	27.4224320814	1.48257641921
43	24.2375040867	27.7864380881	2.90929586794
44	32.1803239193	28.6555940857	3.22556408253
45	60.7261931221	27.3730950629	2.38818565401
46	41.5519625115	29.1582570263	2.44259791989
47	79.3040386139	29.3853641109	2.08842646488
48	55.1003288203	29.3689908851	3.51127872058
49	10.013515142	31.6162649897	1.84711769726
50	73.8315732412	32.5742854953	2.04239491324
51	64.4310211967	31.7121401067	0.749314128944
52	18.7765731705	34.8395745376	1.81615112271
53	27.1292204316	32.2332759662	2.10428275236
54	47.4155390816	31.9430057991	4.96962806137
55	80.06870222	33.1234684819	0.610147441457
56	36.2295440031	34.2091028168	3.25922150139
57	41.4602946955	33.9353566613	2.76745618839
58	30.9665992828	35.4979682721	1.81824265976
59	26.8126207785	34.7826581927	4.01447385794
60	54.0720981659	35.1874624744	3.89450833138
61	10.3407388922	38.4979722358	1.08257016248
62	76.3031616373	37.8593941531	1.18412489006
63	86.0544831207	37.6419380861	2.27096793856
64	94.2198427353	38.6642185523	1.46439785741
65	40.8009984269	38.59656236	4.79794967862
66	56.4386474254	40.2257824786	0.800732377174
67	24.8018684486	40.7556858658	1.92140480591
68	82.1581417505	40.2022916194	1.51343283582
69	35.8132602375	40.5963616032	2.98295348184
70	66.5298850805	41.6043017644	2.45286321089
71	29.6374554132	41.9024805833	2.84293999129
72	19.6881015771	43.6234865679	1.16842588343
73	71.4169013716	43.0349185103	0.648466419884
74	78.043225296	43.6518028752	1.37891495217
75	5.35765677566	44.5058424249	1.36784520063
76	57.8818012149	43.2200911585	0.430129240711
77	94.1355022815	43.7717246462	0.694210737179
78	42.3703149113	45.6952872219	2.94989847994
79	64.1100422827	47.2585608996	1.8601791674
80	100.376233706	46.8659214962	1.58498999333
81	88.2503340032	46.4472434101	1.48450620934
82	11.7795713818	46.6419692892	1.23897592109
83	46.4587544215	46.4557489527	1.16797150515
84	55.7925706445	48.3012617941	2.06585715995
85	34.9850611718	47.0928564258	2.62433148398
86	27.998122718	48.2519819963	2.06070065214
87	82.2686523457	48.2835496333	1.1193956044
88	68.7591792057	50.081683512	1.21344876969
89	102.804778125	51.5291790898	0.877087682672
90	93.2176136041	51.7014443585	1.1233922058
91	7.95260388332	52.0578386664	1.31474358974
92	31.8594014159	52.1721251792	1.42415770102
93	49.1253888344	51.8223934732	1.1938237774
94	25.4216361522	52.7415329815	1.45132369508
95	44.2563643731	53.3103607456	2.33337675873
96	59.3620037273	52.9928135733	0.963138925295
97	99.2843437545	54.2863162355	1.49886169607
98	56.1023395154	53.8651454516	0.778236547682
99	89.091981691	54.9281441375	0.862420785805
100	14.3283352278	53.7003052807	0.523550724638
101	71.2935741656	55.6401660931	0.943081413695
102	78.4426808767	54.9102791369	1.12419514611
103	63.7609601728	54.7381237162	1.04865880524
104	95.4620670726	56.9475068897	1.12081897426
105	85.0801934425	58.4932338286	2.15964027748
106	103.88324253	57.3855262888	0.843081761006
107	31.2723358422	58.1512726576	0.591032043279
108	45.0183796374	59.2192925192	2.846294706
109	54.6538193399	59.6775518871	1.18010222066
110	81.3007679704	60.7840941021	1.09765347239
111	17.4337072693	60.0544542493	1.29989297406
112	91.1590416026	60.5640375069	1.19576483202
113	46.4454602423	62.1560430048	1.52536174273
114	94.9736430169	63.0992131427	3.43946246621
115	68.9046648911	63.8237111977	3.17863082821
116	37.8813150753	63.4861925342	1.81533333333
117	91.1495479024	63.4625690405	0.69805398619
118	20.3594717831	65.827652208	1.49779268189
119	80.5784848638	66.7547447252	5.20760866845
120	32.7738433098	65.3945992468	0.697916666667
121	49.5025769713	67.179160652	2.23236360945
122	41.4223985889	66.5285144814	0.748528931023
123	60.2880773481	68.0298183831	3.43937781543
124	100.933280573	67.9744108674	0.620320048309
125	70.4640882366	70.5113132714	5.97093348985
126	65.5061565892	71.4851938464	1.04244020739
127	76.2447175065	72.7489812548	1.69584760274
128	14.0096509034	71.1131623294	0.834742180896
129	39.2568561605	72.2598255922	2.50678844263
130	32.3314704039	73.3563387879	2.35052167986
131	46.0500925976	72.2368949203	1.03901656868
132	25.8815714775	72.9013785119	1.88770194054
133	59.3385841553	74.6336397064	1.37584175084
134	85.0731556094	72.8656234832	1.26986471037
135	80.3082999041	74.2803861292	2.95989068035
136	41.2846337608	75.3476215792	1.7666128288
137	71.0006346326	76.3770147557	1.8626446281
138	99.4201356048	76.60705222	1.48078558068
139	64.2613737133	77.57472779	0.927353422098
140	38.2656842311	76.8337296514	2.6430373939
141	94.9514432719	76.901866993	3.56331031567
142	28.235015778	76.7765930685	0.940366972477
143	49.2955874394	78.1725282832	1.42645892801
144	53.6469106655	78.3892534221	0.465848806366
145	76.6476898942	80.4365786288	1.28058798098
146	87.9198461382	79.622511294	0.803073420603
147	39.4874627914	79.5030368149	0.542785234899
148	80.1041902996	80.7290540245	2.17882942046
149	97.9390256689	80.1388670776	0.711550060314
150	26.3932029031	81.8285727288	1.6896600768
151	49.0586728069	82.4908015246	0.874646518204
152	72.4597375921	83.6620250716	1.85648549155
153	89.3802150898	83.5480146946	2.57924342568
154	100.663009807	83.3942815309	1.86920836643
155	80.7023876364	85.3276114127	1.85370825422
156	42.0921334005	85.519404659	2.81198757764
157	58.5417281796	86.731951444	2.67448080554
158	67.8359250538	86.6183810845	4.96856959
159	85.5259504468	87.5819951609	1.18489813995
160	92.5448073528	88.0150628166	1.39721823168
161	71.3084967776	88.5133752055	1.02844311377
162	45.8428600226	88.7566736697	0.605
163	63.0888148324	90.2562337998	2.73048421767
164	81.1121546487	91.4344161703	0.970970433953
165	41.7367539431	91.7726710453	1.62180518743
166	75.580704013	93.0321069355	2.61275243082
167	33.4211005313	92.2538291495	0.854166666667
168	85.8302311526	93.3516728793	2.13811281973
169	69.2180012602	93.6027430136	0.886075176959
170	47.9881314868	93.135238606	2.39945741532
171	60.1889175739	93.4814144525	0.950128926395
172	28.4822993022	93.3574113818	1.81695473251
173	91.8969962724	94.1878769909	1.42787524366
174	38.8244109661	96.2708300716	1.1570617769
175	54.8048789128	96.4525382492	1.87015118361
176	80.0115059306	97.0716114132	1.85384954082
177	66.228585763	97.2103077293	0.70919303072
178	60.3398173956	97.4694218228	0.737846655791
179	49.8715683692	99.9909183251	1.93647558755
180	70.6198923656	100.719104974	1.2827861207
181	58.9448163356	102.473987726	1.67445838084
182	47.1120467194	104.362801124	1.32974736258
183	54.0362136057	106.04499556	1.60963967844
184	59.4813453827	106.977484385	1.09178941626
185	46.3911476276	39.1661041789	6.11437426901
186	36.0250758108	68.465294254	2.48638613861
187	85.7981967036	32.8214770789	1.88158796812
188	40.0985249383	52.1600944084	2.67501454616
189	86.0052215111	75.8494321736	2.62767172086
190	95.6193793744	83.5760626169	2.01838398403
191	68.5772720646	24.0374095787	1.75278616206
192	96.2249691287	41.4299881178	3.22861993796
193	95.3811524193	47.8838238072	2.83615550092
194	27.0963051961	61.8639650044	3.45448010002
195	59.4900119368	79.9830921097	2.79254183371
196	49.2717404173	88.5873277712	2.27463828895
197	72.7171194936	8.74351272844	2.13822726938
198	35.6315802128	54.1823746972	2.37465940054
199	100.077487052	62.7237788679	2.39403508772
200	13.8213001749	64.4955008202	2.08429113186
201	103.540518987	73.6809530709	2.39115351258
202	22.5473432808	74.8827961958	2.88405256513
203	46.154434512	76.5944453904	2.26358695652
204	18.0199934526	77.376583716	2.22644969952
205	71.5393422253	80.4983226653	7.335915069
206	33.7016784157	81.1466912095	2.82751980037
207	54.0723658105	85.6024904663	2.74238649919
208	56.3038598446	91.8521319689	3.46853592255
209	85.7343079237	98.5938091917	2.29787492903
210	69.7679504075	19.5580358864	1.80996673648
211	5.50513444245	27.1356388039	3.75597957193
212	5.36788440299	37.0667450462	3.57051312792
213	61.4942505519	37.0113373217	2.55825785202
214	14.0501884557	41.4719507737	2.98080496202
215	50.5903640361	43.0452660079	2.13998094297
216	74.9079794516	61.0424080219	4.22888146312
217	104.113048038	67.7163413311	2.22919945441
218	98.9875558893	71.5093806123	3.08525214498
219	102.576236484	79.0777436074	1.95043593632
220	84.7267762157	81.4940280321	2.77690931716
221	37.6997226911	100.144796332	1.80156848441
222	53.9947164865	102.190757032	3.18711590987
223	64.7111585624	106.629327217	2.85478814845
224	68.9950035953	0.58376311732	1.18127147766
225	52.1622078626	11.9365216157	3.55358954845
226	71.6821995093	13.5442904595	2.08961552959
227	61.3845161136	17.7498560174	2.70243095103
228	69.3626415502	36.8470523036	2.46212083602
229	93.1348591784	70.5820813326	2.93774251962
230	37.3171881327	88.1728939628	2.81302491354
231	44.5062690939	98.4865061591	2.59850918724
232	27.8568530689	0.324308306697	2.51239536381
233	43.0115979026	14.9143381325	3.01750376565
234	21.4581937181	24.7949315616	4.77306125709
235	66.8651449187	30.8016738298	3.29359298674
236	90.1922424677	41.7382957777	3.22498743789
237	84.8779354297	52.2813823398	2.61058846428
238	75.034983911	53.3934118238	4.01690613027
239	51.8885706745	54.6832469878	3.24874001925
240	31.2336504913	62.4006311573	2.72841369614
241	75.4403157047	67.8724608511	5.46383795483
242	87.1213683761	69.1471662455	3.06441929134
243	54.1258634903	73.8001136096	4.28143249513
244	77.1087906926	87.4361819054	3.6113825812
245	90.5016668096	89.0912848833	3.4761084614
246	28.8678777773	15.8236252869	3.81929125454
247	70.4903688512	26.8426420128	2.36432646301
248	16.8548981058	49.1515907054	2.5706409595
249	61.2512775647	49.3715934443	3.17624316758
250	86.705205411	63.8648463651	2.85253204677
251	97.1511054747	80.5930766336	3.66925925926
252	31.2003809625	88.1480552661	3.60143598781
253	24.6019076493	88.4304165088	2.39142876156
254	35.7456848033	93.4881313422	2.86499035215
255	66.4895637222	95.0989648098	3.36660422188
256	63.803864739	102.102421757	3.75732550733
257	50.8725116678	17.8101903176	3.31798070423
258	83.3765974963	43.2483142691	4.12739078177
259	74.8284794104	47.3029584973	3.96909430162
260	12.5152933169	56.1868079332	2.95772807795
261	91.3904041823	57.0566420794	4.15150123519
262	62.6609693437	61.0478887181	5.39991719254
263	21.4059783322	82.5003458101	3.4529666223
264	96.96671131	88.9979549054	3.5154624627
265	63.9182740059	3.63874075665	2.90617954499
266	36.8349509796	20.9375549058	4.5261227411
267	59.464332346	23.319680448	3.19831730769
268	60.1406428064	31.9448113553	3.64138137811
269	21.3865307275	50.0187224318	3.7915451895
270	80.4148672209	54.9874181724	3.64893048128
271	21.0777133497	56.1438602565	2.75772330423
272	31.5681249851	67.4881867165	3.17833704442
273	44.5510229164	80.3046106606	3.5829211439
274	48.9124688232	84.2818242544	4.0365360131
275	60.9529099331	97.1874391665	3.91985903154
276	46.022673436	22.5367124965	4.080054298
277	68.7107943409	46.5057483783	3.71331026097
278	52.5868478221	48.2764907043	3.81483109381
279	79.786545905	48.9513200733	3.72529333994
280	39.8838305028	57.0035426095	3.40897190615
281	64.8861154666	10.8935605124	2.87896298883
282	31.0150323072	18.9693478086	4.05679195516
283	80.8441304909	36.3271107556	4.22156133829
284	72.55308416	43.1220430055	3.69641259617
285	67.6929402136	76.6925661021	9.45212300076
286	74.0862225231	98.1127237994	6.43498988983
287	74.4864790087	103.740677977	3.44782669756
288	69.616147742	3.57645341566	3.38094110216
289	57.9771342865	42.4817335907	4.67909315653
290	90.9018747052	52.1143982355	4.96961086226
291	67.6992007664	56.0999016307	4.83563381407
292	42.6366444601	68.3949645899	4.5838150289
293	82.0772257457	94.2592634232	5.38654661017
294	58.619411365	8.19459667999	3.65646551724
295	20.5636846084	9.98811289261	4.87271207619
296	33.0063663254	23.4211536819	4.8213267609
297	89.4584658933	36.0925352651	4.43984156873
298	55.7563889643	38.7977069482	5.42134918185
299	55.0391240821	61.4502951375	5.86748646347
300	98.7697687746	67.5007781578	4.24739195231
301	24.2569375409	68.5878893874	4.67772759747
302	83.1329549763	87.0695211891	5.03441797817
303	13.0593200977	34.5691219447	4.96866417858
304	59.6370619465	55.6563660984	5.34464021606
305	98.1944173163	58.9167637909	6.04041180086
306	77.2649048507	76.4344484785	10.6100739354
307	54.7602075204	81.1660087906	6.13962801699
308	69.3690410432	100.255384992	5.98919837294
309	45.6936897333	4.53524884628	4.63309528034
310	24.5120095647	15.5888921572	6.78141628399
311	28.0076316768	23.9321954936	5.34067020963
312	37.7936421739	28.1321008802	5.44776070824
313	61.8982618411	42.9556422576	4.47495594415
314	47.6041682755	49.5905015941	4.92194780988
315	96.9393750491	53.9160164217	5.65463596764
316	102.23093169	53.6241404117	4.88944023194
317	37.5153049491	59.9858630285	4.06062270057
318	90.3766037109	65.9848781213	6.37684404636
319	89.4201305255	77.436091516	5.59300873908
320	74.3416092344	90.5364748898	6.33072848548
321	91.2407148972	94.5012588653	4.87944771884
322	81.2374773611	100.973180001	4.98716002914
323	52.883199396	4.18860762886	5.26345000577
324	24.6108915389	21.4252381497	6.74899448134
325	55.5938045396	26.0882401848	5.09704740225
326	21.7626094462	44.5862087497	4.68283508216
327	26.045969082	46.5007517567	5.91608708079
328	31.7424274534	55.532444397	5.45419346725
329	17.9032582077	71.4487350768	3.92970761309
330	56.4465174162	100.774861695	5.84132515082
331	55.6932783604	21.3966878087	5.1569361922
332	65.2265696658	21.3318793037	4.67600461651
333	77.2188941273	41.3010999069	6.89250948482
334	86.5174038215	49.3361239879	5.74661486732
335	100.548765439	49.6660434745	5.1448240866
336	38.7280577392	49.6634966353	6.24286402352
337	23.0896322891	62.6281117982	5.41142845089
338	47.7073521283	64.2249867616	6.74695986102
339	46.7641286398	73.9307925684	6.27955057153
340	94.3691864185	81.7377024146	6.43814780265
341	77.4342738785	81.9176019173	6.40349280892
342	28.1713385797	83.8245227561	5.47721219296
343	39.7270582449	94.9621794405	6.06477617602
344	32.1718154841	95.8688843594	5.12509922452
345	63.4579459397	25.6199174909	5.41604671924
346	78.4222092302	59.7848154025	7.54682636351
347	90.1410751276	61.2129079471	6.2094935929
348	62.6114142969	78.2879617529	15.0996518561
349	83.2672196565	79.02032792	9.24851368265
350	40.2290561425	81.517969185	6.6654354719
351	62.6761682828	83.4208419975	5.70048666246
352	88.1672077184	90.1076241407	6.4814361831
353	57.3432023649	15.9913777158	5.58759680468
354	49.9198306713	27.3771251561	6.02988215488
355	31.6348143769	43.2661483355	7.25452991453
356	37.0767564165	65.1288424378	5.52536450695
357	29.6287956236	69.5570779646	5.67789059262
358	31.4987514167	76.5172268368	6.3971508898
359	48.5891912658	104.663925412	5.86582519391
360	66.5802068985	15.6865645567	5.30377106286
361	12.7946530227	25.9959750541	6.54968993774
362	16.3035503168	43.0860242669	5.99699124726
363	52.4360377081	44.2430455819	6.1977739726
364	91.8236331466	45.6246235738	6.94730950999
365	70.4804603756	51.1886134371	7.03153903602
366	83.7034497213	62.77592682	9.28581148214
367	54.4640471912	67.4469871716	7.86546733935
368	100.697280719	81.0126418058	6.07611501506
369	92.6724540968	84.6079553179	7.22582174463
370	41.5226252105	89.1061445457	7.09922271038
371	59.4391351809	106.539384056	6.28288327526
372	65.1430273405	107.172830315	6.19650531554
373	35.6664294354	15.4380349634	6.33942043394
374	21.8499826783	31.3206312883	6.8386062028
375	26.6996533992	42.0116328622	7.37381275441
376	26.6111465037	52.7114049391	6.65822080615
377	87.1040188297	57.2535681966	7.19994347089
378	65.2137840845	69.2060755888	7.78462967709
379	84.4109511959	72.9467645265	7.48232595791
380	36.0326719248	84.8521421703	7.43906066051
381	54.923975255	88.0558082287	6.720703503
382	44.9826901999	95.4151226939	6.95244368331
383	42.4659698248	102.124043541	5.63621737576
384	34.2078221459	2.71168406131	5.40774498011
385	71.9394604963	29.3573896335	6.10136917473
386	33.0675080606	38.6763906749	7.23269393683
387	68.1743942329	40.323576144	6.75349784995
388	10.3708107811	46.5979765916	5.55641770341
389	65.1859319394	47.2961241195	6.48875979651
390	103.19835998	64.5723686389	6.8638116792
391	50.3593396007	94.4752888392	6.23462194968
392	38.0177454776	99.5957106817	5.37247094275
393	70.6412875959	105.078550578	7.10769675368
394	45.6518933267	18.4745234458	6.95267470767
395	50.9233620601	23.33231621	7.02821893226
396	20.5019713535	38.6847684952	7.16122832672
397	17.8104252385	60.8249043554	6.21056855361
398	73.6432622148	85.6786876921	7.91897506925
399	58.469156243	10.9956240037	6.45782013685
400	41.1839209019	16.8230281194	7.09812615955
401	63.9949615532	29.0118710672	7.41925574426
402	82.6670488183	33.1060757578	7.35834493489
403	84.8745211678	44.6828639146	7.95236362079
404	83.4410320658	56.5756241225	8.70429888798
405	46.6942761862	88.5202075078	7.37775196161
406	79.7860201438	90.0721919668	7.93480614052
407	65.9916362661	95.3667253602	8.23607042176
408	50.6623720679	99.608513684	7.45362122386
409	66.0148156874	6.18556702906	6.3884529691
410	25.7476079058	6.19525468226	6.84458804523
411	90.7150193169	71.6078751645	8.42268820093
412	88.8167371185	80.1024025645	8.12092391304
413	34.7086339236	91.2246661659	8.2811898404
414	58.9797544011	95.7241764942	8.67401870146
415	78.1036861739	96.8717004672	8.243099929
416	73.8799162585	35.8146990288	7.59014096117
417	24.8966720832	37.9314043737	7.93860682195
418	94.2937447623	48.728943816	8.80613407094
419	58.6469608462	51.2744410093	8.0284446356
420	81.0674276202	51.327053908	8.01514958895
421	54.4641709622	53.629989077	8.40145005371
422	18.6163553929	55.1965065879	7.39819088996
423	70.1532604893	59.5551118774	8.61132186365
424	102.398677162	71.2695599558	7.82512064343
425	27.6891592768	79.3398239482	7.80335820896
426	64.0937014698	88.6843473675	9.06562758972
427	94.1361032185	90.5979801929	7.7118987976
428	84.1932157209	98.7488706288	8.05827677781
429	37.5456432447	7.84827249485	8.00129885124
430	65.2304990171	10.185974944	7.24998140158
431	17.0727858192	15.3637536921	8.32664599941
432	97.2065362236	44.5281823453	7.35656901447
433	31.5450733926	48.5116072667	7.92267945083
434	96.1846313578	75.003944878	8.69548672566
435	43.1199007035	77.2686917698	9.35741408161
436	46.440408218	83.0851411496	8.35367197676
437	47.2264743095	0.724933784183	5.88101256681
438	59.8528591601	0.815732535723	7.59993654822
439	17.4334774542	20.3706220402	8.9456072685
440	51.1696234992	36.39125379	8.71408967917
441	36.0050577067	43.555124861	8.6316906533
442	15.9664831886	49.6958496347	7.29736189156
443	36.5701161927	57.7702002066	8.17314219048
444	27.3577628867	59.2481576102	8.31302587712
445	43.182247182	62.2648984045	8.12306468717
446	101.705227257	75.3671393238	7.93631127779
447	37.5697085996	76.4540648732	8.72855508011
448	50.8801778752	79.9004864076	9.31022045439
449	97.107196877	87.0108111965	7.90423728814
450	52.3749127402	8.0694551356	7.76124444071
451	66.7984157758	35.7024432265	8.87147420913
452	60.3153715208	47.1596152757	9.66642045691
453	75.9239201978	50.4305312958	8.54215101327
454	50.3891017435	57.9697084738	9.09968122685
455	32.2358365878	63.9639684088	8.55022792787
456	40.4268961655	72.1537962513	8.11944014697
457	21.3682444681	76.2388577299	7.99037372593
458	79.9075144913	101.27159307	8.36798699735
459	58.5756643899	101.892377312	8.68573855058
460	45.941475515	10.3965704185	8.74854547082
461	31.572288877	19.1005634787	8.50615582506
462	60.5807772597	21.2773350956	8.04083393895
463	76.3625865573	31.3385400712	7.95119758032
464	48.3313788069	52.3843852547	8.62436269339
465	43.10081112	55.6353183882	9.10387020756
466	45.9615592166	69.1638771498	8.81208182516
467	51.9067468268	70.1742600937	10.4048029491
468	87.5861329884	86.067248447	9.97779639715
469	60.9692492831	90.7338890452	8.93363058048
470	53.3602499711	93.1695781899	9.3518260095
471	90.9592171415	94.1756164948	9.05679923791
472	87.0903039124	96.6914443213	8.72392244833
473	29.6601686032	5.58836989543	8.60343503073
474	57.2404171829	30.1356888362	8.77775793084
475	34.3168318941	35.4343894497	8.46593972066
476	29.6620857808	35.8062115557	8.6497138829
477	81.2025621721	38.0535274755	9.35070664772
478	97.8088506646	63.7516292608	9.25992304577
479	95.403464809	68.3673832264	10.4407466476
480	85.0736251452	68.7945552223	10.3894983231
481	27.9094534311	75.0062004324	9.15676373884
482	28.1303028676	90.2894601391	8.36556031406
483	83.2907303435	92.6534802839	9.89310616284
484	62.8615300559	100.350284089	9.98292112088
485	52.708926397	15.302297975	8.64577865877
486	58.2968360944	26.2374985121	8.21313649222
487	39.5521735496	32.9999044189	8.92604145185
488	46.0343432112	46.1501426125	8.63259430223
489	89.2226903964	51.1643402757	9.9639568871
490	92.6263060673	63.2741449741	9.60821011071
491	54.815148819	75.9958829509	10.0185496636
492	70.3894040435	91.8860063571	8.10584472787
493	15.3030596981	10.6843572514	10.1888415546
494	38.3502759786	12.4014351843	9.26877542505
495	45.2772947961	25.084161731	9.08351211509
496	87.1613978335	41.3218270026	9.59066942665
497	40.975102526	43.0368191597	8.78005921115
498	65.2648001462	51.9140092039	10.2762104114
499	102.030734663	58.2611272709	9.43494707254
500	67.5705391548	65.0309590189	11.4864705517
501	36.0554197067	70.069220711	9.71529389018
502	31.119155608	84.3883726355	9.79114442533
503	45.3828201859	98.9766071384	9.67736837894
504	16.152912137	6.66261502632	8.4731300775
505	32.4655063889	25.5105241613	9.46919582653
506	15.3509787637	35.6416798712	9.48264835395
507	79.4028575664	46.77910011	10.5195501414
508	20.4054870836	67.4403912853	8.53232655502
509	95.5383026049	71.9559946185	10.8430651138
510	60.5886240002	72.7099724382	12.4866521186
511	80.3295266015	84.5234863273	10.6977563408
512	55.1969804308	106.089428757	8.62775382203
513	47.1490397051	4.5067568141	9.38723863259
514	60.0358745657	4.17942000439	8.76255362715
515	91.9110365988	40.2594973706	10.1411675757
516	11.4024986419	41.2417824221	9.6998197889
517	53.5404608293	47.8720994659	10.7926135327
518	24.626967216	84.6519461014	8.53992012878
519	51.2404052346	88.1672891579	11.3254982669
520	49.0471852221	18.8453902105	10.0233279812
521	35.2722847336	30.8475821977	9.85617894823
522	56.1715483369	40.964997384	10.2524823292
523	62.6237850261	41.5607092127	10.8005002161
524	95.3419305069	56.4140464868	10.4053125716
525	60.2156165926	67.4605943606	12.3462466338
526	28.2539443724	8.18660631749	10.3066405229
527	61.4633827752	15.1862080767	9.11204826167
528	40.0063202825	26.855440871	10.0193971631
529	30.3180745471	30.7258264707	9.88877778632
530	99.2673721229	50.3369111983	10.0456416868
531	23.0183674577	50.5484573498	9.58775838926
532	60.8712804697	58.5830288601	11.4529305197
533	72.9307169663	66.2571644646	13.3433699985
534	53.439830598	83.8426841531	11.8782946127
535	30.7133733714	13.4122265762	10.4696218227
536	70.1112103022	41.3549823666	10.30325107
537	46.5098847432	79.6370350111	11.9018022433
538	40.729836774	95.0265509203	11.2107209216
539	41.6101138917	101.223459724	10.0676956917
540	67.3152119432	105.379933933	9.43031580016
541	36.894889429	20.7769601381	10.844214876
542	19.0554898378	44.5105827606	9.9246481907
543	90.6943940826	58.2308911055	12.029738445
544	87.3016597838	74.8248831763	11.5577532481
545	98.9244741276	81.193914743	10.3191197271
546	59.0468470783	86.8757437704	12.1289442201
547	54.0116822754	100.474166126	11.1651961662
548	22.5288848444	4.81876615115	10.8271766618
549	25.4047917292	25.8388414951	10.8647681424
550	8.24031993547	34.5628988107	10.7241910466
551	74.38729819	42.8395188308	11.6671183832
552	67.2096835524	45.5747427983	11.4033612017
553	71.9617308315	47.9800276655	11.0654510721
554	84.0978793874	50.6744371067	11.496256611
555	40.1828809107	51.0318038321	10.5647237745
556	26.8372076807	65.5494502796	10.9495922906
557	89.0814425657	82.1943652007	13.181017176
558	66.5618950138	85.7537943754	14.3192027699
559	76.0369595143	102.322176971	10.8759872523
560	49.0218210257	104.000997039	10.8610174847
561	10.2928544979	21.7192839589	10.9899855461
562	8.86411222267	28.5699001205	11.0998410026
563	50.246938124	31.6643380796	10.8243607464
564	89.9305853008	46.4540483639	12.0718734429
565	78.4741389076	56.8325548242	12.1482417197
566	72.8693382037	58.1732812011	12.3117415049
567	101.488505425	66.5297090102	11.5381843331
568	35.3841181077	79.8546159964	11.5814343372
569	43.3981497931	84.0724781669	11.9332204784
570	45.3929929155	91.4413699255	11.9258980274
571	49.4576019823	95.7629451075	12.1820157162
572	57.3084522313	6.52840570264	10.7551235446
573	41.8195939505	7.36682800777	11.1496409922
574	46.6508875171	14.3085122022	11.3078182799
575	54.1544133232	24.1049090607	11.0722879385
576	65.2016788536	31.2062034502	10.7880789603
577	25.2936794799	32.9029388077	11.1758398656
578	94.3158969427	53.0184204297	12.0482920247
579	34.7018177364	56.8108044131	11.4876864909
580	22.9662740445	59.6892664966	10.5515736446
581	55.4144489214	62.4977821681	11.8387831126
582	92.3242025791	78.1609483058	11.9327177508
583	76.2662346277	87.552361324	12.3971006478
584	51.6573362594	28.2458763224	10.6898768237
585	62.5524634977	37.127247587	12.4342984828
586	27.754238462	44.3048665714	11.0399734578
587	45.9627155336	63.3680933332	12.054776496
588	42.0017172303	68.9451468704	11.5067039287
589	57.7888309167	93.3629457284	12.9642229061
590	60.7339331128	105.665903805	12.1250275715
591	42.6244883486	20.5340750572	11.9358473051
592	19.5686695912	25.56532901	12.0572922281
593	85.7998640803	36.4448975317	11.7673135355
594	96.2271761367	62.5609807081	12.5238193869
595	88.0520158374	63.0355366041	13.0345402299
596	77.7924366563	65.6182775407	13.81897965
597	28.318418552	71.0548464361	11.7123760793
598	94.721993549	87.1155062051	11.471771112
599	83.4110270406	88.7419997431	13.6173221164
600	38.4183458407	90.5757203397	12.9976060192
601	66.0384743146	100.676972926	12.7079727666
602	46.8975784601	50.640605956	12.8392508253
603	69.2150414567	56.1933081087	13.7529286092
604	39.138526572	65.449884632	12.6036222296
605	81.3662413773	73.2661881032	14.0193451678
606	48.5731858749	74.7198455263	12.5548134328
607	71.5313825766	87.2995582706	18.6721982873
608	78.7228357064	92.5577093435	13.2690113509
609	22.8398398636	13.3762286176	11.984371337
610	27.8661912764	18.9529883734	12.3756201805
611	54.6575116023	19.3546908935	12.3314687011
612	20.2483473046	31.9521483408	12.3842668398
613	31.1621937147	55.7182983032	12.9924806161
614	33.6300990851	65.5583730925	12.8768274552
615	66.9221697685	71.3212209027	16.3193478701
616	100.209113324	73.1294520135	12.3012114907
617	73.4608048253	73.2552420933	13.9012698812
618	34.0209184084	86.1015937749	13.9099974714
619	89.9919675684	93.0750509047	12.1183546184
620	74.8391537107	95.3969789625	13.5030780781
621	35.5737625851	96.1659251844	12.7215602334
622	69.6525560067	97.7925146896	13.5723597631
623	37.094197527	7.43058684206	12.4876203141
624	56.8888429343	32.7066912571	12.1350825865
625	48.5583066036	35.1671120004	12.4442610157
626	42.5274847971	35.7672663664	12.208202203
627	27.1446409647	52.3592907205	12.8986389685
628	87.6649669673	70.2750847055	13.287496849
629	43.4077421681	73.3298094213	13.0070627337
630	40.3729457331	85.5333923661	13.5526294333
631	65.3512746044	92.2896769888	14.1642907516
632	58.5159325282	100.174746366	13.1880178664
633	55.4255668052	12.6352981972	12.3885500383
634	11.5696471804	17.1691067153	12.1104073947
635	78.5095907547	33.7158726996	12.6213177917
636	55.1230735378	37.8816773565	12.7878348041
637	33.6127548297	38.5637816628	12.1899840271
638	28.1260193228	39.2300020694	12.4574339871
639	53.6342303669	64.136520268	13.6646456423
640	24.1966954256	76.7586575832	12.194178946
641	30.7796684242	91.1439990501	12.5972142902
642	95.4000255551	45.2900774769	13.0280769783
643	86.4365118831	45.0451316585	14.1202390509
644	40.4265901212	46.7231016324	12.9904506681
645	46.9328952858	57.804850882	14.1068196005
646	37.8844677062	58.2672905759	13.6638618246
647	30.5461737354	61.5076171083	13.2119921048
648	75.7930723104	82.6631876891	14.529224763
649	40.9084230912	14.1437496763	13.2880604593
650	32.701342148	26.1917029388	13.204144385
651	44.6056629928	29.3441105565	12.9931556196
652	43.9241406615	32.3073333939	12.859068875
653	72.0768822021	33.0966261046	13.2837857008
654	23.4322213689	40.7936105913	12.6191496223
655	49.9263858466	42.5779877542	13.7222624329
656	65.6380705003	62.7605429936	15.0107114255
657	56.7278100854	78.5940558259	15.7336650212
658	61.1714516429	83.2478204258	15.4577308277
659	81.6753678503	98.3637697594	13.0043462141
660	51.5106721225	7.62240386411	13.2421107994
661	35.7867852515	50.8459294688	13.7589539242
662	60.6044328226	52.842249896	14.3799891931
663	99.6234782973	55.4661103963	13.5462496401
664	71.2960194225	103.035347344	13.8423489453
665	18.1496945574	39.4553028033	14.1356089786
666	83.0649203514	41.1965172808	14.3107472053
667	76.9703872811	52.4197381379	14.076901655
668	87.0499100761	57.046470791	14.3911135491
669	49.3467082489	68.8099119221	14.9465809939
670	91.7379686772	72.8583788716	15.1491655076
671	51.2266163042	76.7797835084	14.8649850895
672	48.9216136415	83.7084518324	15.2245448936
673	34.4814067101	16.3334905882	13.9228167282
674	36.6087357854	34.2279605231	13.3400189036
675	78.2450384012	38.9335197626	15.5219101971
676	33.1602026334	45.407806245	13.606543423
677	82.1428772648	55.7879088768	15.7827981822
678	53.6073868847	58.6496586863	15.1142031324
679	41.8301740016	61.4901969345	14.7848979739
680	84.8206935634	83.844526447	16.0040624836
681	94.0140916761	84.5675331971	14.5807663126
682	48.9487823995	98.7011537685	14.6777910335
683	48.8591997898	23.3854779347	13.9491904926
684	26.3995015431	27.55050678	14.5541915252
685	16.9625704242	30.8405161077	14.2329044448
686	70.1586073307	68.8429896585	17.0496466226
687	35.3826076206	72.0846912893	15.1812937929
688	84.568296222	95.7346122641	14.9597828988
689	45.4940885584	4.68682942242	14.173907838
690	30.4839499401	12.701565284	14.0122780355
691	37.6031478379	22.0151113478	14.2237221327
692	71.2798167956	38.6608944217	15.1470166117
693	40.4728747488	40.6490578507	13.6836145524
694	90.8539926343	50.1580669121	15.4566595531
695	85.8132255247	51.420811345	15.2662218734
696	56.6692067911	55.3134192125	15.8065944882
697	91.5388748584	68.2420456203	16.4378330648
698	31.5689334727	78.0096686986	15.0571455751
699	50.4261582409	91.7424140648	15.4838622431
700	37.645735524	3.72109172986	14.582767277
701	100.683479121	62.3545383315	14.719924406
702	85.4436856872	66.4985048821	16.1101725903
703	97.0617439062	75.7387906803	15.715480172
704	37.8746766962	79.6307859348	15.7807636833
705	97.0753532817	79.2341363492	14.6275021971
706	65.4919547851	97.1493729943	16.2049229658
707	77.004173106	99.928773465	15.2217505107
708	64.2700228592	104.688143371	14.8607647548
709	22.4144467293	21.7557296192	14.1695809831
710	10.8563369349	31.0575131405	14.8365309062
711	67.9608006343	47.8435274071	15.7082631944
712	95.7290263445	48.4545755358	15.3901756902
713	42.8650848922	55.4097315052	16.0462313631
714	50.8404498591	62.7374947927	16.0811086094
715	45.5141781152	95.414726632	16.297056173
716	13.1420384244	37.3448146587	15.6904597525
717	61.0310915768	46.3336665758	14.6827843877
718	55.9149042951	69.9834700728	17.0915329392
719	68.9844291553	82.8362719419	18.2339695411
720	73.0900114585	92.2774981149	17.0715829681
721	54.4879675524	98.1597317132	16.2903174937
722	29.9155162014	20.6449039367	15.5033898305
723	59.81312886	34.4435652805	15.8422268345
724	65.9916298702	42.7257935127	16.4933483653
725	77.2376828036	43.3840533988	15.7959780425
726	44.7741046503	45.5441475754	15.6349272046
727	81.9962282744	47.429090557	16.1887294558
728	73.4866194892	49.4107294299	15.7534029228
729	60.3600511613	63.2939131514	18.7385571685
730	87.8906664732	77.0178295335	17.0228062966
731	90.1997751948	89.1788124072	15.6756545897
732	55.5916182857	104.064028082	15.9629992867
733	25.2665434128	8.11705209719	15.5771857629
734	12.959407391	25.4533113149	15.8208909558
735	44.7921117274	24.9212048818	15.4445419006
736	55.8842989863	50.3908638716	15.9234475375
737	94.1432987964	58.890264846	16.2405292632
738	75.6592027514	57.9064415304	17.0846111079
739	26.2503537743	62.0145481776	15.7628907883
740	93.4651707716	63.3364670092	16.5192796826
741	43.2142582821	80.5252236547	16.4317275888
742	28.6268902958	83.5999353782	15.6912451533
743	77.6153920778	89.3948654894	17.5960972018
744	54.1366947704	91.9277259623	17.1941356056
745	87.2353744309	92.1587482158	15.9760408699
746	48.773324666	15.1926698091	15.5079506879
747	29.4606664855	33.3740237182	15.1987496744
748	24.593594537	35.7856212466	15.6510334716
749	48.7542773583	37.5187866692	15.0558562648
750	90.3725582319	42.0138926023	16.1944207685
751	83.5814289803	61.2998676365	17.0947158524
752	25.2593700163	69.5453780944	15.8221787207
753	78.2785514107	73.5132290361	17.7266369247
754	40.6684315468	76.4005939798	18.3049989957
755	93.7560332216	81.9732119639	16.7381893861
756	59.5985146626	89.9608442778	17.6174089069
757	60.6924138436	99.488062428	16.6106702722
758	50.0228238178	102.493071209	16.7340918381
759	44.9008498353	10.4107412982	15.9202487391
760	90.8980215116	54.9768952609	17.6280547226
761	64.3624618979	57.4946026437	16.9482950334
762	43.1737958257	100.393019306	15.7479226975
763	17.3350791051	16.6058799059	16.1296209186
764	39.0575037037	27.2181876483	16.1222495065
765	80.6495308512	84.3680999132	18.078013014
766	44.5835387365	87.2140357005	17.4175710432
767	68.6043238107	53.1059889179	17.6078590679
768	29.5482605786	53.9767887531	16.4735823317
769	82.1956069092	68.4228964666	18.3899893124
770	98.4513697779	67.6897020377	17.1225067303
771	38.2273200414	88.4475467217	17.684249834
772	33.4976993433	91.4439926147	16.9193611766
773	70.0051299681	95.6851900135	17.2472181746
774	79.779545944	35.3764988402	16.5953059673
775	56.9025131214	40.1426111247	17.1916560462
776	59.6143939557	44.8585240145	17.1040695351
777	49.4730825773	49.8298159815	17.4983353917
778	51.3986716473	86.9217034351	19.1097922162
779	32.6983371705	8.56543104846	16.7900382836
780	34.2884098606	29.1410220302	16.6133804037
781	31.779636828	70.2022611151	17.5607217695
782	73.6015180419	76.3723977935	19.9305943983
783	20.119657338	13.3619609985	17.0672043011
784	43.5321732259	17.513496487	17.1329711929
785	80.6151745229	52.2033532556	18.4192123666
786	51.9252780669	55.27108678	18.3372459957
787	44.8387022491	67.3952729341	18.1554269418
788	61.3631492111	70.0469663415	18.7877142857
789	96.5449308556	71.7400607829	18.4682732435
790	35.7207922775	83.2506690472	18.6105816791
791	38.8127870277	8.50862802613	17.0444380986
792	96.6458291982	53.7358219591	17.7891214652
793	98.371076012	60.6227187872	18.0463609849
794	71.7611653408	62.3326078967	18.9846054181
795	33.982542762	62.9333640318	18.1347157312
796	87.4186377145	72.2838581249	19.312192601
797	43.1417200552	72.3478211268	18.665913515
798	57.9811662017	72.7240441257	20.3564193263
799	27.5449437949	76.1861605016	17.9553767472
800	83.4832972405	78.4298839792	19.6961281956
801	51.6178191451	96.4718254094	19.1175716727
802	39.9374648822	96.7271007798	18.2527894003
803	73.5306353736	100.036409075	18.1285034136
804	66.9256556717	34.5447000828	17.9370021317
805	87.7938443702	49.0358664428	18.6230812505
806	47.3706274042	78.1794103011	18.7026454022
807	53.1979401705	80.7515579113	19.5967432337
808	58.1325587588	85.2636769052	19.9292843759
809	67.3898922561	102.398326724	18.133039912
810	76.195741178	48.8481482039	19.6436221183
811	75.9051564872	68.8493254504	20.9232194986
812	50.1803090586	73.378791971	20.1450124034
813	41.3130158519	91.2727783111	18.924272335
814	60.8883482104	95.8815617641	19.6741086445
815	37.3989740703	13.7609294369	18.0963670501
816	40.5555152162	20.5695873624	17.9572447477
817	16.7091956595	22.3174357762	18.4802663968
818	30.0232024536	27.405759125	18.219775247
819	19.1150020557	37.3337145663	17.8638331102
820	52.0845214434	38.0305044892	18.306501182
821	86.8342847754	40.1353018534	18.7495027938
822	38.9809065237	45.6406010856	18.2707431797
823	65.15749453	51.8376601671	20.0014922978
824	39.3885792935	66.9899763002	19.094304173
825	93.8631966095	77.3057410578	18.5731219652
826	77.6772843345	83.8611212416	20.2833108143
827	90.4284392985	85.1762116418	18.5699555838
828	83.5154332521	43.2774915559	18.6396715994
829	71.1000000556	45.7379850926	19.2249619868
830	87.0625066523	54.8622417923	20.0976711853
831	81.5254419818	61.0071133017	20.3635767718
832	54.1072600255	64.1510867502	19.7037212508
833	47.8378316085	64.1304542827	20.1019274617
834	51.0021807941	68.700465298	19.5285558268
835	31.0501404652	12.6436131407	18.5428087779
836	25.8048398398	14.7213208826	18.4783341286
837	89.8655260338	62.3243782947	19.9911103767
838	78.2117121644	96.8907767623	18.6989340414
839	34.6240769021	21.9684389658	18.682754298
840	45.1147311897	42.2268480199	19.3456715516
841	55.2457132151	48.6386917901	19.3110192222
842	33.8402694431	51.276330978	19.215488527
843	37.9575565651	56.661744472	19.8045118173
844	46.0284105652	57.0027475695	19.8891469318
845	77.4479850743	64.0412885808	21.5873921718
846	67.958004713	66.389798175	21.198026949
847	69.0783168752	77.6211145232	21.6130675204
848	67.0549756943	92.6888135544	20.3950116419
849	81.0321873739	93.3754202774	19.7702894271
850	14.8183923218	34.7121020514	19.7035986113
851	52.0938128803	44.9242499823	20.0755075637
852	64.5919719869	58.1655609444	20.4174508636
853	85.4673558972	88.3536513131	20.3514753449
854	46.6303105008	92.3127897219	20.5482388694
855	23.5412041831	19.3736452392	19.3154986032
856	14.4872886007	28.4134110253	19.5187530117
857	21.6296528388	31.1524055889	19.2914751358
858	93.9886207169	50.8341677377	20.1102245581
859	42.5425909002	51.3655215893	19.3445685955
860	70.21210106	57.0630132639	21.1295352255
861	31.2149251939	18.6724127565	19.4926509302
862	70.7818415007	40.0631095502	20.0053114772
863	84.0703491125	73.0780657263	21.7650431862
864	45.0934823933	82.6039669489	20.54448504
865	27.4832721722	23.9233027729	19.6462692374
866	21.7092283752	25.918755835	19.9889587864
867	62.4957918246	40.9566623808	20.3045084635
868	90.2593782733	45.4851617349	20.5052024291
869	76.9871861633	55.9562444979	21.2820615982
870	65.8480485167	63.7026463214	22.805773717
871	89.925913237	82.0981864596	20.159918191
872	40.2094544651	85.1452885086	21.0907930899
873	62.5465283095	86.2598728813	21.1484671217
874	36.1296889353	92.2550775038	20.3649673308
875	73.5849978069	35.863700611	20.3356475529
876	60.2305219612	51.0330523058	22.3575353631
877	41.981380478	63.1012854797	21.5727161
878	57.3991543768	78.1298716343	23.0977237442
879	32.415871819	86.5726241386	20.4204339378
880	95.0885184952	57.269589781	21.274913653
881	87.4061191738	66.4572585003	22.0019477114
882	35.6922048979	76.4413624843	21.2864376728
883	57.2768100812	94.045477724	21.7010346379
884	62.3740708105	101.867268356	21.0162694272
885	60.3559790946	36.5462002365	20.8194988657
886	81.362037712	47.5382654965	22.2450967797
887	50.7037171799	60.2970461221	21.6491877256
888	64.4246456972	74.2352081991	23.832407637
889	77.8640564845	43.1216591811	21.9107474552
890	84.6281352428	48.9427813647	21.657811177
891	46.8841093946	98.9073745864	21.6104847208
892	64.5402328833	47.109048293	22.4130633881
893	94.9744257401	66.5130673602	21.7126534789
894	68.5232822235	100.149246815	21.0485061714
895	54.6103975284	101.516926195	21.3073926868
896	57.9036644717	43.7314800673	21.9871580123
897	71.2011500488	52.3839551458	22.7602739726
898	94.9050459396	61.1929236877	22.1187340153
899	29.5683804505	68.1091501914	21.4773028163
900	91.848254192	77.7940816195	21.0828090975
901	78.0244510312	78.6498936195	23.5854798115
902	31.2432035068	80.0378060241	22.1058589229
903	81.4218492342	38.6861419336	21.5128124804
904	57.0135572199	53.2165307075	23.2252830373
905	32.0017460163	59.7095056271	21.9328074269
906	64.1554667483	69.6807556754	25.1071924345
907	70.7908684913	71.1750807035	23.6486991209
908	92.5627897448	71.9300585927	22.0823923953
909	48.5953665096	80.9711141329	23.267540107
910	73.4341395382	83.1476053688	23.3178911625
911	43.450325646	89.0283426508	23.2813137033
912	50.6887374163	92.4645631642	23.1633226037
913	83.4190110985	55.5363380369	23.7121025526
914	61.4320375402	56.2576177635	24.3088325327
915	36.4477752451	69.7235905259	22.5353061022
916	55.3762237648	70.3199796841	23.2696100403
917	81.258687855	89.0914885334	22.8830708944
918	64.0868567791	90.7019732966	23.3207773121
919	71.8092921656	96.4651657839	22.6750149701
920	81.3977817882	52.904895709	24.4199327789
921	85.9445899831	60.4081657383	23.7099350205
922	58.0629288171	60.9559412894	24.4781490428
923	82.436452662	67.5186158807	24.7828481735
924	78.7985420588	73.5980654303	24.8894341801
925	88.4943678613	77.8785341268	23.6161103048
926	39.4778245387	81.9800844726	23.0384208103
927	85.7272864777	82.9843685727	23.0987068966
928	54.520101108	90.0223285967	23.8272613514
929	36.843793607	52.756074913	22.9232560157
930	92.0958605703	54.0638541261	23.4440413369
931	71.2574047049	62.5064659234	23.9580264594
932	43.6904994951	74.084107046	23.3473186537
933	41.1135794675	94.2670277864	23.068711075
934	37.6390301679	63.3841889516	23.3764788616
935	47.0327461715	87.7298479724	24.4785691438
936	53.5188885785	39.8110195034	22.9250079089
937	72.0720692703	48.0625098333	23.8510469867
938	52.2365977408	55.1957944919	23.7632679739
939	42.1206981585	58.0249359692	25.0136989959
940	46.2580566496	69.7933100128	24.532648715
941	75.0637155106	92.6069603003	23.8556295169
942	66.1803373422	37.5644120443	23.9896526381
943	46.4482915688	44.2686865456	23.4321606648
944	89.1798036975	48.089129121	23.7994021841
945	46.943735433	50.9448481181	23.8239658767
946	46.5749283009	58.702638944	23.9529182879
947	51.1900592096	75.7177426973	25.1504178273
948	60.0772987673	66.5512052515	25.7150948254
949	91.1146884774	74.1831985811	23.65625
950	54.5305303907	82.2454901269	24.2726958525
951	65.1658305803	86.0939284577	25.1729517696
952	65.2714634381	97.9985367396	24.1246992992
953	57.9343710832	99.8635538021	23.6865130051
954	74.7359154173	38.4342839307	24.2108296801
955	70.8425959919	43.1148782015	24.4727423304
956	42.3084438847	47.8092941441	24.1907364607
957	55.618071141	65.3073297009	25.8193245218
958	52.4007450643	69.6342144926	26.1593434343
959	66.9030844065	52.6361044288	25.2273220807
960	71.5367708374	57.0699709418	25.1573051799
961	50.5824357728	86.9857210241	26.2641482739
962	57.4844590601	89.1173228174	25.6147342995
963	83.7016556479	43.0382514499	24.7186651072
964	77.8609919753	46.7783205744	25.4410122901
965	80.8658104521	62.0733587333	26.3077422948
966	92.2819451035	66.4954769521	24.6263623541
967	32.205436006	74.220490997	24.7006692712
968	39.3128629743	76.6633791666	25.75287226
969	65.0761879422	43.5403708716	25.6785578987
970	90.9216967833	59.7442020789	25.4885009311
971	65.0726988379	59.3458730763	25.6793191156
972	66.6769368765	81.2903369695	26.694367012
973	89.2533157425	53.7632178734	25.6780959752
974	47.4515966474	65.0352231129	26.1121273167
975	89.2071705822	70.0079699445	25.7400072895
976	57.1077384877	72.6542363081	26.2965967074
977	43.4066711467	80.1779383392	25.9637798635
978	37.6916301604	87.8599112557	25.4595225193
979	53.5855018808	49.7773812669	26.3781625
980	38.923755499	68.9210497179	25.9987506693
981	82.2007500562	82.6060742909	25.7548182819
982	45.0567366293	84.7712066289	26.0528855075
983	77.8568495027	87.7835870968	25.9682413723
984	53.1877170463	97.6150843591	25.4416257953
985	58.6434513283	46.3762727967	26.3240898125
986	75.8077812386	69.2265629765	27.7233717479
987	84.5206864223	77.906104581	26.5107322711
988	69.3839643862	92.8633141228	26.341735348
989	47.939451016	96.337919547	25.458492836
990	76.5172855492	51.8703343618	26.7505276977
991	59.8700512059	85.4351824748	27.0769269828
992	43.8442265888	94.1491087682	25.660414288
993	55.4474585028	56.5995257325	27.0127674258
994	62.4746740331	81.2064112107	27.9575347796
995	40.2170253131	53.4338597088	26.8513762171
996	77.1559263827	56.8181329988	27.7730638352
997	87.5015727604	73.2131858537	26.4157306376
998	70.9203315312	79.3411429876	27.2702013332
999	35.2883447406	81.6382498636	26.5217041004
1000	65.6731421735	95.3442450615	26.5640626834
1001	41.6911697267	70.3065806481	27.6336649423
1002	72.4281652281	75.4738776601	27.9265344385
1003	58.2588519175	95.3653000516	27.3470164452
1004	58.920334575	40.9397184019	27.1992050758
1005	51.5781445763	60.948072564	27.7757072117
1006	71.8409152612	89.8730022663	27.6113008217
1007	48.875923966	54.4817495611	28.3053774129
1008	73.8222263681	61.2641568646	28.3891310541
1009	76.0515133653	64.2275029692	28.1038284839
1010	89.0484591772	65.271854495	27.2742907586
1011	34.2360741989	69.85039345	27.5026313768
1012	47.9623972611	80.4881390103	28.4596903008
1013	53.1738860756	84.6089429752	28.0394824708
1014	71.8794908459	46.4323795356	27.7600140114
1015	37.1688598371	58.9954654062	27.2977635314
1016	43.9926832785	77.2121488998	28.5747630884
1017	68.1050001868	49.0343482383	28.624204253
1018	84.9956157773	51.3959180264	28.3592720527
1019	49.4619586043	66.9115757621	28.7547537959
1020	61.6444882027	76.0338734179	29.2324714525
1021	52.026273164	44.4309231217	27.9159747961
1022	83.5505366807	47.2366707549	27.8454773869
1023	42.926154025	63.4370051676	28.5509330629
1024	48.258364858	74.7634788499	29.8760736013
1025	76.0597879308	84.7403689959	28.4588530622
1026	41.5919630778	89.0105874216	28.0122645642
1027	67.6951452688	39.5838180893	27.8401397516
1028	35.6611272952	64.2420413826	27.968260391
1029	77.8830366182	43.0649148384	28.4438320978
1030	64.1521577825	49.6804651805	29.0965152517
1031	67.5208712447	64.3078627514	29.9485518293
1032	71.7118399696	67.0494064496	29.0876640035
1033	85.5624334923	68.3815610395	29.1752678901
1034	68.4752485608	73.6141393999	29.6891067467
1035	73.4197148985	41.2455260594	28.701688609
1036	70.8292094955	51.2476560158	29.4392947255
1037	86.9837138809	62.7960256584	28.9542559899
1038	51.0322065872	79.7803158122	29.7402643547
1039	56.4881251335	79.6893069942	29.894032326
1040	47.2619327432	92.2388883391	28.5953803266
1041	61.2281643834	92.809837898	28.9776187285
1042	47.1453949145	59.8457812901	29.883641919
1043	83.7885103182	72.3994607546	29.1273366886
1044	78.9390381114	78.6328290464	29.9840132444
1045	66.5785339805	89.6431098344	29.5297960292
1046	63.1246505848	65.5695477476	30.2908927376
1047	36.2694102403	74.8652245375	29.3640601739
1048	48.0740910047	48.6345375057	29.4005640364
1049	84.9113575116	55.9269646296	29.4280583095
1050	71.0150374621	57.0132696706	30.1538612181
1051	59.2013428195	51.4110725655	30.340219519
1052	85.7588843735	59.1714930916	29.4419996764
1053	66.1586723262	70.5632756978	30.9341397849
1054	44.6883465218	71.0765713912	30.2386301087
1055	66.8112217769	56.6576878462	30.9676646069
1056	60.5845062016	68.8883276212	31.5492047714
1057	40.8693147951	83.2458240578	30.1648964685
1058	70.3747157633	85.6228486528	30.2563703127
1059	55.0772717068	53.2983609185	30.6789915966
1060	64.1236796175	53.4117259072	31.0695354118
1061	59.32285834	73.440911703	31.2223853868
1062	54.3049147948	75.2579516662	31.3447671702
1063	52.1371428657	91.8801996439	29.8943674809
1064	63.3324930639	42.5443203715	30.4724134925
1065	43.8299376506	54.0677520629	30.7042725989
1066	63.7345530724	61.9808681862	31.3744136044
1067	81.2767891947	74.2927526087	30.2775167025
1068	59.938221157	58.0981908489	31.7578695322
1069	57.8746066784	62.862234155	32.2394352291
1070	83.2249371638	65.2690946318	30.8928081016
1071	56.9959948097	68.9659283906	31.9698394369
1072	70.8223537122	82.438438008	31.8951092859
1073	45.3470570399	87.4443380566	31.0700626333
1074	82.0905190849	61.4173029874	31.6127208481
1075	48.0656012421	64.2252799123	32.2010890424
1076	51.3315704566	70.528951567	32.3875147464
1077	78.0597279177	49.1140290583	31.6770971791
1078	53.6122316875	57.4393310239	32.1033389332
1079	40.2578701606	59.8742381885	31.2065616677
1080	53.1766221759	66.571290787	32.8896770824
1081	80.0968445703	68.9512782631	32.0775572246
1082	74.0919476169	78.875496397	32.6042321609
1083	64.0573969247	86.539485908	31.90541939
1084	80.4018345302	58.3813077404	32.1094715698
1085	38.3997998751	68.5649896528	31.7644852354
1086	69.0810985234	44.6284992224	32.1818285194
1087	78.4277687177	53.8309569101	32.7463051994
1088	39.5179645608	76.094613057	32.2287280877
1089	57.3807387875	88.8022884045	31.824381115
1090	58.3599695733	46.1576785993	32.8204329775
1091	75.1638950337	73.83439176	33.2943057625
1092	48.8184190881	86.1497577961	32.61013822
1093	73.5369509463	47.0071500618	32.903134288
1094	52.8649012748	61.3478304413	33.2409548182
1095	43.3575583409	81.1065412366	32.5915416549
1096	77.4210666663	64.0661092171	33.5793928594
1097	53.0246208391	49.4934472011	33.328171412
1098	54.1567066342	85.2652371881	33.6870703172
1099	64.7894801152	80.4151038697	33.8412126471
1100	62.9473737846	47.441514476	34.1285484092
1101	48.4494438466	54.749807515	34.061993477
1102	42.8151694931	64.838408278	34.1723246859
1103	59.4610127766	83.1893377766	34.3348331941
1104	71.9530737913	64.5795845074	35.123063632
1105	73.9802367504	69.9973668947	34.5962780214
1106	67.3961170026	76.418099294	34.7757520651
1107	44.1816708053	76.7523187068	34.1435545958
1108	72.428072716	52.9173435874	35.0240902584
1109	74.8054347452	57.1967909022	34.712258012
1110	42.6338710581	70.751536659	34.8697835013
1111	48.9938226178	80.8827926726	34.7793411242
1112	68.1331568997	50.4795729684	35.3647210471
1113	74.5465413819	60.0580844352	34.6648673509
1114	61.2314760861	77.7431980043	35.8980291744
1115	46.4701423119	60.0240973961	35.5300342484
1116	69.3647712803	73.7491127666	35.624263448
1117	47.1888996212	75.7919138464	35.9314747408
1118	54.6128632571	79.2897665569	36.2207828668
1119	68.2296426492	56.7068236173	36.3983524355
1120	67.9060668322	61.4873349145	36.252204847
1121	56.9118405009	52.6253992188	36.2115022955
1122	69.1076925944	69.4207288414	35.9230124354
1123	65.6858222807	69.07401459	36.3293692692
1124	63.2930640749	53.1454232426	36.6372683731
1125	51.5667869901	56.3302206198	36.4082037512
1126	48.4628440016	71.997210453	36.974101353
1127	51.458223032	76.4970529456	36.4452730862
1128	60.0906536293	56.1621622151	37.2278287462
1129	63.1590764842	59.7931540651	37.3279835088
1130	61.4576347872	66.0286481735	37.4664763578
1131	48.7825919991	67.394217494	37.434552568
1132	61.1546635859	72.489933957	37.1552641654
1133	55.3040511464	73.1500364792	37.5048887894
1134	55.6907163502	59.1538775052	37.774488476
1135	64.6677920842	64.781073798	37.2433502836
1136	52.7404530175	63.282548074	37.9199391676
1137	56.8742947722	68.3776677849	38.1971620612
1138	58.0970625573	62.4970031705	38.4428706562
