1	8	11	12	20	25	29	35	46	47	56	66	75	81	93	105	119	134	138	152	161	163	166	167	168	169	170	171	172	173	175	185	188	191	197	207	218	219	221	222	225	226	229	230	231	233	242	246	247	249	253	254	256	258	265	269	272	281	288	292	297	298	306	309	313	314	315	318	323	330	337	339	344	351	353	355	359	360	363	365	367	368	373	375	377	378	380	389	390	395	396	398	401	402	404	406	408	415	416	417	421	422	424	427	428	429	437	438	444	447	451	452	458	465	468	473	474	475	477	484	485	488	490	496	497	498	502	507	508	509	511	513	514	515	517	518	519	522	524	537	538	539	540	541	542	546	547	551	552	555	556	562	567	572	579	580	583	584	586	587	588	589	593	594	596	601	602	603	604	607	608	610	611	612	615	617	619	620	625	626	627	631	632	635	637	638	639	643	646	647	648	651	655	658	659	662	663	665	671	673	681	683	684	686	690	693	694	698	699	700	702	704	706	710	717	720	725	729	733	735	736	737	740	742	748	752	753	754	756	757	758	767	774	776	778	779	780	782	786	790	792	795	798	799	800	802	803	804	807	810	813	815	816	819	823	824	828	831	835	837	838	842	847	848	849	850	852	853	854	855	856	857	861	863	864	867	868	871	875	878	879	881	882	887	891	892	893	894	895	897	898	902	904	905	906	909	910	911	912	913	915	916	917	918	919	921	922	923	924	926	927	928	929	930	931	932	933	934	935	936	937	938	939	940	941	942	943	944	945	946	947	948	949	950	951	952	953	954	955	956	957	958	959	960	961	962	963	964	965
2	296	241	7
3	4	307	426	179	277	220
4	378	3	5	277
5	4	269	176	242	277	378	219
6	387	292	7	296	365	13	243
7	352	2	6	296	10	13	14	241	285
8	1	242	219	12
9	316	174	15	176	277	278	220
10	352	257	7	13	14	16	17	23
11	1	292	232	270	243	375	25	27
12	1	8	297	242	20	249
13	328	257	387	6	7	296	10	397	270	17	243	352	442
14	352	257	7	457	10	203	16	336	18	285
15	422	9	176	19	404	278	297	249
16	257	10	21	14	23
17	257	328	10	13	270	397	405	23	24	442
18	257	34	203	322	14	336	21	22	279
19	353	258	404	15	180	278	249	28
20	1	12	29	249
21	257	34	279	16	18	23	30
22	32	34	203	322	174	271	336	18	180	379	31
23	33	257	328	10	397	16	17	308	21	279	24	30
24	33	36	328	270	17	405	23	26
25	1	232	11	46	337	339	375	27
26	36	232	44	270	405	24	388	27	286
27	232	11	44	270	337	339	375	25	26
28	32	353	258	37	367	19	180
29	1	258	175	20	249	221
30	33	34	23	308	21	279	184
31	32	34	38	22	271
32	37	38	40	271	180	437	22	468	367	28	31
33	36	328	308	23	24	30
34	322	38	266	271	304	18	21	22	279	184	30	31
35	1	359	193	233	234	39	175	380
36	33	194	195	388	232	42	44	45	328	338	308	405	24	26	250	286
37	32	258	40	41	43	367	309	28	221
38	32	34	309	40	437	266	427	322	271	49	181	406	367	31
39	193	35	359	41	234	175
40	32	192	37	38	43	367	181	390	309
41	359	37	39	234	43	175	340	221	389
42	194	36	244	184	308	250
43	192	37	40	41	389	51	340	309	407	221	287
44	195	36	232	45	46	337	339	281	57	26	27	286
45	44	195	36	286
46	1	66	44	339	25	281
47	1	323	289	48	368	56	191
48	193	289	233	47	368	54	280	58	191
49	38	263	266	398	465	50	244	53	406	251	458	181
50	266	398	49	244	55	250	251	60	415
51	64	192	341	43	340	53	59	287
52	65	324	70	193	329	234	317	340	341	54	61	62
53	64	192	263	235	49	51	181	443	287
54	65	259	69	193	520	391	204	525	334	48	52	470	280	58	317
55	194	195	68	360	298	428	50	250	415	60	63
56	1	67	289	204	47	323	185	58
57	66	195	197	298	44	281	286	63
58	289	259	72	204	48	280	54	56
59	64	205	51	340	341	61	287
60	196	360	398	50	438	55	68	251	444	415
61	71	329	205	52	341	340	59	62
62	65	70	71	329	52	61
63	288	195	68	197	298	55	57
64	290	443	73	235	205	51	53	342	59	287
65	324	69	70	334	52	54	317	62
66	1	197	298	46	57	281
67	289	323	293	417	361	74	204	79	212	56	185
68	288	196	360	298	78	55	408	60	63
69	65	259	324	70	72	77	334	245	54
70	65	324	69	71	329	77	52	62
71	324	70	392	329	300	205	77	61	62
72	259	69	74	204	206	83	245	58
73	64	290	76	235	236	213
74	67	293	72	362	204	206	79	80	88	187
75	1	330	81	82	212	185
76	299	196	263	73	235	236	237	84	214	251
77	418	324	69	70	71	329	453	300	83	85	215	376	245
78	288	68	198	424	393	429	207	408	84	87	344	196
79	67	293	74	335	80	305	82	212	343	88	89
80	88	74	187	206	79
81	1	330	75	272	82	91
82	305	330	75	79	272	81	335	212	89	91	447
83	97	72	348	77	206	85	215	376	187	92	245
84	100	198	393	299	76	78	433	238	214	196	347	445
85	97	418	103	331	300	77	83	86	215	95
86	227	331	300	213	186	95	94	85
87	288	99	198	78	207	344	93
88	98	101	74	354	79	80	343	89	461	187	293
89	98	305	79	273	82	343	88	91
90	96	216	237	214
91	419	260	273	104	105	106	305	272	81	82	89	447
92	97	101	208	206	112	83	215	376	187	348	350
93	1	99	207	246	87	344
94	227	102	331	109	111	369	213	86	319	95
95	331	439	103	311	111	115	85	86	215	94	319
96	482	107	237	238	370	214	216	90
97	208	103	112	83	85	215	92	350
98	354	101	106	108	273	343	88	89
99	100	310	198	114	246	87	344	93
100	99	198	238	114	84	117	310
101	644	645	649	274	668	548	92	692	565	187	492	354	461	208	88	348	98	746	108	493	112	116	503
102	227	228	267	109	110	431	369	216	409	349	94
103	97	311	112	115	85	118	215	350	95
104	105	106	91	260	113
105	1	355	260	104	272	113	91	188
106	98	260	273	104	108	301	113	91
107	96	325	238	370	110	216	252
108	98	101	454	106	354	301	273	274	116	182
109	291	504	102	267	111	369	120	409	94	319
110	228	325	102	199	107	216	122
111	291	109	319	115	120	127	125	94	95
112	97	642	548	101	103	124	668	493	462	208	376	274	565	118	585	348	121	412	92	350	549
113	320	355	260	104	105	106	301	123	188
114	99	100	310	239	401	318	117	246	119	345	222
115	291	103	489	111	319	118	311	95	125	127
116	128	101	108	208	274	182	121
117	100	394	238	239	114	310	345	410	252	126
118	642	489	585	103	412	650	439	462	669	112	115	707	311	124	125	350
119	1	114	246	222
120	291	132	267	109	111	275	122	189	127
121	128	208	130	357	412	112	274	116	182	124
122	224	131	228	199	267	110	312	275	120	356	411	189
123	320	129	229	301	113	188	223
124	208	130	133	135	302	112	118	121	412	125
125	576	291	133	412	675	371	140	142	111	489	529	434	115	302	118	471	462	124	127
126	326	200	137	394	239	209	466	117	252	264
127	448	576	291	132	455	275	489	371	140	111	529	115	723	120	633	125	689	319
128	384	129	130	261	294	357	139	144	177	116	182	121	383	382	223
129	128	294	229	134	139	313	123	223
130	128	357	358	135	412	177	121	282	124	383
131	224	136	312	122	189	190
132	448	147	455	140	303	275	276	120	189	127
133	135	140	142	143	302	124	125
134	225	229	1	129	139	313
135	130	133	358	177	412	302	143	145	434	149	282	124
136	224	385	131	326	200	332	150	183	190
137	326	200	141	209	126	183	264
138	1	247	222	209
139	128	129	134	294	225	363	144	313
140	132	133	455	201	371	142	210	147	276	125	127
141	226	264	137	209	148	247
142	133	140	302	143	432	210	371	153	154	284	125
143	432	133	135	364	142	240	434	302	149	153	282	284
144	128	225	363	484	261	294	139	173	177	384	152
145	261	135	268	240	177	149	152	282	283	157
146	262	327	332	147	150	217	156	190	159
147	386	132	262	201	140	303	146	276	217	346	155
148	264	226	178	141	183
149	135	143	240	145	153	282
150	385	327	295	136	183	332	178	146	372	190	151	158	159
151	178	158	150	183
152	1	261	145	265	363	268	173	144	177	377	283	157	254
153	162	364	142	143	240	149	381	413	154	284	253
154	160	162	142	210	153	284	253
155	201	202	147	346	217
156	164	327	202	333	146	248	217	159
157	162	230	167	268	240	145	152	218	254
158	163	295	168	306	178	372	373	150	151	248	159
159	164	295	327	333	146	150	248	156	158
160	166	456	201	202	495	464	210	403	374	154	284	253	255
161	1	226	163	402	178	373
162	496	230	167	396	268	157	240	253	381	413	153	218	314	154
163	1	161	168	306	178	373	158
164	321	165	231	169	202	333	435	248	217	315	156	159
165	321	164	231	202	171	211	255
166	160	1	421	170	256	403	374	314	253	255
167	218	1	162	157	230
168	1	163	169	306	248	158
169	1	164	231	168	306	248	315
170	256	1	421	166	172	314
171	1	165	231	172	211	351	255
172	256	1	170	171	255	351
173	1	225	265	363	144	152	377
174	322	9	203	366	271	180	22	316	379	220
175	1	258	35	389	39	41	234	359	29	221
176	5	422	9	15	242	277	278	297	378
177	128	384	130	261	358	135	144	145	152	282	283	383
178	161	226	163	295	264	183	402	148	373	150	151	440	372	158
179	241	426	3	220	285
180	32	353	278	316	174	271	19	404	22	468	367	28
181	192	491	390	38	263	40	519	266	235	49	465	53	406	443	309
182	128	320	483	357	294	454	523	108	301	273	274	116	121	382	223
183	385	326	136	137	200	178	148	150	151	440	372	264
184	34	266	304	244	279	308	250	42	30
185	1	67	417	330	75	323	212	56
186	290	392	331	300	205	213	86	446
187	354	101	348	74	492	461	206	80	83	343	88	92	362	293
188	320	1	355	229	105	395	301	113	123	223
189	448	131	132	262	303	592	312	275	478	120	356	122	463	190
190	224	131	262	136	332	303	146	150	312	189	478
191	416	1	233	47	48	368	280
192	181	309	390	519	40	389	43	51	53	407	443	287
193	416	480	35	39	520	233	234	359	334	48	508	52	54	280	380	317
194	195	36	518	42	428	338	55	388	250	415
195	194	36	518	428	298	44	45	338	388	55	57	452	286	63
196	68	444	360	393	299	76	78	84	438	408	251	60	445
197	288	1	66	298	207	57	63
198	99	100	393	238	433	84	78	310	87	344	511
199	224	228	325	200	110	122	411	252
200	224	326	199	136	137	394	487	332	183	472	505	411	252	126
201	160	202	140	464	210	147	276	346	155
202	160	321	164	165	201	495	464	531	211	217	346	155	156	414	255
203	366	14	336	18	174	22	441	379	220	285
204	289	67	470	293	391	72	361	74	459	206	280	259	54	56	58	362
205	64	290	71	392	329	300	399	341	342	186	59	61	287
206	259	453	391	72	348	74	204	80	492	83	245	187	92	362
207	288	1	197	78	87	344	93
208	97	101	124	493	112	274	116	121	412	92
209	326	264	137	138	141	239	401	466	126	247	477	222
210	160	464	456	201	140	142	432	371	276	536	154	284
211	321	165	231	202	171	351	414	255
212	417	67	293	361	330	75	79	82	185	335	522
213	290	227	73	331	236	467	446	86	186	460	94
214	96	482	425	299	76	237	238	433	370	84	90	347	410
215	97	418	439	103	331	300	77	83	85	311	376	92	350	95
216	96	482	227	228	325	102	107	237	110	370	90	349
217	321	386	164	262	327	202	333	526	450	146	147	346	155	156	506	414
218	1	162	230	167	396	268	157	254
219	8	1	242	5	269
220	546	3	451	307	9	366	203	174	497	179	277	278	441	316	285	426
221	1	258	37	41	43	175	309	367	29	389
222	1	401	138	247	239	209	114	246	119	318
223	128	129	514	229	294	395	301	320	182	473	313	123	188	382
224	131	356	582	199	136	487	332	200	312	505	122	411	190
225	1	363	134	139	173	144	313
226	1	161	264	141	402	178	148	247	477
227	512	102	331	236	237	430	369	467	213	86	216	409	349	94
228	356	325	102	199	267	110	431	216	122	411	349
229	1	134	129	395	313	123	188	223
230	1	162	167	396	157	218	314	253
231	1	164	165	321	169	171	211	485	315	351
232	36	488	388	11	44	270	337	405	375	25	26	27	541	286	469
233	416	1	35	193	48	280	380	191
234	480	193	35	39	41	359	175	508	52	341	521	340	602	380	317
235	64	400	290	491	423	263	73	299	236	558	76	53	342	443	181
236	290	227	73	235	76	237	430	400	467	213	299	460	573
237	96	481	482	227	236	299	76	430	400	214	425	216	90	349
238	96	100	310	198	107	433	370	84	117	214	345	410	347	252
239	401	394	126	466	209	114	117	345	586	222
240	162	420	364	268	143	145	149	381	153	282	283	157
241	352	2	486	7	296	426	179	285
242	1	5	8	297	12	269	176	378	219
243	387	292	6	551	11	13	270	375
244	458	42	398	304	49	50	184	250	266
245	259	324	69	72	77	206	83	376	348	453
246	1	99	401	114	318	310	119	344	93	222
247	1	226	401	264	138	141	209	477	222
248	507	164	295	168	169	327	333	494	515	306	435	315	156	158	159
249	1	258	353	297	12	15	19	20	404	29
250	194	36	517	518	42	338	398	304	50	244	55	184	308	458	415
251	196	423	263	444	299	76	398	49	50	438	465	60	445
252	487	325	199	200	394	107	238	370	117	410	411	554	126
253	160	1	162	230	166	413	496	403	153	154	284	314	421
254	474	1	396	265	268	152	377	218	157
255	160	256	165	166	202	171	172	495	531	211	374	475	414	351
256	1	475	421	166	170	172	374	255	351
257	352	336	457	10	279	13	14	397	16	17	18	21	23
258	1	37	353	175	221	19	249	367	28	29
259	324	69	391	72	204	206	334	245	54	58	453
260	355	273	104	105	106	301	272	113	419	502	91
261	128	384	484	145	490	363	144	177	152	377	283
262	577	386	327	332	450	303	146	147	478	535	217	189	190
263	299	423	235	76	49	465	53	251	491	181
264	226	326	137	247	141	402	466	209	178	148	183	440	477	126
265	152	1	173	254	377
266	34	38	458	427	322	304	49	50	244	181	406	184	542	437
267	291	228	102	109	431	504	275	409	120	356	122	463	319
268	474	162	420	538	396	381	240	145	152	377	218	283	157	254
269	378	1	242	219	5
270	611	387	551	232	11	13	541	17	243	405	375	24	26	27	442
271	32	34	38	524	322	174	180	437	22	468	379	316	31
272	1	355	260	105	330	81	82	419	502	91	447
273	523	98	419	260	454	503	106	354	108	301	528	305	182	343	89	91
274	208	354	101	454	108	493	112	116	565	182	121	412	357
275	448	291	132	267	463	504	120	356	122	189	127
276	386	132	550	455	201	371	140	578	303	464	210	147	599	536	346
277	3	4	5	422	9	451	176	307	278	378	220
278	451	422	9	366	15	176	19	180	277	316	404	220	540
279	257	34	328	322	397	304	336	18	308	21	23	184	436	30
280	416	193	470	289	520	233	204	48	368	54	58	191
281	1	66	452	298	44	46	498	339	57	286
282	449	130	420	358	177	135	364	143	240	145	434	149	568	570	283	383
283	384	449	420	261	177	490	268	240	145	152	377	282	538	383
284	160	544	456	364	530	142	143	432	210	403	381	413	153	154	253
285	352	610	486	7	457	426	203	14	336	241	179	366	441	379	220
286	388	195	36	488	232	298	44	45	337	498	339	469	281	57	26	452
287	64	192	443	43	205	399	51	340	53	342	407	569	640	59	574	341
288	1	424	68	197	360	298	429	78	207	408	87	344	63
289	368	67	361	459	204	47	48	280	323	470	56	58	547
290	64	392	73	235	236	205	558	399	400	500	213	342	186	460	573	446
291	448	275	489	267	109	111	504	115	120	633	319	125	127
292	1	587	387	6	551	11	365	243	375	539
293	67	361	74	204	461	79	335	212	501	343	88	564	187	362	510
294	128	129	363	484	567	139	144	384	182	473	313	382	223
295	579	327	306	494	178	372	373	150	248	507	158	159
296	352	2	387	580	486	6	7	426	13	365	241	539
297	1	422	12	15	176	242	404	249	378
298	288	1	66	195	68	197	360	428	55	57	281	452	286	63
299	481	347	196	423	263	76	235	236	237	621	400	84	214	425	251	445
300	418	324	71	392	329	331	629	205	77	499	85	86	215	186	559	446	543
301	320	523	355	260	273	617	106	395	108	483	113	562	419	182	123	188	223
302	133	358	135	412	364	142	143	432	529	434	371	462	471	124	125
303	448	577	386	132	550	262	455	592	147	276	478	599	189	190
304	34	555	266	436	322	244	279	184	308	250	458	542
305	419	79	335	273	82	533	343	89	91	447
306	1	163	295	168	169	373	248	315	158	507
307	3	426	497	451	277	220
308	33	555	36	517	328	42	279	304	338	436	23	184	250	476	458	30
309	192	1	427	37	38	40	437	43	367	181	406	390	221	389
310	513	99	100	198	553	683	238	433	114	117	246	344	345	410	318	511
311	585	103	489	439	115	118	215	376	95	350	319
312	224	131	356	582	332	463	478	505	122	189	190
313	225	294	484	229	134	1	129	139	473	363	395	223
314	1	162	230	166	170	396	496	253	421
315	1	515	164	485	231	169	321	306	435	248	507
316	353	9	468	174	271	180	366	278	404	379	220	540	572
317	480	65	324	193	329	234	334	52	341	54	521
318	1	246	513	401	114	310	344	345	222	511
319	291	439	678	633	489	267	723	109	111	369	115	534	311	504	409	331	95	730	94	127
320	514	483	617	395	301	113	562	182	123	188	382	223
321	435	515	164	165	231	202	485	333	211	217	506	315	414	351
322	336	34	38	266	524	174	271	304	18	436	437	22	279	379	542	479
323	1	67	289	361	47	368	417	547	56	185
324	65	418	259	69	70	71	329	391	300	77	334	527	499	52	245	559	317	453
325	228	199	554	107	110	431	561	370	487	216	411	252	349	606
326	385	472	136	137	394	332	209	466	264	566	183	440	200	126
327	385	450	262	295	332	333	494	146	563	372	150	535	248	217	634	571	156	159
328	33	36	279	13	516	397	17	338	308	405	23	24	388	442	476	436
329	480	324	70	71	392	521	300	77	334	205	557	499	52	317	628	527	61	62	341
330	1	417	522	75	335	272	81	82	212	185	447
331	418	227	534	369	460	439	300	319	467	446	213	86	215	543	186	95	94	85
332	224	385	472	326	262	327	136	200	146	478	150	535	312	505	190
333	321	450	164	327	494	435	609	248	217	506	156	159
334	480	65	259	324	69	193	520	329	391	525	527	628	54	317
335	588	293	361	330	533	79	305	82	212	501	343	564	522	447
336	257	322	516	457	203	397	14	18	436	22	279	441	379	285	479
337	1	232	44	488	339	375	25	27	541	286
338	194	195	36	517	518	328	308	388	250	476
339	1	488	44	46	337	498	25	281	27	286
340	480	521	389	359	41	234	43	690	654	509	660	51	52	341	407	569	602	59	61	287
341	399	392	329	234	205	660	317	557	51	52	521	340	569	59	61	574	287
342	64	640	290	641	235	205	558	399	400	500	443	557	574	287
343	98	419	293	305	354	79	528	273	335	564	533	503	88	89	461	187	645
344	288	1	99	310	198	393	429	78	207	246	87	93	318	511
345	513	553	394	466	238	239	401	114	117	310	410	586	318
346	664	386	550	201	202	578	526	495	464	531	147	276	600	217	506	155	414
347	581	393	299	238	433	84	214	425	410	445
348	548	101	492	206	112	83	245	376	187	92	453
349	512	482	227	228	325	102	237	430	431	560	561	370	216	409
350	97	642	549	103	585	650	311	462	112	118	215	376	668	92
351	256	1	485	231	171	172	321	211	475	414	255
352	257	387	486	7	296	457	10	13	14	397	241	285
353	1	258	316	404	468	367	19	180	249	28
354	98	523	101	454	503	108	461	493	273	274	343	88	187
355	1	419	260	105	395	301	272	113	562	502	188
356	224	591	228	582	267	431	275	463	312	122	411	189	606
357	128	545	130	483	454	274	182	121	412	382	383
358	449	130	135	302	624	177	434	630	471	282	412	570	383
359	193	35	389	1	41	234	39	175	340	602	380	509
360	288	1	68	444	298	428	398	438	55	408	196	60	415
361	289	323	293	417	362	459	204	335	547	67	212	501	522	510
362	293	391	361	74	459	204	461	206	532	501	575	187	492	510	453
363	384	1	484	261	294	225	490	139	173	144	377	152	313
364	432	570	420	530	302	143	240	434	630	568	153	282	284	381
365	1	387	292	6	296	539
366	546	451	422	220	203	174	278	441	379	316	285	540	572
367	32	1	258	37	38	353	40	180	309	468	28	221	437
368	416	1	323	289	520	620	556	47	48	547	470	280	191
369	227	102	331	109	467	534	409	94	319
370	96	482	325	425	554	107	238	561	590	214	216	410	252	349	606	581
371	455	140	142	432	529	210	276	302	536	125	127
372	385	579	327	295	402	494	658	178	563	373	150	183	440	537	571	158
373	1	163	295	161	306	402	178	579	372	658	537	507	158
374	160	256	421	166	583	495	531	403	475	255
375	1	611	292	551	232	11	270	337	243	25	27	541
376	418	548	439	585	348	311	77	112	83	245	215	92	350	453
377	1	261	265	490	363	268	173	152	474	283	538	254
378	1	451	4	5	422	297	269	176	242	277
379	322	572	203	524	174	271	336	596	468	366	22	441	316	285	542	479
380	416	1	35	359	233	234	193	480	602	508
381	474	162	420	364	619	268	240	530	631	568	153	396	663	284	413
382	128	320	514	483	357	294	545	384	182	567	473	607	383	671	223
383	128	384	130	357	358	449	624	177	545	282	283	412	382
384	128	449	484	261	294	545	490	363	144	177	567	608	283	671	382	383
385	566	326	327	136	535	332	472	563	372	150	183	440	505	657
386	577	450	550	262	526	303	147	276	217	346	478
387	352	292	486	6	551	296	587	13	270	365	626	243	397	442	539	638
388	194	195	36	517	518	647	232	498	328	338	405	632	452	26	603	476	286	469
389	192	1	390	359	519	41	43	175	340	309	407	509	604	221
390	192	1	389	519	40	465	181	406	309
391	259	324	453	470	362	459	204	525	334	527	532	206	54	605	575
392	290	71	329	300	205	399	499	500	341	186	557	446	629
393	196	581	198	433	424	425	616	615	429	78	408	648	84	552	344	347	445	511
394	326	487	200	553	554	239	466	117	472	345	410	252	126
395	320	1	514	355	229	617	301	562	473	313	188	223
396	474	1	162	230	619	268	381	496	413	218	314	254
397	352	257	387	516	486	328	457	23	13	336	17	626	436	279	442	638
398	1	517	465	360	444	458	49	50	244	406	250	251	60	415
399	290	392	205	557	500	341	342	574	287
400	481	290	235	423	299	236	237	430	621	622	558	342	573	491
401	1	513	586	466	239	209	114	318	246	247	345	477	222
402	1	226	161	264	651	178	372	373	440	537	477
403	160	544	421	166	583	456	686	413	496	593	530	374	495	284	253
404	1	422	353	297	468	15	19	180	278	249	316	540
405	328	611	36	232	632	270	541	17	659	469	24	388	26	635	476	442
406	1	390	38	465	266	427	398	49	309	458	181
407	192	389	519	43	340	569	443	604	509	287
408	288	1	68	552	360	393	78	424	438	196	445
409	512	227	102	267	109	431	369	467	534	504	623	349	319
410	214	425	394	590	238	433	370	117	310	553	345	347	252	554	581
411	224	228	325	582	199	200	487	431	505	356	122	591	252	606
412	130	135	274	545	549	679	302	565	624	454	462	208	598	471	357	358	112	118	121	124	125	383
413	544	162	619	396	381	496	593	530	403	153	284	253
414	321	475	485	202	531	211	217	346	351	506	255
415	1	194	517	518	360	428	398	50	55	250	60
416	1	193	520	233	556	368	280	380	508	191
417	1	323	361	330	547	67	212	185	522
418	685	324	439	585	331	300	77	527	85	215	376	548	543	559	453
419	528	355	260	305	523	301	589	272	273	562	533	502	343	91	447
420	474	449	538	570	268	490	364	240	662	631	568	282	283	381
421	256	1	166	583	170	496	593	403	374	314	475	253
422	1	451	297	366	15	176	404	277	278	378	540
423	235	263	299	621	400	465	594	251	444	445	491
424	288	1	552	393	429	78	408
425	481	482	667	581	616	393	299	237	590	370	214	410	347	445
426	546	3	580	486	497	296	307	610	584	241	179	441	220	285
427	1	38	266	437	406	458	309
428	1	194	195	452	518	360	298	55	415
429	288	1	424	393	78	552	344	511
430	512	481	482	227	236	237	622	573	400	467	560	656	349
431	512	356	325	102	623	267	463	560	561	597	409	504	228	591	411	349	606
432	677	568	456	652	364	434	302	143	529	210	371	142	630	536	530	284
433	214	198	581	393	683	238	84	310	553	410	347	511
434	570	358	135	364	302	143	432	529	462	630	471	282	125
435	321	507	164	609	684	333	494	515	248	506	315
436	336	322	516	517	328	555	397	304	627	308	279	601	476	542	479
437	32	1	322	38	266	427	524	271	468	309	367	458	542
438	1	196	615	360	444	552	594	408	251	60	445
439	418	534	585	489	682	331	661	118	311	376	543	95	669	215	319
440	385	326	264	651	402	466	178	563	372	566	183	537	477
441	546	584	457	426	203	572	366	336	596	610	379	220	285	540	479
442	387	516	659	551	328	13	270	397	17	611	643	405	476	638
443	64	192	491	612	181	519	235	558	53	342	407	569	640	604	287
444	1	196	423	360	398	465	594	438	251	60	445
445	481	251	196	710	423	552	393	299	621	616	594	84	438	425	408	615	347	444
446	290	666	392	460	331	300	557	559	661	712	595	500	213	186	629	543
447	1	419	330	588	589	335	272	305	82	533	502	91	522
448	291	132	731	455	303	592	689	275	599	504	633	591	463	189	670	127
449	384	545	420	358	490	624	662	568	608	282	283	671	570	735	383
450	577	386	262	327	333	494	609	526	535	217	506	634	703
451	1	546	422	540	366	497	307	277	278	378	220
452	1	195	388	518	298	428	498	469	281	603	286
453	418	259	324	391	362	492	77	206	527	245	674	376	548	348	605	575
454	545	354	483	357	523	108	493	273	274	565	182	503	412	598
455	448	576	578	132	741	550	689	716	140	806	303	529	371	276	599	536	783	796	766	127
456	160	464	653	652	530	495	432	210	403	544	536	284
457	352	257	610	516	646	486	397	14	336	625	627	596	441	572	285	479
458	1	555	517	465	266	427	398	304	49	244	437	406	308	250	542
459	289	547	613	614	391	361	362	204	532	501	470	673	522	510	620
460	290	331	236	595	467	500	213	534	573	446	543
461	354	644	101	362	503	492	645	564	343	88	187	510	293
462	769	642	675	549	743	489	715	630	302	814	112	529	434	707	734	118	471	829	412	125	350
463	448	356	582	267	431	592	504	275	312	591	189	478
464	160	578	456	201	202	653	495	664	210	276	536	346
465	1	491	612	390	263	519	458	423	398	49	594	181	406	251	444
466	554	472	694	326	401	264	553	394	239	209	676	586	566	440	345	477	126
467	512	227	721	460	331	236	430	623	656	369	595	213	534	409	573
468	32	1	379	353	540	524	271	180	437	404	367	316	572
469	635	452	647	232	488	498	659	405	632	388	603	541	286	639
470	704	289	547	613	620	391	520	556	459	204	525	368	532	54	280
471	549	358	743	462	624	434	302	630	412	125
472	385	676	618	326	487	200	714	394	332	657	466	566	505	554
473	1	514	484	294	395	567	313	607	382	223
474	1	420	268	619	396	631	377	538	381	254
475	256	1	421	583	485	531	374	255	637	414	351
476	643	388	517	328	516	338	659	436	405	601	632	308	442
477	1	226	694	209	264	586	651	466	401	402	566	247	440
478	672	577	386	582	262	332	303	592	719	535	312	505	463	636	189	190
479	322	516	457	555	336	596	627	436	441	379	572	542
480	193	665	520	329	234	556	525	334	508	340	654	521	628	602	380	317
481	482	616	425	299	237	430	573	400	622	558	745	667	445	621
482	96	481	667	581	425	237	430	560	561	370	590	214	216	622	349
483	320	545	514	357	454	617	523	598	301	693	182	702	382	607
484	384	1	261	294	567	490	363	144	473	313	608
485	1	475	321	681	231	531	515	506	315	637	414	351
486	352	610	387	516	646	625	296	457	426	397	241	626	580	539	285
487	224	325	582	200	394	472	505	618	411	252	554	606
488	1	232	337	498	339	469	635	541	286	639
489	576	291	534	678	439	707	462	669	723	115	675	118	311	730	319	125	127
490	384	1	420	261	449	363	484	662	377	538	283	608
491	263	640	744	612	423	519	737	235	748	621	558	400	465	594	181	443
492	674	548	101	649	362	461	206	644	726	575	187	348	510	453
493	208	354	101	454	649	523	112	274	692	565	598	503	645
494	609	450	571	327	295	684	333	579	435	372	725	248	634	507
495	160	544	758	583	456	202	653	686	464	531	403	374	664	346	699	255
496	1	162	421	619	396	413	593	403	314	253
497	1	546	451	584	426	307	220
498	1	388	488	339	469	281	452	603	286	639
499	324	392	521	300	557	527	628	629	329	559	687
500	641	290	711	392	460	557	558	399	595	574	342	666	573	446
501	673	293	614	361	362	459	588	335	564	655	522	510
502	1	355	260	589	272	562	419	447
503	354	101	454	523	461	493	528	273	343	645
504	448	291	678	623	267	109	718	431	275	597	534	633	409	591	463	762	670	319
505	224	385	582	487	200	618	332	472	535	312	657	411	636	714	478
506	321	450	515	485	609	680	681	333	526	531	753	435	600	217	346	414
507	1	515	295	579	684	494	306	435	373	248	315
508	416	1	193	520	234	556	480	665	602	380
509	1	389	359	690	340	407	569	602	604
510	644	293	614	361	362	459	492	461	532	501	696	564	575
511	1	581	198	513	552	393	648	683	429	433	310	344	318
512	656	227	430	431	560	467	597	409	623	349
513	1	553	586	683	401	310	345	318	511
514	320	1	483	617	395	473	607	382	223
515	1	507	485	321	681	684	435	609	248	506	315
516	643	646	486	328	457	397	336	626	627	436	601	442	476	638	479
517	1	388	518	458	555	398	338	308	601	632	436	250	476	415
518	1	194	195	388	517	647	428	338	632	452	250	603	415
519	192	1	612	389	390	491	465	181	407	443	604
520	416	193	704	470	556	525	334	368	480	54	695	280	665	767	508	654	613
521	480	781	329	234	557	654	687	660	499	340	341	628	764	317	574
522	1	547	417	361	330	459	588	335	212	501	673	655	447
523	354	419	598	454	617	301	493	528	273	562	483	692	182	503	700	702	645
524	1	322	271	468	437	596	379	572	542
525	480	708	54	391	520	334	527	709	532	654	470	695	628	605	613
526	672	577	450	550	609	680	386	724	600	217	346	506	703
527	705	418	324	453	391	329	525	334	559	499	628	674	548	605
528	343	419	645	523	589	717	273	562	533	503	700
529	576	675	677	455	715	716	302	432	689	434	371	462	630	536	785	125	766	127
530	544	736	677	456	652	619	364	413	432	593	752	403	663	568	698	284	381
531	699	485	583	753	681	202	495	664	374	600	346	475	637	506	414	255
532	708	613	614	391	362	459	525	709	470	696	605	510	575
533	706	419	645	717	588	589	335	528	305	564	343	447
534	678	721	712	489	682	331	460	623	369	595	467	661	439	504	409	543	669	319
535	672	385	450	262	327	732	332	657	563	577	697	505	634	571	636	478
536	464	578	677	455	456	716	652	653	432	529	210	371	276
537	1	651	658	402	563	372	373	440
538	1	420	490	268	662	631	377	474	283
539	1	387	292	486	296	587	365	625	626	580
540	1	546	451	422	572	468	366	404	278	441	316
541	1	611	488	232	270	337	405	375	635	469
542	1	322	266	555	524	304	627	436	437	596	379	458	479
543	418	585	300	682	331	460	685	559	595	629	534	439	446	661
544	736	583	456	652	653	686	495	593	530	403	698	284	413
545	384	449	702	483	740	357	454	776	671	624	693	598	735	607	412	382	383
546	1	610	451	584	540	426	366	497	441	220	572
547	1	323	613	614	417	361	522	459	620	289	368	470	673
548	685	418	747	772	101	839	585	668	492	674	811	527	112	841	649	376	559	348	784	453
549	734	624	642	679	743	462	112	565	471	412	350
550	672	577	386	741	455	680	578	526	303	664	276	599	600	724	346	783
551	611	1	387	292	587	270	243	375	442	638
552	1	581	615	424	393	429	648	438	408	445	511
553	513	586	581	701	394	683	694	433	466	676	757	310	345	410	554
554	676	325	487	553	394	370	590	701	466	713	472	410	252	618	606	581
555	1	517	458	304	627	436	601	308	542	479
556	416	1	520	620	704	368	480	470	665	508
557	392	329	399	499	500	341	342	521	666	574	687	446	629
558	640	481	290	491	641	744	235	621	622	765	400	500	342	738	443	573
559	685	418	324	705	300	674	527	661	499	628	629	548	605	446	543
560	512	688	482	667	430	431	656	561	622	597	727	623	349
561	688	482	667	325	590	431	560	370	597	728	591	349	606
562	320	1	419	523	617	395	301	589	528	355	502	700
563	385	327	778	651	657	658	372	566	535	440	537	571
564	706	644	293	614	717	588	461	335	645	742	501	790	343	655	510	533
565	642	101	454	679	649	668	493	750	112	274	692	598	412	734	549
566	778	385	676	326	657	714	651	792	472	466	563	694	440	477
567	384	1	484	294	608	473	671	382	607
568	449	570	420	662	663	364	432	530	630	631	282	752	720	381	677
569	640	819	729	690	691	340	341	407	660	443	604	509	574	287
570	449	420	662	358	364	624	434	630	568	282	795	720	735
571	579	327	778	494	657	658	563	372	725	535	697	634
572	1	546	457	524	610	366	596	468	441	379	316	540	479
573	481	290	641	712	236	711	460	738	430	400	721	595	467	500	558	727	656	622
574	640	641	521	557	399	660	691	500	341	342	569	666	687	287
575	674	644	453	391	362	492	749	532	726	696	708	605	510	709
576	675	455	489	529	723	689	125	127
577	672	386	550	262	599	450	526	303	592	535	634	478	703
578	741	550	455	680	664	716	653	464	600	276	599	536	346
579	1	571	295	684	494	658	372	373	507	725
580	1	610	486	625	296	426	584	539
581	482	667	553	616	552	393	554	683	722	590	733	433	370	648	425	410	347	701	511
582	224	356	487	713	618	463	592	760	606	719	312	505	591	411	636	478
583	544	1	699	421	686	495	531	593	403	374	475	637
584	1	546	580	426	610	497	441
585	418	747	548	682	650	439	685	112	661	118	311	376	668	669	350	543
586	1	676	513	553	683	239	401	466	757	694	345	477
587	1	387	292	551	626	539	638
588	1	706	522	501	589	335	564	533	655	447
589	1	706	419	588	717	528	562	533	502	700	447
590	482	581	425	554	809	722	561	370	713	728	410	667	701	606	773
591	448	739	356	582	713	728	760	718	463	592	561	431	670	504	633	411	606	597
592	448	577	731	582	672	463	719	670	599	760	591	303	189	478	751
593	544	1	421	583	619	686	496	530	403	698	413
594	1	612	710	423	491	748	621	465	438	615	444	445
595	711	712	460	721	467	500	661	534	666	573	446	543
596	1	610	457	524	627	441	379	572	542	479
597	512	688	739	623	728	718	591	560	561	504	431
598	545	802	483	740	454	679	776	810	523	493	624	692	565	412	702	693
599	448	577	578	731	806	550	455	796	303	592	689	276	724	672	783	751
600	578	550	680	681	526	637	753	531	664	346	699	506
601	1	643	516	517	555	627	436	632	476
602	480	1	359	508	234	754	654	690	340	665	660	380	509
603	1	388	518	647	498	469	452	639
604	640	1	612	389	519	729	690	407	569	443	509
605	705	674	453	391	525	527	709	532	759	628	559	575
606	701	356	325	582	487	713	554	590	431	561	370	728	591	411	618
607	1	514	483	545	617	693	567	473	702	382	671
608	384	1	484	449	490	662	567	671
609	450	515	780	680	681	684	333	494	753	786	435	526	506	634	703
610	1	546	580	646	486	584	457	426	625	627	596	441	572	285
611	1	551	270	659	405	375	442	635	541	638
612	640	1	519	737	491	748	465	594	729	443	604
613	704	673	547	708	774	614	520	459	620	525	532	470	695	696
614	673	547	644	613	742	756	459	620	655	532	501	696	564	510
615	1	710	552	393	648	621	616	594	438	445
616	481	804	581	710	615	648	393	745	621	733	722	425	813	667	445
617	320	1	514	483	523	395	301	562	700	702	607
618	676	582	487	713	554	719	777	472	505	763	636	714	606
619	1	698	663	396	413	496	593	530	631	474	752	381
620	704	1	547	613	614	673	459	556	368	774	470
621	481	491	804	710	423	616	745	299	748	558	400	744	594	622	615	445
622	481	482	744	745	727	621	558	400	430	560	738	656	667	573
623	512	656	739	678	718	431	560	721	467	597	534	504	409	762	688
624	799	449	795	740	549	358	545	679	630	743	598	471	570	671	412	735	383
625	1	610	580	646	486	457	626	539
626	1	387	516	646	486	587	397	625	539	638
627	1	610	643	516	646	457	555	436	601	596	542	479
628	480	705	709	329	695	759	525	334	527	687	499	755	629	521	559	764	605	654
629	685	789	705	392	759	300	557	559	712	499	628	661	755	761	666	687	794	446	543
630	624	803	677	358	743	715	364	462	847	432	529	434	471	568	570	795	720	752	735
631	1	420	619	381	720	662	663	568	474	538
632	1	643	388	517	518	647	659	405	601	476	469
633	448	768	291	678	718	591	689	723	791	504	730	127	762	670	319
634	672	577	450	327	780	779	684	494	609	725	535	852	697	571	732	703
635	1	611	647	488	659	405	639	541	469
636	672	770	582	697	618	777	719	657	713	535	505	732	714	478
637	1	699	485	583	681	753	531	600	475
638	1	387	516	659	646	551	587	397	626	611	643	442
639	1	635	647	488	498	469	603
640	641	835	612	737	744	491	558	797	691	342	729	569	443	604	765	574	287
641	640	738	797	711	558	765	691	500	342	666	573	574
642	734	750	707	549	769	650	462	112	822	565	118	668	350
643	1	516	646	627	659	632	601	442	476	638
644	101	614	649	746	492	461	645	742	790	564	798	726	696	756	510	575
645	343	644	101	746	523	461	782	493	528	564	533	790	503	706	692	700	717	831
646	1	610	643	516	486	457	625	626	627	638
647	1	635	388	518	659	469	632	603	639
648	1	581	710	615	552	393	683	616	733	511
649	674	548	101	746	492	493	750	784	692	565	726	644	668
650	642	707	822	585	747	118	668	669	350
651	1	694	778	658	792	402	563	566	440	537	477
652	544	736	677	807	456	716	653	432	530	536	752
653	544	736	578	741	807	456	716	652	686	495	464	664	758	536	816
654	480	520	521	695	525	781	660	340	665	628	602	764	754	767
655	1	706	742	614	673	522	588	564	501	756
656	512	688	738	801	622	623	560	721	467	788	430	727	762	573
657	385	770	697	714	823	563	566	535	472	505	571	636	778
658	1	579	778	651	563	372	373	537	571	725
659	1	611	647	643	405	632	442	635	476	638	469
660	781	521	754	654	687	690	691	340	341	819	569	602	574
661	678	775	712	585	682	747	685	559	595	629	534	439	794	446	543
662	608	1	420	449	490	720	631	568	538	735	570	671
663	1	619	720	530	631	568	752	381
664	800	578	741	550	680	653	495	464	753	531	758	600	346	699
665	480	1	520	556	704	654	754	602	508	767
666	641	711	712	691	557	687	595	500	446	755	761	797	574	629
667	481	482	827	581	616	425	745	809	590	560	561	722	788	622	727	728	688	773
668	784	642	548	101	841	808	585	650	747	750	112	565	822	649	350	821
669	832	707	118	678	747	489	650	439	534	585	730	682
670	448	760	718	591	592	689	723	791	504	633	731	751
671	384	1	740	545	624	449	693	662	567	608	735	382	607
672	577	771	550	732	599	526	719	592	724	535	634	751	636	478	703
673	1	547	613	614	522	459	620	655	774	756	501	696
674	705	749	548	453	649	811	492	685	559	784	709	820	726	793	772	527	605	575
675	576	707	529	489	715	462	829	689	723	814	785	125
676	701	618	714	553	586	850	694	792	466	757	566	713	472	763	554
677	752	803	568	716	715	652	807	432	529	530	867	630	536	847	785	824	766	881
678	768	805	775	712	489	682	762	623	721	661	534	504	633	730	669	319
679	802	740	549	743	810	750	624	692	565	598	412	734	799
680	800	609	578	741	550	753	526	783	664	786	724	837	600	506	703
681	1	515	485	609	684	753	786	531	600	506	637
682	768	832	805	678	775	585	794	747	845	869	661	534	439	730	669	543
683	1	581	513	648	553	586	733	433	722	757	310	815	828	701	511
684	1	515	609	681	779	780	435	494	786	579	725	634	507
685	705	418	548	585	747	674	559	661	789	629	772	794	543
686	544	1	583	653	495	593	403	758	698	699	736
687	521	691	761	557	781	499	628	629	755	660	666	764	797	574
688	656	739	623	560	561	788	597	727	728	762	667
689	448	576	675	806	455	529	818	723	766	599	633	731	785	670	127
690	1	754	660	819	340	729	569	602	604	509
691	640	641	819	781	687	755	660	729	569	666	797	574
692	831	782	645	679	649	746	523	493	750	565	598	856	802	700	702	101
693	1	483	740	545	776	598	671	702	607
694	1	676	553	586	651	466	757	566	792	477
695	704	708	613	774	520	525	654	848	787	628	759	767	764	709
696	673	798	644	613	614	749	774	532	756	726	855	708	838	510	575
697	770	732	778	779	657	852	725	823	535	634	571	636	703
698	544	1	619	686	752	593	530	736
699	800	1	583	686	495	664	531	758	600	753	637
700	1	645	617	523	589	782	717	528	562	692	702
701	676	581	553	554	683	590	815	722	757	713	763	828	606	773
702	1	802	483	545	776	617	523	782	692	693	598	700	607
703	672	577	450	771	609	680	779	780	526	786	724	852	697	634	732	863
704	1	613	774	520	620	556	848	470	695	665	767
705	674	772	709	872	876	685	559	628	629	759	820	527	860	605	789
706	1	717	645	742	588	589	655	564	533	790
707	832	769	642	675	822	489	650	747	858	462	829	723	118	730	669
708	613	774	855	525	749	709	787	532	695	696	793	838	575
709	705	674	708	820	759	793	525	749	787	628	695	532	605	575
710	1	804	813	615	616	745	748	621	733	648	594	445
711	641	738	797	817	712	874	812	765	880	721	595	500	825	761	666	573
712	738	805	678	711	794	775	812	721	817	595	789	661	534	761	666	573	446	629
713	701	763	676	773	582	833	777	554	843	590	591	760	870	830	809	728	719	636	618	606
714	770	676	871	777	618	792	657	566	823	472	505	763	636	778
715	675	677	743	462	847	529	803	814	630	785	881
716	578	867	677	455	807	652	653	824	816	529	536	766	741
717	1	706	645	589	782	528	564	533	790	700
718	768	739	836	623	760	597	791	504	633	730	591	762	670
719	672	833	770	771	732	582	713	618	834	751	592	830	777	760	636	866	478
720	1	803	630	663	752	662	631	568	570	795	735
721	768	801	738	805	678	711	712	812	467	623	656	595	534	762	573
722	815	827	581	616	745	683	813	590	733	667	828	701	773
723	576	675	731	785	858	489	844	814	689	818	707	791	633	730	127	829	670	319
724	672	834	771	837	550	680	863	526	751	895	786	599	783	703
725	1	579	778	779	684	494	658	823	697	634	571
726	674	875	644	649	746	811	492	749	784	790	855	696	868	798	575
727	656	738	827	801	688	745	622	560	744	851	788	826	667	573
728	739	836	773	870	903	713	846	843	590	591	688	561	788	597	809	760	884	667	606
729	640	1	835	612	737	690	691	569	604	797	819
730	768	832	707	869	678	489	682	844	845	718	873	723	791	888	633	858	883	669	319
731	448	806	791	844	877	751	592	689	818	723	862	599	760	670
732	672	770	771	823	719	913	882	852	535	697	634	636	703
733	1	581	710	616	683	813	648	722	828
734	750	642	549	679	810	743	462	893	565	822	857	769	861	799
735	799	1	740	662	545	624	449	630	570	795	720	671
736	544	1	807	652	653	686	752	530	758	698	816
737	640	1	835	612	744	491	748	849	729
738	641	711	712	812	744	622	765	656	721	801	558	727	825	826	573
739	836	846	718	623	688	760	788	597	791	728	762	591
740	799	1	679	776	810	624	693	545	598	735	671
741	800	578	867	837	550	455	680	716	653	783	816	853	758	664	796	766
742	1	706	644	614	655	564	790	756	798
743	769	549	861	679	715	462	847	624	814	630	471	894	795	829	734	799
744	640	737	738	835	804	878	745	491	748	621	622	849	558	727	826	765
745	481	827	804	710	616	891	621	622	813	744	722	851	878	727	826	667
746	864	644	101	649	875	750	784	790	692	726	868	831	798	645
747	832	707	548	682	585	650	685	845	661	822	841	772	794	668	669	821
748	1	612	710	737	744	491	621	878	849	594	804
749	674	875	708	709	838	811	726	855	696	793	575
750	864	642	902	679	808	649	746	802	784	692	565	822	887	856	857	668	810	734	831
751	672	783	834	771	806	866	719	592	724	862	599	760	731	670
752	736	1	803	677	807	619	652	720	824	530	630	663	568	698
753	800	1	609	680	681	664	786	531	600	506	699	637
754	1	842	781	654	690	819	660	665	602	764	767
755	865	840	860	781	687	691	628	629	759	761	666	764	797	789
756	1	644	742	614	673	655	774	838	855	696	798
757	1	676	553	586	683	815	850	694	792	763	701
758	736	1	741	653	686	495	816	664	699	800
759	705	709	840	860	872	755	628	629	695	787	820	764	605	789
760	833	866	731	836	885	582	713	843	877	718	591	592	739	884	862	791	728	719	670	751
761	865	797	711	712	687	880	817	755	629	825	666	765	789
762	768	688	739	836	805	678	801	920	907	908	718	623	656	721	914	788	846	791	504	633	859
763	897	676	773	870	871	713	714	809	701	850	915	757	777	792	815	618	830
764	909	840	521	842	759	781	654	687	848	754	755	628	854	695	787	767
765	640	641	738	835	711	744	558	849	825	761	826	797
766	898	867	741	806	689	796	455	716	881	529	818	905	824	785	677
767	704	1	520	842	654	848	754	854	695	665	764
768	805	678	682	907	718	721	914	791	888	633	730	920	762	869
769	642	707	893	743	462	861	894	822	829	734	917
770	913	833	771	871	732	714	823	719	657	882	915	777	697	636
771	672	833	770	863	834	719	913	724	852	751	732	926	703
772	705	674	811	548	839	841	747	876	685	820	789	794	890
773	763	892	827	713	850	590	815	722	809	728	667	828	701
774	704	1	708	613	838	673	620	848	787	756	695	696
775	899	805	678	712	682	845	817	661	886	794	890	869
776	1	802	740	545	810	693	598	702
777	833	770	871	713	618	719	915	792	763	636	714	830
778	1	871	714	651	657	658	563	725	566	823	792	697	571
779	1	780	684	852	725	823	697	634	703
780	1	609	779	684	786	852	634	703
781	865	860	840	521	842	909	654	687	754	691	660	755	819	879	764	797
782	1	802	645	717	692	790	700	702	831
783	834	895	741	550	455	680	751	806	724	853	599	863	796	837
784	864	674	875	548	839	808	649	746	811	750	887	910	726	841	868	668	906
785	675	932	677	689	904	905	715	844	814	529	818	723	933	858	867	766	881
786	800	1	837	780	609	680	681	684	753	724	852	863	703
787	912	708	709	774	840	695	848	820	759	793	838	764
788	896	688	739	870	801	809	859	827	656	851	846	727	728	762	667
789	705	772	865	712	876	685	889	817	755	629	872	759	761	794	860	890
790	864	1	706	644	645	742	746	875	717	782	564	726	868	798	831
791	768	739	836	883	844	877	718	888	914	723	885	760	633	730	731	762	670
792	897	1	676	566	871	777	714	651	850	757	694	763	778
793	674	708	709	838	811	749	912	787	820	918	855
794	772	775	712	841	682	747	876	685	845	817	789	629	890	661
795	1	803	743	847	624	630	570	799	720	861	735
796	898	867	741	806	455	783	853	599	766	895
797	640	641	825	835	711	761	781	922	687	880	691	755	729	666	879	930	765	819	865
798	1	644	790	742	746	875	756	726	855	696
799	1	740	679	810	743	893	624	857	795	861	734	735
800	1	741	680	816	753	786	853	758	664	699	837
801	738	805	812	656	721	851	788	727	762	859	826	901
802	1	679	776	810	750	692	782	598	856	702	831
803	1	677	715	847	720	630	824	795	752
804	1	710	616	745	748	621	878	813	744	891
805	768	801	899	869	678	775	712	682	907	812	721	886	762	859	817
806	783	929	834	926	455	905	877	751	689	818	898	862	599	731	796	766	895
807	736	1	867	677	652	716	653	752	824	816
808	902	841	906	750	784	821	822	887	668	927
809	897	763	773	870	827	713	590	850	931	788	919	728	667	892	830
810	1	802	740	679	776	750	598	856	857	734	799
811	674	772	918	839	841	875	749	910	784	820	726	793	548
812	801	738	899	900	805	711	712	874	907	880	721	825	826	859	817	901
813	1	891	804	710	616	745	722	827	828	733
814	675	932	933	861	743	904	715	462	847	785	723	858	911	829	894	881
815	1	773	892	683	850	722	757	763	828	701
816	736	1	867	741	807	716	653	853	758	800
817	865	899	900	805	775	712	711	812	880	789	889	761	794	890
818	929	933	806	785	905	844	877	689	723	731	766
819	1	835	842	754	781	690	691	660	569	729	922	879	797
820	705	674	772	709	839	840	938	811	876	912	872	787	916	918	759	793
821	832	902	808	841	906	747	822	887	668	927
822	832	769	642	707	902	808	650	747	750	893	928	821	857	858	668	829	734	917
823	1	770	871	714	779	657	882	852	725	697	732	778
824	1	803	677	807	716	847	752	881	867	766
825	738	835	711	874	812	922	765	880	849	921	761	826	797
826	801	738	901	744	745	874	812	878	921	849	851	727	825	924	765
827	896	891	773	870	892	745	919	809	846	813	722	851	788	935	727	667	828
828	1	827	773	683	813	733	722	919	891	815	892	701
829	769	675	822	743	462	911	723	814	707	858	894	917
830	897	833	923	870	871	713	843	809	719	915	777	763
831	864	1	802	645	746	782	692	750	790	856
832	928	939	707	902	841	682	747	858	845	951	821	822	873	730	669	927
833	770	771	934	713	843	834	719	913	882	915	777	760	923	866	830
834	833	866	771	806	783	895	913	724	862	751	926	719	863
835	640	1	737	744	797	921	849	819	825	729	922	765
836	739	903	843	908	718	760	914	883	884	846	791	728	762	885
837	800	1	741	680	783	786	724	853	895	863
838	1	912	708	774	749	848	787	756	855	696	793
839	772	936	841	811	876	910	784	820	918	937	548
840	912	872	860	759	781	909	848	787	820	854	755	916	764
841	832	939	811	548	839	808	937	906	747	876	845	910	784	821	772	794	668	927
842	1	909	781	879	754	819	854	764	767
843	833	866	836	934	870	713	940	760	884	728	923	830
844	932	933	883	873	877	785	818	723	791	730	731	858	946
845	832	939	869	775	841	682	747	876	890	957	944	951	949	886	873	794	730
846	896	739	836	870	903	859	908	788	728	762	827
847	1	803	677	743	904	715	814	911	881	630	824	795	861
848	704	1	838	774	840	912	787	916	854	695	764	767
849	1	835	737	744	748	878	921	825	826	924	765
850	1	676	773	897	809	815	757	792	763	892
851	896	801	859	901	935	745	891	878	788	727	948	826	827	924	925
852	1	771	779	780	882	913	786	823	697	634	863	732	703
853	800	1	898	867	741	783	816	895	796	837
854	1	840	842	909	848	916	764	767
855	1	708	918	838	875	749	912	756	726	696	793	798
856	864	1	802	902	810	750	692	887	857	831
857	1	902	810	750	822	856	893	734	799
858	832	928	707	932	933	873	844	814	911	785	723	917	822	950	730	829
859	896	801	805	908	907	812	846	851	788	920	762	925	901
860	705	865	840	941	781	909	872	755	916	789	759	889
861	1	911	769	743	814	847	894	795	893	734	799
862	929	834	934	806	877	866	751	885	760	943	731	926
863	1	834	771	837	783	913	786	724	852	895	926	703
864	1	868	746	750	784	790	887	856	906	831
865	930	909	941	781	879	880	817	755	789	889	761	860	797
866	833	834	934	926	843	942	751	913	884	885	760	943	719	862
867	1	898	677	807	905	716	881	816	785	853	824	796	766	741
868	864	1	726	746	875	910	784	790	906
869	768	960	805	775	873	682	907	845	920	949	886	888	730	957
870	896	897	827	919	903	713	843	923	846	945	931	788	958	809	728	884	940	763	830
871	1	770	897	777	778	882	915	823	792	763	714	830
872	705	916	840	938	876	941	912	820	789	918	759	889	890	860
873	832	928	932	869	844	845	883	949	950	951	888	730	858
874	900	901	711	812	880	947	948	921	825	826	924
875	1	868	726	746	811	749	910	918	784	790	855	798
876	705	772	839	872	841	938	939	845	944	936	820	789	918	937	953	794	890
877	929	933	806	844	946	943	818	883	885	791	760	731	862
878	1	804	935	744	745	748	849	851	826	891	924
879	1	930	865	842	781	909	819	922	797
880	865	930	900	711	874	812	889	921	817	954	947	825	952	761	922	797
881	1	867	677	904	905	715	814	847	785	824	766
882	1	770	833	871	913	915	852	823	732
883	961	836	873	844	877	914	885	791	888	932	730	955	949	946
884	945	866	836	934	870	903	843	940	942	760	885	728	923
885	962	961	866	836	903	877	942	943	914	883	884	791	760	862	946
886	960	899	869	775	907	845	944	890	956	957	805
887	864	1	902	808	906	750	784	821	856	927
888	768	960	963	869	873	914	883	949	791	920	730	955
889	865	930	900	872	941	880	817	789	952	953	890	860	954
890	944	899	772	775	872	938	876	845	941	900	817	789	886	953	952	889	794	956
891	1	804	935	745	813	878	851	919	827	828
892	1	931	773	897	809	815	850	919	827	828
893	1	902	769	894	822	917	857	861	734	799
894	1	893	769	743	814	829	917	911	861
895	1	834	837	806	929	898	783	724	853	796	926	863
896	827	870	903	935	908	846	851	788	919	859	925	958	959
897	1	923	870	871	809	850	915	792	763	892	931	830
898	1	867	806	929	905	853	796	766	895
899	965	900	805	775	907	812	817	947	886	964	890	956	954	901
900	899	901	874	812	880	817	947	952	889	890	956	954
901	801	899	900	874	907	812	947	851	948	964	826	859	924	925
902	832	1	928	808	750	821	822	887	856	857	927	893	917
903	896	961	962	836	870	942	908	846	945	914	884	885	728	958
904	1	932	933	785	905	814	847	881	911
905	1	898	867	933	806	881	904	785	818	766	929
906	864	1	868	808	841	910	784	821	887	927
907	768	960	899	964	805	812	965	920	886	901	762	859	956	925	869
908	896	962	963	836	903	846	914	920	762	859	925	958	959
909	1	930	865	840	860	842	781	941	879	916	854	764
910	1	875	868	839	936	841	906	811	784	918	937	927
911	1	932	904	814	829	917	950	858	847	861	894
912	1	838	840	938	848	872	787	820	918	855	793	916
913	1	770	771	934	833	834	882	915	852	732	866	926	863
914	768	961	962	963	836	903	908	920	883	885	791	888	762	955
915	897	1	770	923	934	833	777	871	913	882	763	830
916	1	912	840	938	909	941	848	872	820	854	860
917	928	1	932	950	902	769	829	822	858	911	893	894
918	1	875	839	872	938	811	876	910	912	936	820	855	793
919	896	1	827	870	935	809	892	931	891	828	958
920	768	960	963	964	869	907	908	965	914	888	762	859	925	959
921	1	835	874	880	849	947	948	825	826	924	922
922	1	930	835	879	880	947	819	921	825	797
923	897	1	931	934	870	833	843	940	915	884	830
924	1	901	935	874	878	849	851	948	921	826
925	896	964	901	935	907	908	851	948	920	859	959
926	1	834	771	934	806	929	866	943	913	895	862	863
927	832	1	928	902	808	841	906	939	910	937	821	887
928	832	1	950	902	873	939	917	822	951	858	927
929	1	898	933	806	905	877	943	818	926	946	862	895
930	1	865	941	909	879	880	947	952	889	922	797
931	897	870	1	809	940	945	919	923	892	958
932	1	933	904	873	844	814	911	785	946	883	917	950	858	955	949
933	1	932	929	904	905	844	877	814	785	818	858	946
934	1	866	833	843	940	942	943	913	915	884	926	923	862
935	896	1	827	878	851	948	919	891	924	925	958	959
936	1	839	937	938	876	910	918	953
937	1	839	936	841	939	876	910	944	953	927
938	1	872	876	941	912	936	820	918	953	916	890
939	832	1	928	841	951	876	845	944	949	937	927
940	1	931	934	870	843	942	945	884	923
941	1	930	865	872	938	909	916	953	952	889	890	860
942	1	866	934	903	940	962	943	945	884	885
943	962	1	866	934	929	961	877	942	946	862	926	885
944	1	937	939	876	845	949	886	953	890	956	957
945	1	962	931	870	903	940	942	884	958
946	1	961	932	933	929	844	877	943	883	885	955
947	1	930	899	900	901	874	880	948	952	921	922	964	954
948	1	964	901	935	874	947	851	921	924	925	959
949	960	1	932	869	873	939	845	944	883	950	951	888	955	957
950	928	1	932	873	911	917	951	858	949
951	832	1	928	873	939	845	949	950
952	1	930	900	941	880	947	953	889	890	956	954
953	1	936	937	938	876	941	944	952	889	890	956
954	1	899	900	965	964	880	947	952	889	956
955	960	1	963	932	961	946	914	883	949	888
956	960	1	899	900	965	907	957	944	886	952	953	890	954
957	960	1	869	845	944	949	886	956
958	896	1	962	931	870	903	935	908	945	963	919	959
959	896	1	963	964	965	935	908	948	920	925	958
960	1	963	869	907	920	949	886	888	955	956	957	965
961	1	962	963	903	946	943	914	883	885	955
962	1	961	963	903	908	942	943	945	914	885	958
963	960	1	962	965	961	908	920	914	888	955	958	959
964	1	899	901	907	965	947	948	920	954	925	959
965	960	1	899	964	907	963	920	954	956	959
