2	209	0.904382
3	233	0.895103
4	12	0.935487
5	10	0.899005
6	15	0.897959
7	13	0.900699
8	184	0.853371
9	21	0.949832
10	20	0.940139
11	23	0.945046
12	16	0.931929
13	18	0.842857
14	24	0.920145
15	146	0.860892
16	27	0.200358
17	31	0.953566
18	26	0.856928
19	147	0.954042
20	163	0.95349
21	30	0.945014
22	164	0.957142
23	35	0.851125
24	36	0.866359
25	33	0.896604
26	41	0.805011
27	38	0.898166
28	40	0.940083
29	138	0.876154
30	37	0.94156
31	42	0.890239
32	45	0.750196
33	39	0.740833
34	149	0.0027553
35	46	0.612259
36	47	0.597533
37	48	0.592628
38	49	0.843477
39	43	0.941122
40	139	0.000720807
41	178	0.0074293
42	50	0.81189
43	140	0.0832014
44	142	0.883925
45	143	0.930208
46	139	0.048729
47	212	0.0076872
48	52	0.599455
49	53	0.370012
50	56	0.526514
51	51	0.00217377
52	55	0.818566
53	159	0.0010154
54	70	0.0603158
55	220	0.0261027
56	57	0.683796
57	193	0.00980038
58	64	0.392736
59	61	0.731584
60	69	0.252959
61	1	0.000197824
62	67	0.596768
63	77	0.0125661
64	187	0.0223509
65	1	7.06416e-05
66	144	0.000624566
67	65	0.526275
68	1	0.000113104
69	79	0.329675
70	1	7.76521e-05
71	76	0.476023
72	84	0.528615
73	85	0.00858369
74	1	0.000201896
75	1	0.000191816
76	90	0.0139241
77	189	0.00368724
78	1	0.000243486
79	1	0.000259173
80	1	0.000249427
81	1	0.000131865
82	1	0.000727143
83	87	0.000662691
84	1	7.88539e-05
85	1	0.000247291
86	1	0.000264914
87	90	0.0113266
88	1	0.000116977
89	1	0.000503597
90	1	0.000358298
91	1	0.000521682
92	246	0.0143194
93	1	0.00020677
94	1	0.000291949
95	1	0.00081041
96	1	0.00085591
97	1	0.000488113
98	1	0.000386865
99	1	0.00026191
100	1	0.000631124
101	1	0.000435455
102	1	0.000279266
103	1	0.000342078
104	1	0.000670027
105	1	0.000730879
106	1	0.000148956
107	1	0.00034368
108	1	4.20651e-05
109	1	0.000293551
110	1	0.000225328
111	1	0.000522083
112	1	0.000432251
113	1	0.000375452
114	1	0.00073922
115	1	0.000156033
116	1	0.000111702
117	1	0.000722206
118	1	0.000471762
119	1	0.000174725
120	1	0.000306968
121	1	0.000403018
122	1	0.000416433
123	1	0.000148288
124	1	0.000608836
125	1	6.4232e-05
126	1	9.15394e-05
127	1	0.000492718
128	1	0.000157101
129	1	0.00032172
130	1	0.000408224
131	1	0.000192283
132	1	0.000160839
133	1	0.000272857
134	1	0.000300493
135	1	8.80676e-05
136	1	0.000173724
137	1	0.000165713
138	1	0.000121917
139	1	0.000344748
140	60	0.2782
141	98	0.196179
142	1	0.000764974
143	254	0.887434
144	34	0.939459
145	68	0.417864
146	81	0.392729
147	1	0.000522216
148	1	0.00046422
149	101	0.00429359
150	1	0.000586081
151	166	0.0418334
152	1	0.000897605
153	1	0.000286341
154	264	0.895219
155	203	0.959567
156	177	0.958492
157	150	0.93066
158	72	0.346911
159	71	0.61399
160	88	0.468933
161	94	0.262717
162	1	0.000407423
163	227	0.922267
164	62	0.261328
165	80	0.459216
166	93	0.0157987
167	103	0.0623252
168	231	0.0374414
169	234	0.963552
170	162	0.954643
171	249	0.929309
172	210	0.916858
173	141	0.85641
174	54	0.814605
175	1	0.000570132
176	1	0.000640733
177	248	0.936328
178	27	0.888486
179	70	0.548048
180	95	0.282353
181	1	0.00029829
182	103	0.472393
183	156	0.0441904
184	1	0.000788459
185	263	0.893081
186	165	0.945095
187	192	0.937769
188	78	0.339219
189	74	0.726306
190	91	0.310648
191	1	0.000653478
192	268	0.925499
193	220	0.662515
194	178	0.355272
195	51	0.844761
196	1	0.000329329
197	1	0.00061631
198	1	0.000785657
199	242	0.927778
200	139	0.758743
201	58	0.746408
202	66	0.723293
203	107	0.00170564
204	1	0.000977122
205	174	0.00141129
206	204	0.913404
207	75	0.016976
208	87	0.582845
209	97	0.147512
210	1	0.000977456
211	149	0.929138
212	151	0.904938
213	59	0.855322
214	73	0.63972
215	82	0.572595
216	83	0.611844
217	89	0.752133
218	100	0.0149425
219	215	0.0107069
220	1	0.000484776
221	1	0.000472163
222	288	0.947074
223	255	0.931059
224	185	0.882481
225	140	0.885059
226	63	0.773547
227	159	0.926444
228	99	0.311762
229	200	0.00317322
230	1	0.000769578
231	171	0.00742911
232	219	0.949418
233	77	0.677295
234	109	0.325569
235	113	0.0414765
236	123	0.00096965
237	183	0.00396633
238	1	0.000928692
239	1	0.000381659
240	1	0.000754299
241	1	0.000705058
242	1	0.000676299
243	75	0.671719
244	153	0.91772
245	85	0.614128
246	90	0.779498
247	102	0.599164
248	108	0.248407
249	111	0.0114393
250	1	0.000432652
251	269	0.952634
252	289	0.948202
253	277	0.949081
254	152	0.925764
255	86	0.614463
256	92	0.498356
257	96	0.767215
258	104	0.286878
259	191	0.0246253
260	158	0.00929538
261	1	0.000657482
262	290	0.950824
263	221	0.892287
264	194	0.950306
265	101	0.686224
266	115	0.147105
267	1	0.000419503
268	243	0.946259
269	235	0.940459
270	193	0.681222
271	122	0.171904
272	200	0.0312592
273	1	0.000699786
274	231	0.0134156
275	348	0.900155
276	167	0.926446
277	144	0.904965
278	189	0.411792
279	110	0.651436
280	1	0.000682705
281	236	0.948798
282	212	0.641906
283	244	0.946728
284	187	0.924611
285	172	0.951883
286	224	0.0229008
287	105	0.668973
288	1	0.00055832
289	126	0.272544
290	1	0.000723073
291	301	0.918883
292	213	0.945865
293	168	0.0199067
294	125	0.310685
295	347	0.908615
296	368	0.904406
297	312	0.946097
298	265	0.943495
299	266	0.951096
300	178	0.771022
301	166	0.927785
302	160	0.941503
303	106	0.529886
304	112	0.619716
305	116	0.563885
306	120	0.346691
307	121	0.455301
308	129	0.00782925
309	369	0.902885
310	364	0.780042
311	313	0.947873
312	306	0.886964
313	302	0.64722
314	262	0.949119
315	70	0.62046
316	154	0.931853
317	114	0.591529
318	161	0.000615038
319	412	0.920368
320	256	0.933689
321	250	0.89017
322	186	0.921295
323	279	0.692085
324	291	0.950208
325	292	0.928091
326	93	0.885246
327	100	0.827593
328	129	0.0256274
329	323	0.935682
330	195	0.920369
331	222	0.943144
332	197	0.939692
333	107	0.748299
334	119	0.53932
335	128	0.402186
336	1	0.000299158
337	278	0.937588
338	156	0.913524
339	145	0.795006
340	201	0.163654
341	363	0.955051
342	322	0.955638
343	371	0.93708
344	280	0.950953
345	245	0.940673
346	196	0.937802
347	188	0.933921
348	229	0.941448
349	198	0.936427
350	118	0.695104
351	127	0.494862
352	428	0.928323
353	392	0.943801
354	393	0.957962
355	356	0.950238
356	344	0.94595
357	270	0.894761
358	267	0.941945
359	294	0.948777
360	228	0.901749
361	257	0.899708
362	123	0.67836
363	161	0.186389
364	305	0.910112
365	338	0.944193
366	212	0.571004
367	314	0.895286
368	181	0.924805
369	113	0.804092
370	370	0.939507
371	394	0.926908
372	333	0.949558
373	293	0.846513
374	324	0.928208
375	180	0.914706
376	168	0.854622
377	206	0.934532
378	117	0.797354
379	217	0.00948738
380	345	0.961309
381	346	0.946399
382	155	0.797787
383	111	0.840353
384	133	0.474568
385	418	0.892998
386	357	0.947635
387	349	0.542811
388	279	0.547553
389	298	0.577023
390	315	0.890835
391	299	0.936126
392	214	0.930027
393	205	0.938365
394	179	0.94006
395	189	0.744853
396	259	0.915807
397	230	0.922743
398	190	0.938181
399	169	0.933216
400	170	0.921315
401	174	0.605236
402	134	0.489641
403	148	0.0233877
404	439	0.93654
405	424	0.948454
406	395	0.89082
407	223	0.938275
408	136	0.232422
409	193	0.472509
410	271	0.941508
411	224	0.891924
412	173	0.90446
413	182	0.924127
414	130	0.572407
415	131	0.765066
416	132	0.675911
417	176	0.0145692
418	135	0.314838
419	237	0.948439
420	246	0.909711
421	157	0.929926
422	124	0.738553
423	350	0.919731
424	273	0.95227
425	158	0.900532
426	176	0.00872988
427	402	0.895383
428	349	0.704508
429	358	0.928049
430	298	0.656347
431	281	0.916079
432	316	0.935359
433	258	0.909778
434	111	0.00590874
435	199	0.910678
436	183	0.870363
437	372	0.933457
438	325	0.930907
439	272	0.953085
440	251	0.943645
441	226	0.94919
442	174	0.618687
443	231	0.884753
444	129	0.843427
445	225	0.937469
446	171	0.893121
447	486	0.88347
448	302	0.602793
449	383	0.951783
450	397	0.935763
451	334	0.957418
452	200	0.937809
453	201	0.879356
454	191	0.926734
455	161	0.845948
456	487	0.912804
457	443	0.930936
458	364	0.416602
459	410	0.935843
460	365	0.941138
461	339	0.622135
462	340	0.952628
463	307	0.949976
464	326	0.934803
465	238	0.904715
466	175	0.931488
467	489	0.949159
468	454	0.946307
469	478	0.898748
470	419	0.930736
471	359	0.943358
472	404	0.938188
473	374	0.907518
474	341	0.919433
475	335	0.933325
476	308	0.949285
477	282	0.906042
478	207	0.932269
479	208	0.930766
480	425	0.950055
481	455	0.94347
482	373	0.950394
483	300	0.948003
484	296	0.939075
485	284	0.942614
486	215	0.934053
487	216	0.893829
488	148	0.837867
489	521	0.906629
490	522	0.921138
491	434	0.954772
492	403	0.938396
493	429	0.913951
494	283	0.939443
495	327	0.918597
496	295	0.94467
497	274	0.944897
498	490	0.541901
499	396	0.950703
500	351	0.892135
501	339	0.587137
502	366	0.957283
503	260	0.936935
504	132	0.0143219
505	466	0.944559
506	398	0.883455
507	176	0.867555
508	529	0.894352
509	488	0.911075
510	413	0.937932
511	405	0.886839
512	342	0.939624
513	309	0.946956
514	353	0.655064
515	261	0.926274
516	506	0.919362
517	467	0.954441
518	469	0.891004
519	436	0.879714
520	400	0.934305
521	317	0.936454
522	285	0.947185
523	202	0.876932
524	515	0.888289
525	490	0.399474
526	444	0.891936
527	384	0.947864
528	352	0.949312
529	252	0.897076
530	241	0.896595
531	240	0.94642
532	247	0.936632
533	232	0.891553
534	217	0.861425
535	479	0.889409
536	461	0.94606
537	445	0.908526
538	435	0.887704
539	360	0.950254
540	386	0.906955
541	330	0.937164
542	239	0.871943
543	530	0.937347
544	498	0.942989
545	507	0.932755
546	420	0.917202
547	275	0.944115
548	253	0.887622
549	490	0.437506
550	532	0.934945
551	480	0.960907
552	456	0.931912
553	472	0.943374
554	411	0.950234
555	385	0.937104
556	328	0.89835
557	318	0.935145
558	354	0.898584
559	336	0.889112
560	218	0.881569
561	499	0.924182
562	430	0.930563
563	399	0.942419
564	431	0.927308
565	375	0.952118
566	361	0.910426
567	414	0.941283
568	353	0.537301
569	311	0.926597
570	587	0.918753
571	531	0.895208
572	468	0.951396
573	492	0.943843
574	446	0.899349
575	332	0.907845
576	276	0.931703
577	447	0.92872
578	440	0.903297
579	376	0.938508
580	329	0.879876
581	310	0.927418
582	319	0.934428
583	304	0.938379
584	533	0.947392
585	457	0.945706
586	406	0.935326
587	378	0.943587
588	303	0.885682
589	331	0.938528
590	491	0.937433
591	387	0.929006
592	401	0.936058
593	297	0.942674
594	578	0.907846
595	592	0.902324
596	553	0.917897
597	516	0.946327
598	493	0.949522
599	473	0.910061
600	426	0.910853
601	377	0.943433
602	380	0.952751
603	523	0.936001
604	362	0.88354
605	286	0.901742
606	579	0.944471
607	534	0.859994
608	568	0.883266
609	437	0.931276
610	475	0.899833
611	379	0.944187
612	388	0.925913
613	343	0.888148
614	287	0.897013
615	554	0.93692
616	544	0.928259
617	470	0.947896
618	458	0.951626
619	427	0.945117
620	422	0.89494
621	580	0.931445
622	588	0.935028
623	543	0.934461
624	494	0.934948
625	501	0.893003
626	416	0.934088
627	337	0.903311
628	581	0.879233
629	525	0.940644
630	451	0.937622
631	367	0.939532
632	390	0.944472
633	320	0.881448
634	321	0.898049
635	573	0.884535
636	524	0.915839
637	548	0.923557
638	481	0.951178
639	482	0.931856
640	448	0.930283
641	415	0.935138
642	389	0.949095
643	381	0.951571
644	535	0.941656
645	508	0.938522
646	526	0.937591
647	536	0.913514
648	432	0.942518
649	382	0.907864
650	355	0.866505
651	608	0.930278
652	585	0.931625
653	555	0.931231
654	527	0.926231
655	502	0.933005
656	462	0.908213
657	391	0.928137
658	620	0.85974
659	509	0.890307
660	517	0.949029
661	510	0.888222
662	421	0.948943
663	622	0.876859
664	569	0.92201
665	556	0.923409
666	564	0.93416
667	474	0.939
668	503	0.938547
669	450	0.911186
670	452	0.889743
671	407	0.89818
672	408	0.942773
673	621	0.943304
674	609	0.921309
675	582	0.935092
676	574	0.879045
677	477	0.936178
678	607	0.947711
679	600	0.927074
680	589	0.899035
681	602	0.886038
682	559	0.910434
683	476	0.949233
684	459	0.920716
685	417	0.940106
686	640	0.874559
687	655	0.894959
688	625	0.892334
689	570	0.917227
690	560	0.930126
691	537	0.92939
692	518	0.949376
693	512	0.934345
694	483	0.8868
695	438	0.905006
696	409	0.914425
697	320	0.0352009
698	590	0.915818
699	546	0.903936
700	496	0.912754
701	463	0.918902
702	453	0.946615
703	643	0.877305
704	593	0.929995
705	613	0.877267
706	538	0.913109
707	571	0.902589
708	511	0.603081
709	495	0.93649
710	500	0.931955
711	513	0.937976
712	460	0.947653
713	484	0.921128
714	471	0.662489
715	441	0.905914
716	644	0.938687
717	629	0.895032
718	594	0.907485
719	610	0.908969
720	565	0.93466
721	566	0.920278
722	423	0.922612
723	669	0.911667
724	614	0.893643
725	575	0.947595
726	572	0.932649
727	596	0.900823
728	576	0.938204
729	545	0.931517
730	511	0.607464
731	540	0.933059
732	504	0.925416
733	464	0.896403
734	442	0.911423
735	684	0.874572
736	674	0.871807
737	665	0.497059
738	637	0.936083
739	630	0.919407
740	539	0.926632
741	557	0.933061
742	465	0.904829
743	433	0.911227
744	603	0.896282
745	485	0.941185
746	449	0.914844
747	664	0.89754
748	645	0.925326
749	658	0.912554
750	604	0.936203
751	549	0.936909
752	497	0.932963
753	646	0.928004
754	638	0.89934
755	641	0.921782
756	601	0.92956
757	471	0.563259
758	514	0.911001
759	665	0.712014
760	666	0.925093
761	595	0.886846
762	623	0.912462
763	605	0.906731
764	550	0.894936
765	583	0.897462
766	562	0.914508
767	528	0.933547
768	675	0.928067
769	659	0.9308
770	648	0.920479
771	597	0.934647
772	567	0.927329
773	677	0.863307
774	647	0.888054
775	547	0.945647
776	697	0.893982
777	685	0.93109
778	656	0.880792
779	561	0.945555
780	551	0.939506
781	520	0.904558
782	701	0.880598
783	676	0.884672
784	670	0.936398
785	667	0.939088
786	519	0.894817
787	541	0.925078
788	626	0.786229
789	626	0.338785
790	577	0.923989
791	505	0.891049
792	671	0.905931
793	649	0.929526
794	650	0.905466
795	606	0.912205
796	615	0.940868
797	624	0.900988
798	552	0.874278
799	686	0.887053
800	660	0.937777
801	678	0.89742
802	584	0.668211
803	542	0.906576
804	706	0.871833
805	631	0.952433
806	611	0.951098
807	586	0.905306
808	710	0.911949
809	700	0.892247
810	707	0.850946
811	692	0.93872
812	687	0.925219
813	635	0.907506
814	657	0.929244
815	558	0.908381
816	563	0.916229
817	721	0.912663
818	720	0.856667
819	688	0.911769
820	689	0.928729
821	642	0.933562
822	598	0.941015
823	591	0.922805
824	584	0.57409
825	698	0.924237
826	672	0.935543
827	632	0.946133
828	679	0.945216
829	680	0.944059
830	628	0.939905
831	599	0.882055
832	627	0.917193
833	662	0.8982
834	616	0.94555
835	727	0.897631
836	716	0.895897
837	639	0.9511
838	681	0.937228
839	682	0.947561
840	699	0.877314
841	693	0.899876
842	661	0.940936
843	636	0.938955
844	612	0.932178
845	618	0.916743
846	713	0.889381
847	695	0.896042
848	633	0.9496
849	652	0.914894
850	739	0.910095
851	668	0.936233
852	619	0.913813
853	730	0.908244
854	733	0.864306
855	725	0.8992
856	708	0.902854
857	690	0.941753
858	683	0.924399
859	617	0.907623
860	740	0.899391
861	717	0.905109
862	651	0.920398
863	663	0.919131
864	741	0.920699
865	634	0.917432
866	742	0.910252
867	702	0.915221
868	653	0.9243
869	654	0.917539
870	750	0.919496
871	731	0.904407
872	734	0.9102
873	718	0.918463
874	719	0.898968
875	748	0.928731
876	743	0.922328
877	703	0.909144
878	757	0.940663
879	673	0.905623
880	749	0.922236
881	744	0.893539
882	735	0.929614
883	728	0.920978
884	694	0.9091
885	751	0.942386
886	752	0.930443
887	722	0.910957
888	709	0.898926
889	691	0.892209
890	714	0.899499
891	729	0.936784
892	711	0.921978
893	712	0.928426
894	755	0.936619
895	696	0.931023
896	754	0.901592
897	704	0.918295
898	753	0.614344
899	745	0.915695
900	746	0.944538
901	726	0.91718
902	705	0.927292
903	753	0.607198
904	715	0.934625
905	747	0.941317
906	732	0.935381
907	723	0.930701
908	756	0.931321
909	736	0.920551
910	724	0.934301
911	737	0.930716
912	738	0.934121
