2	266	0.679376
3	4	0.88849
4	2	0.930813
5	7	0.829586
6	9	0.909176
7	11	0.942142
8	10	0.873768
9	220	0.896102
10	270	0.550787
11	14	0.929648
12	15	0.915006
13	271	0.930221
14	282	0.960662
15	22	0.877963
16	23	0.799813
17	24	0.950346
18	27	0.934783
19	26	0.947447
20	29	0.927204
21	238	0.949501
22	215	0.949732
23	211	0.917341
24	224	0.958165
25	262	0.926479
26	244	0.941749
27	246	0.956045
28	35	0.962067
29	36	0.917831
30	37	0.796209
31	38	0.876909
32	239	0.962869
33	229	0.883876
34	43	0.941701
35	45	0.954038
36	274	0.873059
37	251	0.954295
38	50	0.905831
39	49	0.856596
40	240	0.959451
41	47	0.914347
42	52	0.949444
43	53	0.916746
44	252	0.91478
45	230	0.906262
46	63	0.825536
47	60	0.507929
48	253	0.936137
49	59	0.771509
50	290	0.914114
51	226	0.940728
52	65	0.955879
53	64	0.942136
54	263	0.940962
55	63	0.265113
56	275	0.939786
57	79	0.820577
58	71	0.792865
59	74	0.923411
60	77	0.862236
61	292	0.699683
62	299	0.956687
63	221	0.933261
64	81	0.908962
65	76	0.802685
66	79	0.255139
67	446	0.660532
68	225	0.939838
69	84	0.942544
70	276	0.912459
71	254	0.948051
72	83	0.925299
73	293	0.957658
74	205	0.92433
75	86	0.257179
76	247	0.917479
77	216	0.945553
78	89	0.737109
79	217	0.940302
80	227	0.883867
81	231	0.951613
82	92	0.865483
83	93	0.955717
84	255	0.9511
85	232	0.788322
86	248	0.936898
87	218	0.932295
88	102	0.928182
89	106	0.936703
90	104	0.655796
91	256	0.680987
92	219	0.909786
93	109	0.729284
94	233	0.915343
95	107	0.892563
96	115	0.922166
97	116	0.93934
98	117	0.810984
99	120	0.943325
100	286	0.957935
101	119	0.945264
102	250	0.931004
103	125	0.872699
104	127	0.81021
105	121	0.905316
106	278	0.911921
107	222	0.934015
108	126	0.846904
109	128	0.410718
110	130	0.889302
111	267	0.919338
112	208	0.912139
113	132	0.919038
114	133	0.903036
115	206	0.898876
116	234	0.932676
117	228	0.637272
118	258	0.942314
119	136	0.93676
120	142	0.77021
121	143	0.930198
122	279	0.942973
123	209	0.803914
124	146	0.782871
125	149	0.918614
126	235	0.853173
127	296	0.902217
128	259	0.912676
129	264	0.688283
130	151	0.944515
131	154	0.836251
132	153	0.829874
133	158	0.780836
134	213	0.925776
135	160	0.698299
136	265	0.926371
137	159	0.729664
138	214	0.843353
139	162	0.950322
140	302	0.952347
141	207	0.906831
142	241	0.887879
143	306	0.93328
144	165	0.873509
145	242	0.913895
146	172	0.894955
147	178	0.913325
148	268	0.895598
149	284	0.94778
150	223	0.908483
151	280	0.932026
152	335	0.911461
153	314	0.707653
154	210	0.813601
155	260	0.891416
156	236	0.906207
157	182	0.870773
158	243	0.944158
159	185	0.817339
160	190	0.868483
161	192	0.913124
162	289	0.937833
163	196	0.888609
164	195	0.684752
165	261	0.809577
166	270	0.709977
167	249	0.953014
168	297	0.91528
169	272	0.938988
170	294	0.948814
171	301	0.940231
172	288	0.929282
173	273	0.939366
174	285	0.937665
175	269	0.900776
176	283	0.913581
177	543	0.508722
178	473	0.613732
179	281	0.927348
180	237	0.968332
181	300	0.93248
182	304	0.965976
183	277	0.962317
184	312	0.91782
185	313	0.901564
186	315	0.857824
187	339	0.900446
188	307	0.951929
189	305	0.928285
190	338	0.769828
191	295	0.775936
192	295	0.445018
193	311	0.840093
194	319	0.92001
195	348	0.910299
196	303	0.843235
197	317	0.942066
198	331	0.813753
199	325	0.886504
200	310	0.9356
201	336	0.914119
202	346	0.876335
203	308	0.908405
204	316	0.954648
205	330	0.955183
206	291	0.915143
207	343	0.922645
208	245	0.956677
209	309	0.929092
210	340	0.95307
211	341	0.907841
212	323	0.946169
213	333	0.897042
214	347	0.933378
215	326	0.657531
216	228	0.576788
217	334	0.864654
218	355	0.915851
219	337	0.909034
220	324	0.939839
221	345	0.94024
222	328	0.929288
223	321	0.932871
224	298	0.968182
225	350	0.900497
226	327	0.936346
227	332	0.938924
228	360	0.90977
229	377	0.903855
230	379	0.658234
231	351	0.927028
232	111	0.833083
233	344	0.858491
234	354	0.908787
235	366	0.937001
236	320	0.919777
237	363	0.938685
238	374	0.9618
239	353	0.908439
240	322	0.959598
241	380	0.935126
242	373	0.933206
243	357	0.932105
244	359	0.93991
245	386	0.924019
246	329	0.955556
247	362	0.907685
248	368	0.935091
249	365	0.946546
250	128	0.754821
251	352	0.95532
252	356	0.856726
253	415	0.908523
254	388	0.854566
255	382	0.924073
256	349	0.868011
257	361	0.93228
258	364	0.910009
259	124	0.889299
260	318	0.911616
261	376	0.905919
262	342	0.951664
263	369	0.890674
264	370	0.958895
265	371	0.901063
266	418	0.931883
267	372	0.954332
268	389	0.942408
269	400	0.906274
270	394	0.893871
271	378	0.757047
272	414	0.714411
273	393	0.706186
274	358	0.764977
275	391	0.952671
276	384	0.938573
277	385	0.938714
278	395	0.928974
279	405	0.942831
280	396	0.926226
281	421	0.901415
282	412	0.938334
283	477	0.627048
284	409	0.929099
285	390	0.928453
286	406	0.902367
287	397	0.93201
288	398	0.895605
289	375	0.903261
290	417	0.92851
291	399	0.928053
292	420	0.943555
293	367	0.962839
294	413	0.940508
295	416	0.955252
296	381	0.908054
297	408	0.930077
298	264	0.45418
299	401	0.956121
300	403	0.881879
301	404	0.901883
302	387	0.913732
303	439	0.933244
304	407	0.927247
305	440	0.943867
306	451	0.908709
307	422	0.944643
308	427	0.93868
309	428	0.93641
310	432	0.553495
311	419	0.901838
312	467	0.893089
313	402	0.945055
314	411	0.951055
315	425	0.955397
316	429	0.940719
317	465	0.916209
318	314	0.509228
319	459	0.922069
320	410	0.961365
321	454	0.928097
322	444	0.94764
323	455	0.911568
324	426	0.935308
325	424	0.958497
326	423	0.928084
327	435	0.931817
328	437	0.90744
329	457	0.955892
330	443	0.914487
331	292	0.558571
332	436	0.955122
333	438	0.961977
334	431	0.909133
335	466	0.887279
336	452	0.931309
337	481	0.919608
338	456	0.937793
339	676	0.64811
340	433	0.910388
341	491	0.943031
342	458	0.892507
343	434	0.914587
344	462	0.964211
345	470	0.934436
346	488	0.6963
347	432	0.618593
348	460	0.71604
349	453	0.943361
350	468	0.942212
351	485	0.935144
352	469	0.922418
353	448	0.670706
354	450	0.963203
355	483	0.871958
356	484	0.946361
357	486	0.662746
358	430	0.929977
359	464	0.952368
360	447	0.904349
361	460	0.362075
362	476	0.900494
363	471	0.930243
364	494	0.926354
365	441	0.941963
366	442	0.94211
367	475	0.962152
368	379	0.593688
369	478	0.904614
370	503	0.894667
371	515	0.907699
372	461	0.936123
373	496	0.960541
374	497	0.936009
375	482	0.941467
376	287	0.582319
377	500	0.950134
378	474	0.900759
379	506	0.902621
380	521	0.928557
381	510	0.918095
382	498	0.925272
383	495	0.917265
384	492	0.938992
385	487	0.942335
386	414	0.544867
387	499	0.903841
388	505	0.945848
389	480	0.948123
390	489	0.948354
391	524	0.921249
392	501	0.88813
393	502	0.93792
394	508	0.75639
395	511	0.949281
396	512	0.939601
397	542	0.931318
398	519	0.943988
399	514	0.904024
400	479	0.921162
401	507	0.904924
402	516	0.941562
403	517	0.942625
404	518	0.902046
405	513	0.955344
406	472	0.932241
407	490	0.924752
408	504	0.907153
409	535	0.68225
410	539	0.912614
411	522	0.948654
412	111	0.301405
413	547	0.93133
414	520	0.928751
415	525	0.922502
416	538	0.92414
417	508	0.470163
418	509	0.948581
419	528	0.923715
420	445	0.958652
421	532	0.930261
422	534	0.919692
423	579	0.677399
424	526	0.956315
425	529	0.93836
426	486	0.522467
427	393	0.499841
428	533	0.81361
429	536	0.879183
430	557	0.913548
431	545	0.944891
432	546	0.930971
433	556	0.914951
434	537	0.935878
435	541	0.949836
436	552	0.926374
437	530	0.942412
438	531	0.922624
439	544	0.938599
440	535	0.473377
441	553	0.952144
442	488	0.479833
443	523	0.948081
444	555	0.944869
445	326	0.555207
446	540	0.421476
447	548	0.777809
448	549	0.947285
449	575	0.90652
450	551	0.94775
451	566	0.933944
452	560	0.940225
453	562	0.912585
454	596	0.907547
455	581	0.64055
456	569	0.889072
457	570	0.89643
458	571	0.912866
459	567	0.917557
460	564	0.927148
461	559	0.948063
462	550	0.692529
463	591	0.94722
464	493	0.947612
465	578	0.918921
466	600	0.889786
467	595	0.909134
468	563	0.932601
469	558	0.95057
470	574	0.950482
471	576	0.948457
472	561	0.932572
473	573	0.940664
474	589	0.931327
475	586	0.947524
476	477	0.635236
477	580	0.786561
478	527	0.941354
479	550	0.555646
480	577	0.953792
481	565	0.94413
482	599	0.940711
483	587	0.89971
484	554	0.409582
485	588	0.945376
486	618	0.884699
487	633	0.698809
488	582	0.929761
489	606	0.896683
490	585	0.947468
491	603	0.93444
492	568	0.868164
493	635	0.925258
494	602	0.931447
495	581	0.518746
496	637	0.922862
497	590	0.948442
498	604	0.939558
499	628	0.941825
500	629	0.928062
501	594	0.924045
502	583	0.91495
503	592	0.935146
504	625	0.961859
505	593	0.895475
506	605	0.947734
507	617	0.914602
508	649	0.896063
509	614	0.918868
510	619	0.912672
511	620	0.896653
512	623	0.959645
513	638	0.931132
514	607	0.70193
515	630	0.945383
516	608	0.903741
517	648	0.900303
518	609	0.901926
519	621	0.802512
520	597	0.95969
521	624	0.919688
522	612	0.915686
523	598	0.923786
524	613	0.92338
525	626	0.9376
526	572	0.840184
527	640	0.910474
528	632	0.936381
529	634	0.934681
530	584	0.952063
531	610	0.942344
532	611	0.967861
533	645	0.938685
534	652	0.947874
535	627	0.832192
536	666	0.91047
537	653	0.93625
538	657	0.93941
539	622	0.945903
540	641	0.941371
541	448	0.317908
542	579	0.560492
543	682	0.901206
544	636	0.939525
545	686	0.944302
546	659	0.934527
547	668	0.660049
548	655	0.913968
549	654	0.930499
550	616	0.875498
551	698	0.942305
552	656	0.89175
553	631	0.913933
554	678	0.887969
555	680	0.608747
556	650	0.956362
557	658	0.954431
558	663	0.936453
559	662	0.941273
560	615	0.873575
561	669	0.330548
562	660	0.938324
563	639	0.921917
564	670	0.846355
565	677	0.947769
566	684	0.956919
567	665	0.9409
568	642	0.910315
569	643	0.941643
570	681	0.917711
571	667	0.930338
572	644	0.953775
573	651	0.933538
574	664	0.952761
575	669	0.462764
576	691	0.939613
577	646	0.930612
578	690	0.91168
579	661	0.947743
580	693	0.929356
581	685	0.926539
582	694	0.958939
583	647	0.860751
584	675	0.929823
585	697	0.92813
586	692	0.743446
587	703	0.935827
588	705	0.908335
589	701	0.93277
590	687	0.934224
591	672	0.938287
592	673	0.960839
593	689	0.934229
594	707	0.890455
595	679	0.930103
596	706	0.930272
597	696	0.925324
598	448	0.372995
599	714	0.939403
600	607	0.50428
601	727	0.928739
602	683	0.873731
603	699	0.943526
604	704	0.951276
605	711	0.941658
606	695	0.904163
607	716	0.936847
608	702	0.948947
609	674	0.735224
610	633	0.499246
611	736	0.935541
612	708	0.961147
613	742	0.607226
614	720	0.933384
615	731	0.94262
616	700	0.946621
617	688	0.829458
618	671	0.944757
619	712	0.946731
620	715	0.947444
621	733	0.95188
622	750	0.910789
623	726	0.923077
624	761	0.685787
625	723	0.939259
626	732	0.929915
627	717	0.932397
628	728	0.915256
629	719	0.952626
630	722	0.955951
631	725	0.652459
632	758	0.950348
633	760	0.926834
634	721	0.929891
635	748	0.666737
636	739	0.947906
637	768	0.935184
638	735	0.491232
639	680	0.577579
640	710	0.871677
641	744	0.933684
642	724	0.918221
643	757	0.944263
644	747	0.916714
645	554	0.466126
646	734	0.927993
647	737	0.958481
648	729	0.945901
649	753	0.96863
650	756	0.930716
651	767	0.931746
652	746	0.955861
653	718	0.913185
654	770	0.935896
655	740	0.927042
656	741	0.921486
657	762	0.945696
658	730	0.930729
659	745	0.919461
660	713	0.922523
661	738	0.909967
662	769	0.906376
663	759	0.92642
664	776	0.915823
665	754	0.947958
666	778	0.900058
667	743	0.948535
668	749	0.924123
669	796	0.940523
670	771	0.914286
671	797	0.689169
672	772	0.956346
673	773	0.942283
674	766	0.943007
675	751	0.934186
676	752	0.938014
677	763	0.945267
678	787	0.941679
679	782	0.925267
680	777	0.941837
681	764	0.942558
682	785	0.949518
683	780	0.896952
684	781	0.93057
685	808	0.919153
686	809	0.64001
687	755	0.898454
688	784	0.95558
689	788	0.937929
690	791	0.95241
691	799	0.633845
692	804	0.944383
693	789	0.924816
694	813	0.926552
695	798	0.898925
696	765	0.918807
697	792	0.92066
698	786	0.924872
699	800	0.936115
700	783	0.922449
701	735	0.670984
702	725	0.527789
703	775	0.933898
704	801	0.930965
705	816	0.955232
706	806	0.948035
707	795	0.926981
708	835	0.919579
709	828	0.703104
710	779	0.923445
711	807	0.927455
712	790	0.604857
713	812	0.916553
714	802	0.944137
715	810	0.936516
716	805	0.942684
717	688	0.254101
718	817	0.944782
719	793	0.909843
720	819	0.890894
721	815	0.942235
722	794	0.887056
723	742	0.638252
724	839	0.566679
725	840	0.940192
726	834	0.921482
727	838	0.943459
728	844	0.954376
729	833	0.933206
730	814	0.948423
731	883	0.53752
732	811	0.950213
733	774	0.931778
734	668	0.612125
735	748	0.54969
736	824	0.929686
737	825	0.932347
738	692	0.454195
739	826	0.935406
740	837	0.95947
741	829	0.947542
742	960	0.405914
743	832	0.948419
744	818	0.561859
745	827	0.93896
746	843	0.942083
747	860	0.95962
748	822	0.930474
749	823	0.945486
750	851	0.949622
751	836	0.957775
752	761	0.567643
753	830	0.633318
754	862	0.540159
755	850	0.951125
756	842	0.93964
757	852	0.939943
758	821	0.897597
759	846	0.925206
760	674	0.516915
761	848	0.919548
762	849	0.947493
763	866	0.959531
764	856	0.907149
765	857	0.935995
766	803	0.944409
767	861	0.948518
768	841	0.939786
769	874	0.94883
770	818	0.629375
771	845	0.929539
772	863	0.932821
773	870	0.939534
774	871	0.927877
775	864	0.923105
776	858	0.952001
777	878	0.9377
778	908	0.61413
779	853	0.932541
780	820	0.939428
781	877	0.946175
782	859	0.939948
783	854	0.938078
784	885	0.946589
785	873	0.911529
786	847	0.897785
787	669	0.137675
788	868	0.93293
789	886	0.937006
790	890	0.937938
791	903	0.918027
792	797	0.505731
793	881	0.944018
794	865	0.948798
795	884	0.942884
796	879	0.932046
797	880	0.93195
798	869	0.912012
799	872	0.940525
800	893	0.939503
801	882	0.93018
802	889	0.950345
803	898	0.952889
804	887	0.934725
805	876	0.926779
806	894	0.952265
807	839	0.629662
808	669	0.447327
809	875	0.923476
810	902	0.924711
811	855	0.912622
812	915	0.934679
813	919	0.945342
814	799	0.598358
815	912	0.939015
816	900	0.922673
817	790	0.635123
818	901	0.932991
819	888	0.936276
820	809	0.606149
821	909	0.945893
822	946	0.537817
823	891	0.930487
824	892	0.941653
825	916	0.956688
826	907	0.940888
827	918	0.948925
828	897	0.917603
829	905	0.937055
830	913	0.952668
831	922	0.934308
832	910	0.9408
833	554	0.458553
834	899	0.923486
835	917	0.944853
836	921	0.941833
837	896	0.944868
838	937	0.942957
839	924	0.816651
840	906	0.941564
841	914	0.934169
842	928	0.931792
843	923	0.945874
844	895	0.930063
845	830	0.614536
846	867	0.910507
847	911	0.91479
848	927	0.929006
849	883	0.642472
850	943	0.924944
851	828	0.528702
852	941	0.946567
853	929	0.932084
854	904	0.942433
855	925	0.942375
856	930	0.941274
857	944	0.931582
858	934	0.956168
859	947	0.616283
860	920	0.933593
861	862	0.668495
862	942	0.688441
863	931	0.948089
864	936	0.949913
865	932	0.939885
866	948	0.924092
867	954	0.938901
868	955	0.9417
869	938	0.950737
870	939	0.902041
871	953	0.936623
872	933	0.925558
873	940	0.936103
874	935	0.95317
875	949	0.950686
876	959	0.918384
877	966	0.9428
878	975	0.933212
879	969	0.517647
880	926	0.927002
881	956	0.94495
882	958	0.932878
883	979	0.956024
884	960	0.695645
885	962	0.914501
886	974	0.935817
887	963	0.952704
888	945	0.943111
889	951	0.954255
890	961	0.934259
891	957	0.938379
892	952	0.929123
893	984	0.914318
894	985	0.934145
895	950	0.941609
896	981	0.908608
897	947	0.628989
898	991	0.951545
899	965	0.872034
900	982	0.930958
901	967	0.952011
902	968	0.934548
903	1009	0.638505
904	971	0.930779
905	977	0.929946
906	972	0.943659
907	992	0.943085
908	908	0.623956
909	980	0.956297
910	973	0.945556
911	998	0.935273
912	983	0.942332
913	970	0.910761
914	978	0.940883
915	1005	0.934062
916	988	0.938351
917	1000	0.939441
918	1003	0.939005
919	976	0.925391
920	993	0.934239
921	1006	0.595393
922	1014	0.587134
923	1013	0.953322
924	995	0.924792
925	999	0.94621
926	986	0.939354
927	997	0.92705
928	942	0.509448
929	1007	0.935633
930	1008	0.957188
931	987	0.915345
932	1002	0.952635
933	1012	0.953541
934	989	0.907672
935	1004	0.944273
936	996	0.950861
937	1015	0.938323
938	994	0.948089
939	1020	0.956729
940	1018	0.945261
941	1019	0.951564
942	1034	0.933683
943	1030	0.935231
944	1017	0.95062
945	1001	0.928968
946	946	0.712676
947	1027	0.957967
948	1031	0.946144
949	1032	0.954867
950	1024	0.924143
951	1028	0.94745
952	1011	0.914681
953	1016	0.957299
954	1029	0.928179
955	1043	0.927931
956	969	0.707155
957	1021	0.940525
958	1044	0.927532
959	1023	0.929331
960	1033	0.91173
961	1035	0.907177
962	1036	0.937591
963	1041	0.959941
964	1026	0.917293
965	1042	0.923227
966	1025	0.919826
967	1039	0.93809
968	1010	0.95144
969	1022	0.914606
970	1037	0.93439
971	990	0.565696
972	1047	0.948845
973	1040	0.936044
974	1045	0.917512
975	1061	0.943736
976	1052	0.931455
977	1038	0.940578
978	1014	0.607486
979	1062	0.940118
980	1049	0.918336
981	1050	0.954021
982	1048	0.936595
983	1058	0.601366
984	1046	0.936625
985	1059	0.938477
986	1054	0.935469
987	1053	0.94767
988	1057	0.627248
989	1060	0.920794
990	1051	0.888235
991	1064	0.926686
992	1056	0.726013
993	1066	0.936544
994	1055	0.941426
995	1063	0.936131
996	1069	0.943302
997	1067	0.938223
998	1006	0.636448
999	1057	0.584335
1000	1065	0.945988
1001	1070	0.950905
1002	1009	0.601312
1003	1068	0.944764
1004	1058	0.583412
1005	1078	0.948738
1006	1071	0.935676
1007	1079	0.936724
1008	1086	0.955715
1009	1095	0.941922
1010	1077	0.92806
1011	1076	0.948147
1012	1075	0.938499
1013	1073	0.652786
1014	1098	0.95019
1015	1082	0.947764
1016	1088	0.706513
1017	1083	0.922024
1018	1096	0.935789
1019	1080	0.931677
1020	1074	0.953197
1021	1056	0.528136
1022	1072	0.935663
1023	1085	0.950344
1024	1089	0.932413
1025	1090	0.944587
1026	1081	0.93793
1027	1097	0.938456
1028	1084	0.945279
1029	1094	0.909998
1030	1093	0.926009
1031	1105	0.941252
1032	1107	0.928619
1033	1088	0.519324
1034	1103	0.917672
1035	1091	0.947836
1036	1087	0.926719
1037	1073	0.606525
1038	1092	0.952038
1039	1112	0.948665
1040	1100	0.944731
1041	1102	0.947824
1042	1101	0.93131
1043	1099	0.951403
1044	1114	0.954828
1045	1108	0.92316
1046	1104	0.931264
1047	1111	0.949777
1048	1113	0.911507
1049	1116	0.925344
1050	1110	0.942395
1051	1109	0.945396
1052	1115	0.943097
1053	1121	0.947201
1054	1119	0.951069
1055	1106	0.944075
1056	1120	0.948709
1057	1117	0.948906
1058	1123	0.952237
1059	1118	0.608256
1060	1118	0.651163
1061	1122	0.935077
1062	1133	0.620114
1063	1125	0.945812
1064	1126	0.949544
1065	1124	0.943328
1066	1127	0.609497
1067	1127	0.63944
1068	1138	0.937854
1069	1129	0.936209
1070	1135	0.949368
1071	1131	0.932178
1072	1130	0.956387
1073	1134	0.906556
1074	1132	0.932412
1075	1128	0.957008
1076	1137	0.942949
1077	1141	0.937763
1078	1147	0.91544
1079	1136	0.943652
1080	1139	0.962271
1081	1142	0.953269
1082	1133	0.622383
1083	1143	0.449214
1084	1140	0.954784
1085	1143	0.764813
1086	1145	0.932836
1087	1144	0.944397
1088	1156	0.620166
1089	1148	0.918121
1090	1146	0.959126
1091	1153	0.937438
1092	1149	0.943228
1093	1151	0.936714
1094	1158	0.948096
1095	1159	0.908138
1096	1160	0.938954
1097	1152	0.940257
1098	1150	0.939784
1099	1157	0.949128
1100	1161	0.940544
1101	1154	0.9352
1102	1162	0.924068
1103	1156	0.616324
1104	1155	0.946453
1105	1163	0.937126
