2	1	0.000854028
3	1	0.000566142
4	1	0.00041627
5	1	0.000534707
6	1	0.000226495
7	1	0.000229485
8	1	0.000200602
9	1	0.000710069
10	1	0.000135519
11	1	0.000371058
12	1	0.000128151
13	1	0.000569451
14	1	0.000486619
15	1	0.000834127
16	1	0.000689684
17	1	0.000878784
18	1	0.00106934
19	1	0.000756546
20	1	7.764e-05
21	1	0.000386965
22	1	0.000256338
23	1	0.000273582
24	1	0.000610117
25	1	0.000521791
26	1	9.93183e-05
27	1	0.000183731
28	1	7.33683e-05
29	1	0.000767644
30	1	5.97523e-05
31	1	0.000500122
32	1	0.000337749
33	1	0.000346663
34	1	0.000170917
35	1	0.00019537
36	1	0.000660495
37	1	0.00062442
38	1	0.000481335
39	1	0.000329101
40	1	0.000370418
41	1	0.000368176
42	1	0.000687763
43	1	0.000504125
44	1	0.000354884
45	1	0.00035056
46	1	0.000143261
47	1	0.000447015
48	1	0.00105889
49	1	4.2345e-05
50	1	0.00071786
51	1	0.000356165
52	1	0.000229592
53	1	0.000469272
54	1	0.000259595
55	1	0.000713751
56	1	0.000967292
57	1	0.0020615
58	1	0.000963985
59	1	5.37719e-05
60	1	0.000626714
61	1	0.000164564
62	1	0.00037741
63	1	0.000939391
64	1	0.000623299
65	1	0.000638508
66	1	6.08203e-05
67	1	7.98826e-05
68	1	0.000240376
69	1	0.000398762
70	1	0.00117266
71	1	0.000341218
72	1	0.000350453
73	1	0.00129591
74	1	0.000828098
75	1	0.00182817
76	1	0.000574361
77	1	0.000120195
78	1	0.000203432
79	1	0.000486565
80	1	0.00243318
81	1	0.000440022
82	1	0.000114269
83	1	0.00198812
84	1	0.000380933
85	1	0.000695501
86	1	0.000347517
87	1	0.000237173
88	160	0.0506576
89	1	9.9959e-05
90	1	0.000786533
91	1	0.00187715
92	1	8.64502e-05
93	1	0.000157783
94	1	0.000905033
95	1	0.000306039
96	1	0.000603286
97	1	0.00125714
98	1	0.00177503
99	1	0.00076631
100	1	0.000631571
101	1	0.000796298
102	1	0.000463828
103	1	0.000220996
104	1	0.00065836
105	1	0.000265307
106	1	0.000464789
107	1	0.000461853
108	1	0.000842023
109	1	0.000117846
110	1	0.000877877
111	1	0.00107228
112	1	0.000238668
113	1	0.000262051
114	1	0.00111991
115	1	0.000456195
116	1	0.00169427
117	1	0.000174441
118	1	0.000444026
119	1	0.000804408
120	1	0.000320773
121	1	0.000330542
122	1	0.000517895
123	1	0.000150362
124	1	0.000354137
125	1	0.000126282
126	1	0.000933736
127	1	0.000902366
128	1	0.00083354
129	1	0.000305239
130	1	0.000386004
131	1	0.000160987
132	1	5.91116e-05
133	1	0.000491849
134	1	8.55425e-05
135	1	0.000190298
136	1	0.000405968
137	1	0.00013963
138	1	0.000915277
139	1	3.01169e-05
140	1	0.000720368
141	1	0.000107221
142	1	0.000180101
143	1	0.000481975
144	1	0.000278707
145	1	0.000483203
146	1	0.000159332
147	1	0.000393371
148	1	9.4139e-05
149	1	0.000622072
150	1	0.00030999
151	1	0.000204339
152	1	0.000568544
153	1	9.38186e-05
154	1	0.000441143
155	1	0.000580392
156	1	0.000227296
157	1	0.000246996
158	1	0.00028869
159	1	0.000504072
160	1	0.00060318
161	1	0.000405648
162	1	0.000946966
163	1	0.00057815
164	1	0.000378531
165	1	0.000241871
166	1	0.00115042
167	1	0.000714231
168	1	0.00041675
169	1	0.000514106
170	1	0.00236558
171	1	0.00128994
172	1	0.000702972
173	1	0.000819508
174	1	0.000608516
175	1	0.00114738
176	1	0.00107249
177	1	0.000631251
178	1	0.000740004
179	1	0.00032846
180	1	0.00075788
181	1	0.00164533
182	213	0.00245677
183	1	0.000637388
184	1	0.000910582
185	1	0.00107601
186	1	0.00049692
187	1	0.00142214
188	1	0.000375969
189	1	0.000735949
190	1	0.000603767
191	1	0.000697315
192	1	0.00135586
193	1	0.00175514
194	1	0.000541112
195	1	0.000478879
196	1	0.000773994
197	1	0.00184016
198	1	0.000679706
199	1	0.000676824
200	1	0.000286821
201	1	0.00030321
202	1	0.00131815
203	1	0.000892549
204	1	0.00106118
205	209	0.00163443
206	1	0.000635466
207	1	0.000676397
208	1	0.000572973
209	1	0.000716099
210	1	0.000351307
211	1	0.000618976
212	1	0.000312392
213	1	0.000527929
214	1	0.00102293
215	1	0.000942859
216	1	0.000946486
217	1	0.00105467
218	1	0.00120093
219	1	0.00124685
220	1	0.00111249
221	1	0.000674903
222	1	0.000477759
223	1	0.000912662
224	1	0.000757933
225	1	0.000783492
226	1	0.000913036
227	1	0.000473756
228	1	0.00133079
229	84	0.0145613
230	1	0.00124797
231	1	0.00128754
232	1	0.000754625
233	1	0.00135986
234	1	0.000975188
235	1	0.000783332
236	1	0.000775541
237	1	0.000827458
238	1	0.000661028
239	149	0.0046772
240	1	0.00116642
241	1	0.00134866
242	89	0.00239989
243	1	0.00127949
244	1	0.00106902
245	1	0.000919385
246	147	0.00135383
247	1	0.000410612
248	1	0.000426838
249	1	0.000898631
250	1	0.000628849
251	1	0.000772127
252	1	0.000387873
253	1	0.000529957
254	1	0.0012556
255	1	0.00058306
256	1	0.00054426
257	1	0.00126493
258	1	0.000448829
259	192	0.044235
260	181	0.0278038
261	1	0.000842717
262	181	0.00524405
263	1	0.000443972
264	1	0.000237974
265	1	0.00107724
266	1	0.000376449
267	1	0.000410932
268	1	0.000649608
269	1	0.000686483
270	1	0.000305399
271	1	0.000569398
272	1	0.000804728
273	24	0.00534943
274	1	0.00031741
275	1	0.000747368
276	1	0.000383282
277	1	0.000584181
278	169	0.0163535
279	90	0.00481216
280	98	0.00160122
281	1	0.00100757
282	1	0.00072469
283	1	0.00115389
284	1	0.000514693
285	1	0.000663696
286	1	0.000792242
287	198	0.00165012
288	1	0.000736749
289	1	0.000745607
290	1	0.000295576
291	154	0.0184469
292	1	0.000444239
293	183	0.0160161
294	132	0.00673684
295	1	0.000421554
296	19	0.00449438
297	1	0.000582099
298	159	0.0156996
299	154	0.00667952
300	1	0.000329581
301	176	0.0316132
302	1	0.000744753
303	1	0.00127725
304	1	0.000687283
305	1	0.000800566
306	219	0.0366402
307	58	0.144709
308	1	0.00136786
309	162	0.00357111
310	1	0.000380506
311	204	0.00181153
312	1	0.000807289
313	14	0.00209477
314	15	0.102713
315	49	0.146409
316	60	0.00105368
317	1	0.000751583
318	157	0.0279045
319	114	0.0927035
320	124	0.00707761
321	124	0.0150367
322	147	0.00311323
323	31	0.0898743
324	29	0.00520187
325	30	0.0393394
326	208	0.0307825
327	52	0.220902
328	68	0.26239
329	86	0.0810624
330	223	0.0649497
331	187	0.0325356
332	105	0.00784156
333	1	0.000409971
334	80	0.265242
335	127	0.00192938
336	189	0.033376
337	138	0.00288794
338	177	0.0346016
339	144	0.015349
340	12	0.0454327
341	26	0.287765
342	41	0.252068
343	191	0.0791427
344	218	0.00767241
345	17	0.149426
346	215	0.0920238
347	149	0.00130389
348	51	0.123744
349	65	0.223474
350	79	0.296056
351	81	0.151359
352	222	0.0188368
353	203	0.148412
354	126	0.323928
355	138	0.0066118
356	140	0.0121584
357	2	0.0118272
358	13	0.208415
359	29	0.0153905
360	44	0.00696554
361	1	0.00055819
362	66	0.448117
363	69	0.291343
364	74	0.209383
365	168	0.185433
366	93	0.518424
367	106	0.45564
368	116	0.313148
369	225	0.0416469
370	138	0.0404462
371	233	0.0396878
372	72	0.231839
373	64	0.0752745
374	168	0.0405291
375	100	0.49091
376	112	0.339902
377	142	0.377918
378	8	0.519299
379	150	0.00184056
380	62	0.410325
381	222	0.0124072
382	86	0.0660068
383	87	0.355406
384	92	0.40899
385	96	0.243334
386	117	0.505654
387	125	0.405062
388	26	0.327933
389	35	0.202175
390	155	0.104689
391	77	0.565857
392	94	0.259495
393	175	0.0194245
394	109	0.334011
395	144	0.0515788
396	141	0.0837597
397	9	0.423021
398	73	0.166879
399	85	0.54923
400	133	0.576154
401	3	0.563509
402	32	0.591511
403	37	0.574623
404	57	0.286597
405	55	0.532783
406	94	0.425131
407	46	0.384437
408	50	0.534244
409	102	0.547325
410	107	0.505958
411	111	0.599507
412	164	0.113461
413	28	0.565963
414	34	0.376347
415	42	0.743676
416	90	0.703257
417	104	0.511345
418	103	0.291552
419	129	0.502187
420	130	0.426063
421	12	0.60698
422	21	0.571347
423	43	0.591674
424	47	0.80785
425	63	0.756606
426	82	0.742644
427	83	0.478541
428	99	0.706492
429	118	0.668214
430	135	0.431586
431	134	0.693661
432	143	0.577634
433	4	0.473602
434	39	0.520883
435	53	0.649918
436	54	0.583333
437	18	0.620408
438	24	0.62172
439	36	0.638347
440	59	0.714693
441	89	0.494374
442	98	0.698383
443	5	0.70485
444	29	0.622981
445	31	0.626993
446	48	0.712228
447	67	0.710814
448	75	0.677545
449	84	0.704854
450	110	0.800621
451	121	0.726782
452	122	0.77396
453	137	0.557294
454	146	0.649501
455	19	0.559086
456	151	0.484828
457	70	0.754098
458	101	0.769649
459	123	0.774222
460	139	0.635466
461	22	0.688733
462	33	0.718589
463	76	0.76692
464	76	0.287589
465	88	0.770454
466	115	0.830817
467	131	0.806996
468	132	0.795014
469	140	0.861671
470	145	0.679194
471	16	0.800359
472	71	0.809921
473	256	0.00212342
474	105	0.598344
475	113	0.763811
476	119	0.747214
477	120	0.816504
478	136	0.750968
479	144	0.727675
480	14	0.777996
481	23	0.888531
482	61	0.810308
483	91	0.853359
484	97	0.401431
485	124	0.838253
486	127	0.781191
487	2	0.805602
488	6	0.827857
489	10	0.726226
490	11	0.749508
491	25	0.736475
492	27	0.859832
493	40	0.880631
494	148	0.89705
495	56	0.870971
496	58	0.825186
497	222	0.0052676
498	128	0.846563
499	141	0.892498
500	147	0.854957
501	38	0.838209
502	44	0.898038
503	108	0.895536
504	163	0.847021
505	164	0.825983
506	158	0.886764
507	30	0.866244
508	45	0.838583
509	60	0.861436
510	156	0.903046
511	167	0.91645
512	86	0.859833
513	95	0.682763
514	97	0.737055
515	165	0.881177
516	150	0.848534
517	179	0.877756
518	154	0.889486
519	173	0.901436
520	157	0.904014
521	78	0.916992
522	160	0.553125
523	161	0.928338
524	162	0.928348
525	138	0.845572
526	7	0.892481
527	20	0.579592
528	149	0.901805
529	159	0.913445
530	172	0.860532
531	175	0.8726
532	169	0.926314
533	178	0.899444
534	166	0.898629
535	184	0.894482
536	152	0.914188
537	155	0.856677
538	181	0.901452
539	183	0.94138
540	189	0.909595
541	190	0.910946
542	20	0.631837
543	171	0.909023
544	54	0.00811868
545	180	0.949011
546	168	0.831947
547	177	0.907859
548	204	0.915086
549	197	0.902539
550	170	0.942468
551	153	0.905604
552	186	0.920322
553	195	0.920025
554	201	0.948992
555	182	0.871603
556	196	0.920741
557	188	0.922267
558	176	0.541142
559	205	0.836199
560	200	0.940199
561	105	0.56664
562	214	0.8853
563	208	0.926252
564	174	0.907614
565	202	0.913686
566	209	0.948377
567	225	0.910567
568	193	0.948078
569	192	0.692588
570	198	0.537939
571	185	0.905568
572	223	0.91697
573	211	0.927179
574	203	0.866872
575	224	0.928359
576	191	0.542667
577	191	0.6361
578	218	0.919031
579	219	0.893575
580	194	0.936628
581	216	0.949726
582	210	0.928915
583	212	0.928026
584	217	0.929177
585	213	0.92682
586	132	0.0178971
587	232	0.940448
588	206	0.905174
589	207	0.911978
590	227	0.912949
591	151	0.705061
592	235	0.907886
593	228	0.901523
594	229	0.916806
595	160	0.385712
596	241	0.602708
597	176	0.673688
598	234	0.94682
599	220	0.926872
600	222	0.915426
601	240	0.906121
602	187	0.922294
603	244	0.935618
604	226	0.927227
605	215	0.883531
606	236	0.808185
607	221	0.945087
608	238	0.942359
609	239	0.94661
610	231	0.938004
611	242	0.938266
612	192	0.503235
613	233	0.912395
614	199	0.949518
615	237	0.949826
616	230	0.933819
617	258	0.926777
618	246	0.93447
619	247	0.944403
620	279	0.921939
621	248	0.957112
622	304	0.679293
623	249	0.938156
624	250	0.933889
625	257	0.927578
626	251	0.90356
627	252	0.922661
628	198	0.674295
629	260	0.905054
630	245	0.95191
631	243	0.941807
632	254	0.944662
633	255	0.600498
634	264	0.948587
635	265	0.938039
636	266	0.91845
637	261	0.926231
638	270	0.954975
639	272	0.95533
640	256	0.904831
641	273	0.942606
642	287	0.912356
643	274	0.922409
644	288	0.915385
645	268	0.947315
646	262	0.954012
647	276	0.927656
648	292	0.947829
649	284	0.945426
650	285	0.909504
651	286	0.927872
652	259	0.941001
653	267	0.947185
654	253	0.944208
655	269	0.958842
656	277	0.917513
657	327	0.600143
658	263	0.933463
659	302	0.955672
660	303	0.613525
661	283	0.938015
662	290	0.934991
663	297	0.905648
664	275	0.939004
665	293	0.945018
666	308	0.914757
667	271	0.944509
668	280	0.947584
669	281	0.944764
670	312	0.704731
671	298	0.925507
672	291	0.951591
673	278	0.934189
674	303	0.613083
675	311	0.942912
676	282	0.920408
677	305	0.930207
678	294	0.946982
679	313	0.933314
680	295	0.944793
681	289	0.935114
682	318	0.958364
683	299	0.907924
684	307	0.953674
685	300	0.94342
686	236	0.354039
687	309	0.958749
688	255	0.645215
689	312	0.516413
690	330	0.896786
691	331	0.923783
692	342	0.947908
693	324	0.917901
694	326	0.930923
695	306	0.93626
696	336	0.919263
697	301	0.957727
698	321	0.927104
699	340	0.940573
700	314	0.94346
701	315	0.912869
702	316	0.940405
703	296	0.939938
704	333	0.935296
705	160	0.359843
706	337	0.949677
707	310	0.935999
708	329	0.947622
709	339	0.888597
710	332	0.927691
711	325	0.904366
712	343	0.913364
713	328	0.940707
714	345	0.926225
715	323	0.916492
716	347	0.92251
717	317	0.95764
718	334	0.568072
719	319	0.94637
720	355	0.937016
721	320	0.923585
722	322	0.94666
723	241	0.623351
724	359	0.955477
725	341	0.929429
726	335	0.89564
727	344	0.955199
728	368	0.925165
729	346	0.938744
730	369	0.946115
731	370	0.951164
732	338	0.918916
733	350	0.944943
734	334	0.665104
735	353	0.930556
736	365	0.949305
737	304	0.499176
738	358	0.952389
739	371	0.928244
740	376	0.937612
741	377	0.506332
742	361	0.947269
743	354	0.575483
744	366	0.965397
745	367	0.903113
746	375	0.747541
747	351	0.946638
748	352	0.932936
749	354	0.640636
750	386	0.930285
751	327	0.644657
752	357	0.928814
753	380	0.944245
754	373	0.948634
755	389	0.923998
756	382	0.930765
757	383	0.930363
758	393	0.568129
759	378	0.95384
760	362	0.939141
761	356	0.92696
762	379	0.887018
763	348	0.915494
764	364	0.913515
765	397	0.962674
766	349	0.941499
767	374	0.944521
768	388	0.947253
769	381	0.931346
770	390	0.944648
771	412	0.590477
772	363	0.949674
773	391	0.911962
774	414	0.611624
775	372	0.925554
776	360	0.912727
777	393	0.654432
778	399	0.920892
779	387	0.951353
780	395	0.932809
781	402	0.944327
782	413	0.912185
783	384	0.696722
784	392	0.937865
785	394	0.943448
786	406	0.937172
787	410	0.935141
788	419	0.886646
789	377	0.700367
790	385	0.948893
791	405	0.925857
792	398	0.956628
793	400	0.938555
794	396	0.939435
795	408	0.927001
796	409	0.944612
797	429	0.947121
798	404	0.925472
799	450	0.626663
800	422	0.919593
801	401	0.947673
802	417	0.906702
803	423	0.935387
804	407	0.939279
805	428	0.906411
806	403	0.914589
807	438	0.676051
808	420	0.938948
809	384	0.550965
810	433	0.923954
811	418	0.94586
812	411	0.937637
813	430	0.916772
814	431	0.884893
815	421	0.915921
816	415	0.936702
817	427	0.959728
818	416	0.937087
819	424	0.546295
820	440	0.948681
821	434	0.955196
822	439	0.94265
823	425	0.95848
824	375	0.456884
825	443	0.945271
826	444	0.936143
827	446	0.912765
828	435	0.934747
829	447	0.641665
830	437	0.9232
831	451	0.937037
832	449	0.926591
833	455	0.920785
834	442	0.949456
835	445	0.924094
836	436	0.94937
837	432	0.942762
838	426	0.949557
839	457	0.903979
840	477	0.961905
841	460	0.923393
842	461	0.946942
843	448	0.919048
844	469	0.946497
845	454	0.909014
846	463	0.897473
847	412	0.640608
848	441	0.923409
849	475	0.578979
850	458	0.942699
851	424	0.675961
852	452	0.936934
853	487	0.92861
854	456	0.900373
855	466	0.963004
856	467	0.933699
857	459	0.943044
858	484	0.963421
859	468	0.944792
860	479	0.92921
861	462	0.950496
862	470	0.948034
863	464	0.934848
864	465	0.949435
865	481	0.907459
866	450	0.596583
867	473	0.96002
868	483	0.917639
869	453	0.949456
870	536	0.581968
871	491	0.936261
872	485	0.952813
873	471	0.89561
874	472	0.937432
875	486	0.899394
876	476	0.906725
877	478	0.945194
878	490	0.93574
879	492	0.928424
880	494	0.907518
881	482	0.950336
882	496	0.944416
883	474	0.950618
884	500	0.938926
885	480	0.957615
886	493	0.941079
887	414	0.61523
888	497	0.921291
889	498	0.936973
890	447	0.616203
891	502	0.908544
892	489	0.930769
893	511	0.896817
894	495	0.942891
895	488	0.91855
896	499	0.94408
897	515	0.906982
898	501	0.948347
899	503	0.954654
900	516	0.901349
901	517	0.914455
902	506	0.937163
903	512	0.929749
904	508	0.932283
905	521	0.927511
906	546	0.918513
907	504	0.928056
908	513	0.925121
909	520	0.91582
910	570	0.599424
911	522	0.931732
912	510	0.955798
913	537	0.91763
914	528	0.911407
915	507	0.930923
916	514	0.945186
917	438	0.564977
918	525	0.929576
919	518	0.918566
920	505	0.948516
921	527	0.921561
922	530	0.950783
923	519	0.947177
924	531	0.886053
925	533	0.635266
926	509	0.92893
927	475	0.676522
928	524	0.935181
929	523	0.907787
930	534	0.942818
931	535	0.959473
932	526	0.9457
933	545	0.924121
934	558	0.933739
935	529	0.953715
936	550	0.903725
937	541	0.948834
938	552	0.548228
939	572	0.943643
940	536	0.651599
941	565	0.932008
942	547	0.906083
943	548	0.954249
944	559	0.912127
945	560	0.902266
946	549	0.915874
947	551	0.954379
948	540	0.94679
949	532	0.951969
950	561	0.911622
951	563	0.956446
952	544	0.950533
953	557	0.932734
954	539	0.919977
955	568	0.953025
956	533	0.610407
957	542	0.944967
958	562	0.944374
959	543	0.952274
960	553	0.938588
961	564	0.93287
962	538	0.920311
963	566	0.950964
964	567	0.914721
965	556	0.94819
966	573	0.94087
967	575	0.949299
968	554	0.906668
969	569	0.911021
970	581	0.96171
971	576	0.911733
972	579	0.927019
973	555	0.940354
974	571	0.949503
975	574	0.936388
976	583	0.940324
977	584	0.887877
978	578	0.908542
979	580	0.948296
980	552	0.662432
981	582	0.931941
982	589	0.935941
983	590	0.884862
984	577	0.951063
985	592	0.907321
986	598	0.95234
987	588	0.963166
988	585	0.935009
989	586	0.952121
990	587	0.899831
991	591	0.642446
992	600	0.94982
993	596	0.946245
994	591	0.593911
995	597	0.86295
996	604	0.951223
997	593	0.954717
998	594	0.955586
999	611	0.936162
1000	601	0.934986
1001	614	0.94961
1002	606	0.92583
1003	602	0.932609
1004	618	0.943629
1005	599	0.944943
1006	620	0.920035
1007	595	0.956449
1008	608	0.936375
1009	617	0.925154
1010	621	0.92984
1011	613	0.918561
1012	612	0.968504
1013	615	0.942496
1014	616	0.934264
1015	626	0.605833
1016	609	0.962083
1017	610	0.952601
1018	627	0.926149
1019	605	0.950771
1020	570	0.647513
1021	619	0.954714
1022	630	0.913115
1023	625	0.921473
1024	607	0.689406
1025	631	0.641445
1026	603	0.952107
1027	632	0.940887
1028	628	0.954385
1029	629	0.935878
1030	623	0.90767
1031	641	0.932849
1032	637	0.930939
1033	638	0.906693
1034	607	0.568721
1035	633	0.949506
1036	622	0.918105
1037	624	0.964784
1038	636	0.922075
1039	634	0.943126
1040	652	0.947273
1041	640	0.944915
1042	651	0.908924
1043	626	0.635148
1044	639	0.600037
1045	639	0.639698
1046	635	0.919991
1047	644	0.955001
1048	647	0.947569
1049	648	0.932647
1050	643	0.43946
1051	649	0.945247
1052	653	0.941448
1053	645	0.900219
1054	646	0.929647
1055	642	0.93494
1056	655	0.5213
1057	662	0.902038
1058	666	0.906286
1059	631	0.574342
1060	643	0.758928
1061	656	0.933547
1062	657	0.94819
1063	664	0.925136
1064	650	0.95302
1065	663	0.942602
1066	665	0.955191
1067	659	0.943152
1068	673	0.920856
1069	654	0.928421
1070	660	0.924663
1071	661	0.932221
1072	667	0.939382
1073	658	0.934244
1074	669	0.902432
1075	682	0.905798
1076	675	0.935934
1077	670	0.940037
1078	672	0.928609
1079	668	0.957976
1080	674	0.931065
1081	676	0.955427
1082	671	0.935093
1083	677	0.954619
1084	655	0.726222
1085	679	0.926354
1086	689	0.934111
1087	678	0.919264
1088	684	0.932866
1089	680	0.940139
1090	681	0.927136
1091	691	0.894606
1092	692	0.949615
1093	685	0.922093
1094	686	0.927318
1095	683	0.949944
1096	690	0.947442
1097	693	0.935812
1098	687	0.910516
1099	695	0.933047
1100	688	0.957807
1101	697	0.928078
1102	700	0.919398
1103	694	0.941743
1104	696	0.944179
1105	709	0.6233
1106	698	0.920201
1107	701	0.947942
1108	702	0.957485
1109	707	0.954762
1110	708	0.890944
1111	699	0.907342
1112	703	0.932188
1113	704	0.957248
1114	713	0.685809
1115	706	0.948235
1116	705	0.95527
1117	715	0.918148
1118	710	0.923539
1119	718	0.899238
1120	723	0.919484
1121	716	0.953957
1122	714	0.955634
1123	719	0.925893
1124	711	0.922769
1125	712	0.941248
1126	717	0.947273
1127	727	0.914092
1128	724	0.904287
1129	713	0.556501
1130	729	0.893029
1131	735	0.910863
1132	709	0.599605
1133	720	0.928068
1134	721	0.939
1135	731	0.929766
1136	722	0.93567
1137	726	0.894932
1138	728	0.886868
1139	734	0.920074
1140	725	0.894758
1141	732	0.942993
1142	737	0.904891
1143	733	0.923884
1144	730	0.946553
1145	746	0.892752
1146	740	0.903263
1147	741	0.938541
1148	742	0.949605
1149	744	0.920803
1150	747	0.916125
1151	745	0.895643
1152	739	0.915787
1153	743	0.910125
1154	736	0.897912
1155	738	0.912524
1156	748	0.930585
1157	751	0.930239
1158	756	0.943402
1159	757	0.93892
1160	749	0.926137
1161	750	0.930554
1162	753	0.920049
1163	754	0.920224
1164	755	0.925577
1165	758	0.923279
1166	752	0.932835
1167	759	0.910177
1168	760	0.927889
1169	761	0.910208
1170	762	0.646459
1171	766	0.911368
1172	762	0.55062
1173	763	0.928333
1174	764	0.927789
1175	765	0.923389
1176	769	0.924788
1177	768	0.924228
1178	770	0.913775
1179	767	0.92459
1180	775	0.930053
1181	773	0.934156
1182	776	0.935244
1183	771	0.938666
1184	772	0.940358
1185	774	0.924338
1186	777	0.918325
1187	778	0.945234
1188	781	0.93518
1189	782	0.936031
1190	780	0.937191
1191	779	0.937105
