2	2	0.966964
3	212	0.42917
4	212	0.705153
5	298	0.951501
6	299	0.922357
7	278	0.9386
8	213	0.926464
9	6	0.940832
10	9	0.917269
11	8	0.881269
12	245	0.836005
13	256	0.135259
14	173	0.787212
15	245	0.32377
16	216	0.947872
17	251	0.730895
18	228	0.949384
19	229	0.933207
20	222	0.953041
21	14	0.545224
22	17	0.939043
23	186	0.967531
24	21	0.947724
25	208	0.940421
26	22	0.876176
27	19	0.808745
28	23	0.830592
29	27	0.951467
30	234	0.946877
31	252	0.923065
32	25	0.878263
33	24	0.888879
34	29	0.908387
35	187	0.412227
36	188	0.61478
37	30	0.95479
38	188	0.610297
39	241	0.552103
40	209	0.911182
41	32	0.885685
42	175	0.453548
43	36	0.934529
44	39	0.891782
45	42	0.677586
46	202	0.903333
47	41	0.925673
48	40	0.854251
49	242	0.53616
50	43	0.750546
51	45	0.905609
52	46	0.926304
53	44	0.929849
54	176	0.905622
55	217	0.26051
56	52	0.849644
57	47	0.766661
58	171	0.907638
59	51	0.322234
60	50	0.887352
61	54	0.91665
62	55	0.880563
63	49	0.836992
64	57	0.644127
65	53	0.855435
66	61	0.761515
67	62	0.866579
68	58	0.939597
69	56	0.603129
70	59	0.789355
71	64	0.594546
72	63	0.828526
73	68	0.476577
74	66	0.660687
75	203	0.88076
76	65	0.901218
77	67	0.79811
78	73	0.381955
79	66	0.565219
80	70	0.842176
81	72	0.754006
82	71	0.502303
83	74	0.55602
84	76	0.826457
85	79	0.91597
86	73	0.758021
87	220	0.0453824
88	205	0.0616303
89	75	0.630727
90	80	0.333832
91	218	0.126852
92	78	0.654151
93	82	0.699705
94	84	0.919818
95	195	0.000618166
96	81	0.498078
97	204	0.0371304
98	83	0.734971
99	180	0.00985005
100	87	0.81566
101	93	0.0864227
102	91	0.136138
103	226	0.158794
104	90	0.478319
105	89	0.638628
106	93	0.285323
107	97	0.39901
108	96	0.726709
109	100	0.518952
110	1	0.000298896
111	1	8.79228e-05
112	99	0.0785637
113	105	0.77929
114	1	0.000102369
115	1	0.000100246
116	117	0.781296
117	106	0.57088
118	1	0.000160202
119	110	0.557403
120	114	0.0271212
121	115	0.30202
122	1	0.000523953
123	111	0.4788
124	116	0.604694
125	1	0.00075548
126	119	0.0844885
127	1	0.00022994
128	1	0.000350351
129	122	0.178549
130	191	0.0627241
131	1	0.000745752
132	1	0.00027208
133	191	0.0477505
134	1	0.000373334
135	200	0.00133921
136	125	0.641081
137	127	0.664506
138	1	0.000499887
139	1	0.000383945
140	1	0.000190231
141	1	0.00013069
142	133	0.565729
143	1	0.000197531
144	136	0.325966
145	130	0.00204043
146	1	0.000438812
147	1	0.000196288
148	1	8.90619e-05
149	1	0.000330318
150	1	0.000244539
151	197	0.00826134
152	1	7.07841e-05
153	1	0.000452321
154	183	0.0100679
155	1	0.000358995
156	197	0.0718242
157	1	0.000285125
158	150	0.011781
159	1	0.000974382
160	1	0.000545069
161	1	0.000101903
162	1	0.00068521
163	1	0.000358685
164	154	0.0382578
165	1	0.000288024
166	151	0.000810127
167	154	0.00288641
168	1	8.58517e-05
169	1	0.000231182
170	1	6.6124e-05
171	1	0.000367847
172	1	0.000236566
173	1	0.000743889
174	1	0.000251269
175	1	6.84023e-05
176	1	0.000267524
177	1	7.21304e-05
178	1	0.000472559
179	1	0.000415261
180	167	0.025163
181	200	0.0158104
182	1	0.000558836
183	1	0.000587869
184	131	0.0762033
185	85	0.824235
186	91	0.76338
187	118	0.306091
188	169	0.000992415
189	303	0.95396
190	314	0.600798
191	315	0.690824
192	166	0.936091
193	240	0.52618
194	177	0.92441
195	86	0.907911
196	109	0.56697
197	140	0.0615385
198	1	0.000658508
199	60	0.823541
200	98	0.641879
201	112	0.385615
202	194	0.911451
203	148	0.401244
204	302	0.945465
205	272	0.934847
206	256	0.923648
207	187	0.764508
208	181	0.898609
209	102	0.509169
210	335	0.539548
211	230	0.876261
212	235	0.633711
213	51	0.7977
214	88	0.764086
215	196	0.926672
216	123	0.63971
217	124	0.366658
218	143	0.498827
219	156	0.159359
220	282	0.920218
221	241	0.66901
222	178	0.896412
223	103	0.620461
224	108	0.7458
225	223	0.969855
226	300	0.918335
227	243	0.639488
228	69	0.683143
229	179	0.583764
230	92	0.776168
231	107	0.487179
232	1	0.0013442
233	129	0.262123
234	1	0.000987884
235	374	0.612434
236	308	0.926578
237	327	0.914058
238	199	0.89018
239	180	0.84584
240	101	0.785721
241	1	0.000975831
242	240	0.670197
243	175	0.764289
244	264	0.528862
245	217	0.825456
246	258	0.498037
247	112	0.394767
248	115	0.685005
249	128	0.479725
250	130	0.658625
251	132	0.319875
252	172	0.749279
253	151	0.343404
254	1	0.000658456
255	214	0.939497
256	77	0.814989
257	220	0.574166
258	167	0.00145573
259	155	0.00466264
260	354	0.893239
261	328	0.929856
262	264	0.63651
263	68	0.683389
264	218	0.436224
265	99	0.657668
266	114	0.773408
267	137	0.645998
268	138	0.398346
269	146	0.423356
270	211	0.0277407
271	211	0.0409265
272	95	0.582642
273	129	0.725716
274	383	0.598096
275	283	0.874158
276	204	0.462888
277	147	0.632669
278	347	0.624137
279	273	0.927162
280	285	0.564966
281	205	0.902806
282	104	0.691569
283	121	0.701681
284	141	0.652963
285	157	0.519363
286	193	0.0326884
287	164	0.257554
288	374	0.630218
289	326	0.955986
290	253	0.949059
291	144	0.759991
292	316	0.930428
293	310	0.325847
294	135	0.792747
295	142	0.791714
296	152	0.687366
297	314	0.656078
298	251	0.52122
299	367	0.928882
300	335	0.644423
301	235	0.576273
302	224	0.913465
303	165	0.873639
304	219	0.924181
305	191	0.85838
306	430	0.951567
307	315	0.537526
308	309	0.357029
309	246	0.909203
310	257	0.666568
311	126	0.837949
312	118	0.508941
313	389	0.937644
314	342	0.909581
315	310	0.828928
316	349	0.887162
317	260	0.92559
318	195	0.855918
319	189	0.89729
320	406	0.943276
321	341	0.927967
322	265	0.957684
323	343	0.908083
324	284	0.903148
325	204	0.699755
326	225	0.914618
327	150	0.678384
328	159	0.699627
329	161	0.567959
330	387	0.938195
331	309	0.810754
332	258	0.675446
333	226	0.842772
334	120	0.812292
335	139	0.645938
336	154	0.652913
337	453	0.937175
338	355	0.938981
339	242	0.674443
340	206	0.922693
341	200	0.847483
342	183	0.529339
343	454	0.950848
344	336	0.91495
345	290	0.610275
346	220	0.620902
347	113	0.746113
348	145	0.733084
349	158	0.825794
350	160	0.777215
351	337	0.66875
352	317	0.897336
353	103	0.548181
354	140	0.660249
355	402	0.934866
356	360	0.622984
357	337	0.537968
358	320	0.590736
359	149	0.659067
360	153	0.731158
361	350	0.617897
362	285	0.645524
363	257	0.504079
364	236	0.559052
365	259	0.926079
366	179	0.226328
367	275	0.486966
368	192	0.896358
369	134	0.899898
370	197	0.635681
371	311	0.920719
372	247	0.907129
373	263	0.875622
374	210	0.892977
375	190	0.913164
376	163	0.682878
377	359	0.931117
378	279	0.899134
379	243	0.536655
380	231	0.91967
381	261	0.933437
382	275	0.715017
383	215	0.883231
384	167	0.833184
385	182	0.767114
386	169	0.885442
387	162	0.693036
388	388	0.958254
389	280	0.945225
390	218	0.679816
391	266	0.930577
392	232	0.697794
393	269	0.942768
394	168	0.830007
395	156	0.837805
396	384	0.932284
397	436	0.921526
398	329	0.92211
399	330	0.937914
400	435	0.935886
401	431	0.920633
402	375	0.877625
403	289	0.959416
404	179	0.517561
405	291	0.887997
406	237	0.932475
407	475	0.943038
408	415	0.941569
409	385	0.928468
410	524	0.684877
411	362	0.399528
412	248	0.414195
413	139	0.56555
414	383	0.637322
415	505	0.94161
416	455	0.929716
417	347	0.615944
418	432	0.936025
419	417	0.923006
420	356	0.865487
421	319	0.670168
422	262	0.605048
423	233	0.945437
424	207	0.71093
425	155	0.817926
426	509	0.956275
427	441	0.940271
428	276	0.905266
429	249	0.52622
430	211	0.878265
431	463	0.874814
432	248	0.675822
433	244	0.54924
434	221	0.376618
435	501	0.930928
436	516	0.940952
437	492	0.938337
438	408	0.902974
439	362	0.782621
440	368	0.928057
441	301	0.926655
442	286	0.866738
443	227	0.715919
444	141	0.483683
445	201	0.913874
446	193	0.82851
447	467	0.695962
448	468	0.0363392
449	254	0.917437
450	221	0.781509
451	154	0.512295
452	323	0.869071
453	249	0.671264
454	462	0.924765
455	407	0.939623
456	401	0.927181
457	391	0.877213
458	290	0.588588
459	312	0.561487
460	321	0.933349
461	304	0.572034
462	267	0.910386
463	268	0.866997
464	297	0.640353
465	491	0.950914
466	528	0.939789
467	437	0.930455
468	318	0.937316
469	313	0.937783
470	227	0.479282
471	238	0.616905
472	438	0.743983
473	464	0.92335
474	350	0.579472
475	351	0.933973
476	404	0.905009
477	320	0.587773
478	322	0.955134
479	274	0.798298
480	200	0.278421
481	255	0.898215
482	390	0.945789
483	376	0.896772
484	418	0.893659
485	292	0.932857
486	324	0.930968
487	238	0.611587
488	183	0.660594
489	476	0.931838
490	424	0.716337
491	288	0.587242
492	493	0.934462
493	403	0.685615
494	370	0.906865
495	262	0.528523
496	244	0.586877
497	517	0.944031
498	456	0.943131
499	442	0.521706
500	360	0.579076
501	394	0.918091
502	287	0.867625
503	250	0.925927
504	527	0.928796
505	518	0.917764
506	477	0.540647
507	445	0.92398
508	420	0.944026
509	369	0.906062
510	371	0.7261
511	232	0.514301
512	331	0.943346
513	338	0.941361
514	333	0.760991
515	296	0.920044
516	277	0.939465
517	503	0.886689
518	477	0.613575
519	506	0.646056
520	469	0.908948
521	416	0.944646
522	363	0.90602
523	305	0.926669
524	271	0.933158
525	598	0.943952
526	560	0.713413
527	467	0.544653
528	522	0.93588
529	484	0.727999
530	468	0.93388
531	409	0.912213
532	352	0.951543
533	295	0.946131
534	197	0.518029
535	584	0.651495
536	438	0.467898
537	395	0.931886
538	397	0.878519
539	332	0.911544
540	281	0.94459
541	293	0.947136
542	207	0.509972
543	270	0.937931
544	239	0.937875
545	561	0.930598
546	396	0.918568
547	421	0.930965
548	364	0.916973
549	365	0.669189
550	345	0.701652
551	182	0.399035
552	294	0.94854
553	554	0.932001
554	425	0.928508
555	419	0.886367
556	495	0.67512
557	446	0.903472
558	344	0.930679
559	334	0.912178
560	361	0.920017
561	378	0.869185
562	372	0.90346
563	353	0.767224
564	307	0.934397
565	377	0.865489
566	325	0.650134
567	457	0.94065
568	479	0.91603
569	510	0.915894
570	494	0.59154
571	236	0.665437
572	398	0.875305
573	386	0.932022
574	373	0.923294
575	583	0.939028
576	502	0.954257
577	478	0.88798
578	411	0.91323
579	357	0.752117
580	297	0.591855
581	623	0.536381
582	565	0.938093
583	443	0.896734
584	426	0.869988
585	325	0.577862
586	340	0.923434
587	346	0.941776
588	306	0.926864
589	555	0.936438
590	371	0.498282
591	379	0.910836
592	339	0.897372
593	540	0.941966
594	523	0.926527
595	442	0.707544
596	410	0.932213
597	288	0.660793
598	567	0.948301
599	568	0.589862
600	534	0.941406
601	548	0.658424
602	470	0.942228
603	399	0.893732
604	414	0.680745
605	348	0.948033
606	615	0.948016
607	566	0.934817
608	403	0.548745
609	319	0.52576
610	333	0.414366
611	358	0.662152
612	632	0.583433
613	613	0.915132
614	447	0.924446
615	448	0.931886
616	471	0.734363
617	560	0.52921
618	602	0.576956
619	570	0.501744
620	556	0.913901
621	449	0.922868
622	439	0.935439
623	413	0.618841
624	568	0.638503
625	506	0.578063
626	529	0.93586
627	485	0.936176
628	433	0.920906
629	345	0.473608
630	380	0.940423
631	393	0.730396
632	623	0.672534
633	549	0.613548
634	427	0.886327
635	392	0.756575
636	358	0.542632
637	632	0.686714
638	618	0.915327
639	570	0.699219
640	512	0.539408
641	531	0.702281
642	465	0.907465
643	496	0.550416
644	466	0.895023
645	663	0.896887
646	584	0.61722
647	589	0.913281
648	519	0.951603
649	424	0.510836
650	520	0.938675
651	486	0.798782
652	366	0.727795
653	382	0.923699
654	638	0.926771
655	484	0.509975
656	541	0.943456
657	365	0.580828
658	588	0.91295
659	545	0.543018
660	472	0.884139
661	458	0.875723
662	423	0.681938
663	400	0.7518
664	700	0.625031
665	605	0.908905
666	569	0.935295
667	524	0.581318
668	495	0.513524
669	530	0.947336
670	559	0.940665
671	473	0.936326
672	480	0.887586
673	422	0.578763
674	451	0.916481
675	366	0.464674
676	603	0.941174
677	576	0.468751
678	507	0.92653
679	488	0.902397
680	381	0.915268
681	562	0.910046
682	471	0.486938
683	487	0.924211
684	459	0.93608
685	537	0.592008
686	675	0.506315
687	651	0.90252
688	614	0.916857
689	444	0.595499
690	412	0.951014
691	440	0.924546
692	405	0.925032
693	634	0.916163
694	595	0.697342
695	577	0.931401
696	545	0.663965
697	546	0.926422
698	521	0.941567
699	498	0.657637
700	460	0.94474
701	450	0.952955
702	434	0.907604
703	414	0.501604
704	628	0.916519
705	604	0.933466
706	606	0.928201
707	624	0.615208
708	576	0.71088
709	596	0.91163
710	591	0.919809
711	550	0.922103
712	497	0.881524
713	513	0.914793
714	533	0.936398
715	461	0.913782
716	428	0.864616
717	429	0.942991
718	602	0.667576
719	667	0.913013
720	629	0.914463
721	585	0.944199
722	578	0.941033
723	525	0.951551
724	535	0.940391
725	547	0.94217
726	474	0.914626
727	422	0.594719
728	353	0.440647
729	452	0.943878
730	644	0.948195
731	664	0.94213
732	683	0.928776
733	548	0.574379
734	571	0.946292
735	711	0.918914
736	557	0.944347
737	512	0.67329
738	580	0.912309
739	481	0.692654
740	650	0.944454
741	645	0.458902
742	607	0.641764
743	558	0.948509
744	511	0.463158
745	496	0.634177
746	590	0.951879
747	494	0.657456
748	489	0.913351
749	722	0.948384
750	682	0.94855
751	646	0.910229
752	676	0.919926
753	701	0.927969
754	633	0.947579
755	536	0.919902
756	553	0.943726
757	508	0.821402
758	499	0.952943
759	482	0.941471
760	595	0.518064
761	572	0.940037
762	532	0.929777
763	413	0.620805
764	707	0.949366
765	579	0.554722
766	581	0.894523
767	357	0.434449
768	515	0.541043
769	645	0.746033
770	672	0.920662
771	423	0.492249
772	393	0.478183
773	490	0.89902
774	500	0.914359
775	624	0.579749
776	549	0.630661
777	619	0.926374
778	621	0.937658
779	483	0.933983
780	686	0.938099
781	531	0.52766
782	620	0.930111
783	597	0.749715
784	542	0.90272
785	392	0.383151
786	539	0.678869
787	444	0.614917
788	675	0.727815
789	689	0.939664
790	579	0.622643
791	599	0.605046
792	703	0.932267
793	652	0.940152
794	630	0.940893
795	597	0.462282
796	543	0.92097
797	728	0.92338
798	639	0.957966
799	573	0.944794
800	514	0.928351
801	745	0.923571
802	684	0.940132
803	673	0.921173
804	647	0.929238
805	592	0.937426
806	537	0.641642
807	538	0.847012
808	504	0.918982
809	400	0.436623
810	700	0.620334
811	753	0.944258
812	608	0.930562
813	551	0.915506
814	552	0.910879
815	574	0.931992
816	481	0.494488
817	712	0.958007
818	713	0.943046
819	653	0.922098
820	607	0.614528
821	486	0.369715
822	642	0.927884
823	666	0.616389
824	626	0.706902
825	594	0.589293
826	763	0.953661
827	737	0.937927
828	640	0.930095
829	736	0.699553
830	685	0.802156
831	563	0.924781
832	582	0.958056
833	600	0.665924
834	747	0.643881
835	679	0.931973
836	690	0.934276
837	704	0.92337
838	687	0.948185
839	669	0.934293
840	635	0.52989
841	670	0.936897
842	587	0.779214
843	526	0.930428
844	544	0.94343
845	748	0.957485
846	702	0.954437
847	729	0.956147
848	661	0.613061
849	625	0.720438
850	616	0.92281
851	655	0.506147
852	609	0.910781
853	760	0.939401
854	718	0.932106
855	654	0.940613
856	668	0.698386
857	515	0.677944
858	717	0.94835
859	719	0.939477
860	575	0.500947
861	772	0.669329
862	767	0.928836
863	691	0.649265
864	617	0.944503
865	691	0.586373
866	693	0.927667
867	622	0.946199
868	593	0.939499
869	594	0.628321
870	564	0.928955
871	723	0.939087
872	656	0.939878
873	586	0.906346
874	724	0.954386
875	714	0.955067
876	740	0.53469
877	708	0.95023
878	692	0.939624
879	777	0.934529
880	754	0.577222
881	738	0.9246
882	730	0.954262
883	660	0.929992
884	671	0.590654
885	611	0.675438
886	601	0.628053
887	776	0.955553
888	736	0.542479
889	775	0.605618
890	726	0.927888
891	610	0.939031
892	725	0.691744
893	661	0.633294
894	599	0.635072
895	508	0.31124
896	539	0.513725
897	739	0.925494
898	666	0.625739
899	637	0.907532
900	575	0.67549
901	818	0.951345
902	786	0.918092
903	731	0.932426
904	694	0.937454
905	696	0.933227
906	648	0.931347
907	741	0.917613
908	705	0.947764
909	657	0.943161
910	612	0.9034
911	747	0.558719
912	725	0.534713
913	749	0.927422
914	750	0.957284
915	677	0.917656
916	626	0.521559
917	636	0.927772
918	631	0.91884
919	815	0.929147
920	743	0.948105
921	665	0.922845
922	659	0.940451
923	601	0.621551
924	810	0.949467
925	773	0.943813
926	755	0.950775
927	732	0.923885
928	706	0.935327
929	625	0.507295
930	649	0.690575
931	754	0.654594
932	787	0.927951
933	742	0.943486
934	746	0.919288
935	695	0.611736
936	802	0.921835
937	740	0.714063
938	756	0.915583
939	695	0.604375
940	720	0.94549
941	655	0.713507
942	627	0.912224
943	774	0.952552
944	685	0.401391
945	635	0.633063
946	674	0.938838
947	827	0.94705
948	761	0.940212
949	751	0.953037
950	839	0.95794
951	809	0.951095
952	772	0.586069
953	792	0.941722
954	668	0.53787
955	587	0.438461
956	816	0.9475
957	793	0.93934
958	734	0.923249
959	658	0.930538
960	820	0.921577
961	811	0.934321
962	600	0.586382
963	643	0.929235
964	778	0.924721
965	769	0.949595
966	733	0.928157
967	680	0.911626
968	671	0.627962
969	681	0.932759
970	688	0.93307
971	662	0.950367
972	678	0.621306
973	844	0.685064
974	819	0.930328
975	775	0.614327
976	782	0.941444
977	783	0.510931
978	768	0.936542
979	721	0.910492
980	697	0.912346
981	611	0.536968
982	794	0.941337
983	715	0.916685
984	766	0.948094
985	744	0.932511
986	849	0.634767
987	727	0.933601
988	735	0.91428
989	649	0.543987
990	798	0.928927
991	757	0.917047
992	770	0.922163
993	699	0.903718
994	834	0.947863
995	784	0.905697
996	788	0.938364
997	709	0.928043
998	846	0.954032
999	830	0.927394
1000	785	0.951013
1001	796	0.943301
1002	716	0.946392
1003	844	0.566525
1004	829	0.946763
1005	836	0.926057
1006	821	0.954138
1007	795	0.934902
1008	783	0.727779
1009	764	0.571741
1010	828	0.540708
1011	835	0.952063
1012	847	0.656883
1013	710	0.935857
1014	828	0.70012
1015	789	0.94653
1016	862	0.955269
1017	824	0.94773
1018	831	0.949822
1019	698	0.942827
1020	857	0.951445
1021	840	0.944396
1022	823	0.94695
1023	806	0.735354
1024	803	0.93564
1025	849	0.61305
1026	867	0.682299
1027	850	0.943477
1028	841	0.94359
1029	799	0.921594
1030	800	0.921624
1031	678	0.586547
1032	852	0.949983
1033	797	0.939446
1034	853	0.942169
1035	804	0.936042
1036	790	0.927895
1037	791	0.927358
1038	752	0.935165
1039	832	0.622226
1040	765	0.926698
1041	805	0.533518
1042	808	0.709921
1043	780	0.946778
1044	771	0.58747
1045	867	0.578291
1046	855	0.93174
1047	856	0.50227
1048	779	0.926531
1049	758	0.571757
1050	864	0.943756
1051	858	0.940949
1052	806	0.49116
1053	762	0.933862
1054	759	0.943851
1055	872	0.674203
1056	758	0.650044
1057	826	0.935976
1058	872	0.578527
1059	856	0.728038
1060	851	0.949786
1061	812	0.93491
1062	764	0.669223
1063	860	0.939438
1064	837	0.947575
1065	817	0.570771
1066	878	0.672997
1067	847	0.581435
1068	817	0.68761
1069	807	0.928915
1070	781	0.923224
1071	878	0.591844
1072	865	0.796764
1073	825	0.925865
1074	814	0.642411
1075	822	0.914389
1076	868	0.950803
1077	813	0.925315
1078	838	0.938418
1079	801	0.669862
1080	870	0.913289
1081	808	0.512128
1082	814	0.59116
1083	805	0.701017
1084	869	0.942893
1085	832	0.612104
1086	861	0.648951
1087	771	0.618475
1088	801	0.558602
1089	845	0.946965
1090	879	0.936009
1091	874	0.946021
1092	854	0.934143
1093	842	0.698205
1094	865	0.383579
1095	881	0.951703
1096	843	0.68884
1097	848	0.938764
1098	833	0.940579
1099	875	0.948534
1100	843	0.568312
1101	885	0.939938
1102	880	0.925379
1103	861	0.580396
1104	859	0.940246
1105	863	0.936498
1106	886	0.680056
1107	873	0.930391
1108	842	0.534455
1109	887	0.50354
1110	876	0.935069
1111	887	0.717677
1112	871	0.572043
1113	884	0.772129
1114	877	0.681558
1115	886	0.572026
1116	891	0.94996
1117	888	0.943473
1118	892	0.921987
1119	895	0.930743
1120	866	0.941052
1121	883	0.939944
1122	882	0.943308
1123	871	0.675807
1124	897	0.940969
1125	884	0.396771
1126	889	0.529937
1127	894	0.934969
1128	877	0.548647
1129	893	0.908595
1130	890	0.932637
1131	896	0.932874
1132	889	0.701961
