2	446	0.870694
3	460	0.957357
4	386	0.946103
5	527	0.569945
6	528	0.956028
7	447	0.953216
8	472	0.961597
9	421	0.787537
10	471	0.590796
11	353	0.876557
12	421	0.389493
13	449	0.883243
14	507	0.888205
15	559	0.912381
16	474	0.884022
17	422	0.942547
18	461	0.638185
19	387	0.950814
20	396	0.926462
21	508	0.92925
22	475	0.928106
23	476	0.920434
24	405	0.858582
25	378	0.900958
26	552	0.934748
27	370	0.808
28	582	0.904508
29	423	0.927219
30	368	0.887539
31	478	0.91599
32	379	0.827127
33	369	0.932848
34	298	0.903716
35	339	0.866414
36	413	0.926976
37	585	0.892686
38	300	0.852922
39	340	0.867316
40	388	0.924395
41	379	0.197589
42	510	0.909008
43	587	0.92994
44	406	0.926044
45	414	0.922169
46	355	0.915072
47	341	0.949647
48	530	0.931353
49	371	0.89237
50	492	0.681685
51	407	0.848837
52	398	0.920078
53	372	0.861057
54	399	0.863841
55	451	0.936872
56	494	0.901612
57	495	0.951062
58	513	0.796581
59	532	0.833482
60	452	0.892424
61	480	0.599262
62	479	0.905242
63	497	0.948102
64	325	0.952054
65	334	0.591799
66	320	0.786137
67	481	0.946618
68	400	0.92798
69	333	0.90396
70	356	0.942145
71	554	0.886259
72	533	0.943406
73	87	0.577447
74	389	0.94304
75	482	0.937851
76	83	0.785973
77	535	0.860051
78	426	0.744089
79	454	0.932065
80	321	0.907844
81	357	0.923983
82	288	0.661619
83	536	0.902117
84	96	0.918466
85	302	0.925762
86	483	0.933811
87	288	0.416185
88	98	0.934807
89	255	0.889232
90	254	0.809552
91	95	0.795699
92	303	0.939101
93	99	0.932856
94	428	0.933034
95	335	0.894333
96	358	0.936073
97	499	0.94439
98	305	0.925856
99	540	0.514632
100	415	0.876177
101	101	0.899724
102	484	0.915613
103	327	0.924558
104	416	0.923709
105	546	0.898574
106	265	0.919884
107	289	0.934132
108	114	0.675609
109	313	0.92431
110	120	0.941168
111	329	0.901896
112	328	0.916257
113	330	0.917745
114	375	0.932575
115	123	0.920517
116	131	0.913363
117	538	0.937764
118	547	0.893129
119	438	0.944119
120	282	0.926026
121	267	0.450302
122	256	0.903949
123	290	0.813576
124	130	0.924357
125	267	0.548715
126	430	0.921628
127	342	0.895961
128	361	0.929081
129	291	0.812052
130	337	0.894226
131	343	0.940865
132	150	0.881024
133	376	0.898334
134	574	0.941867
135	408	0.935059
136	307	0.876453
137	486	0.710701
138	151	0.91605
139	391	0.918464
140	431	0.671386
141	401	0.925368
142	322	0.932229
143	293	0.916939
144	345	0.90147
145	165	0.882082
146	462	0.92992
147	418	0.899588
148	457	0.832158
149	458	0.880248
150	392	0.907781
151	173	0.653061
152	463	0.939873
153	294	0.927229
154	525	0.931141
155	331	0.937254
156	402	0.925723
157	383	0.928792
158	487	0.900932
159	411	0.926218
160	218	0.906988
161	433	0.938927
162	489	0.889163
163	316	0.929716
164	245	0.76525
165	348	0.94217
166	323	0.922103
167	412	0.890215
168	504	0.912041
169	363	0.947368
170	269	0.835439
171	434	0.897729
172	384	0.868864
173	377	0.935902
174	350	0.930971
175	219	0.690332
176	526	0.903503
177	349	0.861008
178	270	0.912512
179	403	0.88543
180	419	0.899309
181	393	0.689065
182	490	0.912687
183	351	0.945978
184	393	0.495039
185	435	0.886791
186	445	0.933074
187	338	0.937641
188	467	0.917593
189	420	0.907288
190	296	0.869455
191	364	0.824829
192	473	0.951441
193	514	0.907489
194	751	0.798485
195	455	0.937007
196	133	0.937423
197	448	0.946297
198	529	0.923431
199	586	0.897717
200	493	0.914398
201	515	0.921896
202	630	0.894563
203	593	0.892199
204	443	0.919544
205	459	0.944224
206	567	0.924376
207	477	0.9515
208	496	0.931418
209	417	0.945584
210	590	0.93791
211	410	0.945323
212	444	0.931324
213	557	0.93899
214	544	0.929627
215	584	0.92338
216	450	0.953653
217	629	0.942989
218	115	0.719496
219	502	0.929635
220	519	0.929135
221	563	0.888305
222	440	0.930184
223	656	0.900584
224	558	0.92477
225	568	0.919028
226	624	0.910192
227	531	0.941419
228	436	0.917294
229	429	0.935153
230	437	0.912096
231	592	0.921915
232	503	0.941092
233	465	0.944314
234	385	0.947542
235	466	0.902531
236	581	0.933905
237	491	0.954035
238	453	0.90785
239	555	0.929527
240	591	0.941966
241	409	0.933909
242	464	0.929924
243	551	0.933342
244	506	0.954529
245	664	0.912588
246	560	0.937373
247	598	0.923993
248	627	0.903571
249	670	0.895336
250	485	0.635253
251	500	0.934173
252	520	0.943823
253	488	0.924043
254	471	0.682921
255	641	0.908371
256	439	0.944032
257	469	0.946186
258	523	0.939996
259	579	0.9344
260	512	0.908987
261	588	0.932924
262	456	0.92304
263	571	0.937284
264	501	0.933971
265	470	0.909588
266	441	0.940851
267	524	0.905926
268	442	0.953475
269	599	0.489411
270	498	0.654546
271	619	0.941536
272	522	0.938926
273	565	0.928426
274	578	0.899868
275	667	0.894574
276	599	0.685783
277	692	0.896813
278	334	0.670687
279	517	0.932007
280	632	0.912041
281	468	0.894934
282	662	0.875125
283	575	0.932321
284	527	0.680199
285	639	0.945301
286	509	0.948222
287	597	0.93425
288	511	0.94844
289	612	0.937399
290	642	0.914599
291	480	0.640788
292	534	0.921776
293	603	0.881018
294	696	0.926534
295	651	0.925991
296	602	0.931214
297	654	0.915418
298	566	0.944758
299	543	0.943792
300	609	0.943137
301	553	0.921192
302	516	0.930951
303	671	0.928415
304	545	0.930272
305	540	0.710067
306	589	0.915141
307	572	0.931079
308	648	0.831473
309	505	0.958895
310	607	0.8901
311	608	0.920839
312	569	0.94292
313	626	0.921461
314	669	0.924975
315	539	0.921438
316	725	0.538025
317	606	0.913976
318	550	0.925425
319	580	0.924381
320	689	0.931241
321	595	0.941094
322	622	0.907697
323	583	0.92108
324	600	0.932908
325	694	0.926715
326	537	0.91235
327	650	0.935731
328	548	0.933904
329	673	0.929398
330	542	0.942479
331	703	0.902596
332	749	0.910731
333	610	0.941664
334	561	0.930659
335	686	0.943702
336	521	0.934989
337	620	0.921225
338	577	0.918461
339	596	0.953523
340	668	0.913863
341	706	0.913391
342	562	0.959381
343	660	0.919625
344	601	0.912604
345	518	0.92957
346	541	0.944794
347	556	0.918317
348	697	0.904466
349	564	0.946637
350	705	0.919239
351	710	0.887883
352	613	0.910375
353	570	0.917516
354	616	0.910299
355	634	0.845202
356	646	0.943401
357	573	0.931066
358	549	0.919848
359	637	0.94107
360	676	0.743058
361	640	0.937771
362	611	0.909793
363	783	0.882733
364	707	0.947758
365	732	0.922502
366	614	0.93122
367	777	0.92301
368	647	0.938303
369	714	0.906394
370	576	0.943285
371	638	0.902506
372	731	0.903949
373	658	0.935569
374	677	0.919533
375	659	0.943254
376	746	0.912207
377	605	0.921998
378	655	0.929006
379	674	0.946826
380	675	0.932674
381	617	0.94182
382	635	0.946468
383	594	0.941857
384	666	0.915881
385	729	0.944362
386	719	0.937395
387	623	0.953428
388	644	0.91606
389	498	0.624782
390	615	0.917896
391	631	0.935901
392	604	0.923234
393	618	0.895316
394	649	0.941164
395	739	0.933835
396	663	0.920437
397	653	0.946029
398	808	0.895545
399	730	0.882542
400	657	0.956017
401	645	0.914261
402	633	0.946565
403	661	0.939853
404	713	0.944376
405	716	0.903936
406	700	0.919628
407	621	0.924486
408	701	0.955916
409	695	0.874543
410	665	0.935654
411	786	0.927913
412	625	0.946384
413	821	0.887153
414	643	0.958262
415	628	0.92525
416	683	0.902833
417	717	0.931266
418	728	0.918651
419	685	0.942288
420	636	0.946757
421	702	0.957682
422	800	0.910163
423	742	0.650403
424	709	0.937342
425	721	0.935233
426	678	0.929061
427	682	0.923654
428	942	0.665861
429	754	0.898991
430	740	0.938393
431	698	0.940346
432	741	0.950209
433	690	0.936552
434	802	0.913735
435	723	0.92228
436	680	0.942155
437	672	0.939213
438	652	0.942061
439	704	0.947767
440	834	0.92301
441	761	0.936695
442	679	0.898642
443	763	0.90777
444	879	0.636367
445	724	0.92829
446	845	0.905381
447	791	0.92612
448	826	0.92035
449	718	0.930467
450	780	0.777989
451	769	0.932259
452	759	0.876703
453	785	0.925168
454	750	0.928132
455	835	0.884475
456	693	0.925213
457	843	0.910765
458	787	0.922934
459	687	0.938964
460	846	0.579818
461	743	0.930027
462	744	0.916565
463	722	0.92346
464	824	0.923918
465	711	0.91955
466	840	0.938018
467	735	0.621047
468	715	0.94544
469	684	0.924588
470	829	0.932968
471	795	0.643261
472	807	0.939757
473	758	0.92858
474	851	0.866245
475	781	0.94703
476	859	0.851347
477	801	0.916189
478	784	0.917241
479	708	0.540937
480	820	0.920378
481	822	0.924136
482	854	0.870935
483	762	0.643257
484	725	0.69423
485	753	0.89731
486	755	0.925917
487	688	0.952265
488	872	0.854181
489	720	0.9378
490	733	0.943317
491	734	0.927572
492	855	0.91365
493	737	0.947647
494	726	0.935449
495	727	0.927849
496	699	0.940075
497	756	0.946492
498	708	0.711741
499	875	0.883715
500	745	0.929172
501	712	0.935633
502	485	0.545505
503	736	0.941229
504	888	0.935715
505	738	0.927026
506	765	0.942039
507	793	0.939024
508	799	0.944295
509	842	0.890827
510	782	0.947078
511	895	0.887711
512	772	0.921607
513	771	0.934013
514	866	0.911039
515	902	0.672199
516	779	0.923484
517	796	0.919929
518	810	0.918296
519	811	0.915274
520	774	0.887602
521	868	0.925895
522	794	0.935153
523	767	0.942002
524	757	0.946581
525	832	0.927811
526	819	0.945038
527	770	0.947038
528	878	0.868702
529	788	0.937992
530	748	0.949441
531	818	0.937901
532	873	0.887582
533	908	0.849951
534	803	0.94522
535	844	0.916603
536	909	0.643692
537	886	0.903217
538	760	0.953906
539	838	0.915656
540	773	0.947309
541	856	0.834501
542	776	0.947875
543	747	0.651354
544	881	0.927393
545	805	0.926117
546	766	0.941385
547	768	0.931399
548	831	0.946206
549	884	0.895214
550	809	0.943154
551	874	0.908457
552	836	0.920954
553	751	0.38602
554	115	0.451982
555	752	0.949863
556	790	0.90333
557	778	0.94193
558	792	0.923646
559	847	0.925233
560	869	0.911438
561	804	0.937466
562	910	0.903319
563	764	0.509087
564	816	0.948658
565	798	0.949084
566	817	0.933817
567	906	0.860546
568	852	0.932924
569	833	0.941558
570	853	0.929484
571	823	0.943986
572	913	0.898483
573	870	0.923135
574	830	0.941345
575	849	0.942561
576	775	0.877972
577	891	0.931181
578	858	0.886136
579	797	0.948984
580	806	0.939956
581	871	0.935726
582	850	0.945798
583	864	0.854514
584	923	0.888503
585	839	0.933636
586	846	0.636736
587	828	0.926205
588	862	0.904183
589	860	0.929003
590	861	0.927535
591	857	0.943756
592	813	0.953832
593	918	0.883095
594	921	0.904276
595	876	0.927732
596	837	0.74774
597	789	0.885353
598	971	0.917655
599	812	0.664205
600	825	0.929142
601	814	0.940711
602	936	0.918314
603	1007	0.280201
604	907	0.895542
605	896	0.892559
606	885	0.903655
607	1009	0.879978
608	957	0.85068
609	865	0.929164
610	879	0.538993
611	941	0.888918
612	950	0.906265
613	827	0.929401
614	880	0.930088
615	887	0.89374
616	890	0.913816
617	924	0.932213
618	1007	0.45456
619	946	0.900633
620	931	0.894627
621	947	0.880446
622	742	0.607888
623	987	0.889325
624	795	0.596941
625	894	0.938744
626	953	0.903683
627	965	0.888464
628	955	0.880999
629	977	0.881324
630	863	0.929176
631	897	0.897832
632	877	0.886405
633	922	0.930953
634	899	0.929728
635	920	0.923545
636	997	0.889907
637	867	0.912898
638	882	0.927345
639	962	0.90835
640	848	0.941971
641	841	0.930322
642	912	0.89255
643	996	0.88101
644	930	0.87972
645	1029	0.904746
646	949	0.801641
647	978	0.702676
648	900	0.864564
649	901	0.860179
650	973	0.907079
651	889	0.935407
652	928	0.888233
653	917	0.941225
654	905	0.95207
655	883	0.944524
656	892	0.931399
657	956	0.895113
658	948	0.861853
659	1162	0.584117
660	903	0.940802
661	935	0.800191
662	893	0.946047
663	968	0.570759
664	989	0.601099
665	915	0.944637
666	898	0.917903
667	972	0.924711
668	992	0.896255
669	952	0.895994
670	999	0.914577
671	1030	0.864912
672	984	0.71034
673	938	0.893386
674	990	0.845819
675	911	0.936702
676	904	0.941099
677	1018	0.637519
678	939	0.903425
679	986	0.933878
680	960	0.896313
681	929	0.919628
682	954	0.911014
683	966	0.907239
684	967	0.941806
685	914	0.923457
686	1013	0.920158
687	916	0.935111
688	995	0.584408
689	919	0.947748
690	958	0.912852
691	959	0.903094
692	925	0.937711
693	927	0.945074
694	934	0.92264
695	998	0.924469
696	983	0.905761
697	985	0.923168
698	949	0.329441
699	937	0.931228
700	909	0.590933
701	933	0.910051
702	902	0.563664
703	943	0.951032
704	1020	0.881841
705	975	0.912908
706	1016	0.907191
707	1033	0.880038
708	1008	0.888381
709	1060	0.75678
710	932	0.923318
711	1003	0.879892
712	926	0.906941
713	944	0.926843
714	964	0.906621
715	976	0.943993
716	1024	0.901171
717	1059	0.660019
718	940	0.942931
719	1064	0.899633
720	951	0.942866
721	945	0.953049
722	1045	0.889211
723	1046	0.862902
724	970	0.934968
725	1002	0.930886
726	1014	0.897515
727	974	0.936911
728	1055	0.914458
729	994	0.927055
730	1006	0.926222
731	988	0.925108
732	1071	0.874043
733	1000	0.931358
734	1011	0.713537
735	979	0.901615
736	1080	0.87893
737	980	0.692612
738	1027	0.891076
739	963	0.944774
740	982	0.93666
741	1007	0.54877
742	1057	0.898623
743	1061	0.865363
744	1115	0.880088
745	1015	0.905692
746	961	0.932799
747	1065	0.846964
748	1005	0.909586
749	1058	0.861975
750	1062	0.917186
751	1010	0.903697
752	764	0.69627
753	935	0.374905
754	1017	0.933066
755	1043	0.903027
756	1023	0.925108
757	1001	0.910293
758	1012	0.91821
759	991	0.935239
760	1074	0.902646
761	981	0.930821
762	993	0.928783
763	1004	0.909449
764	1021	0.940605
765	1022	0.946843
766	1095	0.893413
767	1082	0.90638
768	1054	0.873537
769	1091	0.881338
770	1084	0.908913
771	1092	0.900825
772	1035	0.901336
773	968	0.66207
774	1040	0.708386
775	1077	0.410179
776	980	0.513778
777	1039	0.920647
778	1028	0.936488
779	989	0.600848
780	1047	0.918724
781	1036	0.931121
782	1041	0.840785
783	1089	0.87986
784	1034	0.926537
785	1076	0.90242
786	1044	0.857997
787	984	0.514692
788	1070	0.927159
789	978	0.477879
790	1026	0.944557
791	1019	0.928822
792	1101	0.849484
793	995	0.60605
794	1141	0.899379
795	1085	0.892973
796	1086	0.889821
797	1093	0.664307
798	1087	0.873086
799	1037	0.926922
800	1050	0.926624
801	1052	0.456595
802	1053	0.900732
803	1042	0.898976
804	1140	0.886523
805	1201	0.62699
806	1104	0.657306
807	1072	0.917066
808	1066	0.948108
809	1068	0.911674
810	1056	0.947081
811	1018	0.593459
812	1048	0.91994
813	1031	0.924568
814	1038	0.92091
815	1063	0.951276
816	1096	0.896173
817	901	0.224456
818	1067	0.909098
819	1130	0.889078
820	1094	0.794116
821	1078	0.91505
822	1051	0.490996
823	1081	0.928617
824	1069	0.943558
825	1114	0.90687
826	1097	0.861738
827	1161	0.86618
828	1110	0.928166
829	1079	0.903354
830	1049	0.613315
831	1073	0.954099
832	1083	0.938519
833	1088	0.923404
834	1077	0.764732
835	1150	0.90942
836	1099	0.919483
837	1075	0.950915
838	1109	0.917565
839	1123	0.908471
840	1151	0.913901
841	1098	0.71143
842	812	0.363382
843	1134	0.862717
844	1051	0.394511
845	1119	0.903792
846	1125	0.918441
847	1167	0.882633
848	1126	0.857627
849	1090	0.942437
850	1129	0.898125
851	1108	0.916057
852	1102	0.928038
853	1132	0.910165
854	1105	0.928142
855	1122	0.916464
856	1178	0.851243
857	1165	0.89859
858	1166	0.891674
859	1159	0.891944
860	1160	0.890293
861	1117	0.909047
862	1103	0.933303
863	1106	0.928437
864	1113	0.898649
865	1185	0.891891
866	1104	0.489437
867	1052	0.763025
868	1144	0.931876
869	1175	0.880159
870	1177	0.882757
871	1146	0.917728
872	1156	0.876379
873	1107	0.901861
874	1121	0.93441
875	1142	0.928457
876	1131	0.907301
877	1100	0.921112
878	1171	0.867693
879	1186	0.85569
880	1112	0.91363
881	1147	0.954572
882	1148	0.865226
883	1138	0.95143
884	1139	0.923055
885	1195	0.898822
886	1172	0.883547
887	1149	0.888878
888	1124	0.928951
889	1137	0.935155
890	1127	0.951434
891	1120	0.883968
892	1128	0.954661
893	1143	0.70497
894	1116	0.928985
895	1118	0.946135
896	1191	0.62046
897	1154	0.918425
898	1187	0.889308
899	1040	0.53393
900	1164	0.854187
901	1184	0.828678
902	1152	0.935811
903	1136	0.930507
904	1163	0.910382
905	1158	0.870971
906	1183	0.883259
907	1200	0.907831
908	1214	0.910967
909	1093	0.566554
910	1174	0.931839
911	1168	0.942239
912	1211	0.905324
913	1111	0.943786
914	1188	0.872649
915	1098	0.481881
916	1176	0.59633
917	1212	0.889467
918	1145	0.94065
919	1155	0.92784
920	1238	0.895094
921	1173	0.915807
922	1143	0.503781
923	1232	0.874936
924	1191	0.53368
925	1157	0.954156
926	1181	0.918722
927	1133	0.902932
928	1135	0.934287
929	1170	0.950136
930	1203	0.89972
931	1223	0.825335
932	1206	0.529809
933	1179	0.897359
934	1180	0.932629
935	1244	0.864759
936	1215	0.906605
937	1190	0.902111
938	1153	0.911551
939	1169	0.9437
940	1101	0.205532
941	1051	0.521784
942	1234	0.864536
943	1182	0.886311
944	1228	0.56489
945	1237	0.901848
946	1209	0.909837
947	1204	0.908071
948	1250	0.877999
949	1192	0.931407
950	1197	0.928128
951	1198	0.882448
952	1193	0.943998
953	1246	0.901373
954	1206	0.687255
955	1196	0.929562
956	1229	0.897804
957	1199	0.952138
958	1242	0.917596
959	1230	0.904791
960	1208	0.920918
961	1216	0.53402
962	1194	0.865576
963	1225	0.907724
964	1266	0.904012
965	1210	0.924538
966	1219	0.909078
967	1226	0.918138
968	1220	0.893814
969	1205	0.919918
970	1213	0.929324
971	1233	0.901684
972	1189	0.923183
973	1202	0.923558
974	1251	0.914248
975	1254	0.864249
976	1222	0.88403
977	1224	0.889343
978	1176	0.636472
979	1267	0.923249
980	1218	0.911934
981	1207	0.928111
982	1227	0.947485
983	1235	0.935743
984	1271	0.887192
985	1217	0.909463
986	1221	0.939938
987	1243	0.890612
988	1265	0.902141
989	1216	0.65188
990	1245	0.904179
991	1255	0.842059
992	1264	0.881656
993	1240	0.943203
994	1248	0.910861
995	1236	0.921409
996	1257	0.932044
997	1270	0.875386
998	1228	0.582089
999	1252	0.944648
1000	1286	0.898875
1001	1278	0.886661
1002	1253	0.938236
1003	1247	0.936207
1004	1239	0.724725
1005	1241	0.943431
1006	1280	0.932206
1007	1289	0.552192
1008	1231	0.941419
1009	1249	0.91081
1010	1276	0.934201
1011	1268	0.933333
1012	1292	0.875487
1013	1275	0.912469
1014	1296	0.704543
1015	1296	0.477425
1016	1297	0.874423
1017	1300	0.892377
1018	1256	0.935286
1019	1273	0.914698
1020	1259	0.928847
1021	1295	0.857102
1022	812	0.249218
1023	1261	0.547916
1024	1260	0.899979
1025	1261	0.655966
1026	1279	0.686449
1027	1284	0.898956
1028	1263	0.922589
1029	1258	0.902085
1030	1239	0.509621
1031	1269	0.944893
1032	1277	0.906824
1033	1262	0.926628
1034	1272	0.643626
1035	1293	0.877372
1036	1299	0.905825
1037	1313	0.894517
1038	1285	0.914086
1039	1288	0.449662
1040	1307	0.546014
1041	1287	0.900774
1042	1288	0.753231
1043	1274	0.928058
1044	1298	0.926268
1045	1281	0.916264
1046	1282	0.739489
1047	1283	0.905726
1048	1290	0.935678
1049	1314	0.899865
1050	1319	0.908152
1051	1294	0.941168
1052	1291	0.915494
1053	1311	0.898736
1054	1327	0.918697
1055	1309	0.937117
1056	1301	0.932853
1057	1307	0.704989
1058	1318	0.893855
1059	1310	0.627585
1060	1303	0.911148
1061	1304	0.9322
1062	1317	0.934034
1063	1289	0.668441
1064	1329	0.903041
1065	1282	0.480527
1066	1325	0.909949
1067	1302	0.921137
1068	1279	0.529902
1069	1312	0.919579
1070	1315	0.911693
1071	1338	0.914365
1072	1305	0.938292
1073	1306	0.912079
1074	1308	0.909185
1075	1323	0.942789
1076	1272	0.57621
1077	1321	0.936364
1078	1337	0.906053
1079	1328	0.924609
1080	1324	0.935673
1081	1334	0.910478
1082	1336	0.90952
1083	1316	0.930526
1084	1340	0.903304
1085	1331	0.74862
1086	1322	0.935026
1087	1326	0.928577
1088	1346	0.931755
1089	1348	0.926211
1090	1354	0.928374
1091	1352	0.920027
1092	1310	0.581735
1093	1332	0.484
1094	1339	0.926111
1095	1330	0.936284
1096	1342	0.64461
1097	1320	0.934777
1098	1350	0.933161
1099	1347	0.917934
1100	1358	0.930511
1101	1331	0.428695
1102	1335	0.919838
1103	1333	0.922847
1104	1349	0.928729
1105	1332	0.722677
1106	1342	0.607187
1107	1343	0.919722
1108	1363	0.925142
1109	1344	0.928831
1110	1341	0.942725
1111	1361	0.932581
1112	1360	0.92524
1113	1345	0.931241
1114	1353	0.928744
1115	1357	0.917866
1116	1351	0.934729
1117	1369	0.656713
1118	1369	0.573999
1119	1367	0.902856
1120	1359	0.926726
1121	1362	0.892026
1122	1376	0.915251
1123	1366	0.910569
1124	1356	0.929441
1125	1355	0.935885
1126	1373	0.898315
1127	1374	0.917295
1128	1368	0.918535
1129	1364	0.909009
1130	1365	0.947274
1131	1371	0.933993
1132	1377	0.91437
1133	1380	0.903832
1134	1378	0.919147
1135	1372	0.952316
1136	1382	0.906438
1137	1384	0.890537
1138	1370	0.517042
1139	1379	0.937066
1140	1387	0.921904
1141	1388	0.934007
1142	1375	0.93553
1143	1381	0.913628
1144	1370	0.701325
1145	1386	0.922008
1146	1393	0.89851
1147	1392	0.92969
1148	1383	0.929751
1149	1385	0.921219
1150	1389	0.922797
1151	1391	0.908215
1152	1395	0.908022
1153	1394	0.89222
1154	1390	0.89932
1155	1396	0.629184
1156	1396	0.599681
1157	1397	0.540889
1158	1397	0.674906
