2	218	0.902119
3	167	0.862632
4	178	0.851281
5	179	0.918957
6	7	0.888244
7	176	0.923987
8	187	0.757319
9	195	0.961373
10	186	0.940646
11	187	0.490698
12	190	0.937354
13	157	0.92996
14	19	0.899588
15	20	0.872956
16	172	0.26493
17	207	0.669951
18	201	0.932882
19	21	0.938685
20	208	0.756107
21	168	0.926481
22	266	0.941433
23	27	0.927284
24	215	0.902233
25	31	0.809257
26	277	0.369671
27	29	0.814165
28	173	0.938911
29	34	0.850799
30	32	0.900499
31	33	0.743802
32	235	0.944536
33	216	0.930508
34	252	0.662405
35	202	0.94538
36	219	0.911016
37	220	0.927819
38	44	0.874647
39	161	0.911064
40	267	0.488399
41	52	0.840644
42	297	0.0144458
43	158	0.89642
44	51	0.776256
45	221	0.943408
46	297	0.012898
47	55	0.842067
48	242	0.905373
49	162	0.258344
50	57	0.887503
51	61	0.879362
52	237	0.93918
53	191	0.325244
54	261	0.480463
55	60	0.58677
56	223	0.66683
57	60	0.570726
58	192	0.888642
59	163	0.696884
60	152	0.926145
61	169	0.939269
62	64	0.89964
63	68	0.92149
64	66	0.842209
65	209	0.937894
66	253	0.922218
67	210	0.922025
68	224	0.880505
69	71	0.767051
70	78	0.840098
71	254	0.943017
72	244	0.936973
73	79	0.929274
74	84	0.929221
75	180	0.918383
76	238	0.916792
77	177	0.662237
78	211	0.935776
79	225	0.903654
80	229	0.935787
81	159	0.918463
82	279	0.613175
83	197	0.933999
84	86	0.695694
85	90	0.872481
86	174	0.940363
87	198	0.918966
88	245	0.932694
89	181	0.903162
90	194	0.912964
91	226	0.931204
92	274	0.919976
93	182	0.76753
94	99	0.871498
95	325	0.940452
96	188	0.941554
97	212	0.947099
98	230	0.944641
99	231	0.928062
100	100	0.734584
101	275	0.939704
102	290	0.929928
103	217	0.938639
104	250	0.935801
105	280	0.922024
106	164	0.908213
107	154	0.860201
108	98	0.0240101
109	204	0.939012
110	251	0.49601
111	269	0.68399
112	239	0.912954
113	257	0.941981
114	183	0.677134
115	251	0.331264
116	251	0.471848
117	183	0.497364
118	281	0.952203
119	171	0.883869
120	124	0.885133
121	270	0.944778
122	175	0.901023
123	258	0.909766
124	246	0.916388
125	205	0.91461
126	199	0.911829
127	240	0.861558
128	282	0.956193
129	255	0.886797
130	184	0.867825
131	200	0.3367
132	256	0.226579
133	130	0.848569
134	292	0.9117
135	364	0.563346
136	293	0.940785
137	214	0.873086
138	263	0.921621
139	304	0.926925
140	141	0.438776
141	259	0.882686
142	247	0.941638
143	311	0.942998
144	264	0.905276
145	305	0.909659
146	306	0.877063
147	160	0.695247
148	299	0.871664
149	340	0.870521
150	300	0.8416
151	272	0.933745
152	268	0.939536
153	344	0.879024
154	228	0.913576
155	273	0.887356
156	243	0.894761
157	310	0.933861
158	357	0.925996
159	227	0.867708
160	234	0.937764
161	260	0.731598
162	289	0.934475
163	262	0.913237
164	249	0.893851
165	362	0.53666
166	291	0.283291
167	318	0.955162
168	348	0.93435
169	343	0.952202
170	271	0.618868
171	236	0.937649
172	162	0.849144
173	222	0.929889
174	213	0.947717
175	298	0.936783
176	338	0.936271
177	207	0.581544
178	277	0.817183
179	59	0.938156
180	368	0.716374
181	285	0.946754
182	265	0.896582
183	241	0.955469
184	307	0.941737
185	302	0.826554
186	203	0.955675
187	356	0.921408
188	278	0.637433
189	324	0.63513
190	337	0.944428
191	309	0.952618
192	339	0.929821
193	233	0.877311
194	248	0.950813
195	313	0.948996
196	320	0.897193
197	328	0.932391
198	315	0.921727
199	317	0.929605
200	291	0.858947
201	399	0.690545
202	294	0.947348
203	286	0.946928
204	297	0.298094
205	333	0.932971
206	303	0.924459
207	256	0.871876
208	296	0.896913
209	196	0.933454
210	297	0.770604
211	342	0.9357
212	363	0.955203
213	385	0.927991
214	276	0.88478
215	284	0.873877
216	172	0.842948
217	314	0.905884
218	86	0.527323
219	390	0.937379
220	283	0.89139
221	332	0.944163
222	352	0.938412
223	191	0.823372
224	322	0.943783
225	387	0.942644
226	384	0.907057
227	295	0.917559
228	301	0.663352
229	288	0.930168
230	347	0.919036
231	355	0.926193
232	329	0.931486
233	316	0.941078
234	267	0.740591
235	374	0.945259
236	335	0.929409
237	371	0.879783
238	418	0.864116
239	402	0.92773
240	326	0.922744
241	312	0.86401
242	301	0.582433
243	321	0.564538
244	336	0.942262
245	395	0.927351
246	376	0.881759
247	434	0.898932
248	331	0.864519
249	341	0.921382
250	350	0.882129
251	287	0.902423
252	261	0.731262
253	323	0.934177
254	379	0.921445
255	396	0.923806
256	399	0.555558
257	435	0.870769
258	208	0.484479
259	366	0.894759
260	252	0.607088
261	334	0.919193
262	380	0.902928
263	375	0.921765
264	397	0.912805
265	398	0.889735
266	433	0.932371
267	349	0.920654
268	327	0.944409
269	353	0.920244
270	360	0.886186
271	394	0.923214
272	409	0.607374
273	391	0.918776
274	330	0.880884
275	319	0.938923
276	345	0.922081
277	354	0.907472
278	324	0.57345
279	370	0.9334
280	438	0.676934
281	464	0.907428
282	419	0.941107
283	361	0.621374
284	383	0.883529
285	429	0.890813
286	501	0.613918
287	420	0.878033
288	439	0.89315
289	358	0.852923
290	372	0.882497
291	392	0.926559
292	271	0.633306
293	308	0.921823
294	223	0.536864
295	362	0.702734
296	462	0.948036
297	389	0.93093
298	409	0.631075
299	432	0.89937
300	470	0.875631
301	359	0.873038
302	369	0.921701
303	279	0.650594
304	388	0.928173
305	430	0.920511
306	365	0.913851
307	367	0.945226
308	71	0.42821
309	381	0.943395
310	382	0.905653
311	269	0.580872
312	457	0.923907
313	405	0.930022
314	364	0.652394
315	422	0.762431
316	346	0.884585
317	351	0.919756
318	461	0.937324
319	425	0.932506
320	408	0.907476
321	373	0.911111
322	378	0.688667
323	417	0.938807
324	458	0.945279
325	469	0.943694
326	481	0.872171
327	377	0.950333
328	401	0.921521
329	278	0.578487
330	446	0.919979
331	428	0.876916
332	424	0.918268
333	484	0.865904
334	403	0.942927
335	436	0.845697
336	412	0.564576
337	361	0.622552
338	426	0.922756
339	404	0.952284
340	452	0.928053
341	386	0.94267
342	414	0.941692
343	411	0.929152
344	427	0.787709
345	492	0.921396
346	485	0.888843
347	415	0.927311
348	406	0.869965
349	413	0.915198
350	500	0.944063
351	459	0.892381
352	479	0.940225
353	400	0.852461
354	260	0.510625
355	416	0.875274
356	407	0.750615
357	478	0.922028
358	474	0.88564
359	510	0.909069
360	445	0.926831
361	393	0.910423
362	449	0.932675
363	473	0.609294
364	456	0.919159
365	480	0.929853
366	476	0.909186
367	498	0.925028
368	410	0.903542
369	451	0.936786
370	515	0.939099
371	431	0.928903
372	321	0.319158
373	542	0.545128
374	491	0.935251
375	421	0.861255
376	440	0.703293
377	482	0.887664
378	504	0.494335
379	468	0.92412
380	526	0.924061
381	488	0.528286
382	368	0.479187
383	483	0.906716
384	497	0.940307
385	514	0.745274
386	440	0.447307
387	466	0.944034
388	453	0.729472
389	448	0.737112
390	423	0.340663
391	437	0.905137
392	412	0.577479
393	450	0.941075
394	505	0.750314
395	302	0.292858
396	475	0.947396
397	441	0.93965
398	477	0.919476
399	493	0.672251
400	454	0.92258
401	496	0.677261
402	536	0.931454
403	538	0.935677
404	442	0.899911
405	486	0.680749
406	471	0.934679
407	444	0.863095
408	447	0.91012
409	467	0.927783
410	489	0.897846
411	490	0.90958
412	507	0.711213
413	509	0.915716
414	547	0.868778
415	460	0.88281
416	465	0.936916
417	443	0.842162
418	448	0.457178
419	472	0.925149
420	495	0.937495
421	506	0.934696
422	508	0.845155
423	527	0.924155
424	546	0.942431
425	511	0.910976
426	494	0.917933
427	463	0.935848
428	575	0.791399
429	522	0.920105
430	487	0.939782
431	455	0.928165
432	499	0.899215
433	505	0.306933
434	570	0.238547
435	554	0.88458
436	555	0.883328
437	610	0.49529
438	551	0.914037
439	493	0.571898
440	512	0.893112
441	541	0.931659
442	519	0.93558
443	501	0.607798
444	423	0.791556
445	378	0.551234
446	528	0.889676
447	523	0.888686
448	422	0.475017
449	517	0.936886
450	570	0.839442
451	552	0.884543
452	537	0.921283
453	565	0.909603
454	594	0.894938
455	520	0.891857
456	550	0.573994
457	502	0.933019
458	503	0.930877
459	560	0.934324
460	569	0.946987
461	574	0.939074
462	513	0.933513
463	561	0.752524
464	525	0.873416
465	507	0.502873
466	532	0.927957
467	563	0.918247
468	516	0.894362
469	321	0.285989
470	531	0.90734
471	623	0.90051
472	521	0.905947
473	524	0.927984
474	545	0.941785
475	564	0.932047
476	530	0.887607
477	579	0.895516
478	473	0.581561
479	559	0.88227
480	535	0.942154
481	496	0.53486
482	592	0.671952
483	577	0.8843
484	599	0.922365
485	586	0.89446
486	529	0.901967
487	562	0.917176
488	518	0.937178
489	582	0.87266
490	505	0.15073
491	585	0.916672
492	576	0.887869
493	609	0.93619
494	632	0.911151
495	617	0.877194
496	533	0.895734
497	486	0.542484
498	556	0.893073
499	540	0.936789
500	504	0.726471
501	598	0.910854
502	587	0.511062
503	544	0.894077
504	584	0.929317
505	548	0.895455
506	557	0.932402
507	580	0.92159
508	607	0.525307
509	593	0.926046
510	604	0.927721
511	612	0.934424
512	553	0.916393
513	534	0.892507
514	566	0.906658
515	453	0.489023
516	407	0.487329
517	605	0.670053
518	589	0.929625
519	631	0.879733
520	616	0.933645
521	641	0.899722
522	539	0.929776
523	567	0.935207
524	558	0.903706
525	591	0.629232
526	427	0.427732
527	630	0.9069
528	608	0.929696
529	549	0.92388
530	488	0.623096
531	590	0.933202
532	595	0.904615
533	638	0.877082
534	543	0.933972
535	581	0.936723
536	583	0.925615
537	629	0.9228
538	676	0.905818
539	596	0.928058
540	601	0.937364
541	568	0.908579
542	671	0.905378
543	645	0.773499
544	550	0.64703
545	572	0.888246
546	597	0.896159
547	587	0.651459
548	542	0.666164
549	610	0.688011
550	571	0.867105
551	578	0.881173
552	588	0.891739
553	622	0.917162
554	675	0.941166
555	654	0.934275
556	646	0.943268
557	614	0.926907
558	573	0.928443
559	643	0.620553
560	661	0.912045
561	621	0.888179
562	606	0.930756
563	668	0.931546
564	660	0.916526
565	669	0.930277
566	618	0.893546
567	600	0.903169
568	651	0.914932
569	615	0.932857
570	633	0.939798
571	628	0.920481
572	602	0.949943
573	653	0.63828
574	637	0.920588
575	653	0.565897
576	664	0.916657
577	644	0.897243
578	603	0.927545
579	592	0.553584
580	624	0.917733
581	611	0.945705
582	620	0.92991
583	680	0.93514
584	613	0.910899
585	642	0.891408
586	605	0.533372
587	640	0.908845
588	619	0.927002
589	636	0.916041
590	591	0.557446
591	607	0.656936
592	672	0.901468
593	575	0.392178
594	696	0.913823
595	634	0.926441
596	662	0.915793
597	652	0.928284
598	695	0.894814
599	659	0.630772
600	706	0.933246
601	712	0.877989
602	321	0.299097
603	670	0.900057
604	627	0.908264
605	688	0.947741
606	685	0.938943
607	639	0.893864
608	648	0.892533
609	625	0.928707
610	658	0.92901
611	650	0.909307
612	665	0.922332
613	666	0.934546
614	683	0.933083
615	656	0.918655
616	649	0.919971
617	643	0.594066
618	626	0.928379
619	635	0.854037
620	674	0.926007
621	681	0.861887
622	659	0.565443
623	655	0.897944
624	657	0.946181
625	663	0.892781
626	693	0.932916
627	561	0.470431
628	667	0.920507
629	694	0.640612
630	514	0.496691
631	697	0.637944
632	673	0.90155
633	647	0.901
634	677	0.920733
635	700	0.898259
636	694	0.582138
637	709	0.908483
638	710	0.918872
639	679	0.933618
640	716	0.889844
641	723	0.891591
642	750	0.636423
643	689	0.885043
644	698	0.909764
645	678	0.601791
646	727	0.920734
647	697	0.609673
648	711	0.876069
649	682	0.912766
650	715	0.933889
651	705	0.943943
652	678	0.622484
653	708	0.922791
654	701	0.929711
655	687	0.659765
656	692	0.906787
657	699	0.656481
658	684	0.907623
659	690	0.908898
660	713	0.913212
661	686	0.907326
662	703	0.883817
663	730	0.886675
664	722	0.914657
665	732	0.921822
666	691	0.893982
667	731	0.913471
668	749	0.913257
669	743	0.901115
670	702	0.917467
671	735	0.895619
672	699	0.540114
673	725	0.917097
674	720	0.929256
675	704	0.901777
676	748	0.915257
677	760	0.922146
678	739	0.903738
679	687	0.576606
680	714	0.6284
681	744	0.904458
682	718	0.911136
683	703	0.197082
684	753	0.925021
685	755	0.88561
686	717	0.900851
687	733	0.8964
688	728	0.907435
689	714	0.593357
690	707	0.935236
691	719	0.935808
692	747	0.936287
693	726	0.925044
694	761	0.929522
695	767	0.904473
696	737	0.914446
697	775	0.894666
698	750	0.54859
699	736	0.530744
700	742	0.904014
701	740	0.7353
702	741	0.580732
703	736	0.708955
704	738	0.916373
705	734	0.939601
706	763	0.926136
707	721	0.943021
708	764	0.932193
709	766	0.908701
710	724	0.914371
711	729	0.902036
712	746	0.914219
713	754	0.900643
714	758	0.940075
715	774	0.896695
716	779	0.938309
717	745	0.925746
718	782	0.89934
719	801	0.899432
720	776	0.886657
721	785	0.879996
722	757	0.914936
723	759	0.944812
724	769	0.899062
725	751	0.908407
726	740	0.481774
727	762	0.939589
728	778	0.926175
729	752	0.909404
730	777	0.636285
731	797	0.886488
732	773	0.662445
733	741	0.650468
734	781	0.924181
735	765	0.924389
736	771	0.910902
737	773	0.537721
738	770	0.921208
739	816	0.874746
740	807	0.899971
741	784	0.903898
742	756	0.726484
743	780	0.91633
744	813	0.916992
745	756	0.463515
746	788	0.898811
747	793	0.652886
748	793	0.561843
749	791	0.882742
750	800	0.898931
751	812	0.889766
752	772	0.902243
753	810	0.899835
754	786	0.529771
755	786	0.703052
756	787	0.680631
757	787	0.536664
758	820	0.646302
759	808	0.919976
760	803	0.873115
761	768	0.825499
762	789	0.87933
763	798	0.914357
764	804	0.915029
765	790	0.903651
766	792	0.903712
767	805	0.56883
768	796	0.915384
769	802	0.90008
770	794	0.895931
771	799	0.628909
772	795	0.819258
773	777	0.596428
774	795	0.273807
775	822	0.912019
776	783	0.902988
777	799	0.616758
778	827	0.91676
779	832	0.914281
780	815	0.893438
781	833	0.574617
782	809	0.905888
783	830	0.904563
784	821	0.917981
785	824	0.932066
786	806	0.856418
787	826	0.898985
788	818	0.920098
789	817	0.913588
790	819	0.938119
791	814	0.921109
792	823	0.928075
793	820	0.560332
794	841	0.904329
795	834	0.897658
796	840	0.90231
797	831	0.918874
798	828	0.894143
799	839	0.902023
800	805	0.670257
801	833	0.631605
802	829	0.880055
803	811	0.921282
804	825	0.910745
805	836	0.918461
806	845	0.89599
807	846	0.691757
808	835	0.938166
809	857	0.928247
810	842	0.909342
811	846	0.550897
812	837	0.931205
813	843	0.913396
814	855	0.912081
815	844	0.896457
816	859	0.744484
817	863	0.931155
818	853	0.936651
819	847	0.872855
820	862	0.917412
821	848	0.933655
822	859	0.453552
823	861	0.676482
824	858	0.937669
825	868	0.928469
826	860	0.917458
827	838	0.923343
828	872	0.916903
829	856	0.925142
830	867	0.92888
831	865	0.917159
832	850	0.931298
833	864	0.908304
834	852	0.931084
835	849	0.944028
836	854	0.904058
837	861	0.552726
838	877	0.937208
839	851	0.931132
840	869	0.940468
841	873	0.920952
842	866	0.946311
843	875	0.901261
844	876	0.874142
845	871	0.587044
846	870	0.935369
847	878	0.914551
848	881	0.932806
849	882	0.907748
850	871	0.657156
851	874	0.93584
852	880	0.912952
853	879	0.881895
854	883	0.728893
855	883	0.49371
