0 10.577745674598516
1 10.577745674598516
2 8.455929423559214
3 10.534444790327244
4 6.6518542531638465
5 6.000036559389507
6 8.300070600820057
7 9.725727900556757
8 4.501608384836942
9 9.325868927429262
10 5.723088603037739
11 6.736960551658249
12 9.32630549412539
13 6.098359895649108
14 7.01532050846696
15 6.392864647967548
16 7.235574427704027
17 8.833222703277306
18 7.419084894521136
19 8.985629262244386
20 9.011485202032862
21 8.789343032812178
22 9.484307588697916
23 8.239416981465425
24 11.039358449771008
25 10.127864811125667
26 10.066045122415781
27 10.428284520441634
28 9.939167404409346
29 11.475506268723716
30 11.110397320539764
31 10.784808358197086
32 11.480092086186529
33 11.549829571713127
34 11.426528575308785
35 9.25196755653628
36 8.749238271413294
37 7.239763239214858
38 11.441445687680414
39 11.032201309132283
40 9.402127756517995
41 10.901205397991804
42 12.1065280291594
43 11.514287731649059
44 10.776025695415628
45 9.437346654972904
46 11.473209609124332
47 10.457701743491247
48 13.390160091582251
49 10.56750282954524
50 9.465586669190904
51 9.026998230866905
52 10.085651981847727
53 9.774015357078257
54 9.462481103468576
55 10.237199425340242
56 9.114568126662594
57 9.882766099696969
58 9.590618094267905
59 10.312120887125218
60 10.021742009850337
61 8.778500990296806
62 9.820398334622668
63 9.864996184529083
64 10.630012202718408
65 8.298229030141352
66 10.13436163735137
67 10.154416656664596
68 10.164414657217408
69 9.804059940370538
70 10.095619764092843
71 10.929137884702065
72 9.867506111812839
73 9.999885701172376
74 10.538690046782945
75 9.615854882491568
76 9.219442682395028
77 10.489545482813117
78 9.868799696916849
79 10.16565155657305
80 8.811404031754307
81 9.35216036280058
82 10.474103959215064
83 10.231706742758407
84 10.26337257555359
85 10.692042708879498
86 9.494969550761484
87 8.852045229372857
88 10.06897547494813
89 10.233615608518628
90 10.244314738943997
91 10.362194251888681
92 9.467887551700697
93 9.778693444571942
94 9.182762529287265
95 10.766874390731626
96 10.571062522183341
97 9.294994884743746
98 9.717775174213074
99 8.919105748407187
100 9.763654904832553
101 8.2752628639347
102 10.279711515565925
103 10.121278024609438
104 10.981153950431281
105 9.71719990487126
106 10.549142037299033
107 10.49307091974226
108 9.693977560792902
109 10.119039195467858
110 9.644655911940914
111 9.125983798758728
112 6.318817191817323
113 8.55616851454343
114 10.099286114459655
115 9.278145263700262
116 7.818409422536636
117 9.81069032640155
118 9.937745257115077
119 9.875592817524378
120 9.31239388624907
121 9.768786442602513
122 10.00454263207289
123 10.105256789813478
124 9.98942452276994
125 10.476134452114515
126 10.189842342430424
127 10.274771017398896
128 10.537865994905815
129 10.195431386807664
130 9.590215622161857
131 9.819952222609182
132 9.50375093618261
133 9.799290100851024
134 10.347780503140866
135 9.518531381173245
136 10.37809649536469
137 9.47607547367251
138 7.780990668094113
139 6.720081644171056
140 4.617807747523773
141 6.377195727523602
142 6.419141764360668
143 6.054045310323958
144 6.336992524297824
145 6.408302246547892
146 10.268296034880578
147 9.608498473426188
148 10.011970765507696
149 6.4078328667295015
150 5.65769037712887
151 10.64793180924524
152 10.643477010397442
153 7.834155757931995
154 6.356252569885922
155 5.771344531013702
156 4.133370879048829
157 4.811354274815994
158 4.6250583917460935
159 4.729531291475995
160 5.216830077428028
161 3.828803840192938
162 4.492140256708849
163 3.7555823808121263
164 4.955829551693952
165 4.384707279080309
166 4.716023496967538
167 5.307010082911013
168 4.687994055525173
169 4.124186824984708
170 7.28008667958316
171 4.845824553841811
172 4.411457476200177
173 4.4978933331405475
174 4.932917787615046
175 4.4873686512761415
176 4.237612695119908
177 4.8382066861359645
178 4.716992473812267
179 4.4090658939663685
180 5.109352214363811
181 4.508753827939348
182 6.4876242591367355
183 5.69698549281362
184 6.809031441827384
185 6.069199183600143
186 6.05913080304814
187 10.173744752530814
188 9.12154040220051
189 10.273227889845014
190 9.26673289963318
191 9.42388082925683
192 6.445261297993691
193 8.974508056306291
194 7.093201346515178
195 6.393073161358606
196 5.785009332121884
197 7.015347906379951
198 8.542300211233734
199 8.705072987199268
200 9.874009165758492
201 9.587518241846714
202 10.161327338455843
203 9.72222548116854
204 9.01560871005124
205 10.157703868621294
206 7.926304138157242
207 11.353914390881487
208 9.21011462963747
209 10.860583194843963
210 9.67438906378122
211 8.75598723966297
212 10.083794158418772
213 11.86511499847079
214 10.342549871730947
215 10.748309429795073
216 9.819309828040076
217 10.934064790770954
218 8.804747193316018
219 11.394646749962847
220 11.141355370017772
221 9.817834371074253
222 10.182534159676267
223 8.614940985485813
224 10.733266002560155
225 8.240843394778588
226 11.519040695920058
227 11.518304232517385
228 10.772526750248257
229 11.120172566878772
230 9.329848970565667
231 9.960202099717295
232 12.230882339162372
233 9.455600987949259
234 11.74093889933288
235 10.98720107012042
236 10.872827903278743
237 11.600691721476958
238 14.102997219189364
239 11.262246948813162
240 10.514432217413054
241 10.311501079229618
242 10.273623608864396
243 10.508477105659935
244 13.611298785701374
245 10.551168038434112
246 10.436105153125194
247 12.661138497891098
248 10.142794337166512
249 9.90363058340848
250 8.91680502752099
251 8.539057797096842
252 9.711052354681234
253 7.421778822705532
254 7.281407432317928
255 10.552123689380362
256 10.952828382140668
257 7.652029948063829
258 10.592793086108177
259 9.241603819773424
260 11.95257166267097
261 8.690068337681037
262 9.217543286770136
263 7.898739230219999
264 10.169167708111576
265 9.90482592630361
266 8.538749211992023
267 9.058744840394207
268 9.096813074958543
269 8.881238078431435
270 9.823451728673597
271 10.23769086026424
272 10.244341306382312
273 10.486370555766836
274 12.655444333094808
275 11.284100159906876
276 8.84611796199
277 8.794187655018478
278 10.20070110414452
279 10.391373427002353
280 7.660154973502862
281 9.288795231104581
282 11.493550951308688
283 10.570491780023943
284 9.855990865739003
285 9.141667911100154
286 9.237205761592211
287 11.340019721586613
288 11.977306733943324
289 11.025937088890952
290 11.967177682674732
291 8.358556903066836
292 8.0918710562416
293 10.249182147893713
294 13.21330184960059
295 13.30587799775427
296 11.468494690001567
297 10.2838123236307
298 11.090362579301516
299 11.446770015658283
300 12.691204229292735
301 9.580844765845507
302 13.48608338176654
303 14.972251787832354
304 11.334513373182252
305 13.153660199447794
306 9.239019913036808
307 11.0618359732346
308 10.58464669763837
309 10.105032194912257
310 8.416935415620395
311 10.347181665616207
312 12.40257648776538
313 12.259451150871202
314 11.639375906801757
315 11.126584277530679
316 11.2117786154462
317 11.926730863861678
318 8.837274655244292
319 9.620634402266148
320 8.903400114737444
321 11.230139957638778
322 9.38522108563425
323 9.085793687523154
324 10.274548706223122
325 11.428357143732962
326 10.763055584128697
327 7.178076803234568
328 7.273068078215069
329 7.995336623372335
330 7.738210737276779
331 9.427762353577238
332 9.669206907379452
333 8.739718127222742
334 11.627547722290121
335 10.171263635476816
336 9.74659989098041
337 12.391213722851287
338 10.117983059824853
339 10.726409006032183
340 11.621883337587207
341 11.444171627622003
342 11.982629068067663
343 9.246354862417848
344 10.43836669153316
345 11.162459711693103
346 11.264947183686516
347 9.93936409245729
348 10.82456179460682
349 6.083220073522206
350 12.519718923871048
351 12.97561153863976
352 10.392909244901178
353 11.957872877087011
354 11.954000454032023
355 11.094967151717192
356 11.354265206316041
357 11.521814923615093
358 8.176402701344756
359 10.311020135758495
360 10.460634293315895
361 10.801012808960431
362 9.227224745953851
363 10.608555128565067
364 11.775653827474768
365 12.831562991271404
366 8.835973108329664
367 8.942714178546675
368 11.103268844317094
369 12.172148806172155
370 7.487914333311834
371 11.306952437457419
372 11.018600531956217
373 9.59798154809538
374 13.6530549116012
375 12.389269519792762
376 13.288196254063962
377 12.752781717018335
378 11.468690798991034
379 9.448465018100547
380 12.965268332716535
381 12.478750329825305
382 14.43196806138301
383 10.9817982737416
384 12.398756146813893
385 10.001043331780979
386 9.314147085462052
387 10.774216432801357
388 10.676682413317643
389 10.737527816577446
390 14.837254050714062
391 12.798151010681941
392 9.854178305615743
393 9.608526689838916
394 13.578440842718534
395 13.667071320667887
396 14.598944135171516
397 10.90542986019156
398 11.047038308090732
399 9.5681991453662
400 8.391747184127905
401 9.470061902452986
402 12.175571812112208
403 11.085741099299824
404 10.74366020762754
405 12.677077307973613
406 10.67701355407049
407 11.544679028353611
408 10.474553629371462
409 12.643835573601978
410 11.69117679731219
411 12.085685963689507
412 14.040562835405916
413 12.544914657798094
414 12.929017787190512
415 11.967906215159202
416 15.054617898603519
417 12.309980076719032
418 9.034274781856364
419 11.052154754997675
420 10.778593393279037
421 10.40196401303888
422 12.283712268252446
423 10.292702802683197
424 13.01381171910084
425 15.492469296698152
426 9.436515089782688
427 10.67543041358063
428 10.939163378965322
429 9.644141383472817
430 11.837761391933553
431 11.294482805558335
432 10.778083869617635
433 13.119228816571107
434 12.276388580360514
435 9.791804731797384
436 11.014076429018118
437 11.847967500976594
438 9.506772394668532
439 9.583155170049492
440 10.516526895305057
441 8.057537195767955
442 10.555339757666022
443 10.240226551086621
444 12.291322921317212
445 11.456954389723583
446 10.977958814457777
447 8.647646185327265
448 10.87864170338823
449 13.511693910382263
450 13.052723010832278
451 9.644305529012335
452 9.843262550075687
453 9.771378342802675
454 10.42541971864406
455 9.802471286213652
456 14.451329019267572
457 14.352229941020859
458 12.75453145002896
459 14.771238838372838
460 14.075580243001209
461 14.372023508433868
462 13.980996103457155
463 12.03388600307086
464 11.485333391785915
465 15.214259011311082
466 8.968800414397695
467 9.451424569918453
468 8.555529040947414
469 9.806006921801862
470 11.05392661333516
471 9.161869053936474
472 11.791443751258385
473 14.270178496287187
474 13.727778535450012
475 11.777624869071232
476 14.498278360105054
477 14.322641778886034
478 11.825157345895473
479 13.533024191434766
480 12.274011135889355
481 12.477037691937882
482 12.93850333476351
483 13.310095547402616
484 11.715810395144539
485 12.94071210316602
486 14.232962544263483
487 14.136774668818529
488 12.274120128567107
489 12.105707491382999
490 9.860289851751858
491 12.011944305259453
492 9.348744583991214
493 9.577530694297701
494 10.286927010552537
495 10.54465751921216
496 10.843604833084143
497 10.884912604824336
498 12.230648883904966
499 11.747506229061953
500 11.77539137546771
501 11.24248440810332
502 11.275563608869643
503 10.71465299923367
504 11.4522772048867
505 12.135025486727507
506 11.662315667255506
507 12.335613942466097
508 12.085249998739902
509 12.051241269977384
510 11.948972832552284
511 13.295922840390777
512 11.497596626863025
513 13.22896004514529
514 11.477007074500829
515 14.007007094793138
516 12.394394715128419
517 12.961839970088567
518 11.806272503058562
519 13.052030200186689
520 11.60631439013301
521 10.308511561731269
522 10.497165050633951
523 12.08461299063662
524 11.652477392229743
525 11.550742641264927
526 11.788873417830738
527 11.77927847993885
528 11.720583732407935
529 11.0041001740607
530 10.574732481459373
531 11.781742725912485
532 10.261682395230313
533 11.993132433995022
534 11.773079664754016
535 11.232111373374199
536 12.266770697576224
537 12.186864044532287
538 12.366508770274423
539 12.17825066362389
540 11.391493417529134
541 11.676625105718685
542 11.672100473663727
543 11.407104387774924
544 11.840833379124406
545 12.172654705430348
546 11.00878647474247
547 13.064270182818653
548 10.921852501427821
549 10.375710584452914
550 10.441472558956105
551 10.555715631130967
552 12.445847324884713
553 12.33989583953938
554 8.757847325946685
555 9.891254388005734
556 12.12688471211263
557 11.546487818670139
558 11.358751194173637
559 12.284197003773732
560 9.74731814700366
561 11.742401492659335
562 9.791808786594261
563 12.401581692201882
564 11.715448278770493
565 11.990181839224539
566 11.576004972435157
567 11.885369225890887
568 10.487715268875808
569 9.234368513359627
570 11.461361600281654
571 10.630898762721134
572 10.743252051244625
573 11.290851427886418
574 10.432885499389375
575 11.558199049205761
576 12.810523554910276
577 12.492174857971108
578 10.054841023341066
579 10.416374480050747
580 10.009450692931509
581 9.895757900173594
582 7.722886331679168
583 9.6506906886769
584 9.392905653537152
585 10.060701842890218
586 9.751516741005425
587 9.418982773194669
588 7.417425312190554
589 11.803387876549086
590 9.626092622256422
591 11.858149077163304
592 9.945498890070521
593 8.705922975834387
594 10.417754627804262
595 8.63617035755479
596 10.103450881742464
597 7.579816117598176
598 7.044709812304336
599 7.5961731989009404
600 11.401784158195953
601 9.48462592229987
602 9.862434068714572
603 10.05203519461575
604 11.019182887054717
605 10.630888680837613
606 10.389114161319343
607 11.241572257381847
608 9.695053517272749
609 10.401668817013956
610 10.4543721606038
611 9.207280067739266
612 12.009703776879952
613 10.904287009211085
614 10.80555900876857
615 12.978294650674613
616 13.005629455301362
617 12.616490565890736
618 9.835253504866568
619 10.99217658459945
620 9.464699333035327
621 9.48226096610203
622 13.077589490600738
623 8.958563996565433
624 11.618861569272758
625 9.46695146264889
626 10.986403285576765
627 11.692853348008569
628 10.995145212775885
629 9.939651871855565
630 12.53424149064568
631 9.768476675566685
632 9.726682612524023
633 11.995540535728667
634 11.255357562343297
635 9.169199359128482
636 9.872841085818402
637 8.808535509701008
638 8.474829340168615
639 8.261554505289588
640 11.792026851908036
641 9.879851561301408
642 10.687069799665894
643 12.030539708881541
644 11.143988982957314
645 13.161526334911498
646 10.901250222052514
647 11.926733740591722
648 13.117014221027036
649 12.086414354366823
650 12.236627782886222
651 13.001472248740235
652 10.609671350493649
653 9.607732537736105
654 10.123384990191845
655 9.191918992370788
656 13.323695792141505
657 14.318241151592455
658 10.502727692582306
659 11.472097349265358
660 12.425397739797928
661 13.886815067840947
662 13.854070772670127
663 12.381112743925115
664 14.083893271938615
665 12.138840735876654
666 11.92396943111705
667 14.727888017569269
668 13.291800982550386
669 13.929504121425017
670 15.528873749469852
671 14.326229970990099
672 14.238644852042015
673 13.331700204097414
674 12.683510201652625
675 11.219546842860295
676 11.964734550139529
677 10.14887026410823
678 11.204643167382665
679 11.759965997793127
680 12.807807549518255
681 12.50562228544377
682 14.093811658757117
683 14.629960912155932
684 14.32981729285248
685 13.728061997014093
686 13.557105432308889
687 14.57220294384513
688 13.418211382494878
689 14.597758428504171
690 12.766295724873872
691 12.85203306242898
692 13.415691934230322
693 14.650583447957755
694 13.454105282235783
695 13.831272793813145
696 14.542221761077244
697 13.826343090623789
698 13.231556600945783
699 13.74615468864477
700 13.404571792056913
701 13.559892452192805
702 12.907615894973885
703 12.710944448702872
704 13.093492775889983
705 13.728770396411315
706 14.003278788682417
707 14.12108689331506
708 13.777103055355566
709 14.504325854717033
710 13.90437228357857
711 13.637165825685198
712 14.199592613102332
713 13.488099561298915
714 14.307477574376975
715 14.671566042557352
716 13.910211668005337
717 13.384536838347863
718 14.06824147358369
719 13.899346142475425
720 14.162689631831432
721 13.188766430257097
722 13.082838926487927
723 12.624890044748323
724 12.234010271511243
725 13.50530115793654
726 13.03613744750891
727 14.615859475513908
728 13.235883192382795
729 13.856192550215095
730 13.82285868308069
731 13.41791182695384
732 13.524307242799635
733 13.094721382929134
734 14.098793933081252
735 14.307790980702304
736 14.547035404552956
737 14.598711437655268
738 14.557722978755168
739 14.05889901958428
740 13.073440368439133
741 13.645037681491608
742 14.217759813892684
743 13.170768516582514
744 11.373892637999962
745 12.434906150056078
746 13.23345883351142
747 11.375293615415936
748 10.911273937656947
749 14.167269264160613
750 13.459028112989287
751 14.769083404212637
752 12.525238271296068
753 14.515287225535513
754 14.772621539380571
755 13.931014601937402
756 12.698839398796393
757 13.277524614702276
758 13.972210768013136
759 14.653058843770436
760 12.854703565317596
761 12.988999896765769
762 14.495171825421426
763 14.045039234621791
764 14.879031568845727
765 14.720303552826207
766 14.583551994548568
767 13.77819262682533
768 14.742138774564022
769 14.787509524355416
770 14.345788481531462
771 12.782112470320023
772 13.809429794566862
773 14.54805691346408
774 14.740587090426878
775 14.375869304777677
776 14.330144265127325
777 12.682891302613617
778 12.367168691508002
779 12.230864657384025
780 11.515688419418245
781 13.394087976400009
782 15.162829390309039
783 12.180924572473081
784 12.278436614072325
785 13.273347587639025
786 12.270331966556233
787 14.011998654250018
788 14.43095721198256
789 14.123237161417741
790 14.447120214765237
791 14.37108938383861
792 14.046334703839511
793 15.425279039247565
794 14.140445294046845
795 13.71281969433049
796 13.415494412092903
797 13.417135604915455
798 13.81954878632814
799 14.1909522278072
800 12.308382804612299
801 12.367876079089541
802 13.98457570774675
803 13.03973232651896
804 13.125960282919195
805 13.366943106080024
806 14.572969842783763
807 14.283923912341997
808 14.768593506828285
809 12.53939986539016
810 14.042202515267363
811 14.835861209811874
812 13.909495264514765
813 14.080992082442325
814 14.668237459112012
815 12.799707405356488
816 11.885800790957775
817 14.786198634662659
818 13.046968461976311
819 12.454027693803692
820 13.627413423367024
821 13.480268507052457
822 13.541999619091854
823 14.755517994084045
824 13.967293718925516
825 14.188200032407394
826 14.492295224574788
827 14.720035822331145
828 13.84355576753927
829 14.293209470467415
830 13.942256739402731
831 13.339634868057358
832 13.629230840978753
833 11.94886325365282
834 14.339216938541488
835 14.226348960210828
836 13.348533586556297
837 13.575563097814475
838 14.012511601420256
839 12.781273883763896
840 13.188730860740176
841 13.224767367321636
842 12.861743689284069
843 13.686871259696103
844 13.902741590901156
845 14.427493885918777
846 14.333802591079957
847 13.41840983729819
848 12.728596456674724
849 12.187125526337832
850 13.107866731520524
851 13.20922817154574
852 13.926986106522936
853 13.034223582794922
854 13.97775793921598
855 13.646244697880277
856 14.71091659382069
857 12.22457665479231
858 10.128388430829686
859 11.582685759843711
860 11.0111087782809
861 11.001504145865786
862 17.548886132933013
863 18.119692853552277
864 16.603067209853265
865 17.409821616555014
866 18.13904576734222
867 14.46466967523938
868 15.883014246099899
869 16.98526958322159
870 14.475247969374118
871 15.49338551379698
872 16.839639526642117
873 13.050515286934985
874 14.795802259282974
875 13.703607274823428
876 13.31790097124289
877 12.913412970851377
878 15.41672138577561
879 14.785370516139306
880 12.891266492535255
881 12.905481357556875
882 11.994163209394358
883 12.910538739298206
884 13.774842761465704
885 14.592309751484109
886 12.25044437956373
887 12.557131185923497
888 11.196489446278242
889 13.292662867037196
890 13.44524352043275
891 12.777978167129978
892 12.476309139312294
893 15.094902743789945
894 12.298954446520337
895 12.736615911664606
896 12.220506850347043
897 12.425195829039676
898 13.22684290824353
899 11.11078408886025
900 11.86595734876121
901 11.633933254051126
902 11.385337396156295
903 10.947419986452877
904 15.431664860640868
905 15.340530077189504
906 14.883957632979207
907 15.032436154211743
908 15.42863494327427
909 16.116288113164146
910 16.20703009489296
911 15.026269033441876
912 15.192852173395504
913 15.627743734896393
914 15.45487769160932
915 15.876787817850293
916 15.353627221722295
917 15.294182857312906
918 15.362566895183145
919 15.862544539364254
920 15.703687370232593
921 16.706779008981524
922 15.54179675747202
923 15.170389382267556
924 16.67491999746221
925 14.533111033282779
926 16.227103058026
927 16.55164558606281
928 17.730729907501217
929 15.378234542734386
930 16.038002223772967
931 14.990450184437336
932 14.644795431492874
933 14.703991147379307
934 14.069618491126837
935 15.309229974456297
936 14.14959031087754
937 13.366408604459231
938 15.192345997256059
939 14.098733392765451
940 15.330692028610029
941 15.348274300747828
942 15.46906102504878
943 15.274744055000086
944 14.379056986078572
945 15.250239454913887
946 14.07327898566537
947 14.6508648910901
948 14.158394187624795
949 15.237364979954911
950 15.59051405410506
951 15.590206833574838
952 15.530443385599112
953 14.75104754011537
954 14.490081646243814
955 15.790553188564731
956 16.094971594253067
957 13.964596391379265
958 15.386333225814777
959 15.00479222673466
960 14.35073755190945
961 15.363088915417638
962 14.4689054464779
963 14.731424567857298
964 15.249681324221037
965 14.313397872251208
966 14.892335863609691
967 15.326941869164584
968 13.798848188243673
969 14.866734486184487
970 15.832224223356937
971 14.543843991963305
972 12.474052294269677
973 14.57599627762751
974 15.542187543083879
975 14.89680089312367
976 15.578763792294849
977 14.611593992803655
978 14.362764642180998
979 14.184582256778995
980 14.488518849330514
981 13.371252238983276
982 12.65938306377633
983 14.578612495611996
984 14.751748056592348
985 14.305974868256987
986 14.992201362701511
987 15.28497855532222
988 14.187232314529465
989 15.140137101519699
990 17.67962510416355
991 15.258873172874374
992 15.32195507305823
993 15.232775245193322
994 15.903694816681215
995 15.15259638222
996 13.73663153552801
997 15.334226734332967
998 15.203257957566816
999 15.294922223032305
