0 6.657479980824447
1 6.657477991578459
2 6.943829066240394
3 7.907061829677308
4 7.965825795881783
5 8.43419475057713
6 7.143094918787334
7 7.794927767608948
8 7.569606788308148
9 8.97905856696754
10 7.886614724444428
11 9.50340015808575
12 8.874443505915929
13 9.264745606687642
14 8.456185414003452
15 8.872923642891116
16 9.295549094434868
17 9.232825859172799
18 8.653378188062545
19 8.62294268173206
20 8.378171492375365
21 9.442876194855529
22 9.967516052022708
23 9.645119097563592
24 8.500250575423054
25 9.183869942100465
26 8.902832861921253
27 9.71463585506698
28 9.065259938044807
29 9.128278928824168
30 8.714080174593642
31 9.016302835867751
32 9.035278985542412
33 8.890886701865904
34 8.140815164630133
35 8.803089357194054
36 8.921228177176273
37 9.152893790194
38 8.2033181407008
39 8.66821147466077
40 9.092189934133613
41 8.949777117887876
42 9.106386749365148
43 9.253274321776264
44 9.096477559991664
45 8.86594772126972
46 9.085155346366676
47 8.916950914780877
48 8.541275328864872
49 8.970788944690135
50 9.135818298011438
51 9.309932766149009
52 8.616353463956427
53 8.483534081514598
54 8.263633386484392
55 8.63365748005476
56 9.417693758641171
57 9.139589717118932
58 9.21736225060547
59 9.032151351092287
60 8.569246484853029
61 8.733294568440073
62 8.348852191586843
63 6.7060061150082735
64 8.542398822202742
65 8.875750817050262
66 8.828106281236243
67 8.798826859547324
68 9.05504556771913
69 8.399709198314369
70 9.07091210104281
71 9.069080305304972
72 8.797082695523482
73 9.848659094872255
74 8.762330652894041
75 5.514605940238147
76 5.88935438936189
77 9.316286336289185
78 9.02332300864725
79 8.510765054724564
80 8.716756591396596
81 9.349944513623084
82 9.325044107115252
83 10.0412195603414
84 9.34623538733288
85 10.25143673304029
86 10.139035629706857
87 10.253635939056537
88 10.171880158488568
89 10.249676125456796
90 10.632790404121089
91 9.58547183941546
92 10.391788074028511
93 9.23807229217707
94 10.037421077925742
95 9.151895436063095
96 9.546531067787852
97 10.054340987177381
98 9.550790794969839
99 10.13353759417724
100 9.989271759674864
101 10.397422018781631
102 9.3100405685324
103 10.15927740639647
104 10.0323314768644
105 10.128742072960211
106 9.764715509628596
107 9.897669008137429
108 9.872625789532046
109 9.966335898040855
110 9.498301607101723
111 9.574671004152604
112 9.882353978183888
113 9.22001835455264
114 9.793853702618714
115 9.755931022330865
116 9.676373162588767
117 10.146767896248896
118 10.106818183259989
119 10.074626742306487
120 9.723372359166143
121 10.17032477518329
122 8.891738240958643
123 9.335638819325142
124 9.666052821127817
125 8.98543604440952
126 10.072459037174102
127 9.809157175585794
128 9.265188906659908
129 8.933617684628253
130 9.83921348672051
131 9.453820970245808
132 10.04374489995325
133 9.67883519005836
134 9.385438246180707
135 9.563995472459226
136 9.740726126590815
137 9.534642023290074
138 9.842697421051968
139 10.113599191523285
140 9.80333765376588
141 9.813866870628301
142 9.912503955765597
143 10.236466457621976
144 9.660699836526648
145 9.962558446730142
146 9.259583522120852
147 9.071632435332681
148 9.392972963280414
149 9.728930515453882
150 9.944533409179487
151 10.289373423272453
152 9.361008128210964
153 9.339167649309262
154 9.44445662046535
155 9.901424671456255
156 10.604248592343597
157 9.850612600194959
158 10.163193236309327
159 9.741251197677368
160 10.40994618218393
161 10.097810826645873
162 9.844662063360426
163 9.628554582837989
164 10.257545678219943
165 9.975945668229034
166 10.520329045161976
167 9.851029924108616
168 10.659833408276908
169 9.722923191128983
170 10.11137177267506
171 9.677317071694064
172 9.641181310732057
173 9.502682286208803
174 9.998084211282247
175 10.204465982763224
176 9.204958866132095
177 9.473320987165087
178 8.243036418257617
179 9.619236270650198
180 9.16969623539273
181 9.90414487337741
182 10.32006814051254
183 9.679216847314292
184 9.899579095786475
185 9.75729787795574
186 9.58383395493691
187 9.641181669135465
188 9.93145340369372
189 10.089019705709891
190 9.321524373622568
191 10.055240010999794
192 10.174384151968031
193 9.766543853997177
194 10.530908459348334
195 9.89010025137371
196 10.15533685294705
197 9.920667564830717
198 9.689766254473566
199 10.484737942874366
200 9.63140358118981
201 9.994342536499639
202 9.775186399811886
203 9.50358931190662
204 9.685754413709617
205 10.223228001457903
206 9.577130552914426
207 9.891833111660603
208 10.270835549262538
209 10.281290334780449
210 10.828903776639445
211 10.61816756506992
212 10.312367275436761
213 9.56681474312006
214 9.57899197576687
215 9.6913054215395
216 9.465456900519252
217 9.279185476887129
218 9.315077681800965
219 8.637281191694504
220 9.857060463292079
221 10.821433913934682
222 9.605541280622276
223 8.880110324885097
224 9.497422839851414
225 10.136378464554182
226 9.389528725543398
227 9.370637391435935
228 9.546992157133992
229 10.12792012687397
230 10.30507096048142
231 10.086276715900443
232 10.001832751170236
233 9.466411235247442
234 9.739949777300495
235 10.436851727918564
236 10.110415146838015
237 9.307609858744572
238 9.370995703806981
239 10.36673559309111
240 9.98564579847945
241 10.514531633000338
242 10.177221632411241
243 9.469735930970044
244 10.32027521276178
245 9.638136084278562
246 9.07160630782158
247 9.97995449946055
248 9.049836202032862
249 10.030816840445715
250 10.197338035653532
251 9.40862875244844
252 10.338171651977014
253 9.24202969691395
254 9.898736397987653
255 10.03505015050687
256 10.913468201988021
257 9.624170389310489
258 9.6773849165164
259 9.448965489406403
260 9.677907916398759
261 10.179853260613665
262 10.081711244985467
263 10.009907446279087
264 9.37822391857858
265 9.43521573304745
266 9.069324905080167
267 8.963615626771643
268 9.826124255188287
269 8.769240860271916
270 8.276885323762246
271 10.144989230739178
272 9.649264249384917
273 9.542275237768727
274 10.272550315308049
275 9.199436582915377
276 9.873033891561859
277 9.16340654567575
278 9.68127713428343
279 10.039205389703225
280 9.835468884550956
281 10.129775098905185
282 9.866424739035088
283 9.894256453888595
284 8.86956392721815
285 10.149782390789335
286 10.04556587800599
287 10.245539869307308
288 9.79748817855694
289 10.365711510383907
290 10.475031772384336
291 9.857739520853457
292 9.51922381419421
293 9.40613741693253
294 9.337858749207399
295 9.767625335971115
296 10.139659569763182
297 9.600695766535162
298 9.953080292018223
299 8.735881580353789
300 9.552641095248504
301 8.74253139227403
302 8.829976436597507
303 9.296226817501863
304 9.835990326629792
305 10.10074691235762
306 9.553306123651103
307 8.562092375379708
308 9.8631137259334
309 10.110185307368896
310 9.47883351798025
311 9.666204345470721
312 8.122259074394941
313 10.23897475850108
314 9.671906021442535
315 9.563573701475175
316 9.563542531959405
317 9.613546566977814
318 10.331594654670937
319 9.3589784494305
320 10.060030778112935
321 10.07450502365413
322 10.008546762717332
323 9.702630231971177
324 9.302738844794366
325 9.934501639561535
326 10.038996957877643
327 9.862709675090807
328 10.633827055190674
329 10.37956316088449
330 10.159435491834419
331 9.793185102684316
332 9.086525143972537
333 10.054603912243007
334 9.37959688618862
335 10.01337766345916
336 8.897216030333034
337 9.502237534642166
338 9.455251813020219
339 10.159811693206741
340 9.623127654918287
341 9.46419415668581
342 9.115667861187205
343 10.243957063487894
344 10.082522572814213
345 10.090729022651898
346 10.08751872732702
347 9.822866919657587
348 9.149408074369832
349 9.623585485707235
350 9.177568138723093
351 9.32198319701092
352 10.218734743598345
353 9.91748628923679
354 9.337756530797309
355 9.14679105752944
356 9.532134038509216
357 9.365682565320066
358 10.056005187722171
359 9.83330992004447
360 10.627300823847452
361 9.830714054902622
362 10.25633325376941
363 10.787099839694207
364 9.664127712342601
365 10.11918810474689
366 10.029312282560497
367 9.736177012037954
368 10.153668815533578
369 10.157914820091774
370 10.627851295341626
371 9.732803946189701
372 9.411518660378057
373 10.10242415480308
374 10.388388042389815
375 10.358255528760548
376 9.752774931898847
377 9.969729682878466
378 9.194573756283528
379 9.937016257563924
380 10.488889326708454
381 10.50815620743918
382 9.747902794311353
383 9.693044522906652
384 9.935993383210468
385 10.012519818883037
386 9.615023447441397
387 9.904603012657555
388 10.006051739468479
389 9.377294972444837
390 10.170509537106735
391 10.099705971481914
392 9.539631381725192
393 9.534028724757748
394 9.162494952686776
395 9.105508860218777
396 9.403622594390363
397 7.5339167450199245
398 7.043904258881008
399 7.309073842416007
400 8.743999712554002
401 7.36435229296163
402 9.038033236321203
403 9.959908798776164
404 9.948345838882354
405 9.626175981444995
406 10.14470380997449
407 9.698977670020026
408 10.57140449370052
409 10.016731724956394
410 9.217760309841541
411 10.283436183977875
412 9.627524489729419
413 9.858687245811174
414 10.025648195882361
415 9.894405639045221
416 10.4959564617997
417 10.190043714340858
418 10.572575857796512
419 9.496403134765858
420 10.074381079280053
421 9.389758244933784
422 9.426387826657706
423 10.393600657102073
424 9.814821091577057
425 9.541513951809991
426 10.48674896630776
427 10.333136285113813
428 9.496683989412317
429 9.664715627502884
430 10.007205481580536
431 10.434325399226456
432 9.982195289182608
433 10.200885892940535
434 10.162853608667662
435 10.63197022350718
436 10.050423140302394
437 10.468993831128179
438 10.076329709097365
439 9.713630015959302
440 10.050078128972908
441 9.670891290357888
442 10.11409968158937
443 9.4831683325111
444 9.377199627461662
445 9.825142706959282
446 10.097296474148628
447 10.176128384178606
448 9.658817005672269
449 10.508178255942374
450 10.034143914154924
451 9.447439753554713
452 9.757245711188984
453 10.273356621196664
454 10.066945337081709
455 11.033302485631452
456 9.31068880690749
457 9.219959529973263
458 10.084538907402585
459 9.905333914777891
460 9.623768455117762
461 10.459144659428398
462 9.951821739426284
463 9.653285824104241
464 9.866138693793944
465 10.249846973073145
466 9.295703608459144
467 10.428758745280431
468 9.138989838311664
469 9.71319490575927
470 10.258225943339514
471 10.10772673147196
472 10.292116001014213
473 9.998336869528229
474 10.473670524902184
475 10.296007363925222
476 9.566219855062439
477 10.406371926421354
478 10.363522586961787
479 10.001538772363435
480 10.066775815798037
481 9.695773896406676
482 9.66569112314565
483 9.5621110329548
484 9.647725104322154
485 10.244299928308491
486 9.798065658377743
487 9.905290172097361
488 10.962015435217623
489 9.670589662562538
490 9.920342476387106
491 9.6835080494852
492 10.297878643487122
493 10.038943453576918
494 9.605135753400974
495 10.302700271145515
496 10.191906176328592
497 9.83204898871968
498 9.612177235279352
499 9.86093404333806
500 10.170714588823323
501 10.154096780347079
502 10.036710188226667
503 9.98079895071579
504 9.954392869430587
505 10.70169647546973
506 10.208701153923116
507 9.259481610366908
508 10.397810338243064
509 10.08549704916437
510 9.34455141154317
511 9.7118415923448
512 9.334643412462514
513 9.249537707278636
514 10.077116650037642
515 9.639726076770458
516 9.668443167926194
517 8.662058607557654
518 10.484027631983336
519 9.124232574465877
520 9.703697007858425
521 9.799083525574046
522 8.915680977801856
523 9.321016266762545
524 9.745556333504814
525 9.771271896304901
526 10.405022658906425
527 9.711967466571581
528 10.06213169472793
529 9.358329348919197
530 10.481055710247839
531 10.180126723655992
532 8.949114042119682
533 9.482214973955374
534 10.03327170947753
535 9.636191085241018
536 9.937946955218704
537 10.085882704721353
538 10.16805467964308
539 9.805437220050598
540 9.87283240624599
541 10.062749757336267
542 9.953504738172432
543 9.30909811302416
544 8.70652353348414
545 9.098461293308107
546 10.327897732175385
547 9.29180360349606
548 8.224472905249012
549 7.078974749693955
550 7.0133395328923225
551 7.805908608848752
552 8.085272146322477
553 8.760728824012675
554 8.273140010703033
555 6.835061885873942
556 7.395971285357645
557 6.916260725631283
558 7.916919082773315
559 9.235987274398427
560 7.8196719677689615
561 9.194447996234361
562 10.076434102473085
563 10.033286459702651
564 9.329446650602792
565 9.84457925057087
566 9.985658549652596
567 9.708090115795189
568 9.818727139253799
569 9.91926997657042
570 9.407689715995321
571 10.307555516957738
572 9.939937995280324
573 10.339546433910963
574 9.729496642177413
575 9.849547174466409
576 10.105277532933632
577 10.341932809771615
578 10.231789482255019
579 9.466111863069436
580 9.703954602954388
581 9.76716856593677
582 9.589760989597588
583 9.592368639657852
584 10.207815401955983
585 10.2352091110923
586 9.89194233097556
587 8.440433367895125
588 10.43397837762266
589 10.189802320285095
590 8.434223081857148
591 9.622998722472785
592 9.882335379436599
593 9.908857373616181
594 9.688713127925341
595 9.50276932846307
596 9.219649119198545
597 9.617561883012671
598 10.04195313879441
599 9.334794387637592
600 10.101301568856503
601 10.220569897609822
602 10.347811337932656
603 9.196338749859938
604 9.778645412098893
605 10.531757828300705
606 10.542683048502974
607 9.425176271162142
608 10.011473576859327
609 10.419112483863222
610 10.07536586300194
611 9.708289943291701
612 9.63484044025152
613 9.779342167926345
614 10.60283463761736
615 10.659984509981843
616 10.465674088714936
617 10.358953371297538
618 9.481132504755875
619 9.332803865274235
620 9.46612554126164
621 10.551198537567455
622 9.878914253047371
623 9.506795528216548
624 10.594389977705383
625 9.852932880233062
626 9.768226609632352
627 10.476164683846747
628 10.007423939682127
629 9.593391987461201
630 9.816361428296037
631 9.40613513213137
632 9.95357730199465
633 9.908195765296716
634 9.12655652565305
635 10.18611314833481
636 9.70879137858452
637 9.937677308768283
638 10.025316997138535
639 9.982424181520766
640 9.470701858751733
641 9.523111442551073
642 10.09870045221146
643 8.311371725614666
644 9.297145273603899
645 10.10541595383981
646 9.970576752918968
647 9.368372007883488
648 9.961526600947018
649 10.155498086516246
650 8.894434442203949
651 9.152125784124369
652 9.13298624355278
653 9.495342805645187
654 9.437362837189735
655 10.324751222148473
656 10.243684436751757
657 9.708445390801216
658 8.915687249331539
659 10.236452518759851
660 10.325123973021848
661 10.008933064385596
662 10.086324150975955
663 10.635970442607196
664 9.764276092161472
665 9.481954167997053
666 10.414121557777692
667 9.848320112114402
668 9.88426935326905
669 9.449140671160201
670 8.705830494872284
671 9.314889860125712
672 9.032640129566522
673 9.48761901266209
674 9.782758400569797
675 9.338228388497345
676 9.345067428972506
677 9.412045106122594
678 8.848488260642378
679 9.490620123503007
680 9.81720659684106
681 9.011623158374396
682 10.061362690896994
683 8.640585841061686
684 9.855563097648774
685 7.265770974645816
686 7.564037372856964
687 7.430703431413397
688 7.9348364046567355
689 7.113968907868637
690 7.323059950508047
691 7.435680147970284
692 8.065396956410563
693 8.796428541628446
694 7.670335754811538
695 6.861437434600355
696 7.819090217077245
697 7.140636776095527
698 7.68247208870835
699 7.77164713279796
700 6.6651903663153345
701 7.620264967925438
702 7.346551222500556
703 7.2379031641032086
704 8.4882332851824
705 8.011529721341041
706 6.5466011268769035
707 8.25590239309142
708 7.791970980936534
709 6.834490382557664
710 9.552732431009119
711 9.411632616233792
712 9.665259221704144
713 9.010934414609302
714 8.308407360131426
715 8.688769669916866
716 7.511113119453045
717 5.913276669025086
718 6.629759499977464
719 6.961968184489102
720 6.949715516356305
721 4.431433763547733
722 5.875294288801772
723 7.215922638882273
724 7.58484395152291
725 7.217810934584023
726 8.671302016106837
727 8.200620360876302
728 9.234515803486778
729 8.67208167031593
730 8.628591756132929
731 8.702539891971659
732 8.803914100780977
733 7.598770684822452
734 9.280207061049124
735 7.825611528968558
736 8.657933082041426
737 7.2936497110143526
738 7.805302980376387
739 7.56617682311566
740 8.69565290458232
741 8.404546655012037
742 8.326975694864776
743 8.72948219710753
744 8.985791784831703
745 8.321954080060001
746 6.930507072712876
747 8.30628297132994
748 9.168969084258784
749 7.808449747635336
750 8.619382894309075
751 8.529527118551986
752 8.456437894730264
753 8.430606578378598
754 8.579950281250612
755 8.912822063479718
756 8.338957260390155
757 8.835984473798815
758 8.506950655724484
759 8.078542270886718
760 8.787695705424797
761 9.253186119551227
762 9.383945272851536
763 9.22298609081997
764 8.827864145943312
765 8.592125577416583
766 8.552541010198812
767 8.677099392370682
768 8.190071382266003
769 8.775109423935183
770 8.88434932510512
771 9.241933161407504
772 8.422737962500927
773 9.218584171891186
774 8.476338086551229
775 9.011178274910739
776 8.300073392837625
777 9.127391817737244
778 8.771844645461988
779 8.524493517864476
780 9.01152715581981
781 9.061774940418134
782 8.21704219496082
783 9.299761045533735
784 8.365126737436995
785 9.441816962101054
786 9.097996821524891
787 9.102355154952805
788 8.612611297367812
789 9.010978920866114
790 10.04559956444758
791 8.89582097914341
792 9.30167412749484
793 8.842142648649252
794 9.32229194341529
795 9.068746268157616
796 8.872765725466692
797 9.174430501219325
798 8.659988993237409
799 7.861399855932478
800 7.429761844378859
801 8.645140832132242
802 8.78704939360472
803 8.164150406591315
804 9.167534298483188
805 8.856728157219658
806 8.790394948893175
807 8.77059654051527
808 8.785322229571173
809 8.513010503025749
810 8.760199207528615
811 8.606768273814955
812 9.084202500885118
813 9.323992414113322
814 9.08406181903706
815 9.24217990083372
816 9.19386285043133
817 9.443837363925834
818 8.991491338842362
819 8.718339471958853
820 8.990455454784154
821 9.256023747427353
822 8.263766137294823
823 7.988627635508007
824 8.036261721864259
825 9.47085662831925
826 9.088347558612806
827 9.536838557074482
828 9.988748766829964
829 9.556279120844883
830 8.735239290502925
831 9.162726288375548
832 8.479552398392647
833 8.9657441563141
834 9.01454139877192
835 8.910203846756438
836 7.969145262498653
837 9.55400735766476
838 8.963493633529282
839 8.857955173089813
840 8.60970056995569
841 9.258184283851833
842 9.018239891309745
843 9.684731535168615
844 8.988819583656994
845 8.990181454845652
846 9.15092772367157
847 9.370096052418456
848 9.687899287265088
849 9.230329812972554
850 8.937240614228093
851 8.236145226793445
852 9.190904156651996
853 8.714029292045025
854 8.736658774699377
855 8.066027451835678
856 8.685174368711783
857 8.845390407471578
858 9.268842011128754
859 8.787285552443997
860 8.999306922270897
861 9.18768271004862
862 8.783278728987256
863 9.027424468092063
864 9.275720344140726
865 8.548502831959539
866 8.253232071820458
867 8.864414940687078
868 8.954260461562933
869 8.637822477679338
870 8.86229728406966
871 8.818584754142536
872 8.62669793234851
873 9.42309260662482
874 8.23731277944221
875 8.40475552059904
876 9.341864051842032
877 8.910885572428034
878 9.129666414894055
879 8.980412092450896
880 8.506817633456732
881 8.785965141459283
882 9.152182967679718
883 8.698948624176193
884 9.04529381017999
885 8.285235502919484
886 8.816578415755249
887 8.74974977749465
888 8.78724897512082
889 8.457480352144827
890 8.597446774151447
891 8.758188073478475
892 8.428719318250256
893 8.94771081470097
894 8.880420913157472
895 9.090454946353589
896 9.345079598463624
897 8.922597111776733
898 9.238476801533205
899 8.85150419289091
900 8.98268476715754
901 8.529271405239426
902 9.3026158111336
903 8.772941415695042
904 9.284762429694899
905 8.937018269294203
906 8.807215390095092
907 7.9036191013234145
908 9.241126844154646
909 8.53005623554822
910 8.713917702303192
911 8.602679656823279
912 8.614227219948082
913 8.866647335918369
914 8.28516920238652
915 8.81101793748725
916 8.724336201437879
917 8.787299948315662
918 8.262122995202976
919 7.30040716460037
920 7.255343491710277
921 4.4751104406541256
922 7.128326182436294
923 6.985503590638512
924 5.889082728821461
925 5.985812022835893
926 6.767953782088585
927 7.370990097578092
928 6.607341470909039
929 9.16360999689621
930 8.87441561451974
931 8.909587677906597
932 8.242528080099815
933 7.368648077832223
934 8.593188904081286
935 7.7743375706908
936 7.427489234402407
937 8.05700525771173
938 7.326053079080878
939 5.373274202408517
940 4.758055552091954
941 6.541899323612414
942 6.72446024903511
943 7.0217029649251765
944 6.88239350000716
945 5.991424874349108
946 6.4279801116411655
947 5.92373931425245
948 6.342162078555538
949 7.360299114173935
950 6.288736235020812
951 5.968881976597049
952 6.159744605227664
953 6.2087659355688425
954 6.547405916645044
955 6.614646718652175
956 6.452741988549609
957 7.00210391603136
958 6.386977226204083
959 6.455826275000769
960 5.790308987066339
961 6.124696763762268
962 6.632872497207534
963 8.178712352529269
964 8.110798691331832
965 6.007356543629801
966 6.617785438608514
967 6.916886876985006
968 5.981976504362399
969 6.234270602820973
970 6.930023314009676
971 7.312470016421414
972 6.619695950538138
973 6.890137099421805
974 6.760180985042697
975 7.5893208639526755
976 6.976430574541765
977 7.657481557279188
978 6.2860204859463815
979 6.40890884214277
980 7.574115738744376
981 7.988781838347581
982 7.7688003112413515
983 7.614096511207731
984 8.26103429191691
985 7.974248460551146
986 6.322061583312598
987 6.579281792576635
988 6.942116807537587
989 7.917366488310056
990 7.722166699209593
991 6.948953036019043
992 6.564745956009974
993 7.319532572910158
994 7.090174489095951
995 6.419202470702575
996 7.417250056047257
997 7.420019545426352
998 7.547780858976929
999 7.4062436514945
