0 4.696074697165473
1 4.696074851505971
2 2.921205568844966
3 2.6754714881150163
4 2.700970223920036
5 3.082914657862281
6 2.7401623854613084
7 2.7518994552663196
8 2.8143642343177673
9 2.5728375108782684
10 2.765801654245921
11 2.738911875860475
12 2.603700123573777
13 2.6870066203228795
14 2.6770884674809348
15 2.631293019437407
16 2.9563740884565757
17 2.50306721755853
18 2.6304555201172533
19 2.861341118521144
20 2.6318920909482415
21 2.9053207110217305
22 2.7270213030699844
23 2.5730034427326536
24 2.5666058780737018
25 2.4829158132818563
26 2.8788263463381187
27 2.95412876821534
28 2.6205862101521085
29 2.802181340799764
30 2.8500799035379165
31 2.4812698930817616
32 2.7040285524497287
33 2.9575882349858413
34 2.8391691450008407
35 2.8431280376715953
36 2.63372012940361
37 2.606814936971361
38 2.832195563122775
39 2.6280384241623294
40 2.704209160412613
41 3.023199601536339
42 2.9277638872347214
43 2.5564273115793448
44 2.79346185469324
45 3.0204051868906245
46 2.6624287787590477
47 2.7858112724683495
48 2.7861841557379576
49 2.7301513941534488
50 2.6461712147524388
51 2.582019126863162
52 2.7688281448416237
53 2.74843631816858
54 2.7111328153156657
55 2.933967408560651
56 2.636954591886111
57 2.863668331616849
58 2.750493770046114
59 2.686619870020606
60 2.6157622413594472
61 3.1081555054009575
62 2.792801339362405
63 2.6750018299202853
64 2.811003839244386
65 2.585624558148756
66 2.867277914691764
67 2.9922915880236927
68 2.8100732941957878
69 2.9274164046287163
70 2.604941733040815
71 2.7613847907416558
72 2.6892469669596695
73 2.608361318942669
74 2.6478512801353458
75 2.7357564162838677
76 3.093940974720491
77 2.670340375028639
78 2.58490918175316
79 2.9329140253674923
80 3.149895395149082
81 3.1351482999977227
82 3.7645957861612636
83 2.7732584966479807
84 3.308238508124966
85 2.689802215567997
86 2.770643053020566
87 2.644400565546951
88 2.884757933619702
89 3.0351659973915996
90 3.1643567625182865
91 2.6852206433974564
92 2.9139069069896504
93 2.828534946873402
94 2.884901896506142
95 2.893534517715412
96 2.6082821515124017
97 2.7118523821583733
98 2.758048935291318
99 3.082480452292954
100 2.6550254188384583
101 2.6368453855708394
102 2.8666465250783895
103 2.7068497719751807
104 2.5798484784416766
105 2.7755970388632307
106 2.5851930926164988
107 2.472813569317682
108 3.1679487877877444
109 2.9014469157151517
110 3.258314992586291
111 3.0018376364174744
112 2.7958710311285717
113 2.887732911067858
114 2.6342579715063295
115 2.501217783246214
116 2.8273420942443948
117 2.628012525121753
118 2.89631896996278
119 2.731435356225985
120 2.786633890301676
121 3.4184393987400084
122 3.443565130461555
123 3.3153374579358226
124 6.032207658170548
125 5.5429105725190055
126 3.688208427218658
127 6.106730896988915
128 6.733280222464669
129 7.042887041265922
130 5.486510222031007
131 6.192759919764131
132 4.669647658981813
133 5.557813935262173
134 6.245774358748532
135 8.079019937815719
136 9.464383330504743
137 6.445985996077395
138 5.2207479620187796
139 5.990531909999156
140 3.622861111945067
141 3.4372267616017536
142 5.285252630253154
143 5.287646663283547
144 5.154289744722032
145 5.887553903904471
146 5.0730228207112456
147 7.566894118041568
148 5.997741667832117
149 5.596834509043505
150 6.285602642961523
151 4.881272091435589
152 3.5602164600851287
153 2.9410083020058146
154 2.5133516398435205
155 2.6156101165691727
156 3.3710254933639754
157 2.7263948602013994
158 2.8144664373935746
159 2.840112133231312
160 2.9272054875636244
161 3.1186604634514556
162 3.0260999680983063
163 3.0799798689237576
164 3.2160448044326273
165 2.698256790730752
166 2.8303046080840115
167 2.534135057716509
168 2.94308547866687
169 2.6511507328608284
170 2.6652862584038615
171 2.8378233768217456
172 3.329816038650442
173 2.9292469828994827
174 2.6285226291366612
175 2.4650042856121965
176 2.866545748253488
177 2.6377820562947023
178 3.0074155318440203
179 2.730647320425356
180 2.889328638060854
181 2.808050176127529
182 2.9651566084888334
183 2.9912296443402027
184 2.8479340782607343
185 2.6639350153068744
186 2.6128798763683947
187 2.666765395088619
188 2.752096147422709
189 2.827499924858552
190 2.654215192878011
191 2.6028172473133693
192 2.6275527170651314
193 2.695133379753544
194 2.7800448643324396
195 2.5650249442834414
196 2.9256547369184913
197 2.651442860772279
198 3.0371806196441837
199 3.1321427879445958
200 2.542533479094058
201 2.678630959435261
202 2.631448355626696
203 2.674727996410247
204 2.6941934991743315
205 2.544548332741394
206 2.813165298373989
207 2.9981398700568604
208 3.1303111517106914
209 2.7074502272934495
210 2.733244820847241
211 2.9851803015599154
212 2.7250737748304754
213 2.833420721511626
214 2.9037927019707728
215 2.920401043723521
216 2.6763553651029346
217 3.0204950192220026
218 2.5356341358602745
219 2.6502888794921295
220 3.0133304691607283
221 3.2931336202060026
222 2.9666217331554496
223 2.684423236525336
224 2.8558119532888817
225 2.97649395529193
226 2.9247644854561745
227 2.839236171120112
228 2.850219544103841
229 2.8188489878322143
230 2.8113913049195496
231 2.9433175516547703
232 2.974732017824854
233 4.642558093552491
234 2.6137759417151427
235 2.7431885263079843
236 2.979788247850272
237 2.8573882527535215
238 2.711509437512963
239 2.9841919415860403
240 2.9670567444560043
241 2.6550259791852238
242 4.101211411128803
243 3.9054079754623126
244 4.740660016428484
245 5.718831700743986
246 4.333215140773641
247 4.077416665578831
248 2.6220204956412134
249 2.685691182348386
250 2.5755921883234256
251 2.9233706020962096
252 3.1116550106857637
253 2.9746367350400673
254 2.7483154144876827
255 2.588186029131938
256 3.2632435641072526
257 2.552587233059592
258 2.733776903343242
259 2.5852685478435484
260 2.6729509084375978
261 2.857451783421939
262 3.0430095865901725
263 2.6115761858052524
264 2.563601208585585
265 2.6358761997325417
266 2.7556918241734927
267 2.942305613721995
268 3.019017048085097
269 2.7142929370451006
270 2.817294572112788
271 2.8927760461572123
272 3.0655265542552286
273 3.005941035076524
274 2.7329727961693564
275 2.6200949731818177
276 2.475390018450005
277 2.8744818301102524
278 2.7794908661280395
279 2.6810289616763505
280 2.9604822590826267
281 2.7080540791221055
282 2.5653682588688285
283 2.627948789016477
284 2.5411601113130913
285 2.6986729572147605
286 2.80444316811294
287 2.7511020386087393
288 2.6969148653535315
289 2.735408170893623
290 2.6754639935109226
291 2.6057480002886235
292 2.616589907003761
293 2.559541563174626
294 2.608546528879904
295 2.8228930041882165
296 2.6537752476781105
297 2.6092337115734487
298 2.7943059492871134
299 2.741607507166326
300 2.5224650306748986
301 2.56923065752913
302 2.418020225820343
303 3.0647614480539698
304 2.579775090153751
305 2.687680124325256
306 2.5949283097531923
307 2.639218053907191
308 3.011565496975995
309 2.9314550636659638
310 2.5768839561576917
311 2.979602077979286
312 2.4901318928168887
313 2.6038551380416752
314 2.6699595947666857
315 2.607937840750311
316 2.5106988461393653
317 2.633542061209661
318 2.9169613665426173
319 3.0232516612624187
320 2.88903567636452
321 2.6255436213485654
322 2.7319221353295915
323 2.6558011514749125
324 2.6197465896419736
325 2.705677458428534
326 2.6806796607051617
327 2.6189469161922814
328 2.9258546151313345
329 2.7671508125006508
330 2.4997909696580405
331 2.608288323393792
332 2.58430688209722
333 2.5028244360075993
334 2.5278722475004742
335 2.684277363019971
336 2.712519853231739
337 2.678657980881669
338 2.9171425746428183
339 2.6550436268480033
340 2.5648088368405237
341 2.676819098738613
342 2.6081839885787357
343 2.681817391925981
344 2.694999869215033
345 2.8537786676668904
346 2.5999540222314237
347 2.9105397670970334
348 2.6249859733610417
349 2.5651931214160615
350 2.9036599708312836
351 3.3783242989223323
352 2.638470519361876
353 2.5563886587138938
354 2.5404957463242477
355 2.620279157196704
356 2.8026994989222134
357 2.585394111572043
358 2.6971971547303397
359 2.6964268569355268
360 2.6278423756358973
361 2.9853726955327735
362 2.702028023778736
363 2.4368881919525
364 2.645987971637442
365 2.5644178182684976
366 2.7390300654621504
367 2.737943991693545
368 2.5825980484895483
369 2.875183722423004
370 2.601007694690422
371 2.728993500676514
372 2.706575631021874
373 2.6226600518131287
374 2.596526164849661
375 5.694723761530541
376 4.762597019119887
377 5.4785805587452625
378 7.5461128497181065
379 4.560909879492678
380 5.787101083149121
381 5.590110463807514
382 6.633211864083716
383 5.863711813024815
384 6.1823425559240865
385 5.68328102675567
386 9.206688475156032
387 7.8412718716326415
388 6.368348460354117
389 5.632981699982654
390 4.746771820946033
391 5.24786541077897
392 5.399600157457487
393 3.2769122066782077
394 2.9167570623167856
395 3.099403869414209
396 3.565716039970273
397 7.046835533990602
398 6.774557748248806
399 5.805485549847518
400 5.367095408798778
401 6.729219633101578
402 4.986123627321221
403 6.657457338285302
404 4.933036078563134
405 4.785129461660503
406 5.071187527268188
407 5.859027615224565
408 6.421377742451239
409 8.810958934131467
410 9.346917491187941
411 8.87533995337903
412 9.485098518338983
413 8.715415550479143
414 10.814134810819123
415 8.80864480367466
416 6.8049388031266105
417 6.1784672541296
418 7.597419342187095
419 6.041796976655312
420 5.546366321583526
421 5.604935909115137
422 4.482868275023729
423 3.1399393221624208
424 2.563037970230418
425 2.4959560866561916
426 2.7756113086314564
427 2.6352048611133467
428 2.506581383163733
429 2.824518957724522
430 2.4718990929655247
431 2.609719870729257
432 2.7804018841649545
433 2.6546586632298426
434 2.7898445972207315
435 2.731310209893191
436 2.6769641078518003
437 2.7918133547692388
438 3.116173285236969
439 2.9482591348074627
440 2.7525605864381784
441 2.7450581690010605
442 2.8915070476480977
443 2.649210248048752
444 2.6640620701413398
445 2.6754001988388514
446 2.736279635213982
447 2.9696978776978313
448 2.5108692035152727
449 2.6296475685663525
450 2.7547010416827655
451 2.8801782687965485
452 2.5101813979581977
453 2.5899881172678145
454 2.6321137988179797
455 2.649727399806253
456 2.6783787671731667
457 2.549757258814377
458 2.5965445800384024
459 2.7717721243354148
460 2.669017979768545
461 2.79201538690108
462 2.961908839226317
463 2.8341725918509226
464 2.7490259424952184
465 2.7582790206072803
466 2.795278210943505
467 2.6691233758180264
468 2.7589450370795636
469 2.711760969188986
470 2.6592048711537566
471 2.678515403684933
472 2.5605633401959667
473 2.869746445411748
474 2.751202799538431
475 2.841324461378378
476 2.702067416822753
477 2.625554040769483
478 2.7455854334309895
479 2.814846916171582
480 2.6844762317557156
481 2.8383484097254708
482 2.6080557583338284
483 2.6262713996968117
484 2.65762698412123
485 2.819161780214512
486 2.656205524679682
487 3.080247873269438
488 2.918185839229162
489 2.5888455667361234
490 2.7594780870780053
491 2.6067903636078276
492 2.4441977397399275
493 2.546045866524055
494 2.7562509776737554
495 2.7699213103662657
496 2.6059348075468205
497 2.8065518243694827
498 2.7938945127661166
499 2.7270545823861605
500 2.6159189854513594
501 2.5678803917212782
502 2.546371953533738
503 2.9639623158389004
504 2.6252034744639614
505 2.7455714060927887
506 2.9288270444751254
507 2.714252120788301
508 2.5482059807076234
509 2.8449472510455704
510 2.7592649989112963
511 2.706560838713668
512 2.500002141121324
513 2.5429984769361123
514 2.6583937368725157
515 2.6448285644130647
516 2.5841583221838587
517 2.6420869589431013
518 2.5543434161693157
519 5.077782474103053
520 4.095172250081075
521 2.7539740754659525
522 2.697937557029795
523 3.7095361766220476
524 5.923466274137283
525 6.892187809839348
526 7.177849906172408
527 6.2472371961169095
528 8.037671705013935
529 8.516582275430734
530 10.962750781124173
531 7.472521985390974
532 6.509550235055058
533 4.56468051591213
534 5.359995058506643
535 4.690354553356508
536 5.8106916718457695
537 5.474328416892427
538 8.014400842040066
539 5.26356043590277
540 5.429081121224079
541 6.8206201852559305
542 6.169150013671192
543 4.512806716090197
544 4.42073483581741
545 4.06290282046645
546 5.113778533002181
547 5.579007354826425
548 2.9480257580448868
549 3.3768560992447516
550 3.4831084454505943
551 3.1713480581366147
552 3.563457325907049
553 3.2583524472460197
554 3.203240203721045
555 4.166073576470406
556 5.0292699350397685
557 5.03115740662665
558 5.136261273005546
559 4.755720743776942
560 4.616395514044503
561 5.087979351886473
562 7.122693686807466
563 7.639993463084864
564 8.984140694300407
565 7.615160277115416
566 6.743986703418938
567 5.606088851808356
568 5.3515150097722435
569 3.065358769888872
570 6.8846049625560575
571 9.422428500824587
572 9.404037473425172
573 9.114448696175595
574 8.11113956521621
575 7.154615759353613
576 6.614845331163178
577 6.986771686530017
578 5.679276256726408
579 7.767694644218051
580 9.504808687858189
581 6.919775030305393
582 4.893960311093779
583 5.466525293448104
584 5.403309913667659
585 4.866048239742607
586 6.803109814370019
587 5.631708874365105
588 5.3666064347594284
589 8.601192199131921
590 10.751567241743887
591 12.065011992530497
592 11.450034105678066
593 8.78246544566088
594 9.852804145213959
595 10.059902922692961
596 13.703623751457581
597 12.225045699520411
598 12.800023235480547
599 13.45939912926003
600 13.227337934750135
601 13.025660794826042
602 12.321708130025616
603 12.91207486228281
604 12.830480238801501
605 13.127976999445636
606 12.076761746672835
607 12.579911914270792
608 11.604369290301012
609 12.65724200274247
610 12.131397637015555
611 13.76969832406546
612 13.080119071208623
613 13.104931987076402
614 12.477367400878132
615 12.451879334558441
616 9.658614820599587
617 10.965047305487415
618 9.952022913807381
619 11.140755348828025
620 10.89814167514767
621 10.35421054912397
622 8.130323897851161
623 8.751972145915039
624 8.511066443910972
625 9.06957802579015
626 8.983685864881187
627 9.238040999950448
628 6.870154486062175
629 7.782629031624607
630 7.424286414180788
631 10.32510666008499
632 6.532246356867398
633 6.331836893369912
634 5.785136561519258
635 4.827229230529477
636 6.766395579515785
637 6.358316303010587
638 5.805406193024607
639 6.30645386235417
640 6.691176999024741
641 7.451610093609121
642 6.781562126493925
643 6.938755090733805
644 6.44201779664156
645 6.395760182528715
646 6.896428904037513
647 7.371989297084515
648 6.262037887493029
649 7.814306248133524
650 6.762287437610996
651 7.396847628771407
652 7.340408657456126
653 6.325110365860095
654 5.970309712736478
655 6.047951435399328
656 7.238461533214028
657 6.712062018913196
658 6.478427311950006
659 6.854962034893441
660 5.482949962603587
661 7.161664112522619
662 9.229609185587456
663 5.907921624881619
664 5.907699611555003
665 7.416623067623593
666 6.791355524170058
667 7.431127044713437
668 7.321888022177143
669 6.888404423041372
670 7.009338824816358
671 7.53684837806689
672 9.731105759490827
673 7.622865708568988
674 7.414668796832303
675 7.115163928389384
676 6.607594779697405
677 8.51107873312704
678 6.9553748183259945
679 6.6882046202043774
680 6.012433055357551
681 6.697532763684047
682 6.9870235188715935
683 6.518397152065349
684 6.15989453163874
685 6.618293797954165
686 7.438316519204367
687 6.9918741788944585
688 6.160015648668819
689 6.957347786953617
690 5.289180031958301
691 7.822583181099202
692 5.467200249165473
693 4.6405766977224125
694 8.112908025182824
695 5.283658571016612
696 5.151388789796973
697 6.025073035215598
698 8.590102946118336
699 10.361016654063308
700 8.697326872034516
701 7.730504919869101
702 5.75274086476156
703 6.585759004839617
704 9.467418866330242
705 10.381056581444621
706 7.444442328736027
707 9.356370661079234
708 6.264991481258666
709 7.60335222562823
710 6.767617680205006
711 9.01926145021011
712 7.0413797589184215
713 8.143911262567045
714 7.386533616915681
715 4.952387134165587
716 3.896193958869506
717 4.848415602787822
718 7.474327504492797
719 8.024593885657369
720 8.268100716009744
721 8.616602634999165
722 9.249752534649625
723 7.09431450039995
724 9.134429708302626
725 7.463464286484548
726 6.5522147380816405
727 4.953497351577245
728 8.029196814027998
729 9.007234335610386
730 10.257406776437472
731 7.243735353200975
732 7.15979799292214
733 8.139228534589211
734 10.159346345659147
735 9.827562337255019
736 12.621903114192024
737 9.588601612171102
738 8.69949321981092
739 8.984850612921015
740 11.123898777394915
741 10.749877285208324
742 10.76198221756093
743 11.701509606941734
744 12.121734054891762
745 9.767912389303298
746 11.252386003149521
747 11.253204175048712
748 12.099120322862195
749 10.428713022180867
750 11.319630029787291
751 10.30301978146323
752 8.829456020893053
753 8.679800382026151
754 10.063457744137477
755 10.849661941624603
756 10.70952805783864
757 11.553670343200862
758 8.538117918025758
759 10.409570199337091
760 10.307967618817678
761 10.173451495124393
762 9.74403719399412
763 10.894072193857845
764 9.65559355647292
765 11.5068980332154
766 11.381406936595267
767 9.408513250635608
768 10.670854794801516
769 12.101851686631846
770 11.845328412109271
771 12.39714081624163
772 12.585540411451953
773 12.587304499997382
774 11.911177304658933
775 10.071405162532853
776 11.8084594049268
777 10.38014865269006
778 11.126207534508561
779 11.205485033724308
780 10.699651030082958
781 11.393869858859444
782 10.8337748487524
783 11.245485694205046
784 11.447827335269732
785 11.415928550513875
786 11.061677797545864
787 11.418186420265913
788 11.58437354730809
789 10.250624860075025
790 11.089541954440744
791 11.220719635204867
792 9.007142701740067
793 10.641382493000116
794 11.094676293614762
795 11.586656505020597
796 8.686876036729679
797 9.934173557597587
798 10.737917595769266
799 11.247220085377972
800 11.544832626822396
801 9.147005153385646
802 10.517260152099439
803 10.759671776810416
804 10.658489058307161
805 10.548334755317105
806 9.876002536305403
807 11.364513901312103
808 10.900336579126158
809 10.004914057382177
810 8.336538289391786
811 9.292212410851569
812 9.188506591795493
813 8.741088101377823
814 9.623745620118443
815 11.496578799789235
816 13.294134600630542
817 13.652376607951549
818 11.283490075612486
819 11.46668641887905
820 10.221991828646267
821 10.998814043895099
822 10.315007704835631
823 11.596132004173874
824 11.029373957626236
825 11.351954026290688
826 11.753417796262294
827 10.758752086414146
828 11.279202623998543
829 11.033920281587381
830 10.602497478828782
831 11.505965939508343
832 9.131185851451233
833 10.957166370638975
834 11.290454172438182
835 10.791914663271918
836 8.89809527985675
837 10.446231569697536
838 10.426585030902913
839 10.808434392178409
840 10.185770188838891
841 10.616193574783443
842 11.037015886691302
843 10.679870178278332
844 10.569626492169478
845 10.519443550408539
846 10.473714648008864
847 11.264539070282796
848 10.938227516613885
849 11.844721139868383
850 9.46718185359667
851 10.793205943716853
852 10.188768519243059
853 8.929331473287945
854 9.791334240698903
855 10.002867710894993
856 8.36863306302678
857 11.27634318656763
858 9.046455123747364
859 11.288698143451006
860 9.897450455642748
861 9.660819904488916
862 9.153307944624085
863 10.783915643805143
864 9.53425942516584
865 9.552392907859822
866 7.586440143198454
867 8.77933215319205
868 9.885195048159058
869 10.912021813579376
870 9.910432552903174
871 8.45300278692367
872 7.836381091399978
873 7.795406584618241
874 6.59032857553352
875 9.282139113706487
876 9.513867216449569
877 8.244373149559557
878 8.690113231329681
879 8.074165975108942
880 9.81316282913141
881 8.386687980265474
882 7.691205182628602
883 10.364466249127327
884 7.690734694398898
885 7.1437415150951
886 7.2211962812568435
887 8.948071981962634
888 9.354919921760837
889 10.684197213843829
890 8.370885015116237
891 9.299932862731252
892 5.177854002856434
893 6.422667358642434
894 4.775486714748665
895 7.061131917975896
896 4.783909724760644
897 5.086607893275961
898 5.158987346908587
899 4.788142928101513
900 6.557595111770888
901 5.4605609320617665
902 5.275663707761583
903 7.763057770133189
904 5.120148439343121
905 6.157414218744445
906 5.671042078189098
907 4.9745291470043345
908 4.812395740678418
909 4.7319701561655805
910 5.763431246305
911 7.559396173897044
912 8.112654793744973
913 7.053413733383019
914 7.484100916195089
915 8.921641592951868
916 8.583156884356514
917 6.9089367883571375
918 9.963968553081253
919 7.5037005626831315
920 8.27428327000167
921 8.599636350440454
922 7.3303003842379
923 6.207901522141724
924 7.085289945733624
925 6.921729913808076
926 8.375805903682261
927 7.018762151148924
928 9.10264885583485
929 7.15658682031451
930 8.429642908536966
931 8.78717128723945
932 8.456300167863056
933 7.467572103797008
934 7.13179541733243
935 7.378873470620609
936 8.338511648410043
937 9.564907270781093
938 7.759456297816088
939 7.659477726835128
940 7.646240145872978
941 7.198522678449917
942 7.7964959858083605
943 7.236647640763312
944 7.953962584059141
945 7.588079993114873
946 6.922311350526319
947 7.108196464392127
948 7.3882537401561805
949 7.004280396668339
950 7.398894828958955
951 6.976577255593325
952 7.292714133378745
953 6.158899453922868
954 6.397828228234385
955 7.735636252514745
956 5.099696807227559
957 5.061006369654956
958 5.7421726942327656
959 5.1992768544863175
960 6.033858292125076
961 6.068195889008556
962 6.184775999768737
963 6.282978866063991
964 4.9883373207386414
965 6.398941340268595
966 6.526843066665738
967 4.964730225732589
968 5.459133790162634
969 7.386914560222801
970 6.089287706134036
971 7.281932953153075
972 6.725568490999005
973 6.792025346906643
974 7.456600575649684
975 6.784185756777562
976 8.219919607600994
977 7.957697553757881
978 7.759830058686829
979 7.7419998515879
980 7.119591451563154
981 6.236263289599781
982 7.6966800630885475
983 7.602112790213995
984 7.077552954546574
985 8.087761811868653
986 11.052931130559548
987 10.979190083289145
988 7.6267463859472215
989 6.86603118753673
990 6.715895817271226
991 6.781537292752737
992 8.370752824498842
993 8.76153883599776
994 8.36870895022624
995 9.121514600922767
996 9.013242597232747
997 8.275721800613608
998 7.538115105631684
999 6.8136007002850985
