0 5.463413163386467
1 5.463420274818543
2 3.814439684518048
3 3.8770578197473666
4 3.3946462635173176
5 3.332986667418866
6 3.4899972263118038
7 3.46276509925111
8 3.822390149114617
9 3.4608466948156935
10 3.7829920963124253
11 3.676791666098331
12 3.8116483172570685
13 3.7282704053169797
14 3.6846325890729177
15 3.2676274177523736
16 3.6191081976064465
17 3.7985697375644145
18 3.4224321161099365
19 3.9547682320738087
20 3.71910935046923
21 3.8420495214378616
22 3.646728530676799
23 3.5931326552380387
24 3.671194885073452
25 5.658274069042839
26 5.858237865310835
27 6.273710087210947
28 5.751621559843261
29 6.552172535876393
30 6.465392915156839
31 5.555198910755243
32 6.336933913672592
33 6.380243262374341
34 6.5615305257231205
35 6.30691245234656
36 5.277248697452066
37 6.046720048584806
38 4.976333824902324
39 5.420832998164389
40 6.407544830023766
41 6.30033254490993
42 6.300120000636086
43 6.018018874339525
44 5.733221381108227
45 6.695406428476014
46 5.918542575899578
47 5.830558590377004
48 5.419085090810232
49 6.550007209019292
50 6.022260346417684
51 5.95870975558515
52 5.129700183994624
53 5.502682553790944
54 5.86039582513836
55 5.925073775336338
56 5.722636924704817
57 6.214013589177074
58 5.458950106809335
59 7.379901677540185
60 6.505144856957665
61 6.341920920506383
62 4.958154993384733
63 5.583321647126125
64 6.045588471052575
65 5.369340734948899
66 6.05623864153002
67 5.185524390255184
68 5.744802525102261
69 3.6738659392236013
70 4.9698980251166285
71 5.4081777220458775
72 5.448967689393927
73 3.635741588395623
74 3.817651363592338
75 3.321730961260966
76 3.368755010546801
77 3.723307991762847
78 3.4822253131123584
79 3.611640833920924
80 5.727144626764823
81 3.155913180377021
82 3.7931677551506535
83 5.507686855838724
84 3.213986402239609
85 5.510990748426973
86 3.659702193443792
87 3.660189582319013
88 5.358601576024237
89 6.1430997005072845
90 6.895419460371729
91 5.442177934629593
92 6.422336660099922
93 5.360701837568445
94 5.67082450254799
95 5.036939314545744
96 5.957639217957563
97 6.215934309762775
98 5.968133986590936
99 6.843625313683935
100 5.50390426929399
101 5.724352252947533
102 5.774260327353653
103 5.762938606864684
104 5.000804563109173
105 4.775146593022284
106 3.860894884037148
107 3.7273392268204444
108 2.9252881097015564
109 3.2800564816932747
110 2.9133139553686265
111 3.5682451237012036
112 3.533056664581736
113 3.4565227009474344
114 3.5112369180546064
115 3.4511500494523335
116 3.467478139610495
117 3.379711697942879
118 3.3980476196307836
119 3.5123826593652256
120 3.3331583905241913
121 3.3973258102929753
122 3.355571148521364
123 4.155408625243701
124 3.557675368602
125 2.839353608193351
126 3.7906460681028813
127 3.1897648907076968
128 4.6837858167679105
129 6.661102371384358
130 3.567574618120611
131 3.5154569820977914
132 3.973771555081575
133 2.944304062068828
134 3.6333872679384815
135 5.089288749078441
136 3.674709198715615
137 2.670706475236616
138 2.944377049914909
139 2.6683958043526195
140 3.3718758130305324
141 3.4030908874042627
142 3.1614428352870694
143 3.4834534337181764
144 3.9153104477309295
145 2.8676845412018896
146 3.638589422470367
147 4.233067733358293
148 3.895861611276447
149 3.3110175401190727
150 3.484484316082388
151 3.085435042908553
152 3.720089134570201
153 3.587540845796287
154 3.580135630964606
155 3.394963723330703
156 3.198479801169176
157 3.8019570496095034
158 3.7477564223558852
159 3.207059698652135
160 3.199397566474533
161 3.4441326017716802
162 3.519730931534453
163 3.7370752421636557
164 3.2907480014519024
165 3.3593046040998793
166 3.056967543300768
167 3.8234536924693296
168 3.6925634258121844
169 3.1736543619526394
170 3.6097003355903654
171 3.781819509901265
172 3.583317663209712
173 3.89837633970115
174 3.80693393198953
175 3.2568139565425462
176 3.7090882504841645
177 3.404132351339421
178 3.2450530356164204
179 3.5260900513877735
180 3.7871093647275935
181 3.634305063436303
182 3.7749650543411106
183 3.6476339837218457
184 3.2787626130576277
185 3.5017492696783905
186 3.40137305427326
187 3.6309507487928148
188 3.491291425759685
189 3.625488130109074
190 3.6313742919268557
191 3.597628008730487
192 3.4784054553291845
193 3.6583145225471942
194 3.6854224512820153
195 3.788991575831326
196 3.37234618450925
197 3.6024869050561343
198 3.4840380799458597
199 3.6829901490904757
200 3.6151234284226903
201 3.6664776035006565
202 3.602159927386867
203 3.7100646062207807
204 3.506885170811432
205 3.7776921637661487
206 3.723836803827202
207 3.547159574599549
208 3.696602334397413
209 3.4047444912896023
210 3.567669183777439
211 3.776738172114113
212 3.7760494124625805
213 3.549876959054793
214 3.920905346356991
215 3.22130656940752
216 3.7828191838678835
217 3.67784645259378
218 3.779739040066854
219 3.674036729545841
220 3.373106223697598
221 3.7971376508707255
222 3.152204510172313
223 3.832527292930278
224 3.705038697617721
225 3.620891568003135
226 3.458851535356211
227 3.866239700580529
228 3.7543767504811183
229 3.463633091810185
230 3.659107832234477
231 3.804804867067784
232 3.445331379721616
233 5.293236561927116
234 3.6105011293680764
235 3.7116475655003596
236 3.6530421374428785
237 3.62944357692894
238 3.5688681458627487
239 3.2680798660055976
240 3.1247225475008187
241 5.063609027469085
242 5.817929188003667
243 7.406845116457386
244 7.285879289375507
245 5.576008047343036
246 5.969596208051778
247 6.401120781275203
248 6.05483581559954
249 5.523485855035486
250 5.262415994222912
251 6.414000924408316
252 6.364706122124388
253 5.92305190704074
254 6.40002859919986
255 5.800073768279787
256 6.1299482575532664
257 4.480163891044267
258 3.7967037923763236
259 5.815619651207764
260 3.705339676891888
261 3.672015745515688
262 3.58330225052531
263 3.655642554377237
264 3.705942078950907
265 3.900200132859545
266 3.603799011026357
267 3.644105023374148
268 3.4921933133841154
269 4.713823801626433
270 6.977551741703013
271 3.6892771958446136
272 3.6812742264255633
273 3.592630153311105
274 5.612921907672733
275 3.684853269228136
276 3.684811574606156
277 3.753650181094267
278 3.7388259248462465
279 3.9590771487998713
280 3.856945650192954
281 3.667104001293342
282 5.037190848817518
283 3.820782343262754
284 3.927181263118429
285 3.6848111468408784
286 3.493597855151765
287 3.9281407275259403
288 3.38833553672141
289 3.5943185332874985
290 3.6013974512254623
291 3.733580163109909
292 3.463385671225618
293 3.7271531873169494
294 3.6199851732418136
295 3.59540954592029
296 3.8684096247980237
297 3.760750952462305
298 3.7475359661917254
299 3.5264373638719535
300 3.7242051866783084
301 3.5796505741541287
302 3.6824140600186013
303 3.765968898417169
304 3.5286974847284647
305 3.641596921928193
306 3.6570819472435603
307 4.443551334453472
308 3.657633729635826
309 3.624474619502654
310 6.111615556570661
311 6.318729563031789
312 3.5603119250719715
313 3.5590204760140285
314 3.778583454756456
315 3.2026288759314308
316 3.656079772013416
317 3.695944692721061
318 3.660140195780529
319 3.474543260599141
320 3.796539414185312
321 3.554782935704964
322 3.7950267620994316
323 3.7294009366298133
324 3.7313563503567475
325 3.7586860653873337
326 3.55676995685159
327 3.466809061379069
328 3.741287012045643
329 3.814167412621317
330 3.473323264472777
331 3.5362864865049097
332 3.6668975699396134
333 3.95641998282906
334 3.4346219432542346
335 3.506301962401585
336 3.7671289807309716
337 3.679851994651128
338 3.583528292572609
339 3.4678283828557706
340 3.7292079645070344
341 3.5690653623087765
342 3.7007767258972706
343 3.785857776918808
344 3.7029801171149326
345 3.370836146507826
346 3.329172147197247
347 3.865167052298294
348 3.788097706191413
349 3.5763444861236025
350 3.690248105567889
351 3.638538484920579
352 3.6218314448617535
353 3.6675826413791195
354 3.9235583881953016
355 3.4522588182956855
356 3.3839693575735885
357 3.5937726453534
358 3.8108667552188424
359 3.7159682988357736
360 3.780536963255236
361 3.6276268802411895
362 3.2938206538675403
363 3.716968525168321
364 3.7580640347959804
365 3.3812868654858033
366 3.6902737908257692
367 5.073005713780901
368 3.5769909192734657
369 3.608756841345624
370 3.73885715832987
371 3.74890194108328
372 3.556024611587151
373 3.7595079753444782
374 3.7641908730138
375 7.8342834643578785
376 7.570383876304446
377 8.006779661956534
378 9.883374356559765
379 6.462071248514827
380 10.6644701684189
381 8.333410638080771
382 8.192756474393038
383 9.129374002345763
384 6.886006126497282
385 6.800735467519529
386 10.342295955041518
387 8.932729062705752
388 7.745960748435916
389 9.54809461589455
390 8.653623253308364
391 7.717643449276331
392 8.48138267536116
393 6.65779168069678
394 6.297145828762479
395 7.808449483959491
396 8.328879788879721
397 9.415025493732562
398 8.347109776253527
399 9.806239691783507
400 7.974612945731465
401 9.927096734716947
402 3.489983955723648
403 9.112464247143823
404 8.32498502538891
405 8.777658670764113
406 8.710726270473758
407 7.561238631652158
408 8.683837184422456
409 8.399942821583206
410 8.821753509323257
411 7.88968521631407
412 7.304804882705147
413 9.906867047214522
414 8.43779621569086
415 10.49132398281445
416 7.169137355354362
417 8.244674593008623
418 6.9473716912380095
419 8.654235556004217
420 7.621627127772586
421 8.484613596761786
422 6.819481723146549
423 6.218510041819653
424 3.523402542571798
425 3.762791630085609
426 3.8456719558162655
427 3.266528042203275
428 3.4619890184994864
429 3.758489522482315
430 3.4959180959312133
431 3.679604654845689
432 3.904926065583882
433 3.585373439946198
434 3.709399714284564
435 3.8802381489638815
436 3.6186750870628885
437 3.717159835763367
438 6.714258557798851
439 5.3083659739471365
440 6.039118682656104
441 6.083575869991855
442 4.667739430659851
443 5.283660223555123
444 5.745354921755548
445 6.267751629607732
446 5.99941671219396
447 6.329383848193135
448 3.392825436713286
449 3.69577083068499
450 3.561925928171534
451 3.7530723705600426
452 3.416529535057019
453 3.7346246864308634
454 3.7267699570498958
455 3.9286069593863284
456 3.7147077254012917
457 5.355042377736141
458 3.81950841357343
459 3.6613966448144786
460 3.507411169018037
461 3.566685468561154
462 3.695121887227496
463 3.852142466323712
464 3.4429278879194136
465 3.764665895308224
466 3.6050016778334686
467 3.7644039599206773
468 3.78683927881164
469 3.6772583488612467
470 3.4426512105031035
471 3.8130666553110517
472 3.077066640456111
473 3.812970189354542
474 3.6957349130517434
475 3.643198444588401
476 3.4517921785113286
477 3.500131793568339
478 5.94686805584401
479 3.5079556820204263
480 3.679168636813057
481 3.7607797585298073
482 3.5525135917885073
483 3.6795458992384003
484 3.680792262585595
485 3.80396312647073
486 3.6799819477342597
487 3.592387656817593
488 3.5985326917544205
489 3.6027989042091617
490 3.6563687247020393
491 3.8727176517013038
492 3.9498898580160238
493 3.6911855462720053
494 4.000415316767819
495 3.5380607866812555
496 3.656100040752719
497 3.764547632204985
498 3.6722096558358968
499 3.3690458413999127
500 3.6930139263807993
501 3.8444593424989115
502 3.666897634961247
503 6.4541418271295
504 3.642556318851589
505 3.7348164269460558
506 3.7164427114059198
507 3.729317223903582
508 3.6510062628807476
509 3.7430942199795525
510 3.663407338106597
511 3.805668237384758
512 3.751181159911689
513 3.558497090655169
514 3.784896720223678
515 3.7639404307499924
516 3.541224308804241
517 3.4462842937535396
518 5.733898362344205
519 4.706041630281412
520 5.790617387542824
521 3.611137086476391
522 3.8489373504786055
523 5.887347594020022
524 8.746329056573503
525 9.27835547957861
526 7.507973133059529
527 5.763744970127896
528 9.556687056312821
529 9.562591099802635
530 11.823223250243183
531 8.365057404325093
532 9.185262364633378
533 7.2767897603947835
534 9.242768353505426
535 6.608647593078166
536 8.010234745981572
537 8.884947049826717
538 7.506470056591784
539 5.140208457739867
540 6.574806711989853
541 7.279960680194444
542 8.937870899193175
543 5.567415986753689
544 5.431650037567038
545 5.645105025987222
546 7.948094155973711
547 7.611049578718408
548 6.612008749124392
549 5.817093907719059
550 5.363085876971474
551 6.3717113676451245
552 6.164790510284949
553 5.328061612772391
554 5.6449668560974455
555 5.852087679112465
556 5.374394403452896
557 8.26009391712959
558 7.160201464011529
559 8.93967161834258
560 7.454712524909554
561 6.209019741211957
562 8.218062515319485
563 8.990910579576754
564 8.22055523953681
565 8.61459936599759
566 7.376459224434849
567 7.815685579637681
568 8.634164252423494
569 6.658980902982601
570 7.0183804324567705
571 8.70788051653597
572 5.656346695192091
573 9.969051097606483
574 9.243975392864773
575 7.408945712972022
576 7.500367169459246
577 4.8757170108311225
578 5.78697185880251
579 5.655557703233861
580 8.932638475876761
581 5.580034853920307
582 5.455992630429151
583 5.168812553645984
584 5.480663802888322
585 5.509312687981241
586 7.167907576375458
587 5.315798304726575
588 5.444655094346069
589 7.645882627883429
590 7.602159425036136
591 9.540490599363512
592 7.451957324878406
593 7.425662472749574
594 7.983014094629781
595 7.518264547935994
596 9.801560469971463
597 7.12534167400109
598 9.51516424698094
599 7.972106505690664
600 9.235215122049928
601 10.16755882041889
602 11.744319258474999
603 10.959171941343127
604 10.075054181581894
605 8.892346591094544
606 10.016711026399316
607 10.358819199953276
608 8.857923195829205
609 9.571130269749151
610 9.859917780242382
611 10.23196562921884
612 10.457668021446382
613 12.12876410922341
614 10.991006009237875
615 9.314732344053935
616 9.946947448526943
617 10.010772904350565
618 10.138909504771885
619 8.127837037370305
620 7.869377856839326
621 8.033066745097383
622 4.791988036067186
623 6.1103611498822055
624 6.209159049258266
625 5.736519829432574
626 7.669026192894325
627 5.790434330943686
628 3.3615885108557055
629 2.7295894202353064
630 3.336321382018069
631 6.3247650701149905
632 3.127005933592236
633 3.152428470927628
634 3.1822028921155066
635 3.033126917973916
636 3.4790056864583327
637 3.024515032781253
638 3.085239889760316
639 3.252634655502811
640 2.8856964619387613
641 3.0962770374497404
642 2.6618407665011974
643 2.8104306707565168
644 3.2919559186275396
645 2.9804775336771905
646 3.4510401852274026
647 3.4714601242575176
648 3.5100391514091127
649 2.608647312991518
650 3.256013648539688
651 3.408636170790878
652 3.4595282613421894
653 3.0631743656080883
654 3.4409361856224394
655 3.5241664555710623
656 2.6520521749902697
657 3.0975608385000597
658 2.8173332030973697
659 3.1132440717927423
660 3.3189959487780087
661 2.921167497694483
662 2.8828325618122603
663 3.295190515414391
664 3.2818463083638822
665 2.9736544593362413
666 2.9382844582971965
667 3.104548474098863
668 3.088262169916602
669 2.931973520615588
670 2.679153863110146
671 2.8080448702796508
672 3.34736362467358
673 2.8940001790164347
674 2.7597968724744164
675 3.2402328657164725
676 2.79057455074367
677 3.3989771254655063
678 2.662710445779774
679 2.598597817720456
680 3.0623742058293977
681 3.127611175142178
682 2.72760686174071
683 3.0796503819799343
684 3.075366641146877
685 2.952900362971081
686 2.8250238954360576
687 3.0358060874355144
688 5.079109395686528
689 5.711182887251946
690 5.040726967903091
691 7.417873102980889
692 8.063322663986611
693 6.002917059503178
694 7.22398685973369
695 6.561160164249504
696 5.4820281607184045
697 5.579349152608184
698 9.675698480553622
699 9.687472218214392
700 9.800391130699749
701 9.641757663283943
702 4.977274701869731
703 9.040683819348896
704 9.639411330155651
705 9.883481411269651
706 10.202444524767914
707 10.970647586149147
708 7.680141308226323
709 10.523837229165974
710 8.617062378128638
711 7.591719720144769
712 8.85779559235438
713 5.990749977811372
714 9.342790651115687
715 6.142587195256756
716 6.306602385189366
717 5.753019212272276
718 6.167355405476183
719 8.249635788964353
720 8.406760825027154
721 10.51698323160283
722 7.495470292642687
723 7.982019805707301
724 10.338326046710216
725 7.518563779382261
726 7.996960710967738
727 7.731328277549398
728 8.025765698931137
729 8.638029731902943
730 7.398885435649835
731 5.864618177742406
732 4.240487564324247
733 5.102334318261228
734 9.826229342820882
735 9.162601961746004
736 10.06420714453056
737 10.03980654936722
738 8.30298203785671
739 8.299439010597798
740 9.49371976571284
741 9.420855284494854
742 10.111616946449988
743 9.596165171276267
744 9.668414509177211
745 9.168077788528826
746 10.77251154819545
747 9.538212359743149
748 9.283072441734348
749 9.180389360637433
750 9.608241887867141
751 9.22881123666813
752 8.601343300924734
753 7.380849927947579
754 9.28817682433421
755 8.523688898927036
756 9.747975990354561
757 10.00910323151313
758 6.1691006834462065
759 10.090738662963805
760 8.829744391323953
761 9.980584157310751
762 8.219010484636124
763 10.95359998935272
764 10.256346586843158
765 9.648404916762011
766 9.339479994113498
767 8.068894517144301
768 8.299234442646133
769 9.891915102912828
770 9.182666621501358
771 10.605629381823126
772 11.051502479971797
773 11.543752512388574
774 9.072857234730499
775 9.232336954535953
776 13.063602918754857
777 10.99145193337351
778 10.949627672877215
779 10.744034336824472
780 9.48629839913122
781 9.907151277360185
782 10.29993098393279
783 11.35882435208965
784 12.030829683455925
785 11.449944763151432
786 9.763316445221708
787 10.308518237278978
788 12.354133412172851
789 8.799155080287775
790 10.643971895425295
791 9.726013701416825
792 8.519202620665121
793 10.553010821023438
794 11.355868449224898
795 11.505108628372408
796 9.765750310057019
797 9.868931313645486
798 11.593636957174258
799 10.480155350920892
800 11.008655371503796
801 9.575304144589785
802 10.455671057928052
803 11.535855526461601
804 9.59443144552576
805 9.344471853158836
806 9.69588255915483
807 12.02241811184231
808 11.088701805104556
809 9.657035470448568
810 9.74223876227066
811 9.64783962184786
812 7.214208886439544
813 9.118989204643912
814 8.25930692333119
815 10.332482188219263
816 10.29483152706526
817 11.808726201693872
818 10.376996037196326
819 10.564700499160988
820 11.640579722018598
821 11.588242294947515
822 11.42763754792928
823 9.16013754970751
824 10.312257813728834
825 10.602746266225514
826 6.882229555402924
827 11.092659617649804
828 10.3986471703356
829 11.596632226419107
830 11.498550494789972
831 12.56882547309923
832 10.909483765052084
833 11.626331539559562
834 9.870975478339437
835 11.174401194188116
836 9.220267280628518
837 9.91680008907638
838 10.061594366116502
839 11.042853097313152
840 9.690270683831773
841 10.665823170746393
842 10.646944360505726
843 11.267548520577137
844 10.598126613940128
845 11.84827960245581
846 11.209205525856753
847 10.421027192045864
848 9.382606160239336
849 11.057087394594582
850 9.109210014574499
851 11.611165732215975
852 10.072611012646732
853 10.110430443503557
854 10.454263942445886
855 11.296056492199781
856 10.08413926530504
857 10.154576134545998
858 9.475267879336506
859 9.970524829608905
860 10.411711223278312
861 9.070139482514001
862 9.358055991458064
863 10.94492966609749
864 11.216031130957647
865 11.096792051968343
866 9.638644712633116
867 10.901607459014267
868 11.329912555725855
869 11.920496784909327
870 11.49093292327066
871 11.045086914419803
872 10.620091212109337
873 11.324810969327185
874 10.095484614615213
875 10.273002207241703
876 9.685639398253796
877 10.262254045892625
878 11.1063082917533
879 9.479538808462792
880 10.94771923987744
881 10.214914668433062
882 10.566448204485855
883 12.367543694531586
884 9.36101310622979
885 8.521153728251464
886 9.241308042494168
887 10.639561614636428
888 9.915867702359016
889 10.614094539269699
890 9.647764219139278
891 11.989888338491621
892 5.705593496714802
893 6.980555716530179
894 5.892109168342365
895 8.246355973264206
896 6.037586539652956
897 5.304997972064502
898 5.299141066861011
899 5.5763750760697315
900 5.786169318846531
901 5.73308746548885
902 5.225536110859342
903 6.8363275288324505
904 4.83040150650183
905 6.085418129744184
906 5.2174824600497445
907 5.8865416241709925
908 5.061085531327748
909 5.301056344044979
910 6.071503554003243
911 9.149387551745114
912 7.96576544025274
913 7.998960131011462
914 8.946696427899303
915 10.731621038707317
916 10.431186874098646
917 8.642377978262916
918 8.083765871768003
919 8.204988929980914
920 8.469379077838221
921 9.670810276944996
922 5.121385161668008
923 3.535914183470165
924 3.40362104907961
925 2.8493019202093546
926 3.103501539854073
927 2.9410601475618825
928 5.290756262245196
929 3.34550963735665
930 5.035526133287981
931 3.4482060464811517
932 3.137281789542962
933 3.238667011150307
934 3.1918953137671626
935 3.1151654381116374
936 3.583471698900647
937 2.8349155221029507
938 2.924954933805562
939 2.738915964632866
940 2.8351915968239223
941 3.2024054577303915
942 2.918609949855797
943 2.6619061462366687
944 3.016292318342897
945 3.0126037529258567
946 2.833735119452765
947 2.9443829004875206
948 2.5787620221005914
949 3.0464114355896164
950 3.0171613612919983
951 3.0658505039817294
952 3.1790859489894396
953 3.2079817138877464
954 3.0961208149364516
955 2.720741598908408
956 3.2898066037829645
957 3.855824722367988
958 3.1099290124621417
959 2.754437176223161
960 3.2292946646078207
961 3.345246393461585
962 2.9044547478330744
963 3.3589353823038435
964 2.915324991479224
965 3.027793008752678
966 2.934288114816317
967 3.052299299966939
968 2.8829950388971124
969 2.7366267023528748
970 2.834439444052154
971 4.110426007028807
972 4.645218430261665
973 2.9626403234561764
974 3.334350175360431
975 3.4669121820622877
976 3.014666694203084
977 2.941469055398702
978 3.5195954285424613
979 2.8531117594206
980 5.468545755115072
981 2.791525927592817
982 2.594116562133956
983 2.7560980783497255
984 2.7380674694795637
985 3.202183497783978
986 3.1847192563313245
987 3.1526563685812516
988 2.9062887868710456
989 2.585664296192852
990 3.2268752418903164
991 2.7070164995008565
992 2.8121259904888394
993 3.930110896058174
994 3.5391010389796587
995 2.7672980401481655
996 4.12760196072627
997 2.5301133135729916
998 2.8539371682094847
999 3.0487521646399722
