512
513
2
3
4
5
6
7
8
9
10
11
12
13
14
15
16
17
18
19
20
21
23
25
31
41
55
65
72
78
82
91
93
101
104
108
115
120
121
122
123
124
125
126
127
128
130
133
134
135
136
137
138
139
140
141
143
146
147
148
150
151
154
156
157
159
164
165
169
170
174
180
181
182
183
184
186
189
190
191
195
199
200
201
203
204
207
208
211
213
216
217
218
219
221
223
225
230
231
233
235
236
242
245
253
257
258
262
264
265
266
268
269
270
271
272
273
280
282
283
284
285
286
290
294
295
296
297
298
302
303
304
306
307
319
321
322
323
325
327
329
330
331
336
338
339
344
345
346
347
348
349
351
352
356
357
364
367
368
370
374
375
377
380
383
384
385
387
388
390
391
393
394
400
401
406
407
408
409
410
514
413
414
416
419
423
425
426
427
430
433
435
436
438
442
443
444
445
446
449
450
451
452
453
454
455
456
457
458
459
460
461
462
463
464
465
466
467
468
469
470
471
472
473
474
475
476
477
478
479
480
481
482
483
484
485
486
487
488
489
490
491
492
493
494
495
496
497
498
499
500
501
502
503
504
505
506
507
508
509
510
511
