1	512	513	2	3	4	5	6	7	8	9	10	11	12	13	14	15	16	17	18	19	20	21	23	25	31	41	55	65	72	78	82	91	93	101	104	108	115	120	121	122	123	124	125	126	127	128	130	133	134	135	136	137	138	139	140	141	143	146	147	148	150	151	154	156	157	159	164	165	169	170	174	180	181	182	183	184	186	189	190	191	195	199	200	201	203	204	207	208	211	213	216	217	218	219	221	223	225	230	231	233	235	236	242	245	253	257	258	262	264	265	266	268	269	270	271	272	273	280	282	283	284	285	286	290	294	295	296	297	298	302	303	304	306	307	319	321	322	323	325	327	329	330	331	336	338	339	344	345	346	347	348	349	351	352	356	357	364	367	368	370	374	375	377	380	383	384	385	387	388	390	391	393	394	400	401	406	407	408	409	410	514	413	414	416	419	423	425	426	427	430	433	435	436	438	442	443	444	445	446	449	450	451	452	453	454	455	456	457	458	459	460	461	462	463	464	465	466	467	468	469	470	471	472	473	474	475	476	477	478	479	480	481	482	483	484	485	486	487	488	489	490	491	492	493	494	495	496	497	498	499	500	501	502	503	504	505	506	507	508	509	510	511
2	1	6
3	1	6
4	8	1
5	1	164	9
6	1	2	3	143	151	217
7	1	10	147	165	191
8	1	11	4
9	1	164	12	5	13
10	1	191	195	7
11	8	1	147	16
12	1	13	14	9
13	1	164	9	12	14	143	236	217
14	1	12	13
15	1	165	141	16	17	191
16	1	165	170	11	141	15	18	147
17	1	195	141	15	19	21	154	191
18	16	1	170	20
19	141	1	201	21	17
20	1	170	273	18	183	28
21	1	201	17	19	154	159
22	176	170	28	218	261
23	160	1	258	183	25	219	30
24	152	176	26	141	218
25	1	31	219	30	23
26	32	177	201	141	270	152	24	249	218
27	33	201	177	159
28	160	34	261	38	170	176	273	20	22	183
29	152	176	34	37
30	160	258	35	42	274	23	25	219	31
31	1	35	262	40	41	25	219	30
32	36	37	177	152	249	26
33	192	43	177	27	189	159
34	160	193	291	37	38	361	44	176	50	275	315	287	28	29	261
35	262	40	297	42	45	274	243	212	219	30	31
36	32	161	37	39	193	299	205	48	177	275	276	246	152	249
37	32	176	34	36	193	44	48	275	54	152	29
38	160	34	261	42	274	365	50	52	247	315	28	287
39	192	161	36	46	177	246
40	35	262	41	45	47	212	153	223	31
41	1	262	40	47	53	55	223	31
42	160	35	38	171	300	45	274	243	52	247	30
43	192	33	228	233	331	49	51	184	57	189
44	193	34	50	37	54
45	35	40	42	171	300	243	212	153	58	250
46	192	161	228	39	220	205	288	49	246	56	281	60	222	63
47	40	41	223	53	153
48	161	162	36	37	193	205	276	54	56	62
49	192	228	43	46	57	63
50	64	193	34	291	38	263	44	237	144	52	54	247	287
51	184	57	66	43	233
52	38	42	171	144	50	247	59	287
53	229	41	47	209	221	55	153	61	223
54	64	193	162	67	37	263	44	226	237	48	50	227
55	1	72	41	221	53	61	223
56	161	162	69	220	205	46	48	238	60	62
57	224	66	331	228	233	43	49	51	184	63
58	155	229	171	45	175	153	250	59
59	256	171	68	197	75	175	144	52	247	58	254
60	69	70	46	238	56	220	222	63
61	71	72	209	53	55	221
62	80	162	163	69	74	238	48	56
63	224	228	293	167	172	77	46	239	49	281	57	60	222
64	67	196	166	73	237	144	50	227	85	54
65	1	66	140	245	233
66	224	65	140	172	76	51	245	233	184	57
67	64	162	163	166	74	226	227	85	54
68	144	73	75	59	196
69	163	70	238	79	80	222	56	60	62
70	69	77	238	79	60	222
71	72	265	61	209	185	155	221
72	1	71	265	221	82	213	55	185	61
73	64	68	166	75	144	81	85	196
74	194	163	166	80	67	85	87	62
75	256	68	197	73	175	144	81	86	196	59
76	66	230	172	140	206	178	83	148	245	88	283
77	70	167	79	210	89	222	63
78	1	148	140
79	69	70	77	238	80	145	210	278	248	89	252	222
80	194	163	69	166	74	238	79	240	145	277	278	87	248	62	341
81	256	353	227	196	422	328	73	75	305	404	85	86	440	292	92	405
82	1	72	84	213	185	91
83	96	167	168	76	202	172	142	178	206	251
84	185	82	91	149	213
85	64	353	98	67	196	422	166	73	74	194	81	227	448	341	87	292	447	92	405
86	256	292	197	305	75	369	337	175	81	342	313	155	92	381	94	255
87	240	98	100	289	194	412	74	395	173	366	335	80	145	85	398	397	324	378	92
88	101	230	203	76	142	178	148
89	99	167	168	77	79	145	210	187	95
90	97	323	102	380	234	241	149	279	185	298	188	266	94
91	1	97	104	225	82	84	149	213
92	129	131	132	470	135	264	428	139	322	398	399	400	465	405	409	280	388	412	158	491	240	292	424	391	257	434	308	182	314	443	445	446	447	448	194	324	438	327	200	330	459	81	85	86	87	472	420	348	94	481	98	356	359	232	362	363	110	112	488	119	381	382	341
93	1	148	101	230
94	86	390	267	406	279	155	414	430	185	442	323	457	337	469	342	313	90	347	92	102	209	234	110	241	362	380	381	255
95	99	100	106	173	145	89	187
96	99	179	103	168	259	202	142	83
97	225	102	104	105	266	298	241	149	90	91	188	253
98	107	395	322	398	399	345	408	409	412	158	454	173	317	446	449	194	198	484	85	87	356	92	483	100	359	232	490	363	360	244	117	119	378	382
99	96	259	168	106	179	214	89	187	202	95
100	98	107	173	145	87	95
101	1	230	203	108	174	88	186	93
102	97	267	109	110	241	215	90	188	94
103	96	235	211	231	203	174	111	179	142	186	156
104	225	97	1	105	207	91	253
105	97	104	109	207	113	188	253
106	99	260	214	198	107	173	114	244	117	118	187	95
107	98	100	198	106	173	117
108	1	115	101	174
109	102	105	110	113	116	215	188
110	384	272	329	102	308	188	362	267	109	303	112	344	116	406	215	216	180	92	445	94	319
111	211	199	103	146	114	179
112	416	132	133	325	308	136	329	330	110	303	208	388	116	286	438	216	180	314	92	190	319
113	105	109	207	116	215	188	157
114	260	214	211	199	307	106	268	111	242	179	244	118
115	1	108	174	120	123	156
116	272	109	110	271	112	113	180	215	122	157
117	98	198	106	107	244	118	119	158
118	321	198	199	169	106	242	114	244	117	125	158
119	98	198	232	244	117	92	158
120	128	1	115	121	123	156	126
121	1	124	146	120	156	126
122	1	180	116	157
123	120	1	128	115
124	1	130	199	146	121	126	127
125	1	199	169	242	118	127
126	128	1	130	120	121	124
127	1	130	124	125	199
128	120	1	123	126
129	257	131	327	232	139	204	264	181	182	92	158
130	1	124	126	127
131	129	134	137	204	181	92	158
132	208	325	135	200	330	112	286	150	280	92	190	319
133	1	136	208	112	180	216
134	1	131	169	204	269	137	158
135	1	132	150	200	139	182	92
136	1	133	138	208	112	190
137	1	131	134	139	204	181
138	136	1	190	150
139	1	135	129	137	200	181	182	92
140	1	66	65	76	78	148	245	283
141	1	201	170	15	16	17	19	24	26	218
142	96	235	179	230	103	202	203	178	83	88	284
143	1	6	13	151	217	154
144	64	256	68	73	75	237	50	52	247	196	59	287
145	240	100	289	168	173	79	80	210	278	87	89	187	252	95
146	1	199	124	111	211	121	156
147	16	1	11	165	7
148	1	230	76	140	78	88	283	93
149	97	225	234	84	213	185	90	91	266
150	1	132	135	200	138	280	190
151	1	154	195	6	143
152	32	36	37	295	270	176	275	249	24	218	26	29
153	285	229	40	45	47	336	212	53	58	346	250	223
154	1	195	143	17	21	151
155	229	71	175	209	86	185	58	94	255
156	1	211	103	231	174	146	115	120	121
157	1	207	272	113	180	215	116	122	271
158	129	98	131	134	321	232	169	204	269	244	117	118	119	345	92	322
159	192	1	33	296	201	304	177	21	27	189
160	34	261	38	42	183	364	258	273	274	23	315	28	30
161	36	39	205	46	48	246	56	220
162	193	226	163	263	205	238	301	48	67	276	54	311	56	62
163	162	67	69	166	74	226	238	301	80	277	62
164	1	5	9	236	13	217
165	1	7	15	16	147	191
166	64	240	194	67	196	341	227	73	74	226	80	163	85	277
167	168	172	77	206	239	210	83	310	89	251	222	63
168	96	99	167	259	202	343	145	210	83	251	89	187	252
169	1	134	321	269	242	118	125	158
170	1	261	176	141	16	273	18	20	22	218	28	282
171	42	300	45	175	52	247	58	59	250	254
172	224	66	167	76	206	239	83	245	283	349	63
173	320	289	98	395	100	198	106	107	366	335	145	87	260	378	187	317	95
174	1	101	103	231	108	115	186	156
175	155	197	75	255	309	340	171	86	313	58	59	250	254	229
176	34	282	37	295	170	152	275	22	375	24	218	28	29	261
177	32	33	36	39	296	201	299	192	270	304	339	246	249	26	27	159
178	302	283	230	202	203	76	142	83	206	88	251	284
179	96	290	99	374	103	259	202	235	268	142	111	114	211	214	284
180	1	133	272	110	271	112	116	216	122	157
181	1	131	129	264	137	139	204	182
182	1	135	129	139	257	200	181	92	264
183	160	1	258	273	20	23	28
184	1	66	331	233	43	51	57	189
185	323	294	71	72	265	234	347	209	82	84	149	90	155	94	213
186	1	235	101	231	203	174	103
187	289	99	260	168	106	173	335	145	259	214	343	89	252	318	95
188	97	102	241	105	267	109	110	207	368	113	306	215	344	90	271	253
189	192	1	331	33	43	304	352	184	159
190	1	132	136	138	208	112	150	280	286
191	1	195	165	7	10	15	17
192	352	33	331	228	39	177	43	46	304	49	246	189	159
193	34	291	36	37	263	44	162	48	50	275	276	54
194	240	98	324	166	74	80	85	87	92	341
195	1	10	17	151	154	191
196	64	256	227	68	166	328	73	75	237	144	81	85
197	256	379	342	369	75	175	305	371	340	86	313	59	254	255
198	320	98	260	106	107	173	244	117	118	119	317
199	1	242	268	146	307	111	114	211	118	124	125	127
200	1	132	182	135	139	257	150	280	92
201	1	296	141	270	177	19	21	26	27	218	159
202	96	290	99	179	168	259	338	142	178	83	302	251	284	383
203	1	101	230	103	235	142	178	88	186	284
204	1	322	131	134	129	232	137	269	264	181	158
205	288	161	162	36	326	386	299	396	301	46	48	312	276	238	246	311	56	220
206	283	357	167	76	172	302	239	178	83	310	377	251	349
207	1	104	105	253	113	306	215	271	188	157
208	1	132	133	136	112	286	216	190
209	347	229	294	71	265	255	221	285	53	185	155	61	94	223
210	354	259	167	168	77	79	145	310	343	248	89	251	252	222
211	1	290	235	103	199	268	146	111	114	179	156	231
212	35	262	40	300	45	336	243	153	250	285	223
213	1	323	225	72	265	234	82	84	149	185	91	266
214	290	99	260	259	307	106	268	114	179	374	187	318
215	102	329	267	109	110	207	272	113	306	116	344	271	188	157
216	1	133	272	208	110	303	112	180	286
217	1	164	6	236	13	143
218	1	295	201	170	141	270	176	152	22	24	26	282
219	1	258	35	262	297	274	23	25	30	31
220	288	161	205	46	238	56	281	60	222
221	1	294	71	72	265	285	209	53	55	61	223
222	288	354	69	70	167	220	77	46	79	312	210	334	238	310	248	281	293	239	60	63
223	1	229	262	40	41	47	336	209	212	53	55	153	285	221
224	66	228	293	233	331	172	239	245	281	57	349	63
225	1	97	104	298	266	213	91	253	149
226	162	67	163	166	263	301	333	227	276	277	54	311	372	358	341
227	64	353	226	67	196	166	263	328	237	333	81	372	85	54	350	341
228	192	224	331	326	43	352	46	288	49	246	281	57	63
229	347	309	294	255	175	209	285	53	153	58	155	346	250	223
230	1	101	203	76	142	178	148	302	88	283	284	93
231	1	103	235	174	211	186	156
232	129	98	356	264	204	322	119	92	158
233	224	1	66	331	65	43	51	245	184	57	349
234	323	266	149	185	90	94	213
235	1	290	211	103	203	142	179	186	284	231
236	1	164	13	217
237	64	256	227	196	263	328	144	50	54	247	316	350	287
238	288	162	163	69	70	220	301	312	205	79	80	248	222	278	56	60	62	277
239	224	293	167	172	206	245	310	377	251	349	222	63
240	289	194	324	166	80	145	277	278	87	92	341
241	97	387	102	298	267	368	306	414	406	279	90	188	253	94
242	1	199	169	321	114	307	244	118	125	351
243	370	35	262	297	42	300	45	336	274	212
244	320	321	98	260	198	106	407	242	114	307	117	118	119	345	317	158	351
245	224	1	66	65	140	172	239	76	233	283	349
246	192	161	36	326	39	296	299	385	205	46	288	304	177	339	352	228
247	256	38	42	171	300	237	365	144	50	274	52	59	316	254	287
248	354	392	238	79	80	210	334	278	312	252	222	373
249	32	386	355	36	295	393	339	299	270	177	275	276	152	26
250	229	340	332	171	300	45	175	336	212	309	410	153	58	346	254
251	259	357	167	168	202	338	210	206	239	178	83	302	310	343	383
252	289	354	310	168	335	397	79	145	210	373	278	343	248	187
253	1	97	104	105	298	225	207	241	306	188
254	256	197	332	171	300	175	371	340	309	247	250	59	316
255	347	197	294	394	175	209	309	86	313	346	155	94	229
256	379	196	197	305	328	75	237	144	81	371	86	247	59	316	254
257	1	129	200	348	327	264	182	280	92
258	160	1	401	297	23	364	370	273	274	183	219	30
259	96	290	99	374	168	202	343	338	210	179	214	251	187	413	318	383
260	320	374	198	425	106	173	366	335	114	307	244	214	187	318	351
261	160	34	38	361	170	364	367	176	273	275	22	375	282	315	28
262	1	35	40	41	223	336	370	243	212	297	219	31
263	193	162	227	333	226	402	237	50	291	276	54	311	431	403	350	287
264	1	322	356	129	232	327	204	181	182	92	257
265	1	323	294	71	72	209	213	185	347	221
266	225	323	97	1	234	213	90	298	149
267	102	362	110	368	241	406	215	344	188	94
268	1	290	374	211	199	307	114	179	214
269	1	322	134	321	169	204	345	158
270	1	295	296	201	177	339	152	249	26	218
271	1	207	272	306	180	215	344	116	188	157
272	1	329	110	271	344	180	215	216	116	303	157
273	160	1	258	261	170	364	367	20	183	282	28
274	160	258	35	38	297	42	300	365	401	370	243	364	247	315	219	426	30
275	393	193	34	291	36	37	295	361	176	355	276	375	152	249	261
276	193	162	291	36	263	226	299	205	386	48	275	311	355	249
277	240	226	163	324	358	166	301	238	80	341	278	312
278	240	324	358	289	373	397	238	79	80	145	277	248	411	252	312
279	387	337	298	430	241	414	90	380	94
280	1	132	325	257	200	348	330	286	150	92	190
281	224	288	427	228	293	326	331	46	352	334	376	220	222	63
282	1	261	295	170	367	176	273	375	218
283	1	357	230	140	172	206	76	178	302	148	245	377	349
284	1	290	235	230	202	203	338	142	178	179	302
285	1	229	294	336	209	212	153	346	221	223
286	1	132	325	208	303	112	280	216	190	319
287	417	34	291	38	263	361	237	402	365	144	50	52	431	247	315	316	350
288	386	228	326	396	205	46	376	334	238	246	312	281	220	222
289	395	324	343	173	335	240	145	278	87	397	187	252
290	1	259	374	211	202	235	268	338	179	214	284
291	193	34	355	263	361	403	402	50	275	276	311	287
292	481	305	424	362	487	81	469	404	85	86	472	92	381	478	405
293	224	354	419	331	334	239	427	310	377	281	349	222	63
294	1	229	265	285	209	185	346	347	221	255
295	1	393	339	270	176	275	375	152	249	218	282
296	1	385	201	299	270	304	177	339	246	159
297	1	258	35	262	370	274	243	219
298	1	323	97	225	266	241	306	387	279	90	380	253
299	385	386	36	326	296	393	436	205	177	339	276	246	249
300	370	389	42	171	332	45	365	336	274	243	212	247	250	316	410	254	426
301	226	163	358	396	162	238	205	432	372	277	333	311	312	415
302	1	283	357	230	202	338	206	178	251	284	383
303	1	272	329	110	112	216	286	319
304	192	1	385	296	352	177	246	189	159
305	256	418	292	197	369	328	457	482	493	463	81	404	502	86	489	440	379	381	478	421
306	1	387	298	207	368	241	215	344	271	188	253
307	1	260	374	199	268	242	114	244	214	351
308	384	416	388	359	329	459	110	112	465	438	314	92	445
309	229	394	332	175	336	340	410	313	250	346	254	255
310	354	293	167	423	206	239	210	383	343	377	251	252	222	357
311	226	291	263	396	162	386	205	432	355	276	301	333	312	403
312	288	415	358	392	396	205	238	301	376	334	277	278	311	248	411	222	373
313	379	342	197	390	394	175	433	340	309	86	347	94	255
314	400	388	359	391	112	465	308	438	443	92	382
315	160	34	261	38	361	364	365	367	401	274	435	461	287
316	256	417	418	389	328	332	300	237	365	371	350	247	254	287
317	320	321	98	454	198	449	360	173	244	407	408	345	378
318	259	260	374	335	338	214	343	187	413
319	416	1	132	325	329	330	110	303	112	388	286
320	260	454	198	425	173	366	244	407	378	317	351
321	1	169	269	242	244	118	407	345	317	158	351
322	1	98	356	232	204	269	264	408	345	92	158
323	1	347	390	265	234	213	185	90	298	380	266	94
324	289	194	358	412	395	397	240	434	277	278	87	411	92	341
325	1	132	330	112	280	286	319
326	288	352	386	228	385	299	205	436	246	376	281
327	1	356	257	264	348	129	409	92
328	256	353	418	227	196	421	422	305	237	81	371	417	440	379	316	350
329	384	1	272	303	112	416	308	110	215	344	319
330	1	132	325	391	348	112	400	280	388	92	319
331	192	1	419	228	293	233	43	224	334	349	352	427	281	184	57	189
332	450	389	455	300	371	340	309	250	316	410	254
333	353	226	227	263	439	301	431	432	402	403	372	311	441	350
334	288	376	354	419	456	293	392	331	312	248	281	427	222	453
335	289	395	260	425	343	173	366	464	374	87	187	252	413	318
336	1	262	426	300	370	243	212	309	153	250	346	285	410	223
337	86	457	430	369	469	342	279	442	380	381	94
338	1	290	259	202	302	374	251	284	413	318	383
339	1	295	296	393	299	270	385	177	246	249
340	450	197	394	332	175	433	466	371	309	342	313	250	379	410	254
341	448	240	226	227	324	358	166	353	412	422	194	437	80	434	372	85	439	447	92	277
342	197	390	369	463	433	337	466	340	86	313	442	379	94
343	289	354	259	423	168	395	397	467	335	464	210	451	373	310	251	187	252	413	318	383
344	384	1	329	267	110	271	272	368	306	406	215	188
345	1	98	321	322	269	244	407	408	317	158
346	1	229	294	394	336	309	153	250	347	285	410	255
347	1	323	229	294	265	394	209	313	185	346	390	94	255
348	1	327	330	391	257	280	409	92
349	224	1	419	293	233	331	172	206	239	245	377	283	357
350	353	227	421	263	328	439	237	333	417	365	429	431	316	287
351	320	1	260	321	425	242	307	244	374	407
352	192	1	427	228	453	326	385	331	304	436	246	376	281	189
353	227	421	422	328	333	429	81	372	85	439	350	341
354	419	293	423	392	334	456	210	451	373	310	343	248	377	252	222
355	393	386	291	361	375	403	435	402	275	276	311	473	249	444
356	1	98	327	232	322	264	408	409	92
357	1	251	423	302	206	310	377	283	349	383
358	226	324	415	437	301	432	434	372	277	278	312	411	341
359	98	475	488	399	465	308	438	314	443	92	382
360	474	449	98	490	363	398	399	408	378	317	446	479
361	417	34	291	261	355	460	365	367	402	275	431	375	435	461	315	287
362	292	267	110	445	414	406	472	452	92	381	94	469
363	98	360	399	382	470	92	446	479
364	160	1	258	261	401	367	273	274	435	315
365	417	389	38	361	426	300	460	461	401	274	247	315	316	350	287
366	320	260	454	425	395	173	335	464	468	87	378
367	1	261	361	364	273	435	375	282	315
368	1	387	267	241	306	406	344	188	414
369	197	337	457	463	305	342	442	379	86	381
370	1	258	262	297	426	300	336	401	274	243
371	256	417	418	197	455	328	476	332	450	482	466	340	379	316	254	389
372	353	226	227	358	301	333	432	341	439	441	437
373	354	451	456	392	397	312	467	278	343	248	411	252	477
374	1	290	259	260	307	268	335	464	338	179	214	425	413	318	351
375	1	355	261	295	361	435	367	176	275	393	473	282	444
376	288	352	386	453	326	392	458	427	396	334	456	436	471	312	281	415
377	1	354	419	293	423	206	239	310	283	349	357
378	320	449	98	483	454	360	395	173	366	468	87	317
379	256	418	197	369	328	482	463	305	466	371	340	342	313
380	1	323	390	298	430	337	387	279	90	442	94
381	292	305	457	362	369	337	404	469	86	478	92	94
382	98	475	359	363	399	470	314	443	92	479
383	1	259	357	423	202	302	338	451	310	343	251	413
384	416	1	329	110	308	406	344	445
385	352	1	326	296	393	299	304	339	436	246
386	288	355	326	393	458	299	396	205	462	403	276	311	376	249	444	436
387	1	298	430	368	241	306	279	380	414
388	416	1	330	112	400	308	438	314	92	319
389	417	460	455	300	426	332	365	371	410	316
390	1	323	394	433	342	313	442	347	380	94
391	1	92	330	400	409	314	443	348
392	376	354	456	334	312	373	471	248	411	477	415
393	1	386	355	295	275	299	462	385	339	436	375	249	444
394	1	450	390	433	466	340	309	313	346	347	410	255
395	289	98	483	324	485	454	343	173	366	335	464	468	87	397	378	412
396	288	386	458	471	492	205	462	301	432	376	403	311	312	415
397	289	395	324	485	412	87	464	467	373	278	343	411	252	477
398	98	420	360	92	490	503	428	399	87	484	412
399	98	491	420	488	359	360	490	363	398	465	475	92	382	479
400	1	388	391	330	438	314	443	92
401	1	258	460	426	370	364	365	461	274	435	315
402	435	355	486	263	361	403	333	431	291	473	441	461	495	287
403	386	355	263	492	473	396	333	462	495	432	402	291	311	441	444
404	292	305	424	487	493	81	498	405	440	381	478
405	420	422	487	424	428	493	81	498	499	404	85	440	292	507	92	447
406	384	1	452	362	267	110	368	241	414	344	445	94
407	320	1	454	321	425	449	244	408	345	317	351
408	409	1	98	356	449	360	322	407	345	474	317	446
409	1	98	356	327	92	391	470	408	443	348	446
410	1	450	389	455	300	394	332	336	340	309	250	346	426
411	324	485	358	392	397	494	497	434	467	373	278	312	504	412	477	415
412	448	98	483	324	485	503	395	428	397	398	505	497	434	341	87	484	411	92	507
413	1	259	467	335	464	338	451	374	343	318	383
414	1	387	452	362	430	368	241	469	406	279	94
415	504	358	392	492	396	301	432	376	434	437	471	312	411	477	501
416	384	1	388	329	459	112	308	438	445	319
417	480	418	389	455	328	361	476	460	365	421	429	496	371	461	431	316	350	287
418	417	482	421	328	476	305	371	500	440	379	316
419	1	354	427	293	423	456	331	334	377	349	453
420	424	490	491	428	398	399	499	405	503	92
421	512	417	418	502	422	353	328	429	496	305	500	482	439	440	513	476	350
422	448	353	514	507	421	341	513	328	493	81	511	85	502	439	440	447	405
423	1	354	419	357	456	451	310	343	377	383
424	481	292	487	491	498	499	404	405	420	92
425	320	1	260	454	366	335	464	468	374	407	351
426	1	389	455	460	300	370	365	336	401	274	410
427	352	1	419	293	331	334	376	281	453
428	448	420	92	398	499	405	503	505	507	412	447
429	480	353	421	417	431	496	512	439	508	350
430	1	387	457	337	414	279	442	380	94	469
431	480	417	486	263	361	333	429	402	439	441	461	495	508	350	287
432	358	492	501	396	301	333	403	372	437	311	441	506	415
433	1	390	394	463	466	340	342	313	442
434	448	324	358	92	501	437	497	341	511	504	494	411	412	509	415
435	1	355	486	361	364	461	367	401	402	375	473	315
436	352	1	386	453	326	385	393	458	299	462	376
437	448	358	501	432	434	372	341	439	441	506	509	510	415
438	416	1	388	359	459	112	465	400	308	314	443	92
439	448	353	421	422	513	512	333	429	372	341	502	510	441	511	431	508	350	437
440	418	421	422	305	328	493	81	404	405	502
441	492	333	431	432	402	403	372	437	439	506	495	508	510
442	1	390	337	457	430	433	369	342	463	380	94
443	1	470	391	359	400	465	438	409	314	475	92	382
444	1	386	355	393	462	403	375	473
445	384	1	452	481	362	459	110	416	308	406	472	92
446	1	98	360	363	470	408	409	474	92	479
447	448	422	428	341	405	511	507	92	85
448	507	422	92	428	437	497	434	511	85	439	447	412	509	510	341
449	474	1	98	484	454	360	490	407	408	378	317
450	1	455	394	332	466	371	340	410	476
451	1	354	423	456	477	467	373	343	413	383
452	1	362	469	406	472	445	414
453	352	1	419	456	458	427	334	436	471	376
454	320	1	98	483	484	449	425	395	366	468	407	378	317
455	1	450	389	417	460	426	332	371	410	476
456	1	354	419	453	423	392	334	451	373	471	376	477
457	1	369	489	305	430	463	337	469	478	442	381	94
458	1	386	453	492	396	462	436	471	376
459	416	1	481	465	308	438	92	445
460	480	1	389	417	361	426	455	365	461	496	401	476
461	480	1	486	417	361	460	365	431	401	402	435	315
462	1	386	393	458	396	403	436	473	444	492
463	1	482	433	457	305	369	466	342	489	442	379
464	1	483	485	425	395	397	366	335	467	468	374	343	413
465	1	475	359	488	459	399	481	308	438	314	443	92
466	1	450	394	482	463	433	371	340	342	379	476
467	1	451	485	397	477	464	373	343	504	411	413
468	1	483	454	425	395	366	464	378
469	1	292	457	362	430	337	414	478	472	452	381	94
470	1	475	363	446	409	443	92	382	479
471	1	453	392	492	458	396	456	501	376	477	415
472	1	452	481	362	487	469	292	92	445	478
473	1	355	486	492	435	462	495	402	403	375	444
474	1	449	360	490	408	446	479
475	1	359	488	399	465	470	443	382	479
476	1	450	421	417	455	460	418	496	482	466	371	500
477	1	451	485	392	501	397	456	467	373	471	504	411	415
478	1	292	487	457	493	305	498	404	469	489	472	381
479	1	491	360	490	363	399	488	382	470	474	475	446
480	1	486	417	460	461	431	496	429	508
481	1	491	292	488	487	424	459	465	472	92	445
482	1	418	421	489	463	305	466	371	500	502	379	476
483	1	98	484	485	454	395	464	468	505	378	412
484	1	98	483	454	449	490	398	503	505	412
485	1	483	395	397	494	464	497	467	504	505	411	412	477
486	480	1	461	431	402	435	473	495	508
487	1	292	481	424	491	498	499	404	405	472	478
488	1	359	491	399	465	481	475	92	479
489	1	482	457	493	463	305	502	478
490	1	98	420	449	360	491	398	399	503	484	474	479
491	1	420	481	424	490	487	399	488	499	503	92	479
492	1	473	458	396	462	495	432	403	501	471	441	506	415
493	1	514	422	489	305	498	404	405	502	440	507	478
494	1	485	497	434	501	504	411	509
495	1	486	492	431	402	403	441	473	506	508
496	480	1	421	417	508	460	429	500	512	476
497	448	1	507	485	494	434	505	411	412	509	511
498	1	487	424	493	499	404	405	507	478
499	1	420	487	424	491	428	498	405	503	507
500	512	1	418	421	482	496	502	476
501	1	492	494	509	432	434	437	471	504	506	477	415
502	512	1	482	421	422	513	489	493	305	514	500	439	440
503	1	420	490	491	428	398	499	505	484	507	412
504	1	485	494	434	467	501	411	477	415
505	1	483	484	485	428	497	503	507	412
506	1	492	495	432	437	441	508	509	510	501
507	448	1	514	422	428	493	497	498	499	405	503	505	511	412	447
508	480	1	486	513	429	431	496	512	439	441	506	495	510
509	448	1	494	497	434	437	506	511	510	501
510	448	1	513	437	439	441	506	508	509	511
511	448	1	514	422	513	497	434	439	507	509	510	447
512	1	421	513	429	496	500	502	439	508
513	512	1	514	421	422	502	439	508	510	511
514	1	422	513	493	502	507	511
