1	2	3	8	13	19	24	44	54	63	67	73	75	79	80	87	88	92	97	102	105	109	110	111	112	113	114	115	116	119	120	121	123	125	126	127	129	132	133	134	138	142	144	145	153	156	158	159	163	164	165	172	173	175	176	177	179	184	185	186	188	190	191	193	196	197	198	202	204	210	217	218	219	223	225	227	228	231	235	236	237	239	242	245	246	247	248	249	250	251	254	257	259	263	264	267	270	272	273	280	281	282	285	286	290	293	294	295	296	297	299	300	301	303	307	310	314	315	316	317	319	321	326	329	333	334	335	336	337	338	339	341	342	343	344	345	346	347	348	349	350	351	352	353	355	356	357	358	359	360	361	362	363	364	365	366	367	368	369	370	371	372	373	374	375	376	377	378	379	380	381	382	383	384	385	386	387	388	389	390	391	392	393	394	395	396	397	398	399	400	401	402	403	404	405	406	407	408	409	410	411	412	413
2	133	1	5	173	125
3	1	179	126	159
4	115	236	133	6	7
5	2	10	173	146	147	125
6	229	4	228	7	236	11	12	15	115	116	180	223
7	160	4	133	6	236	12	237	146	122	220	229
8	1	134	139	16	177	127
9	10	179	126	14
10	179	5	227	9	173	14	17	147	174	154	125	126
11	228	6	139	15	180	116	127
12	160	229	6	7	15	180	148
13	1	19	20	185	159
14	9	10	174	179	20	117	154	159
15	128	139	230	6	11	12	18	148	180
16	8	177	118	22	134
17	224	168	10	174	29	274	147	21	182	122	154	181
18	128	139	15	118	23	187	28
19	1	25	13	20	119	185
20	13	14	19	149	185	25	159	117
21	168	140	17	181	122	27	29
22	225	150	134	16	118	23	24	187	31
23	22	18	118	187	28	150
24	1	155	134	225	22	186	123	31
25	33	35	39	239	19	20	149	183	185	26
26	192	35	36	40	212	117	182	183	25	154	29	149
27	32	161	34	243	167	168	140	256	232	211	21	122	181
28	128	226	37	136	200	18	150	23	187
29	161	36	166	168	41	17	21	182	26	154
30	128	38	135	136	141	148
31	225	22	231	150	24	186	155
32	168	161	27	167
33	165	39	202	119	239	183	25	185
34	256	328	327	323	38	135	232	167	140	47	240	49	211	213	214	27	318
35	40	25	26	183
36	192	194	166	40	265	212	182	244	26	124	29
37	162	136	201	42	215	45	52	150	151	155	28	221
38	34	135	167	141	46	47	49	213	30
39	33	203	165	40	202	183	50	245	57	25
40	194	35	36	39	203	51	212	183	57	26	124
41	161	166	167	137	48	55	29	62
42	283	37	262	136	266	215	141	46	52	151	59	221	222	255
43	193	162	155	231	169	45	175	53	56	186	123	250
44	129	1	165	119
45	162	37	169	43	151	56	155	60
46	38	42	141	49	52	59
47	240	34	38	167	72	48	49	232	61
48	64	311	354	324	167	72	41	330	241	47	240	232	340	137	233
49	304	34	323	324	38	401	72	141	46	47	240	328	306	403	213	59	411	61	222
50	129	66	165	39	204	245	57	156
51	40	57	58	203	124
52	37	42	46	151	59	60	69
53	56	123	43	54	175
54	1	67	175	53	120	123
55	68	166	137	170	41	58	124	62
56	65	195	193	169	74	43	45	175	53	246	120	250	60	286
57	66	293	70	39	40	203	204	205	50	51	245	58	251	156
58	203	68	70	170	171	77	206	205	51	55	57	124
59	386	387	388	69	362	72	284	42	76	141	46	49	306	52	151	308	283	60	61	222	383
60	65	195	69	71	169	45	207	52	151	56	59
61	324	72	331	47	240	49	306	59	222
62	64	320	68	305	72	41	170	279	78	241	277	278	55	137	233
63	129	1	75	156	73
64	48	72	78	62	137
65	195	71	169	74	120	188	246	56	60
66	70	75	204	142	50	57	251	156
67	120	1	54	79
68	279	260	170	171	77	78	81	206	278	55	216	58	234	62
69	195	71	351	362	76	207	335	307	52	151	283	84	59	60	189	255
70	66	197	171	77	142	205	83	57	58	251	156
71	65	195	69	188	74	207	82	307	84	246	247	314	60	189
72	320	258	387	261	137	394	405	284	305	298	302	47	48	49	306	308	309	311	59	316	61	62	64	324	325	199	332	330	331	76	78	209	85	86	93	222	95	352	99	357	337	240	241	378	379
73	80	1	75	63
74	65	163	71	79	120	82	56	188
75	1	66	73	142	80	87	88	156	63
76	336	386	59	69	72	362	207	208	369	335	84	85	344	91	284	189
77	68	70	171	81	83	58	157
78	320	130	389	393	143	275	278	279	287	298	305	309	62	64	68	72	81	86	93	359	234	375	252	253
79	1	67	74	163	120	92
80	1	75	73
81	130	68	234	171	77	78	143	216	157
82	131	71	188	74	242	163	247	89	92	189	190
83	132	197	70	171	77	142	88	90	157
84	131	69	71	76	208	85	91	189
85	336	99	100	261	273	72	76	208	209	84	346	91	284	285	357
86	96	272	130	355	321	72	275	234	338	78	143	157	280	178	253	366	248	252	93	94
87	88	1	75
88	1	132	197	75	142	83	87
89	131	242	176	82	92	190
90	97	132	83	217	157	94
91	98	131	100	101	198	235	76	208	273	84	85	164	285
92	1	163	79	176	82	89	190
93	96	258	347	199	72	329	106	299	290	78	178	86	152	298	316	253	95
94	97	130	102	103	272	143	144	86	248	217	90	157	191
95	99	199	72	106	108	104	152	93
96	103	106	107	143	178	86	93
97	1	132	102	217	90	94	191
98	100	101	198	138	184	91
99	100	199	72	209	104	85	152	95
100	98	99	198	263	104	138	273	209	85	184	249	91
101	98	131	164	198	105	138	235	91
102	144	1	191	94	97
103	96	259	196	106	107	143	144	178	121	219	94
104	99	100	199	172	209	263	108	109	111	184	210	152	249	158	95
105	1	138	164	101	110
106	96	290	259	103	107	108	145	178	152	153	218	219	93	299	95
107	96	196	103	106	153	121	219
108	104	106	172	112	145	210	152	218	158	95
109	1	104	138	172	110	111	184
110	1	138	109	105
111	1	104	172	109	114	158
112	1	108	145	114	218	158
113	153	1	145
114	112	1	158	111
115	1	4	133	6	236	116	223
116	1	228	6	11	115	127	223
117	192	14	174	238	270	179	20	149	26	154	159
118	225	134	139	16	177	18	22	23	187	254
119	1	165	33	202	44	239	19	185
120	1	67	246	65	74	79	163	54	56	175	188
121	1	196	103	107	144	153
122	160	224	7	140	17	146	147	21	27	220	181
123	1	193	43	175	53	54	24	186
124	194	36	166	40	170	203	51	244	277	55	58
125	1	2	227	5	10	173	126
126	1	3	227	9	10	179	125
127	1	139	228	8	11	177	116	281	254
128	230	135	136	139	141	15	200	18	148	187	28	30
129	1	165	204	44	50	156	63
130	234	78	143	81	86	252	157	94
131	208	164	101	235	242	285	176	303	82	84	89	91	189	190
132	1	197	97	257	83	88	217	90	157
133	1	2	4	7	236	173	237	146	115
134	1	22	225	8	16	177	118	24	254
135	128	34	38	200	140	141	148	213	214	30
136	128	226	37	262	200	201	42	141	150	187	28	221	30
137	64	161	166	167	72	41	170	48	241	55	233	62
138	1	98	100	101	198	105	235	109	110	184	164
139	128	228	230	8	297	11	15	177	18	180	118	281	187	254	127
140	160	34	291	135	268	269	211	148	21	214	122	27	181
141	128	262	38	135	136	42	46	222	49	213	59	200	266	30
142	1	66	197	70	75	83	88	251	156
143	96	130	196	103	78	144	81	178	86	280	248	157	94
144	1	196	102	103	143	248	121	94	191
145	1	106	108	112	113	153	218	219
146	224	133	7	173	237	147	122	220	5
147	224	227	5	294	10	173	174	237	17	146	122
148	128	160	291	292	229	230	135	200	12	140	269	15	180	214	30
149	192	212	264	270	239	20	117	183	25	26	185	159
150	225	226	187	37	231	136	201	295	22	23	155	28	221	31
151	162	195	37	169	42	45	255	52	215	283	59	60	69
152	99	199	104	106	263	108	210	267	299	218	93	95
153	1	196	113	106	107	145	121	219
154	192	224	10	238	14	174	17	274	117	182	26	29
155	193	162	37	231	201	43	45	150	24	186	31
156	1	66	70	129	75	204	142	50	57	251	63
157	257	130	132	197	234	171	77	143	272	81	83	86	216	217	90	315	94
158	1	104	172	108	210	111	112	114	218
159	1	3	264	13	14	270	179	20	117	185	149
160	229	7	12	140	269	148	181	268	122	220
161	32	166	167	168	41	233	243	182	137	27	29
162	37	231	169	43	300	45	286	151	201	155	250	215
163	1	188	74	79	82	247	120	92	190
164	1	131	101	198	105	138	235	176	91
165	1	33	39	129	204	202	44	50	245	119
166	161	36	137	170	55	243	244	277	182	41	276	233	124	29
167	32	161	34	38	232	41	233	47	48	243	137	27
168	32	161	243	289	256	288	17	274	211	21	182	27	29	181
169	65	162	195	43	45	286	246	151	56	250	60	215
170	68	166	137	203	206	277	278	55	58	233	124	62
171	257	68	197	70	77	206	205	81	83	301	216	260	58	251	157
172	1	104	108	109	111	210	184	249	158
173	1	2	227	133	10	237	146	147	125	5
174	224	227	179	294	10	14	17	147	117	238	154
175	1	246	193	43	120	53	54	56	250	123
176	1	131	164	235	242	89	92	190
177	1	134	8	139	16	118	254	127
178	96	290	259	196	103	329	106	143	338	253	86	280	93
179	1	3	294	9	10	14	174	238	270	227	117	317	126	159
180	230	139	228	229	6	296	11	12	15	148	342	281	223
181	160	224	168	268	140	288	17	274	211	21	182	122	27	220
182	192	161	36	166	289	168	265	238	17	274	243	244	181	154	276	26	29
183	33	194	35	39	40	202	203	239	264	212	149	25	26	282	245
184	1	98	100	198	104	138	172	109	210	249
185	1	33	264	202	13	239	19	20	149	119	25	159
186	1	123	193	43	24	225	155	231	31
187	128	225	226	22	230	295	136	297	139	271	200	18	254	118	23	28	150
188	1	163	65	71	74	82	246	247	120
189	131	69	71	335	76	242	207	208	82	84	247	344	314	303
190	1	131	242	176	82	163	247	89	92
191	1	102	97	272	144	248	217	94
192	36	334	264	265	238	317	270	212	117	182	26	154	149
193	1	123	231	43	175	56	186	155	250
194	36	40	203	212	277	183	244	124
195	65	69	71	169	215	207	307	341	246	151	56	351	60	286	255
196	1	259	103	107	143	144	280	178	153	248	121	219
197	1	132	70	257	171	142	83	88	251	157
198	1	98	100	101	138	235	273	249	184	164	91	285
199	352	258	99	209	72	263	104	210	152	267	316	93	299	95
200	128	226	292	262	230	135	136	141	271	304	148	213	214	187	28
201	162	37	231	136	295	300	226	150	215	155	221
202	1	165	39	183	239	245	119	185	33	282
203	194	293	244	39	40	170	343	205	206	349	51	212	245	278	183	57	58	319	124	282	277
204	129	66	165	1	205	50	245	57	251	156	293
205	203	293	70	171	204	206	343	57	58	251
206	203	68	293	170	171	205	301	278	343	260	58	251
207	195	69	71	76	335	307	247	344	314	60	189
208	131	76	285	336	303	84	85	344	91	284	189
209	99	100	261	199	72	263	273	337	104	85	346	316
210	1	267	199	104	108	263	172	184	152	249	218	158
211	256	288	34	291	327	168	268	140	269	181	214	312	27
212	192	194	36	40	265	203	334	239	264	244	149	183	26	282	319
213	328	34	323	262	38	135	200	266	141	304	49	214	222
214	34	291	292	135	200	323	327	140	304	211	148	213	318
215	162	195	37	360	169	42	300	365	266	341	151	201	221	286	255
216	257	68	356	234	171	301	81	279	260	315	157
217	1	132	97	234	257	272	90	315	157	94	191
218	1	290	299	106	267	108	112	145	210	152	219	158
219	1	290	259	196	103	106	107	145	153	218
220	160	224	229	7	296	268	236	237	269	146	181	310	122	353
221	226	37	262	295	136	201	42	300	360	341	150	215	348	266	255
222	384	392	283	388	401	72	42	141	365	304	49	306	403	308	213	266	59	61	383
223	1	228	229	6	296	236	115	180	116
224	339	353	326	310	294	274	268	237	174	17	146	147	181	238	122	220	154
225	1	22	134	231	297	295	254	118	24	186	187	150	31
226	262	295	136	201	271	200	150	348	345	187	28	221
227	1	179	294	10	173	174	237	147	125	126
228	1	139	6	296	11	116	281	180	223	127
229	160	291	292	230	6	7	296	236	12	269	368	148	342	180	220	364	223
230	128	292	229	200	297	139	364	333	15	271	180	342	281	148	187
231	1	162	295	193	201	43	300	150	225	186	155	250	31
232	256	240	34	167	328	233	327	322	47	48	241	243	340	354	313	27
233	161	166	167	232	137	170	305	48	241	243	276	277	313	62
234	321	130	68	359	356	78	272	81	86	279	216	217	315	252	157	287
235	1	131	164	101	198	138	176	242	91	285
236	1	229	4	133	6	7	296	237	353	115	310	220	223
237	224	1	227	133	294	7	339	236	173	146	147	310	220
238	192	224	326	294	289	265	274	174	270	179	334	117	182	154	317	350
239	1	33	264	202	119	212	149	183	25	282	185
240	328	34	324	72	354	47	48	49	232	340	61
241	305	72	233	311	48	232	340	137	313	62
242	1	131	235	285	176	82	247	89	314	303	189	190
243	256	161	322	166	167	168	233	289	288	232	276	182	313	27
244	194	36	358	166	265	203	334	212	277	182	276	124	349	319
245	1	165	39	202	203	204	50	183	57	282	319	293
246	1	195	65	71	169	175	120	307	247	56	250	188	286
247	1	163	71	242	207	82	307	246	314	188	189	190
248	1	355	196	321	272	143	144	86	280	94	191
249	1	100	198	263	104	172	273	210	184
250	1	162	193	169	43	300	175	246	56	286	231
251	1	66	197	70	257	171	204	205	142	301	206	343	57	156	293
252	321	130	355	359	234	78	275	366	86	376	253	287
253	258	329	298	363	338	78	178	275	366	86	377	252	93
254	1	134	225	297	139	177	118	281	187	127
255	195	69	360	42	151	365	341	215	266	283	221	286	351
256	288	34	243	168	327	322	232	211	312	27
257	1	315	132	197	171	301	216	217	251	157
258	352	199	72	329	298	363	302	93	378	347	316	253
259	1	290	196	103	106	338	178	280	219
260	343	68	361	171	301	206	278	279	216	356
261	352	325	337	72	209	85	346	379	357
262	384	360	226	292	136	42	141	271	304	200	371	213	345	266	348	221
263	1	299	100	199	104	267	273	337	209	210	152	249	316
264	192	1	334	270	239	212	149	183	185	282	317	159
265	192	289	36	358	276	238	212	334	182	244	350
266	384	262	360	42	141	365	304	392	213	215	283	221	222	255
267	1	299	263	199	210	152	218
268	160	224	353	339	140	269	288	274	211	372	181	310	312	367	220
269	160	353	291	229	296	268	140	370	211	148	342	312	372	220
270	192	1	149	264	238	179	117	317	159
271	226	292	230	262	295	200	297	364	333	371	345	187
272	1	321	234	86	248	217	315	157	94	191
273	1	100	198	263	337	209	85	249	346	91	285
274	224	288	326	289	168	268	238	367	17	339	181	182	154	350
275	390	298	78	366	309	86	377	252	253	287
276	289	358	166	385	233	397	305	243	244	277	182	265	313	374	373
277	194	358	166	233	170	203	305	244	373	278	343	276	374	124	349	62
278	343	375	68	356	170	203	206	305	78	374	279	260	361	62	277
279	393	260	359	356	234	78	278	375	216	68	62	287
280	1	259	196	338	143	178	355	86	248
281	1	228	230	296	297	139	333	180	342	254	127
282	1	264	202	203	334	239	212	245	183	319
283	388	69	362	42	365	351	151	59	266	222	255
284	336	386	387	357	72	76	208	369	308	85	344	59
285	1	131	198	235	303	208	273	242	85	336	346	91
286	1	162	195	169	300	307	341	246	215	56	250	351	255
287	320	366	389	390	359	234	78	275	309	279	376	252
288	256	289	322	243	168	391	268	367	274	211	181	312	382
289	288	322	358	168	265	382	238	367	274	243	276	373	182	313	350
290	1	259	329	106	299	338	178	218	219	93
291	292	229	327	396	140	269	368	370	211	148	342	214	312	372	318
292	368	291	342	262	230	200	371	364	271	304	323	148	214	395	381	318	229
293	1	203	204	205	206	245	343	57	251	349	319
294	224	1	227	179	326	339	237	174	147	238	317
295	225	226	1	201	231	300	271	150	297	345	187	348	221
296	1	228	229	353	236	269	370	180	342	281	220	223
297	1	230	225	139	333	271	345	281	187	254	295
298	258	390	72	363	78	253	275	302	398	377	380	93	309
299	1	290	267	199	329	106	263	152	218	347	316	93
300	1	162	231	360	201	295	341	215	250	348	221	286
301	1	315	260	257	361	171	206	343	216	356	251
302	352	258	325	72	298	363	398	309	378	380
303	1	131	285	208	336	242	344	314	189
304	384	323	292	262	401	200	266	395	49	371	213	214	222
305	320	393	374	72	233	404	375	397	78	241	276	277	278	311	313	62
306	324	72	331	49	403	308	405	59	412	61	222	383
307	1	195	69	71	207	246	247	314	335	286	351
308	386	387	72	394	331	306	405	59	284	222	383
309	320	325	390	72	389	298	332	406	302	275	78	398	380	287
310	224	1	353	268	236	237	339	220
311	320	241	72	330	397	48	305	404	340	409	313	410
312	256	288	322	291	327	396	391	268	269	367	400	211	372
313	289	322	305	232	233	397	385	241	402	243	276	373	311	408	340	382
314	1	71	335	207	242	307	247	344	303	189
315	1	356	257	234	359	301	321	272	216	217	157
316	352	1	258	299	199	72	263	337	209	347	93
317	192	1	326	294	264	270	179	334	238	350
318	34	323	292	327	396	399	368	291	214	381
319	1	293	358	203	334	212	245	244	282	349
320	389	72	393	330	332	78	305	404	309	311	410	62	287
321	1	355	359	234	272	376	86	248	315	252
322	256	289	327	232	391	288	400	402	243	340	312	313	382
323	34	292	327	328	395	401	399	304	49	213	214	407	381	318
324	328	240	354	72	330	331	332	413	48	49	306	403	409	412	61
325	261	406	72	394	331	332	302	309	398	378	379
326	224	1	294	238	367	274	339	317	350
327	256	34	291	232	323	408	396	322	399	400	328	211	340	214	407	312	318
328	34	323	324	327	232	354	240	49	403	340	213	401	407	408	409	411
329	1	290	363	299	338	258	253	178	347	93
330	320	409	354	324	72	332	48	340	311	404	410	413
331	324	325	72	394	332	413	306	308	405	406	412	61
332	320	324	325	72	330	331	309	406	410	413	389
333	1	230	297	364	271	342	345	281
334	192	1	358	264	265	238	212	244	282	317	350	319
335	1	386	69	362	76	207	307	344	314	189	351
336	1	357	76	303	208	369	85	344	346	284	285
337	352	1	261	263	72	209	273	346	379	316	357
338	1	290	259	329	363	366	178	355	86	280	377	253
339	224	1	326	294	353	268	237	367	274	310
340	328	240	322	409	327	232	330	354	402	397	48	241	400	311	408	313
341	1	195	360	300	365	215	351	221	286	255
342	1	291	292	229	230	296	364	269	333	368	370	180	281
343	1	260	293	361	203	205	206	301	277	278	375	374	251	349
344	1	386	369	76	207	208	336	335	314	303	284	189
345	1	226	262	295	297	364	333	271	371	348
346	1	261	209	337	336	273	85	285	357
347	352	1	258	363	329	299	316	93
348	1	226	262	295	360	300	371	345	221
349	1	293	358	373	203	244	277	374	343	319
350	1	358	326	289	265	238	367	274	334	317	382
351	1	195	69	362	365	335	307	341	283	286	255
352	1	258	379	261	199	72	363	302	337	378	347	316
353	224	1	296	268	236	269	367	370	339	372	310	220
354	240	324	232	330	48	328	340	408	409
355	1	376	321	359	366	280	338	86	248	252
356	393	1	260	359	361	234	375	301	278	279	216	315
357	1	387	261	369	72	394	336	337	85	346	379	284
358	1	373	289	265	382	334	244	277	276	349	350	319
359	1	355	356	389	321	393	234	78	279	376	315	252	287
360	384	1	262	266	300	365	371	341	215	348	221	255
361	1	356	375	301	278	343	260
362	1	386	59	388	69	76	365	335	283	351
363	352	1	258	329	298	302	338	377	378	347	380	253
364	1	292	229	230	333	271	368	371	342	345	381
365	384	1	388	360	266	392	351	341	215	283	362	222	255
366	1	355	390	338	275	86	376	377	252	253	287
367	288	1	326	289	391	268	353	274	339	372	382	312	350
368	1	291	292	229	396	364	370	342	381	318
369	1	386	387	357	76	336	344	284
370	1	291	353	296	396	269	368	372	342
371	384	1	292	262	360	395	364	271	304	345	348	381
372	1	291	353	396	391	268	269	367	370	312
373	1	358	289	385	276	277	374	313	349	382
374	1	385	375	397	305	276	277	278	343	404	349	373
375	393	1	356	374	361	279	78	305	404	278	343
376	1	355	389	390	359	321	366	252	287
377	1	390	298	363	366	338	275	380	253
378	352	1	258	325	72	394	363	302	398	379	380
379	352	1	261	357	72	394	337	378	325
380	1	390	298	363	302	309	398	377	378
381	1	323	292	396	395	364	399	368	371	318
382	288	1	322	358	289	391	367	385	402	373	313	350
383	1	386	387	388	392	306	403	308	405	59	412	222
384	1	262	401	360	266	395	365	304	392	371	222
385	1	397	402	276	373	374	313	382
386	1	387	388	362	76	335	369	308	344	59	284	383
387	1	386	357	72	394	369	308	405	59	284	383
388	1	386	59	392	362	365	283	222	383
389	320	1	390	359	393	332	78	309	406	376	410	287
390	1	389	406	298	366	275	309	398	376	377	380	287
391	288	1	322	396	367	400	402	372	312	382
392	384	1	388	266	365	401	403	222	383
393	320	1	356	389	359	375	78	305	404	279	410
394	1	387	325	72	331	398	308	405	406	378	379	357
395	384	1	323	292	399	304	401	371	381
396	1	291	327	391	399	368	370	372	407	312	400	381	318
397	409	1	385	404	305	402	340	374	311	408	276	313
398	1	325	390	298	302	309	406	378	380	394
399	1	323	327	395	396	401	407	381	318
400	1	322	391	327	396	408	402	340	407	312
401	384	1	392	323	328	395	399	304	49	403	407	411	222
402	385	322	1	391	397	400	340	408	313	382
403	1	392	324	401	328	49	306	409	411	412	222	383
404	320	1	393	330	375	397	305	374	311	409	410
405	1	387	72	394	331	306	308	406	412	413	383
406	1	389	390	405	394	331	332	398	309	410	413	325
407	1	323	327	328	396	399	400	401	408	411
408	409	1	354	327	328	397	400	402	340	407	313	411
409	1	354	324	328	330	397	403	340	311	408	404	410	411	412	413
410	320	1	389	393	330	332	404	406	311	409	413
411	1	49	328	401	403	407	408	409
412	1	324	331	306	403	405	409	413	383
413	1	324	330	331	332	405	406	409	410	412
