1	143085.895962
2	7.21619755798
3	3.44899342743
4	11.178434055
5	11.7943257384
6	95.8738053934
7	27.7767149245
8	85.8860952598
9	189.879406014
10	62.7901571297
11	44.036255368
12	151.406705519
13	37.8362790878
14	97.464858909
15	117.317100839
16	27.3250610232
17	76.0112986015
18	175.200654224
19	143.112697515
20	28.4644606377
21	40.6899105545
22	294.539932758
23	18.055891187
24	95.0731462048
25	149.702738529
26	368.334021299
27	40.5564673564
28	81.6980318122
29	542.754546057
30	288.617107735
31	107.647601409
32	77.7255304538
33	1513.96440658
34	84.3258363283
35	151.026905648
36	106.764823329
37	98.7479665829
38	95.4529460763
39	77.3765251665
40	647.33295391
41	65.4590210914
42	36.8919118398
43	23.9273919028
44	232.252753836
45	8874.68094809
46	58.5097099296
47	136.79980776
48	209.300523766
49	506.499055624
50	188.031730963
51	44.9908874774
52	102.535700436
53	41.254477931
54	211.456144658
55	7.81155951867
56	266.557920605
57	126.288589695
58	109.300244093
59	108.17110934
60	241.963312712
61	80.5483673364
62	326.083851813
63	139.314698801
64	96.4896970768
65	73.2089914417
66	434.398669212
67	295.381651392
68	767.072562038
69	19.2979394154
70	101.837689862
71	101.611862911
72	104.403905209
73	99.7641878606
74	48.2961728454
75	56.9699807209
76	667.883206415
77	19.4621771976
78	453.645284321
79	110.768119272
80	222.870670525
81	102.679408496
82	50.4723234603
83	55.6560784628
84	98.8506151968
85	83.2069664367
86	39.3349488509
87	31.0820002924
88	35.4958906906
89	40.6693808317
90	224.862053635
91	22.3671329713
92	156.210660651
93	19.6982690096
94	83.6586203379
95	18.4664856427
96	101.180738733
97	91.7883905597
98	167.686775686
99	33.4121238282
100	11.9175040751
101	7.14434352824
102	27.6432717264
103	110.552557183
104	22.6956085358
105	116.793592909
106	89.961245232
107	153.511002105
108	150.790813836
109	88.6678726968
110	177.079123859
111	88.9347590929
112	167.532802765
113	218.251482899
114	108.776736162
115	105.327742735
116	136.327624136
117	117.563457513
118	178.126139721
119	120.807153712
120	144.057064763
121	179.901960741
122	143.708059476
123	164.412284902
124	90.5668720541
125	131.164398856
126	172.151990391
127	126.647859844
128	428.537433358
129	141.203433297
130	196.859511759
131	188.144644438
132	164.432814625
133	193.123102213
134	168.887764469
135	94.395665353
136	91.4701798565
137	149.805387142
138	156.672579413
139	116.73200374
140	169.965574915
141	193.410518332
142	195.104220462
143	98.6555828304
144	153.962656006
145	186.553590923
146	120.694240237
147	187.241336636
148	170.725174658
149	113.498572402
150	188.031730963
151	125.446871061
152	164.740760467
153	185.003596853
154	100.698290247
155	71.8335000153
156	172.213579559
157	213.663089857
158	171.392390648
159	198.902219176
160	131.523669005
161	151.057700232
162	137.559407503
163	148.53254433
164	110.008519529
165	159.023232672
166	199.158840711
167	142.527600416
168	142.948459733
169	109.854546608
170	190.782713816
171	147.608706805
172	123.876347268
173	113.642280461
174	141.655087198
175	159.146411008
176	164.504668655
177	128.670037538
178	95.0218218979
179	95.4734757991
180	182.971154297
181	133.268695441
182	90.1870721827
183	121.310131921
184	151.7043865
185	117.830343909
186	156.087482314
187	138.606423365
188	134.613392284
189	79.7374432865
190	219.401147374
191	97.3519454337
192	201.478699386
193	105.194299537
194	126.021703299
195	196.243620076
196	85.1880846852
197	162.821231386
198	127.366400141
199	147.311025824
200	191.911848569
201	74.6255423137
202	86.4609274977
203	138.34980183
204	152.022597203
205	157.391119711
206	100.328755237
207	190.844302984
208	93.8824222835
209	101.16020901
210	172.336757896
211	164.946057694
212	85.7834466458
213	214.412424738
214	153.685504748
215	187.990671518
216	106.877736805
217	110.203551895
218	110.152227588
219	163.047058337
220	257.052658957
221	90.9774665098
222	109.710838549
223	98.9943232563
224	92.0347472331
225	83.6175608923
226	152.823256391
227	144.262361991
228	112.872415857
229	183.166186664
230	86.4917220818
231	145.032226596
232	212.575014549
233	178.588058483
234	116.937300968
235	169.021207667
236	158.499724741
237	160.008659365
238	105.358537319
239	152.268953876
240	128.413416003
241	130.764069262
242	108.284022815
243	81.8622695944
244	135.721997314
245	178.721501681
246	85.9990087351
247	119.914110771
248	110.306200509
249	118.394911286
250	125.06707119
251	126.627330121
252	175.796016185
253	175.477805482
254	141.069990099
255	161.230177871
256	115.335982591
257	148.542809191
258	144.10838907
259	180.476792979
260	123.168071832
261	68.3639768651
262	182.971154297
263	90.90561248
264	190.238676162
265	205.317757546
266	98.3681667114
267	132.847836124
268	156.200395789
269	252.022876876
270	113.878372273
271	140.41303897
272	137.2411968
273	123.619725734
274	108.047931003
275	113.919431719
276	127.510108201
277	178.896004325
278	128.495534894
279	210.717074638
280	90.5668720541
281	71.8642945994
282	158.171249176
283	116.814122631
284	238.103724829
285	168.518229459
286	134.839219234
287	206.919075923
288	189.40722239
289	128.752156429
290	131.718701371
291	109.125741449
292	178.115874859
293	127.397194726
294	134.695511175
295	189.499606142
296	224.718345575
297	194.416474748
298	130.610096341
299	133.966706016
300	202.053531623
301	153.603385857
302	76.6785145919
303	85.7218574775
304	73.0242239366
305	201.324726465
306	133.617700729
307	164.5457281
308	110.275405925
309	181.215862999
310	221.423325069
311	108.130049894
312	110.9734165
313	155.451060908
314	160.059983672
315	159.875216167
316	173.209271114
317	167.594391933
318	149.384527825
319	151.478559549
320	97.3006211267
321	74.1328289669
322	95.1860596801
323	144.354745744
324	138.021326265
325	110.470438292
326	164.976852279
327	176.64799968
328	169.26756434
329	123.414428506
330	188.206233607
331	93.738714224
332	114.319761313
333	151.735181084
334	253.583135807
335	159.218265038
336	104.373110625
337	107.165152924
338	240.413318642
339	207.514437884
340	125.149190081
341	203.439287911
342	152.905375283
343	148.840490172
344	108.530379489
345	243.472247337
346	178.926798909
347	63.2110164467
348	168.918559053
349	168.364256538
350	203.264785268
351	111.558513599
352	143.215346129
353	150.38021938
354	171.002325915
355	117.276041394
356	171.412920371
357	206.180005903
358	145.740502032
359	122.439266674
360	134.172003244
361	184.705915872
362	188.719476676
363	195.319782551
364	157.473238602
365	132.098501243
366	107.760514884
367	169.462596707
368	138.144504602
369	159.52621088
370	163.519241961
371	135.10610563
372	146.859371923
373	207.576027052
374	88.7602564493
375	110.46017343
376	129.994204658
377	116.824387493
378	202.228034267
379	252.146055212
380	139.550790613
381	108.325082261
382	140.310390356
383	136.707424007
384	204.342595714
385	107.65786627
386	117.070744166
387	210.080653231
388	80.7433997028
389	101.735041248
390	141.408730524
391	179.501631147
392	107.278066399
393	175.416216313
394	215.007786699
395	160.665610494
396	112.985329332
397	204.630011833
398	111.558513599
399	186.46120717
400	154.209012679
401	122.685623347
402	214.997521838
403	122.993569189
404	106.62111527
405	178.813885434
406	182.468176089
407	132.704128065
408	262.277473405
409	96.6847294433
410	180.158582276
411	70.3964194205
412	71.0841651337
413	147.567647359
414	237.508362868
415	71.3099920843
416	134.531273392
417	151.940478312
418	175.354627145
419	146.253745101
420	95.7403621953
421	132.88889557
422	164.627846991
423	139.294169078
424	120.150202583
425	167.584127072
426	95.155265096
427	233.771953322
428	108.725411855
429	199.312813632
430	143.092167793
431	117.54292779
432	107.565482518
433	135.701467591
434	146.110037042
435	99.5588906328
