1	2	3	4	5	6	9	16	22	36	43	55	58	68	72	80	84	90	99	104	105	106	107	108	110	113	117	123	124	125	126	127	128	132	134	135	137	138	139	141	144	147	148	150	151	153	156	160	163	165	168	169	175	179	180	182	183	184	185	187	188	192	193	194	196	198	199	204	205	206	210	211	212	213	216	218	222	225	226	231	232	234	243	245	247	248	249	250	251	253	259	260	261	263	265	266	267	269	270	272	274	278	279	281	282	285	286	287	288	290	296	297	298	299	301	303	304	305	307	313	315	316	317	318	320	322	323	324	325	326	327	328	330	331	333	335	337	338	339	341	342	343	344	345	346	347	348	349	350	351	352	353	354	355	356	357	358	359	360	361	362	363	364	365	366	367	368	369	370	371	372	373	374	375	376	377	378	379	380	381	382	383	384	385	386	387	388	389	390	391	392	393	394	395	396
2	144	1	10	3	125
3	1	2	4	8	139	144
4	1	3	139	110
5	128	1	125	6	7
6	128	1	5	9	11	12	151
7	128	193	5	10	11	13	125
8	3	10	139	14	15	144
9	1	148	12	6	151
10	193	2	7	8	140	13	14	205	144	18	174	125
11	128	194	6	7	170	12	13	19	20	151	189
12	6	9	170	11	111	148	151	20
13	128	193	194	263	7	10	11	174	189	18	19	125
14	129	199	8	10	139	140	205	15	144	21	159
15	129	165	199	8	139	14	17	159
16	1	134	110	141
17	129	165	134	139	110	15	23
18	10	140	13	174	19	21	121	29
19	162	230	170	11	13	174	189	18	20	25	29
20	162	200	170	11	12	111	19	149	25	28	31
21	129	140	14	112	18	121	159
22	1	131	135	163	24	126
23	129	165	134	141	206	17	118	26	157	30
24	130	131	226	163	148	22	152	27	126
25	162	45	19	20	149	29	31
26	33	134	141	113	118	23
27	32	34	37	130	111	152	24	28
28	32	130	37	200	201	111	20	149	246	152	27	31
29	162	230	166	295	275	140	45	174	237	18	19	121	25	271	254
30	129	38	136	112	118	23	157
31	32	162	37	276	171	45	20	149	246	280	25	28
32	45	27	28	37	31
33	36	137	46	175	113	118	119	26
34	131	37	207	48	152	27
35	224	208	166	39	136	42	44	112	121	202	223
36	137	1	175	113	33
37	32	34	201	171	255	45	207	48	276	246	152	27	28	31
38	224	167	136	41	42	49	178	118	157	30
39	35	166	44	45	208	121
40	160	225	131	196	135	43	47	48	122
41	38	167	49	50	118	119
42	224	35	38	136	236	202	203	44	49	114	195	56	264
43	160	1	135	40	47	54	55	187
44	35	39	264	42	45	238	208	53	56	202
45	300	271	275	276	149	280	25	29	31	32	162	292	37	166	39	171	44	48	308	53	311	56	59	191	321	208	312	214	336	295	238	121
46	192	33	167	137	176	50	119	57	251	60
47	160	225	40	43	48	54	122	187
48	256	131	388	392	393	394	267	268	145	146	34	291	164	37	40	171	300	45	302	47	51	52	310	313	186	59	191	64	321	395	326	71	74	207	336	81	340	214	219	314	350	352	209	233	241	242	120	122	63	252	255
49	224	195	38	167	41	42	236	50	239	176	114	62
50	167	41	46	176	49	119	60	62
51	48	52
52	209	48	145	51	122	186
53	66	133	44	45	238	336	311	56	59	61	319
54	64	168	43	47	145	55	122	187
55	64	1	68	168	43	147	54	187
56	66	133	264	42	203	44	45	238	114	53	311	283	284	61	319
57	192	65	132	137	46	60
58	1	132	137
59	257	273	45	48	306	53	311	319	66	197	70	73	332	78	336	83	334	220	229	235	240	242	63
60	192	65	132	69	204	46	176	50	158	182	57	62	245
61	66	67	133	70	114	53	56	62
62	67	69	114	142	239	176	49	50	181	60	61	158	133
63	256	291	277	197	262	71	73	76	302	48	242	85	86	215	293	59	252	314	191
64	68	168	234	75	48	145	146	147	54	55	120	153	122	218
65	132	69	72	182	57	60
66	257	283	228	133	70	203	332	78	306	53	56	59	61	319
67	133	70	109	77	79	142	143	61	62	181
68	64	1	75	80	147	55	153
69	65	198	72	142	79	84	158	182	60	62
70	161	66	67	228	133	257	77	78	143	181	59	61	229
71	256	277	241	76	48	81	85	215	63
72	1	132	69	65	84	182
73	258	155	197	262	172	235	76	78	294	240	273	83	220	277	86	329	59	92	221	63
74	164	48	81	82	88	120
75	64	68	146	80	82	120	153
76	71	73	85	86	91	63
77	161	67	70	109	78	143	87
78	161	66	115	229	70	257	73	235	172	77	83	87	59
79	67	69	198	109	142	84	150	89
80	1	68	75	82	153	90
81	304	219	164	71	74	48	241	85	266	215	88	154	91	330	248	95
82	164	169	74	75	80	120	210	88	153	90	188	93
83	98	73	172	173	78	115	116	59	92	221
84	1	99	69	198	72	79	150	182
85	227	262	71	76	81	86	215	154	91	190	63
86	96	97	258	155	262	73	76	177	227	85	215	91	92	63
87	161	179	211	77	78	109	115	150	89	94
88	164	169	74	81	82	180	248	212	154	188	93	95
89	109	79	150	87	94	127
90	1	169	80	82	153	123	188	93
91	97	227	100	76	81	85	86	154	190	95
92	96	101	102	73	173	177	83	116	86	155	221
93	169	138	82	180	88	90	123	95
94	98	179	104	115	117	150	87	89	127
95	97	100	106	270	81	180	138	183	88	212	154	91	93	190
96	97	92	102	86	177
97	96	227	100	102	103	296	270	177	213	86	183	185	91	281	190	95
98	83	101	105	172	222	115	116	117	179	94
99	1	84	150	127
100	97	103	106	107	270	183	185	91	138	190	95
101	98	102	105	108	173	156	116	184	92
102	96	97	101	103	124	108	173	177	156	213	184	249	92
103	97	100	102	107	213	185	124
104	1	117	94	127
105	1	98	101	108	116	117	184	156	222
106	1	100	138	107	183	123	95
107	1	100	103	106	183	185	124
108	1	101	102	124	105	156
109	161	67	198	77	142	79	211	150	87	89	143
110	1	4	165	134	139	16	17
111	130	200	201	170	12	232	148	151	216	20	27	28
112	129	35	136	202	21	217	121	223	157	30	159
113	1	36	33	141	175	118	26
114	133	42	203	236	239	49	181	56	61	62
115	161	98	259	179	172	78	83	116	222	87	94
116	98	101	105	83	172	173	115	184	92	222
117	1	98	104	105	179	222	94	127
118	33	38	167	41	119	141	206	175	113	178	23	250	26	157	30
119	192	33	167	137	231	178	46	175	50	118	41	250
120	64	164	210	74	75	146	48	82	243	153	218
121	35	166	39	202	140	45	112	18	244	21	217	29	254	159
122	64	225	131	261	209	40	269	47	48	145	52	301	54	186	187
123	1	169	106	180	138	90	93
124	1	102	103	107	108	213	185	156
125	128	1	2	5	7	10	13	205	144	193
126	1	130	163	226	216	148	22	24
127	1	99	104	179	117	150	89	94
128	1	194	5	6	7	193	11	13	151	125
129	260	165	199	14	15	112	17	253	21	206	23	217	223	157	30	159
130	226	201	216	111	152	148	24	27	28	126
131	225	34	163	196	135	40	267	207	48	152	22	24	122	186
132	192	1	65	72	137	204	182	57	58	60
133	66	67	228	70	203	114	53	56	61	62	181
134	1	165	141	110	16	17	206	23	26
135	160	1	131	196	40	43	163	22
136	224	35	38	42	112	178	202	157	30	223
137	192	1	132	36	33	231	46	175	119	57	58
138	1	100	106	180	183	212	123	93	95
139	1	3	4	165	199	8	14	15	144	17	110
140	274	193	199	307	10	263	205	14	174	18	253	21	121	29	254	159
141	1	134	206	175	16	113	118	23	26
142	67	69	198	265	109	143	158	247	79	62	181
143	161	67	228	198	70	265	77	142	109	211	181	303	229
144	1	2	3	199	8	10	139	205	14	125
145	64	168	234	269	48	209	146	52	54	122	187
146	64	164	209	168	234	75	269	48	145	243	120	218	285
147	64	1	68	168	55	153	218
148	1	130	200	9	12	111	216	151	24	232	126
149	162	292	200	170	45	237	20	246	280	25	271	28	31
150	1	99	198	109	79	179	84	87	89	211	94	127
151	128	1	194	6	232	9	170	11	12	111	148
152	288	34	131	196	37	201	130	226	207	163	24	27	28
153	64	1	68	75	210	80	82	147	120	90	188	218
154	266	215	270	81	212	85	183	88	91	248	190	95
155	258	294	273	73	177	220	86	92	221
156	1	101	102	105	108	213	184	249	124
157	129	260	38	272	136	206	112	178	118	23	30	223
158	69	198	204	142	176	286	181	182	247	60	62	245
159	129	199	140	14	15	112	305	274	307	244	21	217	344	121	253	254
160	1	196	135	40	43	47	225	187
161	229	228	179	70	259	172	109	78	77	303	115	278	87	143	211
162	237	230	200	170	45	189	19	20	149	25	271	29	31
163	1	226	131	196	135	152	22	24	126
164	209	210	74	146	285	48	81	82	243	88	120	219	188	248
165	129	260	134	1	139	110	15	17	206	23	199
166	289	35	39	202	45	208	275	244	121	29	254
167	192	224	195	38	231	41	299	178	46	176	49	50	118	119	250	251
168	64	1	234	145	146	147	54	55	218	187
169	1	248	82	180	88	90	123	188	93
170	237	279	162	200	297	11	12	194	111	232	19	20	149	151	189
171	310	37	300	45	255	48	276	214	308	31	191
172	161	98	235	229	259	73	83	173	78	333	115	116	278	221	222	287
173	101	102	172	177	83	116	184	249	92	221	222	287
174	193	324	230	263	307	10	140	13	189	18	19	29	254
175	1	36	33	137	231	141	206	113	118	119	250
176	192	290	195	167	286	236	46	239	245	49	50	318	158	251	60	62	181
177	96	97	258	227	102	173	320	213	86	281	249	155	92	221
178	224	38	167	136	299	206	272	118	119	250	316	157	223
179	1	98	259	211	161	222	115	117	150	87	94	127
180	1	169	138	248	212	88	123	93	95
181	328	67	228	133	70	286	265	203	142	143	176	303	114	158	247	239	62
182	1	132	69	198	65	72	204	84	247	60	158
183	1	266	100	97	106	107	270	212	185	154	138	190	95
184	1	101	102	105	173	116	249	156	222
185	1	100	103	107	270	97	183	281	124	213
186	225	131	261	233	267	268	301	207	48	209	52	313	122	317
187	160	1	261	225	168	234	43	269	47	145	54	55	122
188	1	164	169	210	248	82	243	88	153	90
189	162	230	263	194	297	170	11	13	174	237	19	282
190	97	227	100	266	215	270	331	85	183	154	91	95
191	291	171	300	45	48	242	310	314	63
192	1	132	167	137	231	204	46	176	245	119	57	251	60
193	128	1	194	7	10	263	140	13	174	205	125
194	128	1	263	193	232	297	170	11	13	151	282	189
195	224	290	167	42	299	236	176	49	327	251
196	160	1	226	131	135	40	225	288	207	163	152	267
197	293	73	334	240	242	277	329	59	63
198	1	69	265	109	142	79	211	84	150	247	143	158	182
199	129	260	165	1	139	140	205	14	15	144	253	159
200	162	323	232	201	170	237	111	280	148	149	246	279	216	20	298	28	297
201	288	130	347	326	37	325	200	298	226	111	216	246	152	207	28	255
202	224	208	35	166	289	136	42	44	238	112	264	244	309	217	121	223
203	66	228	133	264	42	236	239	114	181	56	283	284
204	192	1	132	245	182	247	60	158
205	263	1	193	10	199	140	14	253	144	274	125
206	129	260	165	134	1	141	175	272	178	118	23	250	157
207	288	34	131	196	37	326	201	267	48	152	186	255
208	289	35	166	39	202	44	45	238	275	309	311	312
209	322	164	337	317	268	269	285	48	145	146	52	301	343	122	219	252	186
210	1	164	82	243	120	153	218	188
211	1	259	278	198	161	265	109	143	179	150	87	303
212	1	138	270	248	180	183	88	154	266	95
213	1	97	102	103	124	281	177	249	185	156
214	321	295	171	300	45	48	308
215	354	227	277	262	71	266	241	270	331	81	339	85	86	154	330	190	63
216	1	130	200	201	298	226	111	232	148	279	126
217	129	315	260	202	112	305	244	121	223	253	159
218	64	1	243	168	234	210	269	146	147	120	153	285
219	256	304	164	241	209	337	48	81	338	243	248	252	285
220	155	294	73	240	273	306	329	59
221	320	258	294	273	73	235	172	173	177	83	345	249	155	92	287
222	1	98	259	179	105	172	173	115	116	117	184	249	287
223	224	129	35	260	289	136	202	272	112	178	244	217	315	316	157
224	289	327	35	358	38	167	136	42	299	236	49	178	195	342	316	202	264	223
225	160	1	131	196	261	40	267	47	122	187	186
226	288	1	130	163	196	325	201	298	152	24	216	126
227	97	258	262	296	331	354	270	177	85	86	215	281	91	190	341
228	161	66	283	357	133	70	257	328	203	143	303	335	181	239	229
229	161	259	228	70	257	235	172	333	78	143	303	335	278	59
230	162	324	263	297	237	174	189	19	282	271	29	254
231	192	1	167	137	299	175	119	250	251
232	1	194	200	297	170	279	111	148	151	216
233	291	363	268	48	343	313	186	317	350	255
234	64	1	168	269	145	146	218	187
235	257	229	73	172	333	78	273	345	59	221	287
236	224	290	195	327	264	42	203	239	176	49	114	342	346	284	318
237	162	323	292	230	200	297	170	29	355	149	349	280	324	282	271	189
238	264	202	44	45	208	53	311	56	309
239	328	228	286	203	236	176	49	114	318	181	346	283	284	62
240	197	73	332	242	334	306	329	59	220
241	256	304	71	330	48	81	338	339	277	215	219
242	240	291	197	63	302	48	336	340	334	293	59	314	191
243	1	164	210	304	248	146	120	218	219	188	285
244	289	315	166	202	305	275	217	344	121	159	348	254	223
245	192	1	290	204	176	286	247	251	60	158
246	323	356	37	325	200	201	298	276	149	280	347	255	28	31
247	1	198	265	204	142	286	181	182	158	245
248	1	164	169	266	304	81	243	180	88	212	154	219	188	285
249	320	1	102	173	177	213	184	281	156	221	222	287
250	1	299	167	231	206	175	272	178	118	119
251	192	1	290	195	167	231	46	176	245	299
252	256	322	291	337	351	268	302	48	209	338	343	376	219	285	63
253	1	260	199	129	140	205	305	274	217	159
254	355	324	230	166	295	360	307	140	174	271	275	244	344	121	29	159
255	352	368	291	37	326	369	201	171	207	48	310	276	246	233	347	350
256	366	293	71	351	362	302	48	241	338	339	277	219	252	63
257	353	66	283	228	229	70	235	364	333	78	335	273	306	59
258	320	227	294	262	359	73	177	341	86	345	281	155	221
259	1	179	211	161	172	333	115	278	287	222	229
260	1	165	199	129	206	253	272	305	217	315	157	223
261	1	225	267	269	301	313	122	187	186
262	258	227	277	294	359	73	331	354	365	85	86	215	341	329	63
263	1	194	324	230	193	140	13	174	205	274	307	282	189
264	224	289	358	236	42	203	44	238	370	309	342	311	56	377	346	284	202	361
265	1	198	142	143	211	181	247	303	286
266	1	330	215	270	304	81	212	183	248	154	190
267	288	1	131	196	261	326	225	207	48	313	186
268	291	233	363	48	209	343	186	252	317	350	351
269	1	322	261	145	234	301	285	209	146	122	187	218
270	1	227	100	97	296	266	215	331	212	183	185	154	281	330	190	95
271	162	355	292	230	295	237	45	149	324	29	254
272	1	260	299	206	178	250	315	316	157	223
273	257	155	294	353	73	235	333	306	372	345	59	220	221
274	1	263	140	205	305	307	253	159
275	289	166	295	360	45	367	208	344	244	375	312	29	254
276	310	37	171	300	45	369	371	308	246	280	347	31	255
277	256	354	197	262	71	73	362	365	334	241	339	215	293	378	329	63
278	1	259	229	161	172	333	303	211	335
279	1	323	200	297	170	232	216	298
280	323	292	373	200	356	237	45	371	276	149	246	308	347	349	31
281	320	1	258	227	97	296	270	177	213	249	185	341
282	1	194	324	230	263	297	237	189
283	257	66	228	357	328	203	364	370	239	306	374	56	346	335	284	319
284	264	361	203	236	239	370	311	56	346	283	319
285	1	322	164	337	338	269	304	209	146	243	248	218	219	252
286	1	290	328	265	239	176	318	245	247	303	158	181
287	320	1	259	235	172	173	333	345	249	221	222
288	1	226	196	325	326	201	267	207	152
289	224	358	166	264	348	202	367	208	344	275	244	309	312	315	316	223
290	1	195	327	299	236	176	318	245	251	286
291	368	389	385	351	233	363	268	302	255	48	242	310	376	314	63	252	350	191
292	45	355	295	237	271	308	149	280	349	373
293	256	197	391	362	302	242	366	334	277	340	378	63
294	258	379	262	359	73	365	273	306	372	329	345	155	220	221
295	321	386	355	292	360	300	45	271	275	308	373	214	375	312	29	254
296	1	227	97	331	270	341	281
297	1	194	323	324	230	200	170	237	349	232	355	279	282	189
298	1	226	323	356	325	200	201	246	279	216
299	224	1	290	195	231	167	272	178	342	327	250	251	316
300	321	386	387	310	295	392	393	171	45	48	371	276	214	308	314	382	191
301	1	322	261	269	317	209	313	122	186
302	256	291	293	391	389	394	366	48	242	340	376	314	351	252	63
303	1	228	229	161	328	265	143	211	181	278	335	286
304	339	1	81	266	241	338	243	248	219	330	285
305	1	260	274	307	244	344	217	315	253	159
306	257	66	283	294	353	329	332	240	273	372	374	364	59	220	380	319
307	1	324	263	360	140	174	305	274	344	254	159
308	386	387	292	295	171	300	45	371	276	373	214	280
309	289	358	264	202	238	367	208	311	312	377	348
310	368	291	171	300	48	369	371	276	314	191	387	382	255
311	384	321	264	45	238	336	208	312	370	383	53	319	56	377	59	284	309
312	384	289	295	360	375	45	321	367	208	275	309	311	377
313	352	1	261	326	233	267	301	48	186	317	350
314	368	291	389	385	393	394	300	302	48	242	340	310	63	382	191
315	1	260	289	348	272	305	244	344	217	316	223
316	224	1	358	289	299	272	178	342	315	348	223
317	1	322	233	268	301	209	343	313	186	350
318	1	290	327	328	236	239	176	346	286
319	66	59	390	380	332	370	336	306	53	374	311	56	283	284	383
320	1	258	359	177	341	281	249	221	345	287
321	384	336	386	388	295	392	375	300	45	48	214	311	312
322	1	337	301	269	209	317	343	252	285
323	1	356	325	200	297	298	237	246	279	280	349
324	1	355	230	263	360	297	237	174	271	307	282	254
325	288	1	226	323	356	326	201	298	246	347
326	288	1	325	201	267	207	48	352	313	347	255
327	224	1	290	195	299	236	342	346	318
328	1	228	357	239	303	335	318	181	346	283	286
329	294	197	262	359	73	332	365	334	240	306	372	277	378	379	220	381
330	1	81	266	331	270	304	241	339	215
331	1	354	227	262	296	330	270	339	341	215	190
332	336	66	390	329	396	334	240	306	372	59	380	381	319
333	1	259	229	257	235	172	335	273	278	345	353	287
334	336	396	293	390	391	329	395	332	240	242	340	277	378	59	381	197
335	1	228	229	257	328	364	353	333	303	278	283	357
336	384	321	388	390	396	395	332	45	334	48	242	383	340	53	311	59	319
337	1	322	209	338	343	219	252	285	351
338	256	1	337	366	304	241	339	219	252	285	351
339	256	1	354	330	331	366	304	241	338	277	215	362
340	336	293	391	394	395	334	48	242	302	314	389
341	320	1	258	227	262	359	296	331	354	365	281
342	224	1	358	327	264	361	299	236	346	316
343	1	322	337	233	363	268	209	252	317	350	351
344	1	289	360	307	367	305	275	244	315	348	254	159
345	320	1	258	359	294	353	235	333	273	372	221	287
346	1	357	327	264	361	236	239	328	370	342	283	284	318
347	352	1	356	325	326	201	369	371	276	246	280	255
348	1	358	289	367	244	309	344	315	316
349	1	323	292	297	237	355	373	280	356
350	352	1	291	233	363	268	48	368	343	313	317	255
351	256	1	291	363	268	302	337	338	366	343	376	252
352	1	326	369	48	368	313	347	350	255
353	1	257	364	333	335	273	306	372	345
354	1	227	262	362	331	365	339	277	215	341
355	1	292	295	360	297	237	271	373	375	324	349	254
356	1	323	325	298	371	373	246	280	347	349
357	1	228	328	364	335	370	374	346	283
358	224	1	289	264	348	367	309	342	361	377	316
359	320	1	258	262	294	329	365	372	341	345	379
360	1	355	324	295	307	367	344	275	375	312	254
361	1	358	264	370	342	377	346	284
362	256	1	354	293	365	366	339	277	378
363	1	291	389	233	268	368	343	376	350	351
364	1	357	353	257	335	306	372	374	283	380
365	1	354	262	294	359	329	362	341	378	379	277
366	256	1	293	391	362	302	338	339	376	378	351
367	384	1	358	289	360	344	275	309	375	312	377	348
368	352	1	291	389	385	363	369	382	310	314	350	255
369	352	1	368	371	276	310	347	382	255
370	1	357	264	361	383	374	311	377	346	283	284	319
371	1	386	387	356	300	369	276	373	310	280	308	347	382
372	1	294	353	329	359	332	273	306	345	379	380	381	364
373	1	386	355	292	295	371	308	375	280	356	349
374	1	357	364	370	306	383	283	380	319
375	384	1	386	355	321	360	295	367	392	275	373	312
376	1	291	389	391	363	302	366	252	351
377	384	1	358	264	361	367	370	309	311	312	383
378	1	293	391	329	362	396	365	334	366	277	379	381
379	1	294	359	329	365	372	378	381
380	1	390	364	332	306	372	374	383	381	319
381	1	396	390	329	332	334	372	378	379	380
382	1	387	385	393	300	368	369	371	310	314
383	384	1	390	336	370	374	311	377	380	319
384	1	388	390	321	392	375	367	336	311	312	377	383
385	1	291	389	393	394	368	314	382
386	1	387	321	392	295	300	371	308	373	375
387	1	386	392	393	300	371	308	310	382
388	384	1	390	321	392	393	395	48	336
389	1	291	391	385	394	363	302	368	340	376	314
390	384	1	388	396	395	332	334	336	383	380	381	319
391	1	293	394	395	396	366	302	340	334	376	378	389
392	384	1	386	387	388	321	393	300	48	375
393	1	387	388	385	392	394	395	300	48	314	382
394	1	395	389	385	393	391	302	48	340	314
395	1	388	390	391	393	394	396	334	48	336	340
396	1	390	391	395	332	334	336	378	381
