1	421277.501788
2	14.0231693085
3	49.5420989102
4	92.6622724261
5	22.2462357149
6	106.674720657
7	113.94361117
8	274.791936197
9	54.152162215
10	26.9206254844
11	26.3631294569
12	221.604670953
13	107.25365884
14	48.0840323766
15	29.6437791575
16	65.677320477
17	306.376230374
18	56.3607041703
19	21.3992705961
20	169.393023757
21	102.343405366
22	50.2282478672
23	50.742859585
24	69.418976508
25	126.133476234
26	103.726424358
27	101.303460853
28	85.7042931591
29	152.936169867
30	191.156810987
31	212.674013435
32	257.799028434
33	525.150536879
34	47.4943731167
35	113.707747466
36	83.8924310696
37	185.667619331
38	79.6468843982
39	196.549512945
40	797.712488966
41	64.8946818229
42	87.5161552487
43	179.599489492
44	71.3916547594
45	97.3044989632
46	50.6999752751
47	233.966073256
48	173.649291506
49	69.6333980571
50	821.963566165
51	89.1457590215
52	405.631965433
53	262.033854028
54	126.347897783
55	919.096527889
56	182.118942694
57	3803.7525117
58	2732.69543199
59	132.780544255
60	380.019311398
61	167.731256752
62	161.534473984
63	57.0790163597
64	109.247779246
65	20.9382642657
66	159.06862617
67	103.554887118
68	1941.01890963
69	100.660196206
70	98.1085797722
71	202.360336925
72	149.730567708
73	92.6729935036
74	68.1217261362
75	719.86674558
76	948.622375195
77	115.862684034
78	479.39297831
79	242.425003367
80	53.7983666591
81	468.907764561
82	421.027432656
83	74.2327402844
84	186.868380005
85	340.95170516
86	118.993238651
87	265.14296649
88	214.96832401
89	65.9775106456
90	183.834315086
91	37.4487235433
92	187.586692195
93	472.724468134
94	50.153200325
95	102.654316612
96	52.4903952098
97	80.493849517
98	400.700269805
99	48.3949436228
100	186.943427548
101	169.746819313
102	125.961938995
103	56.1033983114
104	185.721224718
105	228.637697762
106	204.086430395
107	136.972485539
108	87.2910126222
109	106.192272172
110	133.820488768
111	32.6349597669
112	83.9889207666
113	35.1544129683
114	69.9443093032
115	220.414631356
116	77.9743963155
117	75.4335009592
118	34.2967267721
119	151.499545488
120	140.12448231
121	30.8552609097
122	146.642897402
123	158.875646776
124	134.549522035
125	268.284242183
126	453.941140437
127	172.630789148
128	166.616264697
129	106.771210354
130	259.696659144
131	448.516275245
132	230.117206451
133	251.838109371
134	227.276120926
135	289.855050019
136	173.241890563
137	133.595346142
138	189.570091524
139	131.322477722
140	176.994267671
141	114.683365515
142	138.473436383
143	135.803888097
144	237.493307738
145	192.593435365
146	208.846588784
147	190.170471861
148	281.985779168
149	193.322468632
150	255.483275705
151	183.362587678
152	206.42362528
153	180.167706597
154	219.824972096
155	212.834829597
156	222.655336543
157	266.225795312
158	392.487924476
159	376.320539677
160	279.069646101
161	260.050454699
162	312.251380818
163	208.06395013
164	284.741096074
165	249.222166472
166	292.899836015
167	210.937198887
168	194.115828364
169	208.65360939
170	270.310525822
171	111.1239678
172	253.660692538
173	217.594987986
174	228.155249277
175	195.230820419
176	185.485361014
177	206.101992956
178	586.700242537
179	276.475145357
180	255.472554627
181	235.209718241
182	222.901921325
183	153.225638958
184	241.888949494
185	230.320906922
186	196.61383941
187	219.985788258
188	214.057032426
189	267.791072621
190	256.330240823
191	115.133650768
192	222.473078227
193	153.493665894
194	176.586866728
195	134.6138485
196	347.845357962
197	281.696310077
198	172.11617743
199	256.383846211
200	128.320576035
201	114.018658712
202	277.675906032
203	162.874608666
204	215.590146502
205	175.825670229
206	113.546931305
207	171.033348607
208	280.592039099
209	349.550009277
210	117.042002554
211	178.773966528
212	509.604974572
213	241.084868685
214	178.559544979
215	153.665203134
216	353.463202547
217	197.568015304
218	169.446629144
219	312.036959269
220	121.94153495
221	220.854195531
222	233.451461539
223	615.625709505
224	248.203664114
225	145.828095515
226	147.350488514
227	192.625598598
228	270.19259397
229	114.833460599
230	233.601556623
231	194.705487624
232	227.683521869
233	158.972136473
234	309.206594821
235	198.683007359
236	253.64997146
237	170.411526115
238	169.071391433
239	186.761169231
240	176.876335819
241	163.539315468
242	148.980092287
243	204.718973965
244	163.206962067
245	180.467896766
246	145.334925953
247	253.542760686
248	212.845550674
249	207.238427166
250	264.821334166
251	238.608299794
252	214.818228925
253	205.480170464
254	523.778238965
255	175.879275616
256	325.009462987
257	190.556430649
258	203.5610976
259	176.533261341
260	256.223030049
261	258.806809715
262	352.937869752
263	536.772184838
264	161.823943075
265	157.246043003
266	235.198997163
267	151.724688115
268	264.060137667
269	413.662052446
270	129.993064117
271	223.845376141
272	265.871999756
273	166.498332845
274	120.311931177
275	152.421558149
276	166.43400638
277	151.992715051
278	197.096287896
279	90.7539206395
280	276.678845829
281	244.129654682
282	257.348743181
283	255.708418331
284	288.675731499
285	189.269901355
286	114.0722641
287	186.750448153
288	180.328522759
289	145.088341171
290	232.325748406
291	220.736263679
292	179.502999795
293	231.264361738
294	233.408577229
295	187.072080477
296	180.467896766
297	115.851962957
298	269.270581309
299	210.958641042
300	244.01172283
301	210.42258717
302	312.637339606
303	201.28822918
304	277.075525695
305	212.759782054
306	136.84383261
307	230.224417225
308	180.15698552
309	245.769979532
310	229.881342747
311	146.653618479
312	214.003427039
313	494.113017653
314	134.474474493
315	249.994084049
316	139.770686755
317	284.097831427
318	143.319363391
319	235.070344234
320	176.694077503
321	275.87476502
322	154.244141316
323	247.152998524
324	107.768270557
325	184.230994952
326	154.544331485
327	151.349450404
328	222.998411022
329	111.906606454
330	182.772928418
331	166.509053922
332	235.123949621
333	219.696319166
334	302.570247878
335	226.000312709
336	159.797659437
337	169.38230268
338	242.74663569
339	182.140384849
340	251.795225061
341	186.997032935
342	149.408935385
343	210.551240099
344	215.493656805
345	161.523752907
346	240.988378988
347	268.938227908
348	148.25105902
349	204.054267163
350	380.287338335
351	269.409955316
352	159.57251681
353	219.93218287
354	219.921461793
355	125.790401756
356	166.916454865
357	145.517184269
358	239.46598599
359	424.200871582
360	191.01743698
361	132.566122706
362	174.34616154
363	180.124822288
364	117.503008885
365	165.747857423
366	129.778642568
367	117.39579811
368	138.087477594
369	219.031612364
370	122.166677577
371	190.417056642
372	208.857309862
373	133.552461832
374	218.774306506
375	132.501796241
376	237.23600188
377	146.675060634
378	283.926294187
379	142.976288913
380	93.9595227979
381	189.237738123
382	207.120495314
383	165.168919241
384	171.129838304
385	204.836905817
386	117.556614272
387	217.209029197
388	197.107008973
389	187.961929906
390	142.944125681
391	106.063619242
392	191.56421193
393	158.511130142
394	254.647031663
395	222.859037015
396	214.185685356
397	236.592737232
398	136.618689983
399	163.035424827
400	118.221321074
401	113.997216558
402	225.978870554
403	190.953110515
404	146.792992486
405	212.137959562
406	92.7158778134
407	184.884980677
408	163.142635602
409	143.53378494
410	251.655851054
411	132.383864389
412	186.589631992
413	319.670366416
414	273.419638283
415	180.328522759
416	120.397699797
417	190.084703241
418	246.016564314
419	129.810805801
420	140.789189113
421	98.6875179547
422	200.451985138
423	156.785036672
424	152.346510607
425	315.810778532
426	130.925797856
427	173.25261164
428	165.769299578
429	85.7793407013
430	178.377286663
431	126.433666403
432	191.660701627
433	180.70376047
434	118.403579391
435	140.521162176
436	143.66243787
437	270.364131209
438	77.3204105909
439	151.231518552
440	167.538277358
441	109.226337091
442	214.389385827
443	259.353584665
444	179.460115485
445	211.741279696
446	192.046660415
447	214.303617208
448	251.184123646
449	148.347548717
450	153.879624683
451	225.710843618
452	190.266961558
453	288.943758435
454	152.335789529
455	171.998245578
456	291.774122883
457	151.07070239
458	176.20090794
459	172.480694064
460	183.459077375
461	138.655694699
462	101.153365769
463	121.019522289
464	209.382642657
465	119.66866653
466	297.606389017
467	228.64841884
468	124.075029363
469	205.79108171
470	154.919569196
471	241.170637305
472	145.506463192
473	172.15906174
474	143.587390328
475	220.586168595
476	198.88670783
477	98.0228111526
478	108.518745979
479	184.756327747
480	177.315899995
481	103.233254795
482	101.517882402
483	122.520473133
484	162.606581729
485	121.769997711
486	132.694775636
487	120.783658585
488	210.29393424
489	243.400621415
490	181.271977575
491	157.3425327
492	56.5644046419
493	136.961764462
494	182.376248553
495	206.948958075
496	175.268174201
497	90.7110363297
498	181.872357912
499	240.977657911
500	116.044942351
501	260.104060087
502	172.212667127
503	235.295486861
504	240.409440806
505	137.594308032
506	223.984750148
507	248.611065057
508	146.61073417
509	208.857309862
510	222.365867452
511	201.513371806
512	93.9166384881
513	164.364838432
514	141.689759619
515	246.370359869
516	103.08315971
517	210.186723466
518	84.0318050765
519	246.659828961
520	131.172382637
521	190.685083579
522	206.219924808
523	190.620757114
524	220.618331827
525	241.524432861
526	79.121551603
527	197.825321162
528	86.7549587495
529	148.594133498
530	125.865449298
531	157.020900376
532	232.700986117
533	133.788325536
534	206.016224336
535	236.935811711
536	210.894314578
537	104.241036075
538	155.627160307
539	133.027129037
540	189.076921961
541	251.763061828
542	159.325932029
543	201.427603187
544	91.2363691249
545	161.609521526
546	252.727958799
547	108.625956754
548	175.461153595
549	79.0465040608
550	196.967634966
551	198.168395641
552	144.927525009
553	93.0696733693
554	137.873056045
555	146.299822923
556	201.352555644
557	122.273888351
558	213.092135455
559	181.947405455
560	115.66970464
561	234.084005108
562	219.256754991
563	173.552801809
564	160.687508865
565	103.233254795
566	171.494354938
567	112.76429265
568	236.592737232
569	172.427088676
570	175.364663898
571	147.339767436
572	151.638919495
573	84.8787701952
574	206.241366963
575	116.977676089
576	118.725211714
577	164.675749678
578	157.546233172
579	166.112374056
580	224.510082943
581	175.461153595
582	114.779855212
583	99.974047249
584	62.0321541429
585	130.389743983
586	101.893120113
587	183.823594009
588	127.334236909
589	113.536210227
590	141.100100359
591	188.926826876
592	207.581501645
593	142.751146286
594	126.315734551
595	225.271279442
596	204.976279824
597	183.0195132
598	99.8346732421
599	99.0520345881
600	65.4950621603
601	133.606067219
602	223.566628127
603	144.069838813
604	205.994782182
605	129.403404857
606	162.703071426
607	201.79211982
608	168.728316955
609	169.039228201
610	122.241725119
611	223.169948261
612	192.121707957
613	154.126209464
