1	57.3378373901	57.0971816721	23.5879036024
2	56.8892706037	13.2431416264	0.562691131498
3	62.8294326575	13.8624841345	0.954194618769
4	69.778450334	15.746127786	1.33348760076
5	74.8870644711	15.968397097	0.615689424364
6	39.2428131386	19.4691436675	1.4502065885
7	56.9424153329	19.7153319078	2.15677664868
8	63.1584348389	21.1142127082	2.9224333381
9	80.805171914	19.9521407196	0.893200466354
10	70.3539895753	20.5823590955	0.711093411213
11	44.4232910109	21.0559301727	0.869278387782
12	32.7655772002	23.8097668927	3.46493576305
13	55.0089958475	24.7540788697	1.38249144787
14	78.9474853489	25.4771046515	0.777852099591
15	63.9598850677	25.6767062708	0.879405264215
16	32.3482882174	28.9347585882	1.38600500599
17	38.3844317659	31.0002017115	2.97693172054
18	73.7846293028	29.6818982565	0.863272250756
19	59.4455728557	31.4440890021	0.875640169227
20	80.6582936985	31.4677973884	2.45596343179
21	46.604485142	32.1420144307	1.71052447797
22	52.2308614206	33.2434127736	1.43792244753
23	85.5426374306	32.7060704109	0.898232269878
24	30.7899099828	35.9753115818	0.930862290862
25	57.4108045128	34.6943656151	2.05188648062
26	40.0086681843	36.1606099101	2.55536032156
27	70.2993688902	35.8448074269	1.34036523559
28	76.145472854	35.0752019573	1.58460512051
29	91.7291712589	35.7691106498	1.79734392647
30	27.9620120711	33.6806345744	2.84575310027
31	51.0376727344	37.7419976218	2.37306268309
32	44.5462605978	36.3463701419	4.03550602087
33	35.246496559	39.0784669596	8.8764219786
34	80.6593732938	37.3152657127	1.03486330574
35	19.2694044066	38.4671118247	2.22974416997
36	61.4261290421	38.3192541221	2.48701455449
37	57.4747641832	40.997211119	2.79453619227
38	33.0972611594	41.0350986162	2.1325137225
39	67.8604585714	41.2282027677	2.74488627066
40	42.0437983842	41.5721708416	9.11632574434
41	73.2197399874	40.3807023155	1.75846687593
42	88.684258895	40.799980251	1.27063851797
43	23.2036733131	41.061748266	2.11233152924
44	28.7078990595	42.0606879376	1.82640036041
45	62.9039672535	42.4806348919	1.86768522599
46	94.0815552088	41.9626286171	1.0816005263
47	78.08886694	41.5748993088	3.30789635807
48	17.3656683133	44.523038087	2.97274529577
49	81.2731131484	44.0422702498	1.37849627919
50	36.229612812	45.6330343987	8.11618638516
51	27.4003351427	45.671883218	1.75631723124
52	52.5190294182	44.6144739644	5.38013303379
53	65.1350933929	47.175211187	4.13223681519
54	21.335738368	48.3007607281	1.52706359308
55	57.3710856487	47.1051279282	11.7412462154
56	87.7495142668	47.9422110175	3.27846784796
57	43.6002378445	48.6624964229	12.6997815308
58	55.3443407895	53.3905268815	11.6202571044
59	83.5446056165	49.9564761252	1.81321491051
60	78.5132481441	49.2124018428	4.36755126734
61	28.1143514589	50.2705173555	2.55486665956
62	38.6388944337	53.2705955435	2.59247951741
63	90.0175617332	51.7074192042	1.33592119543
64	71.2512343928	52.1586203882	1.71017337259
65	95.3699160745	53.0119906614	0.58053137623
66	24.8376650521	53.9429117455	2.18931649854
67	33.1862231479	55.8843484362	1.75764686936
68	45.6338357339	58.7282044777	13.1810978487
69	81.2630404138	56.5141999024	1.00611827079
70	15.8870548209	56.1235664425	1.86794400126
71	73.0944004951	56.3820781412	2.93017807211
72	30.0199992425	57.2205544592	3.34755835601
73	67.9483792486	58.3342955806	1.35472260785
74	88.9167688398	57.9098161849	1.25160004197
75	36.7772989026	61.039060577	12.2960260134
76	54.02448333	63.1201575681	5.91726879792
77	21.0277292508	59.4516632879	1.60225368331
78	60.6498718956	61.6542164268	5.7824344304
79	84.8428498559	62.2310104644	2.87154313344
80	26.1845781392	61.8737301419	1.05872193437
81	41.7759172097	64.0754287099	4.08584138017
82	33.8601293422	62.7757519478	4.87391034945
83	63.4256379309	64.1028197107	1.81690095642
84	23.2741368797	66.1623439344	2.72437049786
85	68.3403129961	66.7072497232	4.48630065195
86	17.968692217	66.3183443649	1.88827822326
87	29.5240393337	67.313012431	3.18109075879
88	74.8718149612	67.0192586041	2.79427459977
89	44.1578472733	69.3167557731	1.57899108078
90	35.8912097583	69.6677765724	2.34541837574
91	84.9951272656	68.789661066	0.66647580876
92	51.4148832001	69.855887306	2.95616391381
93	64.5781652585	71.1856409982	6.26352885442
94	89.3959940743	69.9499010241	0.77568761579
95	24.8251002029	71.3175437889	2.29173194082
96	41.5259531423	71.2441250197	1.76697530864
97	48.0246916161	72.2994115605	1.67229029776
98	55.3254637842	74.4695876706	5.7360862133
99	81.5451780225	72.038361051	1.37724609856
100	71.3652788891	72.3454967438	2.41877744005
101	77.8512253643	73.0503554305	2.93117749847
102	44.4260329513	75.2560244518	2.91459320415
103	36.5684089417	75.6971567813	1.20283669873
104	65.4816402778	76.8372292463	2.47371830643
105	25.4871796046	77.5634203363	3.29645607344
106	51.2746285634	77.056658853	2.49387126147
107	60.1583079921	77.4049377677	2.5683051555
108	83.6697095746	76.8284119059	0.865771445727
109	70.9268094243	79.3701947409	2.05528072242
110	45.5408575529	79.7056776093	1.84288486532
111	56.5829401892	79.7259803939	0.868958972113
112	34.2416482969	80.4955592942	1.4578050095
113	26.9534924863	80.8410515183	0.869302971773
114	66.6567673558	82.6037056971	1.61366578105
115	61.2723956148	82.4267329225	3.27720219855
116	55.4879975585	85.1713416112	1.55234734253
117	47.9968247688	85.4044491108	1.16303455246
118	34.3181600109	85.8846938858	0.876384981418
119	44.856753238	89.1937584235	2.3744957894
120	57.3596049652	89.6479807468	1.98053217717
121	52.9111394616	91.113631478	0.798316732299
122	53.1244083661	15.5517308856	2.20555311855
123	67.0776364202	30.0430662101	2.18050400762
124	60.4695642022	28.6614788017	2.0024435591
125	71.8962784191	46.1201066554	3.01119813868
126	34.5473176656	50.2448512427	7.4957501135
127	81.0301368852	67.0851923858	2.87267282187
128	69.102863055	24.2131636288	3.02944898441
129	16.1376107227	50.4266425313	1.97494170544
130	77.1234077668	61.5674276097	3.57315132083
131	71.2131390357	62.7584871678	7.45511865397
132	23.8204230433	31.6015423135	2.84053919742
133	63.1557132094	35.7318049806	3.86292985195
134	64.0576589287	87.5384716651	2.70498084291
135	52.6184629942	31.1186954371	4.30842826848
136	49.1762113863	82.9065652122	3.23948814214
137	73.6224610702	25.2944585058	2.61921194126
138	84.398385776	26.085471952	2.53191569581
139	48.2919137368	28.4418517539	3.88744659428
140	85.5313178197	43.1914488512	3.87808670018
141	16.506016534	61.4555009104	2.72327651574
142	20.4799493424	71.8587663813	2.51397061354
143	31.2479428689	82.9925651754	2.81827671202
144	38.3230348594	25.4425152427	3.37002929256
145	40.6050261721	68.0074691456	6.22422623024
146	28.6457253121	73.407910005	4.16387177732
147	74.2114467284	76.5485745899	4.16805101414
148	39.4512647459	80.7811126313	4.19782188089
149	46.1833242341	17.2430160267	3.13016365967
150	92.9775391551	46.6864750107	3.09343964191
151	60.195775571	72.7411143172	4.78580106154
152	70.7236853509	85.0883935045	2.85864986208
153	28.427837354	27.3283209605	4.19155674568
154	87.6955615617	30.9048740202	3.29964884901
155	84.0945343732	37.4398948712	3.36781068798
156	86.5581226178	54.5418820072	4.23783384694
157	59.3844399105	67.793097353	5.5653547394
158	49.7234379866	21.9736437194	4.50637214285
159	44.7452199039	27.6228207978	6.23720121934
160	20.8751996288	55.5453931749	5.39812182524
161	79.6166405269	56.0466123131	5.00947302844
162	27.3862791658	60.9348642463	5.84004577969
163	90.8092323826	62.990175091	2.6004362687
164	46.3215132939	66.4680210053	6.87919976907
165	32.2680638706	77.4396625833	4.65354135001
166	71.8153961389	34.6445222298	5.49868228404
167	75.9826692229	81.3657033197	3.34500070592
168	51.3783875825	88.7421231657	3.84422597788
169	75.1647454225	20.2671907157	3.05447652976
170	38.6034417209	85.7890975275	3.43658694589
171	82.1899740356	76.2651815853	3.32420003216
172	21.6283045916	47.9348046254	6.12553771015
173	92.6305152436	55.5161724793	3.47024044147
174	60.1815094978	16.33073763	4.22330821964
175	67.8103670036	18.0643878359	4.22557813167
176	43.3031572524	23.3204509696	5.90677481713
177	30.1755742538	38.9036443583	6.8115087622
178	63.7508729692	60.3880174284	11.9254602896
179	54.8805501563	81.9364853966	5.92510728504
180	56.4273298506	22.8814686397	6.89576193341
181	75.5802277127	30.0751934342	5.93462681881
182	32.5969988028	35.1414336589	7.24828585018
183	55.9278810498	36.8332603006	6.23634045464
184	86.4704838003	69.2736598837	4.28156487309
185	33.8224634407	72.584149408	5.89245243009
186	39.3423300371	20.4093584512	5.4424026513
187	60.6675587998	27.4413935104	5.77642401893
188	25.0469530901	38.8366127687	7.13209122174
189	68.0088994544	78.0460983329	7.01776674585
190	79.2155166967	25.0382443919	5.26996342614
191	56.5481550989	32.0759829307	8.07526047325
192	22.1393713077	62.3040520805	7.25826332332
193	59.1285942992	87.451824734	5.79651230472
194	33.1246523008	29.4097078636	6.46518122761
195	29.7111887961	51.7696109269	7.13491557821
196	39.9162992528	74.6429085676	6.33490522423
197	53.510204974	27.5222205062	7.28351834232
198	48.3298732905	34.7852789106	8.08868679318
199	62.4122633028	41.996821273	7.46598459294
200	42.9872992865	86.1018650647	6.06416576155
201	78.9551499766	68.6323765268	7.13294676905
202	89.555024447	38.4467909277	5.68879450879
203	75.3099957725	39.9326292994	6.96759990638
204	46.9333827282	82.0178590101	7.71597018472
205	52.9828716685	17.277440886	6.48459349593
206	23.2775322759	42.3585004566	8.10973677861
207	50.3861608095	66.5590880857	8.88599148889
208	45.2683088927	71.4880142557	8.18739280317
209	65.5444489065	33.2036365803	8.29989503674
210	27.5808511473	34.0736089611	7.78193032274
211	78.4378432819	34.8827915116	6.69270697984
212	60.8290770235	53.7391423799	10.9247283174
213	74.5091079072	52.3996791171	7.44533878834
214	21.9156240495	35.1534534193	7.22601821275
215	74.6092297989	71.5472269348	7.65168182206
216	31.390314763	43.8498396485	11.2673319381
217	16.5603758238	52.3959527546	7.26797385621
218	80.6994980173	62.6574586971	7.99034060951
219	69.4514696808	28.8085453564	9.23445761515
220	38.1139086645	35.4367592782	7.74815856827
221	69.4757851774	40.5090988163	8.0325566343
222	82.6334682741	45.1711750839	8.00916443424
223	68.2117813861	51.273008772	11.6580095124
224	26.3779079958	56.8022428936	9.73601332316
225	37.0428164965	78.078956791	8.92386740512
226	26.9500631139	44.4123112088	8.23169706377
227	72.5774434494	57.9096700156	8.74788964954
228	19.4591102408	67.8883935416	7.72506591188
229	31.5383582934	82.224894961	7.14974221724
230	43.1871017133	33.0905326914	9.98163191417
231	80.3503827028	39.2484973217	9.29017614057
232	17.059196044	59.198208273	7.63538478442
233	25.1800632821	68.461103648	8.30162155681
234	64.9724133615	26.0073635785	8.94067473389
235	18.5362027169	42.0682391366	8.2164064561
236	73.3998889027	46.2739130365	8.94145990955
237	83.4980539485	58.1115337036	8.36355247982
238	23.4811106797	74.6335496547	7.81941802297
239	77.1874709974	78.3592920586	7.6438576349
240	48.3539417625	87.126168209	7.84662113926
241	59.0064928563	33.951186599	8.99970863744
242	30.7887508868	67.001691334	9.22249408303
243	60.3638427781	80.3751947112	9.45324837799
244	56.3322596185	86.360844758	9.11531527586
245	73.4442984403	24.0219524277	8.42989630158
246	43.6967295306	37.9451383251	9.91964197895
247	61.6566006992	46.8557632021	11.4019855197
248	90.5076050158	49.5106557982	7.66258667876
249	81.4273388339	73.0466031707	7.7491291602
250	82.8842302233	31.9673985633	8.5032005002
251	26.6401752536	50.7775716781	10.6760923396
252	82.4773819103	52.391089665	9.49475692192
253	88.4821972321	61.4538571786	7.62894941273
254	51.7171966458	71.6172463853	13.7368312125
255	70.190122006	73.0951674544	10.2944224322
256	49.505159641	76.7989075136	9.12833763997
257	36.8699913703	32.5941392923	10.3755923134
258	52.5217202547	36.3299912706	11.724993124
259	77.33106619	65.07456859	11.0758195339
260	64.9221555092	84.0453770285	9.28920317447
261	40.3645948812	26.2075203865	11.8661235386
262	36.523109277	69.2241521774	12.9486094235
263	59.7316879391	75.2345739021	13.7713952193
264	70.3350934277	82.1281519913	8.86172577772
265	55.6288515725	41.3789707834	10.7880275448
266	44.9285650018	19.1867118388	10.0094002289
267	21.6335941696	53.6644954708	10.8456598204
268	41.9315410126	62.9409154367	11.9631524338
269	66.6189529061	45.7985437267	14.3716681641
270	89.1278296084	56.1842246163	9.26900343643
271	73.4107232844	68.3454480232	11.9794370739
272	66.1270450284	20.7780541202	9.85478805149
273	35.5082378751	23.1119241161	10.4985189955
274	31.0245559015	31.1197193483	11.5835363076
275	64.5390910889	77.0628999897	11.3087461802
276	27.9266487929	78.2641215425	10.1493458158
277	59.7468619488	19.5442073243	10.1930513429
278	25.8393593978	30.5191783843	10.841758534
279	16.6808804003	48.6607197299	10.0971844851
280	43.1785498308	79.1437006311	12.3025966254
281	43.8632876159	74.2879847769	13.3785272691
282	54.8452513199	79.6925778704	13.4696717214
283	51.422157139	29.7242358056	13.2256462576
284	62.7520735848	36.3024057158	13.0041017769
285	23.3104248512	45.9579394761	12.7985977367
286	79.6222182547	47.7056367075	11.9166457811
287	66.8776052809	67.6349899421	12.1179172168
288	60.1674913311	25.6948322702	12.2217994451
289	24.455764231	63.5610957325	12.4897657578
290	84.0954043587	66.6835520161	10.1814182433
291	31.8855066932	74.7526429503	11.9236701367
292	30.3805929961	26.0841393447	11.6573161587
293	87.7841614116	43.7817531211	10.4507904131
294	27.2526248973	68.9548731428	13.5573724475
295	41.8374037903	84.5905681902	11.0508720653
296	35.2463850728	28.7470726624	13.1306230486
297	71.3681316903	32.5792587558	12.189544903
298	69.8352720127	39.9434058233	13.3234768452
299	78.0120818276	59.1957920418	12.2563624762
300	35.6213552977	82.6128546735	11.4694493263
301	31.3343984666	64.7750119663	13.9508160527
302	60.8142870952	67.144734801	14.3782372956
303	58.1121414619	40.9018464897	13.5081165853
304	51.7957081222	19.1635550551	12.6781887909
305	84.9215456518	39.1592649582	11.6007838526
306	86.9305539484	54.0958937476	11.7969462725
307	30.3251901214	59.528547562	14.3510395
308	57.0634512719	69.2169394079	16.8128355683
309	49.852006097	85.1163652488	13.280327265
310	77.0888282859	30.0789401708	12.592699686
311	58.4972622101	30.8192869084	13.1319865812
312	74.7477094541	36.4988865813	12.8138536813
313	66.8609718499	57.9299495756	16.4956556539
314	65.2275711852	63.5534340526	14.7081949206
315	73.6806375923	76.9350374648	12.3803356491
316	27.415317567	36.4929074724	13.466203029
317	76.4108155756	43.0894329263	13.6550310075
318	86.1260300948	48.7682449558	12.5249351686
319	31.2590901596	50.3151740771	15.2613031713
320	72.7293782288	53.453742597	13.6290947825
321	48.3718193021	66.5318082452	17.6493082543
322	41.8710089656	69.5810623738	15.5072866708
323	47.1869104512	24.4672939583	14.0750444628
324	29.6543032465	55.0628096951	14.5954370606
325	19.7410004077	65.8147661241	12.8732929857
326	48.579782611	80.5530407075	14.1983581917
327	38.8165919036	21.4860825232	13.176359472
328	53.3159332189	24.0402694954	13.658792735
329	71.9280702563	25.3567615359	12.2450873943
330	22.0888477175	49.9236548099	14.1989415507
331	25.1871483472	41.6064160914	14.5815322759
332	47.4590770868	32.0045985642	15.259353832
333	45.9384535201	36.7058044032	16.33494914
334	63.4197107014	41.4695935124	16.7597067693
335	76.9937169508	49.8798349898	14.6889415981
336	17.7666725652	59.0146000958	13.5418986917
337	41.0653185781	32.2645031909	15.0603624702
338	23.7016313833	72.1820496593	14.1697435444
339	84.4444517527	60.360106512	13.3518158809
340	38.2042957996	76.4474969868	15.9950798111
341	57.0302827391	84.7924193978	13.7683497051
342	80.8382497817	35.115039878	13.5270761577
343	22.1482991413	36.1636720194	14.5339488885
344	18.746224322	43.3536932605	13.3624543947
345	77.1053168652	55.1581016562	14.8105373394
346	78.4366751513	71.1138902098	13.4061156093
347	31.9425199114	71.4853811179	16.5734901335
348	17.2477774085	51.3042604048	14.3924725999
349	22.6184466112	56.5865423038	14.9748215088
350	34.4189129659	43.6721422883	19.6954319491
351	62.2166996383	50.9624538869	17.7364886077
352	39.2518546717	65.1241698117	16.9240646182
353	67.2605803706	72.4731784493	15.7464712446
354	38.3810312459	38.1766640373	16.8572449991
355	67.24121651	24.3580640266	15.170752957
356	68.9090612004	34.1273101726	15.9653442382
357	31.3240747286	34.2283586298	16.1039973149
358	73.6678239927	61.193194305	16.1813116842
359	53.3863914788	66.055261163	18.7159950913
360	59.5626054035	21.4454813668	15.2667801663
361	29.0083919275	77.8128762033	14.8623624028
362	62.1451367849	82.6900556023	15.4341682723
363	57.3562755685	27.207269626	16.7771891885
364	42.5766062964	27.2302682434	16.7116382806
365	63.2139665343	30.7889967239	16.5924105218
366	56.4970446025	34.0516875945	16.3009224838
367	81.2633290348	64.5062612144	15.3344698123
368	83.4903183919	50.5937654035	15.6014665286
369	33.7791651934	55.7264904964	18.9339098276
370	45.7116552669	70.4404683687	17.2259178002
371	34.6918873463	80.5805456274	16.2288534805
372	55.5823745876	52.2724356441	18.1714605114
373	26.0482029669	62.9654726126	16.9569452249
374	44.2738093445	20.9525960548	16.7991984928
375	28.4542785621	39.8171194237	17.776734903
376	81.7771028374	43.096809789	16.0621133606
377	26.3309205899	46.8089949259	17.5462644868
378	67.1297040315	79.7426295942	16.2566090616
379	26.5859789157	31.2599525944	16.1607178564
380	34.3719892207	33.8173827995	17.6457223997
381	57.8027519372	39.1401027761	18.303703284
382	72.1334424177	45.5758352674	17.7964928021
383	82.2480157089	56.8122941305	16.3776883465
384	70.835859495	67.1070603113	17.7363182002
385	48.4994730239	77.813773185	18.5024715912
386	18.6882723696	58.6771452721	17.4246136698
387	26.1738899889	58.6366580687	19.6730284085
388	71.0040283295	28.8607329089	17.3631765026
389	34.4322136525	25.4598325768	17.4498314194
390	38.1258470933	30.4977683761	18.8395043209
391	71.1798920578	39.3580827257	18.4001931781
392	53.6741641463	42.1025432304	19.9352411512
393	26.1510782479	53.7925627191	19.257791305
394	40.5455026725	56.4219782778	23.1411623816
395	43.3524857786	65.9233571073	19.4307874045
396	55.2234456372	76.193883646	19.5360785753
397	50.9681202074	36.7162801027	19.2200874066
398	20.2014658862	42.0570848954	17.5861954712
399	38.0016348497	73.2372068411	19.6596450465
400	52.3966991787	84.1844370259	18.0481041484
401	73.0092045963	55.956136745	19.3898868303
402	21.2502785772	65.4239176415	18.0591243108
403	78.377881636	64.4229100219	18.1074367276
404	27.425343527	74.2487408013	18.77824845
405	71.3397285344	74.5796980935	18.1705384568
406	53.2909886865	28.0979387304	19.3406311029
407	77.0643791153	38.1773534568	18.4606681486
408	58.5883270927	64.6198534912	20.7158806306
409	65.8010572484	68.8803002464	19.6218670119
410	40.2225932947	81.7900092483	19.1370605471
411	54.62794854	21.4895372609	18.4789979484
412	74.4640142231	33.6557310514	18.4350979341
413	41.9435868635	52.3388902925	24.4365742138
414	61.013990527	72.4455011523	20.9003298087
415	64.4975557576	26.2861034589	19.0188796406
416	49.3941537886	28.8565631698	20.2516077966
417	68.8664892049	63.8457752283	20.8432913455
418	45.2014147629	83.0079385346	19.065692441
419	66.888981884	37.8128977006	20.5893440517
420	79.8983888651	47.5313848938	19.1566656513
421	26.756047218	50.2415121313	20.2136761422
422	71.8254827789	51.1410274353	20.5433670286
423	74.6362768313	70.2986371167	18.9495046195
424	59.0514659031	81.7396974694	19.7128938932
425	30.3494325111	47.1136579599	21.9284984139
426	80.4790787468	53.2865986968	18.9546893766
427	19.0709953777	55.0593164153	19.6348322332
428	31.4232863279	77.2413560234	20.2463818106
429	38.1418932381	24.2141916924	19.3467205488
430	30.136537911	30.0762465114	19.4580411641
431	60.1102759521	31.920443432	20.5555084466
432	62.7467763931	35.7257722127	20.8299304507
433	19.603532996	48.0662525692	19.6336464617
434	43.1831091138	75.0945869626	21.2003098716
435	54.9088926241	31.4603790706	20.8074735298
436	36.9919319128	34.8539132679	21.5846434494
437	58.9143552057	54.6247652752	22.020637816
438	60.1440174412	24.5271681327	19.871818574
439	44.4637139843	28.8426414401	20.2062951935
440	26.3949134361	35.2882666706	20.5341040791
441	23.6387106602	38.6791687213	20.1924704445
442	32.8777010236	39.0865732535	21.5115822929
443	30.4012614993	66.0168785075	20.733303019
444	67.0516895062	42.6018403329	22.32683487
445	69.9013828138	57.9419374206	22.5066441632
446	36.6740886889	69.4313397489	22.0214617565
447	41.3356194943	34.4109174873	22.518885387
448	51.4726464771	60.4867275858	22.6790729438
449	56.0321228372	60.2257998198	22.6677748067
450	25.9195208446	71.0178466092	21.2145505779
451	77.7341551254	57.96661514	21.3569140318
452	48.921796721	74.8175672693	22.3526480219
453	51.0475557046	23.7656597425	21.6396588047
454	42.7839902853	23.9869813259	21.5344421767
455	77.1100833806	43.7536941053	21.3945438301
456	65.5222270653	76.1633885635	22.5285238941
457	75.3244586849	65.2360304389	21.6078347882
458	64.0263077275	66.6932525249	22.7905351046
459	23.3571508306	43.2913402595	22.1791949831
460	66.4765696219	54.0424925927	24.2214430419
461	57.3134231913	35.3852106488	23.1672293959
462	69.6996702377	46.4186606799	22.331861273
463	52.0511867496	82.9838146458	21.1423931018
464	55.1561872262	72.4188635083	24.1359162542
465	33.3626077173	30.0200440459	22.1143562484
466	67.3096862843	32.1102711885	22.5892783522
467	30.4774641134	55.8950322928	23.260790964
468	65.2237441998	61.2532997452	24.2412319863
469	35.2740083227	77.7424861736	22.7462823073
470	61.1399787241	39.6143197162	24.4165013456
471	76.4833952933	51.0634054855	23.0594156726
472	22.2105101882	61.6893898955	22.039918787
473	38.4858431917	66.984910794	24.8094130997
474	51.9772648158	33.2438911676	23.9424740951
475	46.6688757119	33.7364174287	24.1140110706
476	63.1452437611	47.506905417	25.0513958517
477	23.3939176204	66.3345533057	22.0119095361
478	49.1983898035	70.9551923875	24.2737271949
479	43.6125102632	71.6234613945	23.7878102091
480	36.1775467358	47.7738485153	25.1956789004
481	66.6793073631	48.680836834	24.0088621179
482	21.1521154747	54.3156264658	22.8934182889
483	32.7425633248	63.5217568072	24.213627348
484	59.5701848572	27.0182152737	23.0414423126
485	71.0228646449	70.8705543297	22.9770890806
486	58.0793995833	80.1878021234	22.9519987791
487	22.1912393498	49.7199851147	23.1686293075
488	38.6191448146	27.7521731293	24.0249015776
489	51.2983126966	80.2448167667	24.3423434005
490	70.877071547	36.8961400664	23.8178245669
491	39.2173641089	40.1289833858	24.8181460283
492	61.9732044556	42.8073297259	24.7276556314
493	54.7719057899	38.0202682533	25.2910110894
494	44.8308111029	38.6404454032	25.1538546953
495	72.5070518281	41.215629614	24.4858427303
496	35.1492461797	58.0235810857	25.4316939891
497	62.3326071788	62.6407517334	25.57483355
498	45.7225658901	26.7183528319	25.0251513008
499	31.8828168032	34.6386418097	25.2851458034
500	49.9228596371	37.6958986149	25.9069557362
501	57.0956163597	43.1806136032	26.7388355339
502	36.5072678639	51.9596731249	25.9110447059
503	58.4512888866	68.0250981855	26.0828662991
504	31.1683388056	72.3050748337	25.3851131724
505	56.3095308286	28.4032589524	25.4703305456
506	27.9959531653	40.3667255343	25.306784096
507	50.5236447955	42.7638761947	27.2490884088
508	73.0726790864	64.5775162937	24.9546374162
509	26.7365012483	66.8468060287	25.1276742581
510	45.1329200569	66.9931067997	26.4340302889
511	43.3566384185	79.0774784211	25.1062992126
512	38.871569119	43.761399998	26.382927448
513	25.3477567269	47.1389668651	25.5561498489
514	60.3362074369	50.2775967972	27.2810061878
515	39.669040473	61.6950853486	26.6387873513
516	69.5412084727	70.0169391911	25.8899404865
517	44.7120381343	43.4189043455	27.2140667063
518	63.5006827987	53.4416414821	26.5407842137
519	73.8964370287	58.3303820548	26.1836445913
520	23.6089844206	59.5881308756	25.2525813922
521	73.4891453674	46.4494462693	25.981658483
522	25.1162205221	54.6520010526	26.1239522861
523	37.7901847262	75.7656117619	26.055055618
524	62.4921616812	32.6840499261	26.6677357696
525	59.8328918358	57.9289781371	27.1472636521
526	51.0212831819	69.3644351301	26.914393255
527	58.7904175769	77.1693517679	26.5216056073
528	48.5800646158	78.5383058605	26.8132860988
529	41.7444543243	47.8889472426	27.5960557961
530	49.5177361493	64.8534068667	27.7638273708
531	50.2332737735	28.6148161458	26.7939065653
532	47.7336915806	49.3089675917	28.6121579769
533	57.0944289495	50.8979306232	28.0394618515
534	44.188319189	56.2549645671	28.5159473587
535	46.6332857398	60.1217445793	28.4207139266
536	38.4760283668	31.7723421514	27.239274962
537	28.6837019124	46.0134582512	27.6711805913
538	53.1672329016	48.3116943777	29.2074033251
539	72.6057402865	52.7535581411	27.3166774124
540	28.2159840362	61.2816156268	27.6908218039
541	55.8559123876	64.1038326285	27.7730462226
542	67.6417145136	66.655231367	28.1271934743
543	64.7654866808	71.3311322466	27.7125470158
544	27.7463069088	51.8699078645	27.7914349132
545	34.0353191902	38.2365180438	28.4306458508
546	54.0295992699	57.8073747154	28.7424973015
547	55.4769348793	31.3738957587	28.0620915033
548	51.3750084306	53.5174333062	29.5963854604
549	62.3192416235	74.2839163679	27.7170155372
550	66.1707810937	39.2563239343	28.3272854827
551	68.5314518852	62.7205241057	28.9871360215
552	70.1534281623	49.7754482928	28.8266344463
553	30.2092313285	65.2212978743	28.3534411038
554	39.9190328791	73.8029969478	28.4679972352
555	45.763181946	31.2784005408	29.0418193366
556	67.5796855423	44.622721727	29.463618669
557	31.1465943218	50.4152589444	29.3103024989
558	34.3970055012	69.2548654506	28.9535564947
559	45.6694738778	75.329170773	29.2125521314
560	29.7375992459	56.1449665317	29.2861247567
561	52.8832836316	75.6329448049	29.2556766715
562	41.2442285639	35.3050251103	29.790023851
563	68.9516181747	57.0556680094	29.488056997
564	59.7342510606	35.9125646376	29.291092133
565	31.3639817369	44.3369156688	29.1135343465
566	51.9785195261	33.9290369344	30.1289350115
567	32.7251207731	59.1400756484	30.7515370476
568	34.9429691742	63.1529107025	30.6728797857
569	41.3634289114	70.4381058419	30.7898471125
570	58.9250714164	71.8715739783	30.628178218
571	35.9874903852	41.3384217015	30.7035824298
572	61.9126225494	42.0336282386	30.9260778029
573	67.2850895814	50.6088891433	30.3444626893
574	35.3180022727	46.6023848804	31.4480428341
575	33.3512510942	53.1266163955	30.8669742054
576	41.404866764	39.0298457194	31.6334557422
577	65.3091765968	58.4985149034	31.1955873843
578	39.200079386	66.4301167546	31.5484783184
579	47.8324585224	72.0683768085	31.3820977296
580	62.3608125512	65.1158989589	31.4397911593
581	47.3084502645	37.3932881308	31.7492769563
582	53.83719475	38.098903528	31.6621001723
583	62.7142524129	46.3918229849	31.9662317545
584	58.1055410163	38.2054606097	31.2666589853
585	65.1309818453	51.5578674481	31.8148330867
586	52.5336283	70.1126762701	32.15114104
587	56.1130957802	42.6304327384	32.8587166427
588	61.6889893219	55.1318104631	32.8791782437
589	36.1018735123	55.3881748338	32.1122442556
590	60.7541775756	60.5203946885	32.9639591723
591	44.8791674792	66.3564708172	32.8665935258
592	56.4287489441	66.1132666094	33.4041249182
593	50.2588031662	67.4504653849	33.05742062
594	49.8524719456	40.8142790124	33.175786039
595	41.2280387308	45.117805728	32.9725130613
596	57.6069812845	47.4194641035	33.4317926902
597	38.2967476164	50.0774801311	33.1141832477
598	37.749250684	58.5262812618	32.9707665139
599	57.6643413909	60.1872043203	33.6559752739
600	55.8507672514	71.0314056494	31.9284480093
601	60.5108901377	51.4821288276	33.3316571266
602	42.1262240095	61.4435086484	33.6650628473
603	44.7101332076	42.8398474679	33.5578211043
604	51.393386039	46.1164256207	34.3449568023
605	48.5109455043	62.8979761365	34.1498296971
606	40.9988766974	55.5635375334	34.2476717624
607	52.815896817	61.3590510497	34.4060496582
608	46.0761361448	48.8077265442	34.6256195196
609	54.7416240722	52.8431191926	34.8046623398
610	56.3589569628	56.5615940305	34.8186088211
611	48.8264761527	57.6635154727	35.1108015202
612	49.1359265236	52.0835244173	35.2157242063
613	43.730215848	53.2926874105	34.7387775923
