1	2	3	7	8	10	12	19	20	40	46	60	66	83	90	92	96	97	98	99	100	101	102	107	108	116	120	122	124	126	129	131	132	134	136	138	141	142	146	147	152	153	154	155	158	161	164	167	172	173	174	175	182	184	187	188	189	192	195	200	201	206	208	209	210	212	219	223	224	228	229	232	233	235	236	237	239	240	241	248	249	250	251	254	262	264	265	267	273	276	279	281	282	284	288	289	290	292	293	294	297	298	303	306	309	311	312	313	317	319	322	323	324	325	328	332	334	335	337	338	340	342	343	346	347	350	351	353	355	356	362	365	368	370	372	373	377	378	384	385	387	388	392	393	397	400	402	403	404	405	406	407	408	409	410	411	412	417	418	421	423	424	425	426	427	428	429	430	431	432	434	435	436	437	438	439	440	441	442	443	444	445	446	447	448	449	450	451	452	453	454	455	456	457	458	459	460	461	462	463	464	465	466	467	468	469	470	471	472	473	474	475	476	477	478	479	480	481	482	483	484	485	486	487	488	489	490	491	492	493	494	495	496	497	498	499
2	1	4	5	138	146	124
3	1	187	6	8	138	11	155
4	2	5	210	13	146	183	124	125	159
5	2	4	6	135	138	15	176	209	146	183	125
6	3	5	135	138	11	176	187	171	155
7	1	10	14	18	147	116	153
8	1	3	11	12	16	184	155
9	195	165	105	13	14	210	116	214	265	153	124	159
10	1	19	147	7
11	3	6	135	8	171	16	17	148	185	155
12	1	8	172	16	20	117	184
13	4	165	9	22	105	24	125	159
14	290	195	228	133	7	9	203	18	147	116	214	105	153	25	265
15	160	5	135	109	21	27	125	191
16	162	8	172	11	12	17	148	117	184	185	155	29
17	171	135	11	109	16	148	28	29
18	133	7	14	145	147	153	25	26
19	1	161	10	147	26	126	31
20	120	1	172	12	117
21	27	160	23	125	15
22	160	165	231	13	23	24	121	125	30
23	160	21	22	121	27	125	30
24	165	231	105	140	13	238	111	177	22	121	30
25	32	34	133	105	14	145	18
26	161	34	147	145	18	19	31
27	160	41	109	15	21	23	216	121	191
28	41	109	17	211	148	156	29
29	33	162	156	207	16	17	242	148	117	28
30	41	140	111	177	22	23	24	121
31	161	34	36	229	200	145	19	26	126	127
32	34	35	196	133	38	39	105	199	140	205	145	243	203	25	127
33	37	139	110	207	113	117	156	29	222
34	32	38	145	25	26	31	127
35	32	260	39	41	42	199	44	205	238	111	177	140	247
36	200	45	142	54	122	31	126	127
37	33	49	41	139	113	50	56
38	32	149	34	196	166	39	45	52	53	180	127
39	32	35	196	326	38	339	247	44	205	301	48	307	52	277	217	180	260
40	1	43	131	141	173
41	256	491	389	321	394	396	269	493	144	344	274	366	278	419	27	156	413	30	287	416	432	35	37	422	305	28	42	50	302	47	304	177	178	310	55	56	58	59	497	191	320	65	354	198	455	333	369	211	469	482	215	216	218	463	481	314	479	225	226	358	359	449	489	363	492	109	238	111	113	371	374	121	379	380	382	255
42	225	35	260	41	44	47	177	274	51	277	55	217	111
43	131	197	40	139	204	141	173	112	49	163	57	61	223
44	35	260	39	42	48	177	51	277	217
45	36	166	38	200	142	53	54	248	188	127
46	136	1	122	60	142
47	225	41	42	59	55
48	39	44	143	51	180	217	52
49	139	37	106	43	204	163	56	57	197
50	56	41	58	37	113
51	70	42	44	143	48	52	118	55	180	217	62
52	38	39	143	48	51	180	53	62	149
53	166	38	45	179	52	149	54	123	62
54	36	166	167	136	201	45	142	241	179	53	123	188	63
55	390	395	143	272	277	415	420	422	41	42	47	433	51	315	70	73	330	339	217	399	225	59	367	118	381
56	163	37	230	113	41	106	139	204	269	49	50	278	57	58	314	218	197
57	163	106	43	49	56	61
58	354	198	369	296	41	106	178	302	344	50	371	56	218	379
59	258	263	398	272	401	414	419	420	422	41	302	47	55	186	315	65	70	73	375	77	78	80	345	349	225	226	336	221	119	382	383
60	1	66	167	136	46	63
61	64	131	132	69	230	106	43	163	57	219
62	181	68	143	51	52	53	118	123	149
63	66	67	167	136	201	107	54	123	60
64	193	130	69	198	257	137	106	75	178	61
65	226	198	263	41	202	77	78	144	84	85	137	59	221
66	1	107	60	167	63
67	192	71	107	123	167	63
68	128	71	72	270	143	168	181	118	123	220	62
69	64	129	130	132	230	193	106	75	61	208	219	74
70	315	390	72	73	331	76	270	143	272	168	51	118	55	364	59	318
71	128	192	67	68	233	107	174	181	249	123	220
72	128	194	68	261	70	168	73	76	79	82	118	220
73	194	261	70	72	168	119	76	272	81	245	150	55	186	59	316	318
74	129	130	75	69	134
75	64	130	69	198	137	74	84	86	169
76	194	70	72	73	114	81	82	245	150	88
77	65	202	78	144	115	85	151	59	221
78	65	104	202	77	80	115	151	59	221
79	128	72	235	174	82	83	154
80	258	104	151	78	119	87	59	221
81	194	292	73	87	76	206	253	273	114	212	245	150	119	332	343	91	316	157
82	128	194	72	235	76	79	114	212	88	154
83	1	107	174	79	90	154
84	65	198	103	137	170	75	144	85	86	169	89
85	65	240	283	164	103	170	311	77	303	144	115	84	151	308	346	251	93
86	130	134	169	170	75	84	152	89	92
87	259	104	253	80	81	150	119	91	157	94
88	96	97	76	114	82	212	154	91
89	224	164	103	170	108	84	86	152	92	93
90	96	1	154	83
91	97	98	206	81	114	182	87	88	157	94
92	1	134	108	86	152	89
93	99	100	103	108	164	115	85	89	158	95
94	98	101	104	175	182	87	91	157	190	95
95	100	101	104	190	175	115	158	93	94
96	1	97	212	88	90	154
97	96	1	98	102	206	114	212	182	88	91
98	1	101	102	97	175	182	91	94
99	1	164	108	100	93	158
100	1	99	101	93	158	95
101	1	98	100	175	94	158	95
102	1	98	97
103	164	170	240	115	84	85	89	93
104	258	259	119	78	80	115	190	87	151	157	94	95
105	32	133	199	9	203	140	13	14	214	24	25	165
106	64	193	163	69	198	257	296	49	178	278	56	57	58	61	218	230
107	192	1	66	67	71	167	174	83	63
108	1	99	164	152	89	92	93
109	135	41	171	15	17	211	148	215	27	28	191
110	33	232	139	141	207	112	117	120	222	223
111	35	41	42	140	177	274	24	121	30
112	139	197	232	43	141	110	222	223
113	256	33	37	41	266	139	269	207	50	310	56	156	222	197
114	97	194	76	206	81	82	212	88	91
115	259	164	103	104	311	77	78	190	240	276	85	151	308	251	93	158	95
116	1	195	7	9	14	210	153	124
117	33	162	232	172	12	110	207	16	20	120	29
118	68	70	72	143	168	51	55	62
119	336	258	259	327	104	73	80	81	150	87	186	59	253
120	1	232	172	141	110	20	117	223
121	160	231	41	238	111	287	177	22	23	24	27	216	30	255
122	1	36	200	46	142	126
123	149	181	67	68	279	71	201	167	192	179	53	54	233	62	63
124	1	2	4	9	210	146	116	183	159
125	160	165	213	4	5	135	183	13	15	176	21	22	23	159
126	1	36	161	200	19	122	31
127	32	288	34	229	36	166	38	200	45	334	145	243	248	196	31
128	194	68	71	72	235	174	79	82	181	249	220
129	1	130	132	69	134	74	208	189
130	64	129	69	134	193	137	74	75	208	86	169	189
131	1	163	132	40	43	173	239	219	61
132	129	131	69	1	208	219	61
133	32	228	105	203	237	14	145	18	147	153	25
134	1	130	129	169	74	86	152	92	189
135	160	171	5	6	11	109	15	176	17	227	148	246	215	125	191
136	1	167	188	142	46	54	201	60	63
137	64	65	130	198	193	169	170	75	144	84	234
138	1	2	3	5	6	171	236	176	209	146	187
139	33	37	113	43	269	110	112	49	56	222	197
140	32	35	165	199	105	231	205	238	111	177	24	30
141	1	197	40	43	173	110	112	120	223
142	1	36	136	45	46	200	54	122	188
143	68	244	70	295	168	330	331	270	48	51	52	149	118	55	180	217	390	62	181
144	263	137	406	151	283	294	41	170	302	303	304	434	438	440	446	65	198	202	77	335	84	85	345	346	226	360	234	369	169	377
145	32	161	34	229	133	243	203	237	18	147	25	26	127	31
146	1	2	4	5	264	138	209	210	183	124
147	1	228	133	7	161	10	237	14	145	18	19	153	26
148	162	171	135	156	11	268	109	16	17	242	211	215	185	28	29
149	196	166	38	143	179	52	53	180	244	123	252	62	181
150	73	87	76	253	81	245	119	186	157
151	144	258	259	327	104	202	77	78	80	115	308	85	283	221
152	224	1	164	134	169	170	108	86	89	92	189
153	1	195	228	133	7	9	14	18	147	116
154	96	1	194	235	174	79	82	83	212	88	90
155	1	3	6	8	11	16	171	184	185	187	267
156	256	385	393	266	268	148	28	29	33	425	431	432	305	436	310	323	207	211	366	113	242	41
157	259	182	273	104	254	206	175	81	190	150	87	312	91	253	94
158	1	99	100	101	175	115	276	164	251	93	190	95
159	265	4	165	9	13	284	210	213	214	183	124	125
160	213	227	165	135	300	183	255	15	176	280	275	21	22	23	216	121	27	231	125	299	191
161	1	147	229	200	237	145	19	26	126	31
162	262	172	207	16	242	148	117	184	185	29	309
163	131	230	106	43	204	173	239	49	317	281	56	57	219	61
164	224	1	99	103	170	108	240	115	85	152	89	251	93	158
165	160	291	214	199	9	231	140	13	275	213	22	105	24	299	125	159
166	288	196	38	252	45	241	306	179	149	54	279	248	188	53	127
167	192	1	66	67	136	201	107	54	123	60	63
168	68	261	70	72	73	270	143	118	220	318
169	193	130	282	198	134	137	170	75	208	144	294	84	86	152	234	250	189
170	224	240	164	294	103	137	303	144	84	85	86	169	152	89	250	189
171	187	6	135	298	138	11	236	109	176	17	227	148	246	215	267	185	155	285
172	1	162	262	232	12	207	16	184	20	117	120
173	1	163	40	43	204	141	239	131	223
174	128	1	235	71	233	107	192	79	83	249	154
175	1	98	101	190	254	276	158	182	157	94	95
176	160	227	5	6	135	138	171	236	209	183	125
177	35	260	41	42	44	274	238	111	140	24	121	30
178	64	257	354	198	321	296	41	106	58	218
179	149	166	201	241	306	244	181	54	279	123	252	53
180	196	244	38	39	326	295	301	143	48	51	52	149	217	252	330
181	128	289	68	71	233	295	270	143	179	244	149	342	279	340	123	220	62
182	1	98	97	206	175	273	254	91	157	94
183	160	227	4	5	337	264	297	210	176	209	146	275	213	280	124	125	159
184	1	162	262	8	172	267	12	16	309	185	155
185	162	11	171	268	338	16	242	148	309	215	184	267	155	285
186	336	73	272	383	245	150	119	59	316	253	361
187	1	3	6	138	171	236	246	267	155	298
188	1	166	241	136	201	45	142	200	54	248
189	224	1	130	134	129	169	170	208	152	250
190	259	104	175	254	115	276	94	312	157	158	95
191	160	320	227	135	41	359	300	109	15	280	246	215	216	27
192	1	67	167	201	107	174	233	71	123
193	64	230	130	69	198	257	137	106	208	169	282	219	234
194	128	292	261	72	73	235	76	114	81	82	212	245	343	249	154	220	319
195	1	228	9	14	210	116	265	153
196	32	288	38	166	39	307	353	205	334	301	306	243	180	149	252	127
197	139	293	113	43	204	141	269	112	49	350	56	313	222	223
198	64	65	193	41	106	75	257	321	304	144	178	84	137	169	58	234
199	32	35	165	231	105	203	140	205	238	271	291	214	247	286
200	288	1	36	229	161	45	142	248	122	127	188	126	31
201	192	1	167	136	233	241	179	54	279	123	188	63
202	65	226	263	77	78	144	308	151	345	283	221
203	32	290	228	133	199	105	205	14	237	145	243	214	324	271	286
204	163	197	230	43	173	239	368	49	370	269	278	56	313	314	317	223
205	32	35	196	199	307	39	140	271	243	203	247
206	1	97	273	81	114	212	182	91	157
207	33	162	323	325	262	232	266	172	110	113	242	117	156	29	222
208	1	130	282	132	69	129	169	193	250	219	189
209	1	227	5	264	297	138	236	176	146	183
210	1	195	4	264	9	265	146	116	213	284	183	124	159
211	41	394	268	109	28	333	305	148	366	215	156
212	96	1	194	292	97	235	273	114	206	81	82	88	154
213	160	291	165	337	264	299	365	328	210	275	214	183	284	125	159
214	290	291	228	165	199	328	9	203	265	14	213	284	105	347	231	286	159
215	320	135	41	171	268	109	333	305	211	148	246	300	185	285	191
216	160	359	41	299	191	287	341	280	121	27	255
217	339	260	326	39	42	44	143	48	51	180	277	55	367	330
218	354	296	41	106	178	278	56	58
219	1	163	132	69	230	193	239	208	131	281	282	61
220	128	289	194	68	261	71	72	233	235	270	168	372	181	342	249	319
221	65	258	263	202	327	77	78	80	308	151	345	59	349
222	33	197	325	232	266	139	269	110	207	112	113	293	350	223
223	1	197	232	43	204	141	110	173	112	120	313	239	222	293
224	1	164	294	170	303	240	152	89	250	189
225	416	386	419	260	486	422	41	42	395	494	47	433	274	495	277	470	55	376	59	380	475
226	65	263	360	41	202	302	144	59
227	160	322	135	297	171	236	176	209	300	246	183	280	191
228	1	290	195	133	265	203	237	14	147	214	153
229	288	1	324	161	200	237	334	145	243	31	127
230	193	163	356	69	257	296	106	204	317	368	278	56	281	282	219	61
231	160	214	291	165	199	329	299	140	238	22	24	121	286	255
232	1	323	293	262	172	110	207	112	117	120	325	222	223
233	192	1	71	201	289	174	181	279	249	123	220
234	193	355	294	198	257	137	304	144	169	250	335	282
235	128	1	194	292	261	174	79	82	212	343	249	154	220	319
236	1	322	227	297	138	171	176	209	246	187	298
237	1	290	228	133	161	203	145	147	243	324	229
238	352	376	35	260	357	199	41	231	140	177	274	329	247	24	121	348	286	255
239	1	131	204	173	163	313	281	219	317	223
240	224	1	164	103	170	303	115	85	311	346	251
241	1	166	201	306	179	54	279	248	188
242	385	162	323	262	266	268	207	148	309	185	156	29
243	32	196	229	203	205	334	237	145	307	324	271	127
244	387	295	143	306	179	180	181	279	340	252	149
245	194	292	261	73	76	81	150	343	186	316	253
246	322	227	135	300	298	171	236	362	215	187	285	191
247	352	35	260	199	339	39	205	238	271	307	348	286
248	288	1	166	200	45	241	306	188	127
249	128	1	194	71	233	235	289	174	220	319
250	224	1	294	169	170	335	208	234	282	189
251	1	164	240	115	276	85	311	158
252	353	387	196	326	166	295	330	301	306	179	244	149	180	410
253	327	259	388	273	87	332	336	81	245	150	119	312	186	316	157	351
254	1	175	273	276	182	312	157	190
255	160	359	357	231	41	299	238	274	341	374	329	216	121	287
256	358	41	266	366	113	310	344	156
257	64	193	355	356	230	198	321	296	106	304	417	178	282	234
258	336	259	327	104	119	349	80	151	345	59	221
259	384	311	258	327	104	151	253	115	276	119	312	308	87	157	190	351
260	352	225	386	35	39	42	44	238	177	274	339	277	247	376	217
261	194	405	72	73	235	270	168	372	245	316	343	220	318	319
262	1	162	323	232	172	207	242	309	184
263	65	226	360	202	302	144	375	345	59	221	382
264	1	337	328	297	210	209	146	213	183	284
265	1	290	195	228	328	9	14	210	291	373	214	347	284	159
266	256	323	325	393	269	207	113	242	350	310	156	222
267	1	155	362	298	171	338	309	184	185	187	285
268	385	338	305	242	211	148	309	215	185	156	285
269	197	41	266	139	204	113	370	403	350	310	56	313	314	222
270	289	68	261	70	295	168	331	143	372	181	342	404	423	220	318	319
271	290	324	199	307	203	205	243	247	412	347	348	286
272	315	70	391	73	364	401	383	55	186	59	316	318	361
273	1	292	332	206	253	81	212	182	312	157	254
274	225	260	357	41	42	238	111	177	374	376	287	380	255
275	160	407	165	297	299	365	337	213	183	280	341
276	384	1	259	175	254	115	158	311	312	251	190	351
277	225	386	260	39	42	395	44	339	55	217	381
278	354	230	296	41	106	204	397	317	368	370	56	218	411	314
279	1	166	289	201	241	306	179	244	181	342	233	340	123
280	160	227	407	359	297	299	300	337	275	341	183	216	378	191
281	1	163	356	230	239	282	219	317
282	1	355	356	230	193	169	234	257	335	208	281	250	219
283	384	202	311	303	144	308	85	406	151	345	346	377
284	1	291	264	265	328	210	213	214	159
285	320	171	421	300	298	267	268	305	338	246	215	185	362
286	290	291	231	329	426	203	238	271	373	214	247	408	412	347	348	199
287	357	359	41	363	274	374	216	121	380	255
288	1	196	229	166	353	200	334	306	248	127
289	1	233	270	181	342	279	249	220	319
290	1	228	265	203	237	14	271	214	324	347	286
291	299	165	231	328	265	199	365	213	214	329	347	284	286	373
292	1	194	273	235	332	81	212	245	343	319
293	1	197	325	232	350	313	222	223
294	224	1	169	170	303	144	377	250	335	234
295	387	423	340	330	331	270	143	400	244	181	342	180	252	427
296	257	354	356	230	321	106	428	397	317	368	417	178	278	218	411	58
297	1	322	227	337	264	300	236	209	275	183	280	378
298	1	322	171	362	267	236	246	187	285
299	160	418	291	165	341	231	328	329	365	280	275	213	216	255
300	160	320	322	227	359	297	362	246	215	280	378	285	191
301	353	196	326	39	424	334	307	180	410	252
302	226	263	360	41	144	369	371	58	59	382
303	224	1	294	170	240	144	85	377	346	283
304	321	355	198	257	392	41	234	335	144	369	434	417	377
305	320	385	421	41	362	268	333	431	432	338	211	215	156	285
306	288	1	387	196	166	353	241	179	244	279	248	340	252
307	352	196	326	39	424	412	339	205	334	271	243	301	247	324	348
308	384	441	259	438	327	202	311	115	85	406	151	345	283	221
309	1	162	323	262	385	267	268	338	242	184	185
310	256	425	41	266	269	366	113	403	393	344	314	156	350
311	384	1	259	240	115	276	85	406	283	308	346	251
312	1	259	332	253	273	276	190	157	254	351
313	1	197	204	269	239	368	370	293	317	350	223
314	354	278	41	204	269	430	344	370	403	310	56	411
315	420	70	390	391	364	399	272	401	55	59	415
316	336	388	261	405	73	332	272	81	245	343	409	186	447	253	318	361
317	1	163	356	230	296	204	397	239	368	278	313	281
318	450	261	70	168	73	331	364	270	272	372	405	361	404	316
319	1	194	292	261	289	235	270	372	342	343	249	220
320	421	359	41	362	300	333	305	437	215	378	285	191
321	257	354	355	198	417	296	41	392	428	304	369	178	439
322	1	227	297	298	236	246	300	378	362
323	1	325	262	385	232	393	266	207	242	309	156
324	1	290	229	307	203	237	334	271	243	347	412
325	1	323	293	232	393	266	207	350	222
326	339	39	424	330	301	367	307	180	217	410	252	429
327	384	441	258	259	119	221	336	402	435	308	349	151	345	253	351
328	1	291	264	265	299	365	337	213	214	284	373
329	418	291	373	357	231	426	299	365	238	341	442	348	286	255
330	387	452	390	326	295	331	429	143	180	55	217	410	367	252	427	471
331	427	452	390	70	295	330	423	364	270	143	404	318
332	1	292	81	273	343	312	388	316	253	351
333	320	449	421	359	41	363	432	305	211	215	443
334	288	1	196	229	353	424	307	301	243	324	412	127
335	1	355	294	392	234	304	144	377	282	250
336	258	388	453	327	361	473	435	398	349	383	468	447	119	409	186	59	316	253	351
337	1	264	297	407	365	328	275	213	183	280	378
338	1	421	385	362	267	268	305	309	185	285
339	352	448	386	260	326	39	424	247	429	367	456	307	277	55	217	381	471
340	1	387	295	400	306	244	181	342	279
341	418	357	359	329	299	365	280	275	374	407	216	442	255
342	1	423	289	404	295	270	400	340	181	279	372	220	319
343	1	194	292	261	405	235	332	81	372	245	409	388	316	319
344	256	354	451	358	41	366	403	430	310	425	58	379	444	314
345	384	258	283	438	263	360	457	202	327	349	144	465	308	406	375	441	59	221
346	384	1	240	303	144	85	406	311	377	283
347	1	290	291	324	265	271	373	214	408	412	286
348	352	448	386	357	329	426	238	271	408	307	247	376	412	458	286
349	441	258	453	327	398	336	465	435	375	345	59	221
350	1	293	325	393	266	269	370	403	310	313	222	197
351	384	1	259	388	327	332	336	402	435	276	312	253
352	448	386	260	424	307	238	339	247	376	412	348
353	288	1	387	196	424	301	334	306	410	252
354	321	379	451	296	41	459	428	466	430	445	369	178	371	278	344	218	314	411	58
355	1	356	321	392	234	257	335	304	417	282
356	1	355	230	257	296	397	417	281	282	317
357	418	329	426	461	238	274	341	374	376	380	442	255	348	458	287
358	256	451	484	41	394	366	466	462	344	379	444	413	479
359	320	443	421	41	363	300	191	437	333	280	341	374	407	216	378	287	460	442	255
360	464	226	263	457	302	463	144	369	446	438	375	440	345	382
361	336	450	391	364	272	405	478	409	186	447	316	318	383
362	320	1	322	421	298	267	300	305	338	437	246	378	285
363	449	389	359	41	460	333	469	374	443	380	287
364	450	452	390	70	391	454	361	331	272	404	423	315	318
365	1	418	291	373	328	329	299	337	275	213	407	341
366	256	358	455	41	394	462	432	211	436	310	425	344	444	156
367	452	390	326	330	427	429	399	339	55	472	217	381	471
368	1	230	296	204	397	370	278	313	411	317
369	321	354	417	360	41	459	428	302	304	144	434	371	446	439	58	463	382
370	1	204	269	368	403	278	313	314	411	350
371	354	491	41	459	396	482	302	463	369	466	58	379	445	382
372	1	261	270	404	405	342	343	220	318	319
373	1	418	291	328	329	426	365	265	408	347	286
374	357	359	41	363	460	461	274	341	442	255	380	474	287
375	480	422	263	360	457	398	477	464	465	414	345	59	349	382
376	352	225	386	260	357	380	458	461	238	274	448	470	348
377	1	294	392	434	304	144	303	335	406	440	346	283
378	320	1	322	421	359	297	362	300	337	437	407	280
379	354	451	358	41	396	482	462	466	371	344	58	413	479
380	416	225	483	357	486	389	41	363	460	461	470	274	374	376	474	287
381	386	475	471	456	395	367	339	277	55	472	399	476
382	422	263	360	41	492	302	463	464	369	371	375	59	477
383	336	391	361	398	272	401	468	473	186	59	478	447
384	1	259	438	441	327	402	276	406	311	308	346	283	345	351
385	1	323	421	393	268	338	431	305	242	309	156
386	352	225	260	456	395	339	448	277	470	376	475	348	381
387	1	295	330	427	353	400	306	244	340	410	252
388	1	453	332	336	435	343	409	447	316	253	351
389	416	481	483	41	394	363	460	469	474	380	413
390	452	454	70	391	330	331	364	467	143	367	399	55	315
391	450	420	454	390	488	361	485	364	399	272	401	467	315	478	383
392	1	355	321	335	304	417	434	377
393	1	323	325	385	425	266	431	403	436	310	156	350
394	481	484	389	358	455	41	366	211	462	413
395	225	386	490	494	399	433	277	55	472	475	476	381	415
396	482	419	41	491	371	489	379
397	1	356	417	296	428	368	278	411	317
398	480	453	465	336	401	468	375	473	59	349	414	383
399	420	485	390	391	490	395	367	467	55	472	452	315	476	381	415
400	1	387	423	295	340	342	427
401	480	59	420	391	488	398	272	468	478	315	414	383
402	384	1	327	435	441	351
403	1	393	269	430	370	310	425	344	314	411	350
404	1	450	423	331	364	270	372	405	342	318
405	409	1	450	261	361	372	343	404	316	318	447
406	384	1	144	308	438	311	440	345	346	283	377
407	1	418	359	365	337	275	341	280	378	442	437
408	1	348	426	373	347	412	286
409	1	388	361	336	405	343	316	447
410	1	387	326	353	424	330	427	301	429	252
411	1	354	296	428	397	430	368	370	403	278	314	445
412	352	1	324	424	426	334	271	307	448	408	347	348	286
413	416	481	484	389	358	41	394	493	497	379	479
414	480	420	422	487	488	398	401	468	375	59	477
415	420	485	490	395	494	399	433	55	315
416	497	225	419	389	486	481	41	493	495	433	483	380	413
417	1	392	355	356	321	296	428	257	397	304	369	434	439	446
418	1	357	329	426	299	365	341	407	442	373
419	416	225	422	497	41	491	396	495	496	433	499	489	59	492
420	59	485	422	391	488	490	487	399	401	498	433	55	315	414	415
421	320	1	359	449	362	333	431	385	305	338	432	437	378	443	285
422	225	419	420	487	41	55	492	496	433	498	499	414	375	59	477	382
423	1	450	427	452	454	295	331	364	270	400	404	342
424	352	1	326	353	456	307	301	334	429	339	448	471	410	412
425	1	451	393	366	403	436	430	310	344	444	156
426	448	1	418	357	329	458	373	408	412	348	442	286
427	1	387	452	423	295	330	331	429	367	400	471	410
428	1	354	321	296	459	397	463	369	417	439	411	445
429	1	326	424	330	427	367	339	471	410
430	1	354	451	425	403	344	314	411	445
431	385	421	1	393	432	305	436	156
432	1	421	449	41	455	333	366	431	305	436	444	156
433	416	225	419	420	422	490	395	494	495	498	499	55	415
434	1	417	392	304	144	369	440	377	446
435	1	388	453	327	336	465	402	441	349	351
436	1	425	366	431	432	393	444	156
437	320	1	421	359	362	460	407	378	443	442
438	384	1	360	457	144	308	406	441	440	345
439	1	417	428	321	463	369	446
440	1	438	360	457	144	434	406	377	446
441	384	1	327	457	465	402	435	308	438	345	349
442	1	418	357	359	329	426	460	461	341	374	407	458	437
443	1	421	359	363	460	333	449	437	469
444	1	451	358	455	425	366	432	436	462	344
445	1	354	451	459	428	430	466	371	411
446	1	417	360	457	463	144	369	434	464	439	440
447	1	450	388	453	361	336	405	473	409	316	478	383
448	352	1	386	424	412	426	456	339	470	376	475	348	458
449	1	421	455	41	363	333	432	469	443
450	1	454	391	361	423	364	404	405	478	318	447
451	1	354	358	425	430	466	462	344	379	444	445
452	1	427	454	390	423	330	331	364	367	467	471	472	399
453	1	388	398	336	465	435	468	473	349	447
454	1	450	452	390	423	391	364	467	478
455	1	484	449	41	394	366	432	481	462	444	469
456	448	1	386	424	339	471	475	476	381
457	1	441	360	464	465	438	375	440	345	477	446
458	448	1	357	426	461	470	376	442	348
459	1	354	491	428	482	463	369	466	371	445
460	1	483	389	359	363	461	437	374	442	443	380	474	469
461	1	357	470	458	460	374	376	442	380	474
462	1	451	484	358	455	394	366	466	379	444	479
463	1	491	360	41	459	428	464	369	371	446	439	492	382
464	1	360	457	492	463	382	375	477	446
465	480	1	453	441	457	398	477	435	468	375	345	349
466	1	354	451	358	459	482	462	371	379	445	479
467	1	452	390	454	391	399	472	478	485
468	480	1	453	465	398	336	401	478	473	414	383
469	449	483	389	455	1	41	363	460	481	443
470	448	1	386	486	225	458	461	376	474	475	380
471	1	452	424	330	427	429	367	456	339	472	476	381
472	1	452	485	490	395	399	467	471	367	476	381
473	1	453	398	336	468	383	478	447
474	1	483	389	486	470	460	461	374	380
475	448	1	386	486	225	456	395	494	470	476	381
476	1	456	490	395	494	399	471	472	475	381
477	480	1	422	487	457	496	492	464	465	382	375	414
478	480	1	450	485	454	391	488	361	401	467	468	473	447	383
479	1	482	484	358	481	41	462	497	466	489	379	413
480	1	465	488	487	398	401	468	478	375	477	414
481	416	1	483	484	389	455	41	394	493	497	469	413	479
482	1	491	41	459	396	466	371	489	379	479
483	416	1	389	486	481	460	493	469	474	380
484	1	358	455	394	462	481	413	479
485	1	420	391	488	490	399	467	472	478	415
486	416	1	483	225	493	494	495	470	474	475	380
487	480	1	420	422	488	496	498	499	477	414
488	480	1	420	485	391	490	487	401	498	414	478
489	1	482	419	41	491	396	496	497	499	492	479
490	1	420	485	488	395	494	399	433	498	472	476	415
491	1	482	419	41	459	396	463	371	489	492
492	1	419	422	41	491	463	464	496	489	477	382
493	416	1	483	486	481	41	495	497	413
494	1	486	225	490	395	495	433	498	475	476	415
495	416	1	419	486	225	493	494	499	433	498	497
496	1	419	422	487	489	492	499	477
497	416	1	419	481	41	493	495	499	489	413	479
498	1	420	422	487	488	490	494	495	433	499
499	1	419	422	487	489	495	496	433	498	497
