1	512	513	2	3	516	517	6	7	9	522	11	524	514	526	15	528	17	530	515	532	533	534	535	536	537	538	539	540	29	30	543	544	33	546	547	548	518	550	551	552	553	554	519	44	557	46	559	560	561	562	563	564	565	566	521	568	569	570	571	572	573	574	575	576	577	578	523	68	581	71	525	80	527	96	100	529	106	113	114	531	122	123	124	125	126	127	132	134	137	139	140	142	145	148	149	151	154	157	158	162	166	168	170	171	567	541	176	180	181	188	190	191	194	195	196	545	200	207	211	213	215	216	218	219	221	549	227	232	239	243	244	245	246	249	251	252	256	258	259	263	556	271	558	278	280	282	283	284	286	555	292	293	296	297	300	301	304	307	310	313	315	318	320	324	327	331	333	343	348	349	353	356	357	359	360	361	362	363	364	366	368	369	371	376	377	386	389	390	395	397	398	400	579	404	580	542	411	412	413	414	418	419	420	421	424	426	429	430	432	433	435	436	438	443	444	446	447	450	452	453	456	458	459	460	461	463	472	475	476	477	484	485	488	489	490	491	492	493	494	498	499	500	501	504	505	506	507	508	509	510
2	1	3	149	157
3	1	2	5	8	176	148	157
4	5	10	12	177	149	157
5	208	3	4	8	12	13	176	177	252	157
6	1	196	136	9	10	18	149	190
7	1	162	163	165	8	11	14	195	148	203
8	176	3	5	7	203	208	13	14	16	163	148	246
9	1	18	190	6	137
10	4	6	136	12	239	177	149	183	196	157	159
11	1	162	165	7	14	15	19	214	152
12	4	5	209	10	13	177	21	183	24	25	159
13	193	163	5	209	8	203	12	16	177	20	21	22	235	276	208
14	163	165	7	8	11	16	19	23	152
15	1	162	171	228	278	232	11	270	19	158	214	152	185	349	30	31
16	193	163	8	13	14	241	20	23	28
17	1	29	137
18	196	197	6	136	9	137	184	26	27	190
19	32	165	11	14	15	23	152
20	16	193	28	13	22
21	160	193	34	12	13	209	277	22	24
22	160	193	34	13	20	21	28
23	32	163	165	43	14	16	241	242	19	152	217	28
24	160	34	35	277	172	12	209	204	21	25	285	159
25	35	39	172	42	12	24	27	159
26	130	36	197	137	18	215	27	190
27	36	197	39	136	18	184	25	26	159
28	160	193	40	43	240	16	241	20	22	23	217	253
29	1	168	137	46	17	181
30	1	228	37	38	33	171	15	185	218	31
31	32	37	15	178	152	185	30
32	41	43	178	19	23	152	185	217	247	31
33	1	38	171	44	218	219	30
34	160	35	40	42	204	141	21	22	24	58
35	34	204	42	172	141	24	25
36	130	197	39	173	49	26	27
37	128	224	228	38	236	178	50	52	185	30	31
38	128	33	228	37	236	44	48	218	219	30
39	257	197	36	133	264	268	42	267	172	173	223	49	261	184	25	27	317	159
40	160	272	34	43	45	141	240	54	58	28
41	32	51	50	43	178
42	34	35	133	39	204	172	141	131	153	25	58	223
43	32	425	374	402	40	41	247	45	242	240	178	51	54	23	440	217	28	381	350	415
44	1	198	38	33	142	48	57	219
45	272	322	131	470	289	40	43	141	321	240	440	465	54	344	58	445	350
46	168	1	29	134
47	130	134	168	194	138	173	49	258	53	55	181
48	128	38	198	236	44	57	219
49	36	133	39	233	267	268	173	47	205	53	59	220	61	62
50	64	128	224	37	41	210	302	178	51	52	56
51	64	224	41	43	178	302	50	54	56	381	415
52	64	128	66	37	224	210	50	179	56	63
53	258	194	259	69	233	138	173	47	49	237	318	62
54	576	131	391	141	415	416	289	40	425	554	43	45	302	431	51	565	577	440	58	573	574	64	65	322	323	199	73	75	462	465	338	341	470	474	442	480	481	455	511
55	194	67	134	138	47	191
56	64	66	50	210	51	52
57	128	219	262	198	71	44	77	142	48	179	155	221	63
58	65	34	131	289	40	73	42	45	141	54
59	260	133	70	220	49	153	186	60	61
60	65	131	260	326	70	391	78	303	466	403	372	437	406	495	153	186	59	220	479
61	133	70	74	205	49	186	59	220	62
62	69	169	74	205	237	49	53	233	61
63	128	66	198	76	179	52	57	155
64	224	385	66	323	416	75	210	302	399	50	51	52	54	56	442
65	448	131	260	391	393	401	289	54	58	60	192	417	328	73	78	79	338	467	87	90	482	273	487	365	495	496	372	502	503
66	64	75	76	210	179	52	56	222	63
67	134	72	138	55	154	191
68	1	154	139	134
69	72	169	74	237	144	82	53	138	62
70	74	78	186	59	60	61
71	1	200	77	142	80	57	155	221
72	67	69	166	169	138	139	271	82	216	154	191
73	497	65	486	289	393	75	365	79	336	417	338	481	341	54	58
74	69	70	169	205	78	144	85	186	61	62	229
75	86	269	405	409	298	431	305	54	457	64	66	323	182	199	73	76	79	336	81	210	83	84	341	342	471	335	222	355
76	66	75	77	174	269	248	335	179	206	86	311	88	155	222	63
77	71	200	76	206	80	86	88	57	155
78	65	260	70	225	74	175	273	85	87	186	91	60
79	129	135	393	401	407	423	298	486	449	182	457	319	192	65	328	73	75	336	81	212	342	87	89	90	92	94	226	483	358	230	365	497	254	255
80	1	100	71	200	77	180	88
81	199	75	79	83	84	182	89
82	69	166	72	169	144	216	249	93
83	199	75	81	84	182	89
84	305	299	150	102	199	265	202	75	269	174	81	83	86	355	89	250	182	330	95
85	225	290	187	229	169	74	354	78	175	144	312	186	91
86	98	75	76	77	174	269	84	88	95
87	192	65	97	225	175	78	79	273	90	91
88	98	100	200	76	77	174	80	180	206	86
89	230	102	79	81	83	84	182	94	95
90	192	65	226	97	135	105	79	87	201
91	97	99	187	78	143	85	87	175
92	129	103	104	135	79	254	319
93	99	166	106	144	82	211	187
94	129	101	102	108	79	212	89	230
95	98	299	164	150	102	202	107	174	84	86	89
96	1	106	139	166
97	192	161	167	105	143	175	111	112	87	90	91
98	100	86	170	174	113	180	150	88	164	95
99	187	106	109	207	143	114	211	91	93
100	1	98	170	80	113	180	88
101	129	102	103	108	212	156	94
102	299	212	101	230	265	202	107	108	84	182	89	156	94	95
103	129	101	104	156	108	146	116	118	212	319	92	255
104	291	135	92	103	110	146	319	156	254	255
105	192	97	135	201	167	110	111	90
106	96	1	99	166	207	114	211	93
107	164	102	202	299	108	115	117	150	95
108	256	151	156	231	359	164	299	315	444	325	202	420	94	351	101	102	103	107	243	117	118	377
109	99	132	207	112	114	143
110	135	104	105	295	274	111	146	147	116	119	120	201
111	97	161	105	167	110	147	238	119	201
112	97	251	132	161	109	143	119	122	207
113	1	98	164	170	140	150	100
114	1	99	132	106	109	207
115	164	107	140	117	151	123
116	103	110	146	147	118	120	121	189
117	164	243	107	108	145	115	118	151
118	256	263	103	231	108	145	146	116	117	151	121	156	189
119	161	110	111	112	238	147	244	213	120	122	124
120	188	110	147	116	213	119	121	124	189
121	189	145	116	118	120	188	125	127
122	1	132	161	112	244	213	119	251	124	126
123	1	115	140	151
124	1	213	119	120	122	188	125	126
125	1	188	145	121	124	127
126	1	122	124
127	145	1	125	121
128	198	224	37	38	236	48	50	179	52	279	57	63
129	101	103	79	212	319	92	94	255
130	258	36	197	168	137	301	173	47	181	215	26
131	65	289	42	391	204	45	321	141	437	54	495	153	58	303	60	346	478	479
132	1	109	207	112	114	122	251
133	288	39	264	42	268	303	49	153	59	220	61	223
134	1	194	67	68	168	138	46	47	55	154	191
135	226	291	295	104	105	274	110	79	401	146	387	382	201	90	347	92	410	254	319
136	257	363	196	6	10	331	239	18	183	184	27	284	266	190	159
137	1	130	9	17	18	181	215	26	29	190
138	194	67	69	134	72	169	237	47	271	259	53	310	55	233	191
139	96	1	68	166	72	216	154
140	1	227	164	170	113	115	150	151	123
141	160	321	34	35	40	42	204	45	272	131	54	153	58
142	1	219	198	71	44	57	155	221
143	97	99	161	234	167	300	109	207	175	112	211	187	251	91
144	290	69	166	169	74	304	82	211	85	249	187	93	229
145	256	1	263	189	117	118	151	121	188	125	127
146	295	291	135	104	103	110	147	116	118	156	189	231
147	295	201	327	274	110	111	238	146	116	213	119	120	244	282	188	189	361
148	1	3	165	7	8	203	176	195	246	283
149	1	2	4	6	10	239	183	196	252	157
150	98	299	164	292	170	107	140	174	113	84	245	180	250	286	95
151	256	1	227	164	243	140	108	145	115	117	118	123
152	32	165	316	11	242	14	15	178	19	270	214	23	185	217	247	31
153	131	260	133	220	42	204	141	303	346	59	60	223
154	1	67	68	134	72	139	216	191
155	324	262	71	200	76	77	142	280	179	206	248	57	221	63
156	295	291	101	102	103	104	202	231	108	146	212	118	351	325	382	255
157	1	2	3	4	5	10	176	177	149	183	252
158	1	162	232	171	15	214
159	257	261	39	136	172	10	12	184	209	183	24	25	27	266
160	193	34	40	204	141	272	285	240	344	308	21	22	24	28	253	277
161	97	251	167	234	238	143	112	244	119	122	111
162	1	195	165	7	232	11	15	296	214	158
163	193	235	165	7	8	203	13	14	16	241	242	23	306	287
164	98	227	292	243	140	170	107	108	113	115	117	150	151	299	315	202	95
165	162	163	214	195	7	296	11	332	306	14	242	19	148	203	23	152	283	348	287
166	96	1	72	106	139	144	82	211	216	249	93
167	192	97	161	105	234	175	238	111	201	281	314	143
168	1	130	134	258	194	46	47	181	29
169	304	69	72	74	364	205	237	144	82	85	216	249	271	138	62	229
170	1	98	227	100	292	140	113	180	245	150	164
171	1	228	33	232	15	30	278	218	158
172	35	261	39	264	42	204	209	277	24	25	223	285	159
173	130	36	197	39	233	301	267	258	47	49	53	318
174	98	150	200	76	269	206	84	86	88	180	250	286	95
175	192	97	290	187	167	329	234	225	78	143	85	87	281	91
176	320	1	3	5	8	208	148	246	252	157
177	343	4	5	10	331	12	13	208	209	276	183	266	252	157
178	51	270	152	415	32	37	294	41	43	302	50	435	436	185	31	316	339	472	484	224	353	228	501	247	381
179	128	224	66	262	198	340	311	76	210	52	279	248	57	155	222	63
180	1	98	100	200	170	174	80	245	150	88	286
181	1	130	168	137	258	47	215	29
182	230	102	199	265	298	75	305	79	81	83	84	342	89
183	209	136	10	331	12	239	177	149	266	252	157	159
184	257	196	197	39	136	18	307	27	284	190	159
185	32	228	37	270	15	178	152	30	31
186	225	354	260	229	70	422	220	74	396	205	78	273	326	334	85	312	59	60	61
187	304	290	99	229	234	300	175	143	144	211	85	313	91	93
188	1	263	189	145	147	213	120	121	282	124	125
189	295	231	360	361	263	145	146	147	116	118	120	121	282	188
190	1	196	197	6	136	9	215	18	307	137	184	26	284
191	1	194	67	134	72	138	271	259	55	216	154
192	65	226	201	97	328	105	167	79	273	87	225	281	90	175
193	160	163	241	235	13	16	209	20	21	22	308	28	253	277
194	1	258	259	134	168	138	47	53	55	191
195	1	162	165	7	296	148	283	348
196	1	6	136	10	239	18	149	184	284	190
197	257	130	36	39	267	173	301	18	307	215	184	26	27	317	190
198	128	224	390	262	236	44	333	142	48	179	279	57	219	297	63
199	342	54	305	75	81	83	84	182
200	1	71	77	174	80	280	180	206	88	155	221	286
201	192	226	135	105	167	110	111	274	147	238	281	90	347	314
202	299	164	325	102	265	107	108	84	212	156	95
203	163	165	7	8	235	13	208	275	148	246	283	287
204	160	321	34	35	261	42	172	141	272	131	277	345	24	153	346	285	223
205	384	229	392	169	74	268	237	334	49	371	446	430	233	186	220	61	62
206	376	200	76	77	174	269	248	335	286	88	155	280
207	1	99	132	106	300	109	143	112	114	211	251
208	320	235	5	8	203	13	176	177	275	276	246	252
209	352	193	277	261	373	12	266	235	172	13	177	276	21	183	24	378	159
210	64	224	66	323	311	385	339	75	302	399	50	179	52	279	56	340	222
211	1	99	166	106	300	207	143	144	304	313	249	187	93
212	129	101	102	103	265	202	325	79	351	407	358	255	156	298	94	230
213	1	327	188	147	244	119	120	122	124	282
214	162	165	232	11	332	270	15	296	242	398	152	316	349	158
215	1	130	197	137	258	301	307	181	26	190
216	1	166	72	169	139	271	82	249	154	191
217	32	43	240	241	242	23	152	28	350	247
218	1	228	293	38	33	297	171	236	278	219	30
219	1	262	198	38	33	236	44	333	142	48	297	57	218	221
220	288	384	260	133	326	392	396	268	205	334	303	49	403	406	153	186	59	60	61
221	1	219	324	262	71	200	333	142	280	57	155
222	66	323	75	76	335	210	179	405	311	399
223	288	133	39	264	172	42	204	303	309	345	153	346	261
224	64	128	294	228	37	198	210	339	236	178	302	50	51	52	279	179
225	192	290	329	394	354	78	175	273	85	87	281	186
226	192	387	388	135	328	201	79	401	451	468	281	90	347	314	254
227	1	164	170	140	243	245	151	292	315
228	224	353	294	37	38	171	236	270	15	368	178	278	185	218	30	293
229	304	290	169	74	364	205	334	237	144	366	85	312	186	187
230	102	265	298	79	305	212	182	89	94
231	256	359	263	360	295	108	146	118	156	189	351
232	1	162	278	296	171	15	214	349	158
233	318	259	369	138	267	268	205	173	49	237	53	310	371	62
234	161	290	251	357	167	300	143	397	238	175	313	281	314	187	411	329
235	352	193	163	241	203	13	208	209	370	275	276	277	375	308	378	253	287
236	128	198	294	228	37	38	297	224	48	368	279	218	219	390	293
237	69	169	138	364	205	334	271	371	53	310	233	312	62	229
238	161	347	388	357	167	201	234	327	411	111	274	147	244	119	314	251	395	459
239	1	196	136	284	10	331	149	183	252
240	160	40	43	45	272	241	344	217	28	253	350
241	193	370	163	235	428	240	16	375	242	23	306	217	379	28	253	350	287
242	163	165	43	332	402	375	241	306	214	23	152	217	374	379	316	350	247
243	256	1	227	164	359	108	117	151	377	315
244	1	161	327	238	147	213	119	122	251
245	1	227	292	170	180	150	356	250	286
246	320	1	8	362	203	208	176	275	148	283	287
247	32	43	242	402	178	374	152	217	316	381
248	324	262	76	206	335	400	376	179	311	280	155
249	1	166	169	304	271	144	82	211	216
250	386	292	330	299	269	174	418	84	245	150	356	286
251	1	132	357	161	234	327	300	238	143	112	244	122	207
252	320	1	343	5	331	208	239	176	177	276	149	183	157
253	160	193	427	235	428	240	241	370	308	344	378	28	350
254	226	291	135	104	79	401	92	319
255	129	291	103	104	79	449	212	407	410	351	156	382	319
256	1	359	231	360	263	108	145	243	118	151
257	197	261	39	136	266	363	337	367	264	307	184	284	317	414	159
258	1	130	259	168	194	301	267	173	47	369	53	215	318	181
259	1	194	233	138	258	271	53	310	318	191
260	65	326	220	78	273	372	153	186	59	60
261	257	373	309	39	264	172	266	204	337	367	209	277	345	223	380	285	159
262	219	324	198	404	311	333	400	179	340	279	248	57	155	221
263	256	1	231	360	361	145	118	282	188	189
264	133	257	261	39	268	172	288	383	309	367	317	223
265	230	102	202	299	305	212	182	84	358	330	298	325
266	257	343	363	261	209	136	458	331	337	177	276	373	433	183	413	159
267	258	197	39	233	268	173	301	49	369	429	317	318
268	288	384	133	39	264	233	267	205	369	49	371	429	220	317	446	383
269	386	355	330	75	76	418	206	335	84	174	86	376	250	443	286
270	353	228	278	294	15	178	435	214	152	185	316	349
271	1	259	72	169	138	364	237	304	310	216	249	191
272	160	321	322	40	204	45	141	240	308	344	285
273	192	65	354	448	260	422	326	225	328	394	78	467	372	87	281	186
274	327	395	421	295	201	135	238	147	110	361	347
275	320	352	235	362	203	208	370	276	246	412	287
276	320	352	453	209	412	266	235	13	208	177	275	373	343	378	252	413
277	160	193	408	261	172	235	204	209	308	21	352	24	345	378	380	285	373
278	1	228	293	353	232	171	270	15	218	349
279	128	224	294	262	198	339	236	333	210	179	340	404	447	390
280	1	324	200	206	376	248	155	221	286
281	192	225	226	388	167	328	201	234	175	273	329	314	394
282	1	263	361	327	147	213	188	189
283	1	195	165	389	362	203	306	148	246	348	287
284	1	363	196	257	136	331	239	307	184	190
285	160	321	261	204	172	272	408	308	277	439	24	345
286	1	386	356	200	269	174	376	180	206	150	280	250	245
287	450	163	165	362	203	370	375	241	306	275	246	235	283	389
288	384	133	264	268	303	309	383	220	223
289	480	65	322	131	497	321	520	73	391	45	417	338	481	54	58	511
290	225	354	452	229	329	234	300	397	366	175	144	85	312	313	187	304	426
291	135	104	295	401	146	382	410	319	156	254	255
292	1	227	164	170	299	419	245	150	356	250	315
293	1	228	353	297	236	368	278	218
294	224	353	228	390	236	270	368	178	339	436	302	279
295	291	420	421	135	360	361	231	460	274	110	359	146	147	347	156	189	382	351
296	1	162	195	165	232	332	398	432	214	348	349
297	1	293	198	236	333	368	218	219	390
298	342	230	423	265	75	79	336	305	212	182	457	358
299	358	164	325	102	265	202	107	108	356	419	84	150	377	292	250	315	330	95
300	1	290	251	357	234	143	397	207	211	313	187	411
301	1	258	197	267	130	173	369	307	215	429	317	414
302	64	224	294	178	339	50	385	210	51	54	416	415
303	288	384	131	133	60	437	403	309	153	346	383	220	223
304	1	290	229	169	364	366	271	144	211	313	249	187
305	355	342	230	199	265	298	75	84	405	182	409	358	330
306	163	165	389	332	432	241	242	375	283	348	287
307	1	197	257	363	301	414	215	184	284	317	190
308	160	193	427	454	321	235	428	285	272	408	277	439	344	378	253
309	288	261	264	303	337	434	383	437	441	345	346	367	380	223
310	1	259	233	138	364	237	271	371	318
311	324	262	456	76	335	400	210	179	340	405	438	248	404	399	222
312	290	229	424	396	366	354	364	237	334	85	186	426
313	1	290	234	300	397	366	304	211	187
314	226	411	388	357	167	201	234	238	329	281	347
315	1	227	292	299	108	419	243	377	164
316	374	332	242	270	381	178	435	398	214	247	152	349
317	257	197	39	264	267	268	301	367	307	429	414	383
318	1	258	259	233	267	173	369	371	53	310
319	129	291	103	104	135	365	79	401	449	483	469	407	410	92	254	255
320	1	412	362	208	176	275	276	246	343	252	413
321	289	322	131	464	454	391	473	204	45	141	272	308	470	439	344	345	346	285
322	289	470	454	321	391	45	272	465	54	344	473	445
323	64	385	75	399	210	405	54	442	431	222
324	1	262	333	335	400	280	438	311	248	155	221	376
325	419	358	265	202	299	108	212	407	377	444	156	351
326	448	354	260	422	60	396	273	467	372	406	186	220
327	1	357	361	395	238	274	147	244	213	282	251
328	192	65	226	451	388	401	394	487	468	482	79	273	448	281
329	225	290	388	489	234	452	354	175	397	281	314	411	394
330	386	355	356	358	265	299	499	269	418	305	514	419	84	463	409	250	443
331	458	1	363	433	136	284	266	343	239	177	373	183	252	413
332	165	296	348	491	306	398	432	242	214	375	374	379	316
333	1	324	198	262	297	400	404	279	219	221	390
334	229	392	396	364	237	430	205	424	371	312	186	475	220
335	355	324	456	75	76	269	206	400	376	405	438	311	248	443	476	222
336	449	486	471	481	73	298	75	79	341	342	457
337	257	261	266	363	367	433	309	380	458	373
338	480	65	289	73	481	341	54	511
339	224	385	484	390	294	210	302	178	340	279	472	436	447	415
340	385	179	262	456	279	492	399	210	339	404	311	447
341	481	73	75	462	431	336	338	54	471
342	423	358	199	457	298	75	79	336	305	182	409	431
343	320	1	266	331	177	276	252	413
344	160	272	322	454	321	428	45	445	240	308	439	253	350
345	321	261	204	464	434	309	439	408	441	346	223	380	285	277
346	321	131	441	391	437	204	303	464	309	345	153	478	223
347	226	387	388	421	295	201	135	238	274	459	314	395	382
348	1	195	165	296	332	432	306	283	389
349	1	214	353	232	270	15	296	435	398	278	316
350	440	43	428	45	402	445	240	241	242	344	217	379	253
351	359	420	325	295	444	231	108	461	212	407	504	156	509	382	255
352	427	453	235	477	209	370	275	276	277	378	412	413
353	1	228	293	294	270	368	178	435	436	278	349
354	225	290	452	422	326	488	329	394	396	397	366	493	273	85	312	186	426
355	418	330	75	269	335	305	499	84	405	409	443	476
356	1	386	419	292	330	299	418	245	250	286
357	1	411	327	234	395	300	397	238	314	251
358	514	419	325	423	265	298	299	79	305	498	212	342	407	504	409	463	444	330
359	256	1	420	295	360	231	108	243	377	444	351
360	256	1	359	420	421	263	361	295	189	231
361	1	327	395	421	263	360	295	274	147	282	189
362	320	1	450	389	370	275	246	283	412	287
363	1	257	136	266	331	367	337	307	433	284	414
364	1	229	424	169	426	237	334	271	304	371	366	310	430	312
365	65	482	483	393	503	79	401	73	319
366	1	290	229	426	364	354	397	304	312	313
367	257	261	433	264	363	494	337	434	309	380	317	414	383
368	1	228	293	294	353	297	236	436	390
369	1	258	233	267	268	301	429	371	446	318
370	352	450	427	362	235	428	477	241	275	375	378	412	253	287
371	1	233	268	237	334	205	369	430	310	446	364	318
372	65	260	502	326	417	495	496	273	466	467	406	60	479
373	458	261	337	266	331	209	276	277	433	408	378	380	413	453
374	491	425	43	332	402	398	242	435	501	247	506	379	316	381
375	370	389	519	428	235	332	306	432	241	242	450	379	287
376	1	386	324	269	206	335	280	438	248	443	286
377	1	419	420	325	359	299	108	243	315	444
378	352	427	453	235	413	209	370	308	277	408	276	253	510	373
379	512	519	428	491	332	402	526	432	241	242	374	375	350
380	513	261	373	458	494	367	337	434	500	309	433	408	345	277
381	425	43	435	178	51	501	374	247	472	506	316	415
382	291	420	421	295	135	460	461	351	387	407	505	410	347	156	509	255
383	288	384	515	264	268	429	494	303	434	403	309	441	367	317	414	437
384	288	515	392	268	205	303	403	429	507	220	446	383
385	64	416	323	484	492	302	399	210	339	340	516	442	447	508	415
386	1	418	356	330	269	376	250	443	286
387	226	451	388	421	135	490	459	525	401	531	468	469	505	410	347	382	549
388	226	387	328	329	394	395	238	531	451	489	281	314	347	411	490	459
389	1	450	362	432	306	375	283	348	287
390	1	198	294	297	236	333	368	339	404	279	436	447
391	131	321	520	577	289	557	566	60	573	575	576	65	322	54	417	464	470	473	346	478	495	511
392	384	507	396	205	334	403	430	406	475	220	446
393	65	483	417	73	365	79	497	503
394	448	225	354	451	388	488	422	328	329	452	273	537	489	281
395	1	411	388	357	327	361	459	238	274	347	421
396	354	422	326	392	426	517	493	334	424	406	312	186	475	220	485
397	1	290	452	357	329	234	300	354	366	313	411	426
398	1	374	296	491	332	432	435	214	316	349
399	64	385	323	518	456	492	530	431	210	340	405	311	442	508	222
400	1	324	262	456	333	335	404	438	311	248
401	65	226	291	135	328	483	365	79	482	387	468	469	410	254	319
402	512	491	521	425	43	428	526	242	374	247	440	506	379	350
403	384	515	392	60	303	466	437	406	527	507	220	383
404	1	390	262	456	279	333	400	340	311	447
405	523	323	518	456	75	335	305	355	431	311	409	399	476	222
406	507	422	326	392	60	396	467	527	466	403	372	538	475	220	517
407	449	325	358	423	79	524	255	536	212	535	504	410	351	444	509	382	319
408	513	453	458	427	434	308	373	439	345	378	380	285	510	277
409	523	514	355	358	423	457	330	75	463	431	305	499	405	342	443	476	522
410	449	291	135	535	525	401	387	469	407	505	319	509	382	255
411	1	459	388	357	329	234	395	300	397	238	489	452	314	490
412	320	1	450	453	362	477	352	370	275	276	413
413	320	1	453	266	331	352	276	373	343	378	412	458
414	1	257	363	301	494	367	433	307	429	317	383
415	416	51	484	455	385	425	43	302	529	178	339	532	54	472	516	506	381
416	64	385	546	516	455	302	561	530	532	54	442	508	474	415
417	65	391	520	393	503	289	495	497	372	502	73
418	1	386	355	356	330	269	463	419	250	443
419	1	418	292	325	358	330	299	463	498	377	356	315	444
420	1	421	359	360	460	295	108	461	377	444	382	351
421	1	387	420	295	360	361	395	460	274	459	505	347	382
422	448	354	517	326	488	394	396	493	273	467	533	406	186	538
423	449	514	534	358	457	298	524	79	498	342	407	504	409	522
424	1	485	364	426	396	334	430	312	475
425	54	455	521	554	43	541	465	402	529	374	440	506	381	415
426	1	290	452	485	424	396	364	354	366	397	488	312	493
427	352	453	454	428	477	528	370	308	439	408	378	253	510
428	512	450	440	454	519	427	402	526	445	528	241	370	308	375	344	477	379	253	350	543
429	384	1	515	267	268	301	494	369	446	317	414	383
430	1	392	364	205	334	424	371	475	446
431	523	323	54	518	558	457	522	75	462	399	530	341	342	471	550	409	442	539	476	405
432	512	1	450	389	519	296	491	332	398	306	375	379	348
433	1	331	266	363	494	367	337	500	373	380	458	414
434	544	441	513	540	494	367	464	500	309	439	408	345	380	478	383
435	1	353	491	270	381	178	436	398	374	316	349	501
436	1	484	390	294	353	435	368	178	339	501	472	447
437	131	552	540	303	515	542	466	403	309	527	441	346	479	60	478	383
438	1	324	456	335	400	311	376	443	476
439	544	321	454	513	427	464	408	434	308	545	528	473	344	345	285	510
440	425	43	428	45	526	541	465	402	54	521	445	350
441	515	494	464	434	309	345	346	383	540	478	437
442	64	385	323	550	462	399	561	530	416	532	480	54	474	431	508
443	1	386	355	330	418	269	335	514	499	438	376	409	463	476
444	1	419	420	325	358	359	108	461	498	407	504	377	351
445	322	454	465	428	45	526	440	470	344	541	350	543
446	384	1	507	392	268	205	430	429	515	369	371	475
447	385	484	390	1	456	436	492	339	340	279	404
448	65	451	326	422	487	328	394	273	467	533	547	537	488	538
449	560	483	548	553	486	423	457	535	524	79	336	469	534	407	410	255	319
450	1	389	519	362	428	432	370	375	412	477	287
451	448	226	387	388	487	328	489	394	556	531	468	537	490
452	1	290	488	329	394	354	397	489	411	426
453	352	1	458	427	477	276	373	408	378	412	413	510
454	321	322	545	427	428	564	528	308	470	439	344	473	445	543
455	416	546	529	425	554	465	532	54	474	415
456	1	518	492	335	400	340	405	438	311	404	399	476	447
457	449	539	548	534	486	423	298	75	79	336	342	471	409	431	522	559
458	1	453	433	266	331	337	500	373	408	513	380	413	510
459	1	387	388	421	490	395	525	238	531	505	347	411
460	1	420	421	295	461	505	509	382
461	1	420	460	504	444	509	382	351
462	480	481	550	558	431	563	341	54	471	442
463	1	418	419	358	330	514	498	499	409	443
464	544	321	473	441	391	557	434	545	439	345	346	540	478
465	322	470	455	425	554	45	541	564	565	54	440	474	445	543
466	517	552	467	527	496	403	372	437	406	567	538	60	479
467	448	65	547	326	422	487	555	496	273	466	372	406	567	538
468	226	387	549	487	328	551	556	482	531	401	451	469
469	449	482	387	549	551	525	560	401	483	468	535	410	319
470	321	322	454	391	577	45	573	465	564	565	54	473	445	543
471	481	486	558	457	75	462	431	336	341	559	539
472	1	484	178	339	436	501	516	506	381	415
473	321	322	454	391	557	464	564	545	470	439	573
474	416	480	546	455	554	578	465	561	54	442	574
475	1	485	392	396	334	424	430	406	507	446	517
476	1	355	518	456	522	523	431	499	405	438	409	335	443
477	352	1	450	453	519	427	428	528	370	412	510
478	131	391	557	495	464	434	437	566	441	346	540	542	479
479	131	552	562	495	496	466	372	437	566	567	542	60	478
480	289	578	550	481	462	561	338	563	54	442	474	574	511
481	480	289	578	571	581	486	520	73	462	559	336	497	338	563	341	54	471	558	511
482	65	483	487	328	551	556	365	560	401	468	469	503	569	572
483	449	482	548	553	486	497	393	551	365	79	560	401	469	503	569	570	319
484	1	516	385	492	178	339	436	472	447	508	415
485	1	517	424	426	396	493	475
486	449	483	548	571	481	73	471	79	336	497	457	570	559
487	448	65	482	451	569	328	555	556	496	547	467	468	503	568	537	572
488	448	1	354	452	422	489	394	493	533	537	426
489	1	451	388	488	329	394	531	537	452	411	490
490	1	387	388	489	459	531	451	411
491	512	1	526	521	332	398	432	402	435	501	374	506	379
492	1	484	518	385	456	399	340	508	447
493	1	354	485	422	488	426	396	533	517
494	1	515	513	540	429	367	433	434	500	441	380	414	383
495	65	131	566	417	520	391	496	562	579	372	502	567	575	60	478	479
496	65	579	487	567	555	495	466	467	372	502	503	568	538	479
497	481	483	580	581	486	289	520	393	503	79	417	73	570	571
498	1	514	419	358	423	524	463	504	444
499	1	514	355	330	463	409	443	476	522
500	1	513	458	494	433	434	380
501	1	491	178	435	436	374	472	506	381
502	65	579	580	417	520	495	496	372	503	568	575
503	65	482	483	580	417	520	393	487	365	496	497	579	502	568	569	570
504	1	358	423	524	461	498	407	536	444	509	351
505	1	387	421	459	460	525	535	410	509	382
506	1	516	425	491	529	402	501	374	521	472	381	415
507	384	1	515	517	392	527	403	406	475	446
508	416	1	484	518	385	492	399	530	532	516	442
509	1	535	460	461	536	407	504	505	410	382	351
510	1	453	513	458	427	528	439	408	378	477
511	480	289	578	481	520	391	338	54	576	574
512	1	519	491	428	526	432	402	379
513	544	1	540	458	494	528	434	500	439	408	380	510
514	1	358	423	330	524	463	498	499	534	409	443	522
515	384	1	552	429	494	527	403	437	441	542	507	540	446	383
516	416	1	484	385	529	532	472	506	508	415
517	1	507	485	422	552	396	493	527	466	533	406	538	475
518	1	456	508	523	492	431	530	405	399	476
519	512	1	450	428	526	432	528	375	379	477	543
520	576	289	578	580	502	481	391	581	495	497	417	503	575	511
521	1	425	491	526	529	402	440	506	541
522	1	514	423	457	523	431	499	534	409	539	476
523	1	550	518	522	558	431	530	405	409	539	476
524	1	514	449	535	553	423	536	498	534	407	504
525	1	387	549	551	459	531	469	535	505	410
526	512	1	519	521	491	428	541	402	440	379	445	543
527	1	515	517	552	466	403	437	406	507
528	544	1	454	513	519	427	428	545	439	477	510	543
529	1	546	516	455	425	554	532	521	506	541	415
530	416	1	550	518	523	431	561	532	442	399	508
531	1	387	388	549	489	490	459	556	525	451	468	537
532	416	1	546	516	455	529	530	561	442	508	415
533	448	1	547	517	422	488	493	537	538
534	1	514	548	449	457	522	423	524	559	553	539
535	1	449	553	551	524	525	560	469	407	536	505	410	509
536	1	407	524	535	504	509
537	448	1	451	487	488	489	394	556	547	531	533
538	448	1	547	517	422	552	555	496	466	467	533	406	567
539	1	457	522	523	558	431	534	471	559
540	544	1	515	513	557	494	464	434	437	566	441	542	478
541	1	529	521	554	526	465	565	425	440	445	543
542	1	515	552	562	437	566	540	478	479
543	1	454	519	428	526	541	528	465	564	545	470	445	565
544	1	513	557	464	434	545	528	439	540
545	544	1	454	557	464	564	528	439	473	543
546	416	1	455	554	529	532	561	474
547	448	1	487	555	556	467	533	537	538
548	1	483	486	449	457	559	534	553	570	571
549	1	387	551	556	525	531	468	469
550	480	1	523	462	431	561	530	563	558	442
551	1	482	483	549	556	525	560	468	469	535	572
552	1	515	517	562	527	466	437	567	538	542	479
553	1	483	548	449	524	560	534	535	570
554	1	546	455	425	578	465	529	561	54	474	541	574	565
555	1	547	487	556	496	467	567	568	538	572
556	1	482	451	549	555	487	551	547	531	468	537	572
557	544	1	391	464	564	545	566	473	540	573	478
558	481	550	1	523	462	431	563	471	559	539
559	481	571	548	486	1	457	558	563	534	471	539
560	1	482	483	449	553	551	469	535	569	570	572
561	416	1	546	550	554	578	530	563	532	480	442	474
562	1	579	552	495	566	567	575	542	479
563	480	1	578	581	550	481	558	559	561	462	571
564	1	454	545	557	577	465	565	470	473	573	543
565	1	54	577	554	465	564	470	541	574	543
566	1	391	557	495	562	542	575	540	573	478	479
567	1	579	552	555	562	495	496	466	467	568	538	479
568	1	579	487	567	555	496	502	503	569	572
569	1	482	483	580	487	560	579	503	568	570	572
570	1	483	548	581	486	553	560	497	580	503	569	571
571	1	548	581	486	481	559	497	563	570
572	1	482	487	551	555	556	560	568	569
573	576	1	54	391	566	557	577	564	470	473	574	575
574	480	1	578	577	554	565	54	576	474	573	511
575	576	1	579	580	566	391	520	495	562	502	573
576	1	578	580	581	391	520	577	54	575	573	574	511
577	576	1	54	391	564	565	470	573	574
578	480	1	581	481	520	554	561	563	576	474	574	511
579	1	580	567	495	496	562	502	503	568	569	575
580	576	1	579	581	520	497	502	503	569	570	575
581	576	1	578	580	481	520	497	563	570	571
