1	56.6999985219	54.998263242	21.2991122554
2	63.5552307067	23.0141225626	0.501210815134
3	55.580791855	23.6666239072	0.931029481089
4	65.1233200187	28.251648083	0.639219496397
5	59.0134503471	29.2074087625	2.1555836211
6	77.2062586013	29.7224067577	1.86779835541
7	44.9381168734	30.2507637394	1.97394495821
8	51.7811857839	29.0387923667	1.97840334
9	82.900939464	31.2486849499	1.05651122867
10	69.0933519869	31.5350836731	1.80521266706
11	39.1328394718	32.9804762519	0.93060239504
12	63.6408163359	34.1660318795	1.66642638736
13	56.1653999968	33.9829475979	3.06537776886
14	45.5825640378	35.0042549641	1.11270591206
15	32.8665068808	37.5917944534	4.12111172602
16	50.6440379427	36.4670266111	1.48011100833
17	91.4569362746	37.3942978018	0.298517946197
18	79.2000351983	36.1973463893	1.54779646583
19	40.6426178199	37.4045899428	0.848764863969
20	53.0886106915	38.1369410459	1.33361401491
21	59.2743146381	38.9150595198	3.19979270449
22	55.447397096	39.7250211209	1.9653259362
23	45.7117590832	39.4265646305	3.17893191504
24	62.2176283608	40.8651108729	3.97130185233
25	69.4515061458	41.3750575591	1.23764518576
26	82.6720645858	40.3220843308	1.64689180401
27	75.8418315553	41.0963863964	1.46721736038
28	50.9664181498	41.9719645845	3.28983388644
29	93.565501914	43.0971682418	1.08559105762
30	28.9509987942	42.0878917248	2.24772713444
31	34.7294335527	43.0174681424	1.56580980837
32	40.496540181	43.3120726454	2.45009887447
33	23.1387403965	43.5170027633	1.93746847467
34	59.2042833877	44.4032488421	1.43414547684
35	65.0558298724	44.2091574383	1.26759556716
36	80.0329821003	46.141544875	1.50940503677
37	31.5796462871	47.2396791358	3.02250302748
38	25.9828515646	47.0798297754	2.90780421589
39	74.1922487166	46.3715106767	4.63621147264
40	52.9877455246	47.790133876	3.96672341475
41	39.139568532	48.6539675846	1.16153329853
42	66.1839907969	49.1442896248	2.25094784579
43	44.0498775336	47.94231428	7.93405682876
44	19.7786440295	51.636532198	1.81579458122
45	49.7321992028	50.3288892737	10.5881103499
46	97.1684978538	50.7107707735	0.302006688963
47	87.576189616	51.1537402434	2.29829102492
48	24.4722960028	51.2165774716	2.77225672878
49	77.9988276231	52.7719095631	3.03176912033
50	34.6648619963	52.5827094091	4.25367802782
51	38.6245296756	52.7160620128	6.60040381203
52	31.6372680605	55.2568165506	2.02891507715
53	84.2467917205	54.5600484615	3.63178460482
54	45.8222875692	57.1386713303	11.5491900886
55	91.3482337023	55.0620335843	0.638586956522
56	35.3476710733	56.2415714762	1.20439689147
57	23.0667521693	58.30755199	3.07931533922
58	54.9614398585	56.9441863559	2.83870012467
59	70.6908663972	58.2773922926	3.92555051033
60	65.4098694114	59.7380883297	9.06809092573
61	74.6696172303	58.8759072321	2.67647426287
62	80.0759692689	59.3291318474	2.27263903994
63	27.8935727742	59.8825512021	1.68968066653
64	37.7675177514	58.5750003049	9.40332867666
65	59.2339628605	64.2505278942	10.4998548209
66	32.3829683928	60.8621879343	2.21857875873
67	91.6485963099	59.725634351	0.667763727698
68	97.9337855026	61.8424904689	0.286752342061
69	84.1790164693	62.6956201145	1.17285880471
70	71.4974586137	62.8410085564	2.11105226924
71	18.755341844	63.4002785007	1.67845871796
72	89.0610202906	64.6096470775	2.08255485169
73	50.3201303895	65.3712139344	10.6527393442
74	77.901939326	64.8591930104	2.58602027768
75	38.804723989	66.5788112771	7.73883286562
76	28.6393116715	66.6546058697	4.66338369048
77	23.4097712555	66.9900993875	1.58117437255
78	69.615248197	67.4433548755	3.19256073342
79	52.6324398954	71.5161080677	9.05972329384
80	19.6167539088	69.7339231635	1.48895115794
81	42.5239975559	69.4262430848	1.81763538005
82	86.5206790729	69.4872826373	2.31992324936
83	39.5895006819	70.5181176959	0.939282545316
84	35.0913781508	73.9590233086	6.04070577112
85	76.5301178494	70.5105413684	4.3360005044
86	30.5369025212	71.3931114174	1.99368652124
87	67.1943764634	71.3243312643	3.28650325102
88	24.8674708086	72.4792833381	1.87407718309
89	41.9168845401	74.2581134303	2.1748486411
90	63.5512134997	76.1918882419	1.73125955077
91	74.4350688569	75.1994703309	1.1836404312
92	54.6462313384	75.2958499528	3.65773543894
93	85.0081371809	75.7361729905	1.25406892336
94	44.8781501584	76.8898223499	1.91465769544
95	34.1727819541	77.0976136412	2.56755896562
96	92.7517573722	75.7482603493	0.483826086957
97	70.0180770905	79.3312259856	1.42472461814
98	28.3283169066	78.6240062022	1.89644268775
99	80.8445288048	79.1969708723	1.83292517129
100	22.8867499742	78.7923228136	1.2761719251
101	47.5940258475	80.027400763	2.33276244207
102	40.5870339243	78.4956551579	4.2124987887
103	51.6064790855	80.5728899487	2.72055527724
104	55.362174715	80.9679594199	4.47831659307
105	64.5743718555	80.3663870569	1.61781893683
106	87.444517316	80.1436794576	1.8099179129
107	37.6392627579	82.3056228103	1.41078042878
108	42.9558176823	85.7527941505	7.05154574628
109	79.8265291197	83.6960949127	0.577935095853
110	59.8322137195	84.3391003782	3.48764037528
111	65.8224695631	84.2094151825	3.03917828664
112	74.3349220935	86.0634819641	1.80574481236
113	27.2908369328	85.3277011145	1.14544473303
114	83.4132199708	86.1120051232	1.55020381
115	36.949767319	87.8972782425	0.822753623188
116	55.4190872126	87.4619965676	1.4797509446
117	41.8752139786	88.3027012389	2.28647460058
118	48.2165921176	88.8841865902	3.275729362
119	66.3359767384	89.171207712	2.87233722016
120	59.9892169493	91.1978481588	1.5017616505
121	52.885197481	91.8815293507	1.36009931709
122	71.0475481795	92.5412289924	2.63793893985
123	36.0211925073	92.632926098	0.796978473004
124	62.972846945	95.4397270752	1.66152042815
125	54.126353708	96.9521936175	1.28883821732
126	66.9847033919	96.6980749752	0.560330299966
127	48.8195827391	97.2041780841	0.495098039216
128	28.5629122645	53.2136721988	3.27244831385
129	49.7874875377	74.7432934784	3.88087823171
130	84.9032659902	45.1186678837	2.77464799317
131	60.124240687	54.8693061424	10.1783195857
132	76.8203445904	90.2521874057	2.35853675936
133	71.806697513	52.257005697	5.59436367155
134	95.5525433448	55.0546582794	1.88480135286
135	58.2414420695	80.5146339141	8.09628104577
136	72.7927851642	34.6020283234	4.16153237394
137	87.2684001036	37.5733440875	2.17553285778
138	87.6908821052	58.6984430293	3.16831432134
139	94.3470520565	67.9392505416	1.79233551366
140	32.1719221355	88.7400577346	2.13504165217
141	58.6935477562	48.9110754888	5.38188494944
142	18.3776628288	58.4302320914	2.60070396702
143	76.217047049	80.752973606	3.54371269259
144	82.9593898477	71.6555969819	4.05735891893
145	47.5052080159	94.5087806349	3.10061027846
146	54.0800994378	85.349121388	4.97573150893
147	60.4556189801	88.6930800592	6.50444596239
148	46.7726931506	25.4944080765	3.82650994428
149	69.2381729458	26.5315329965	3.14201679638
150	30.5903266346	80.4375453257	4.53572325465
151	40.7093751115	92.8549198796	3.33005490074
152	38.3679154316	39.5929094809	5.44753799125
153	66.0686587145	54.4631663715	5.82329152171
154	94.7217258165	62.1688013124	2.46016338549
155	23.5609573606	63.4881729533	4.27733398712
156	48.0398197315	83.830700777	7.57644202698
157	62.5611945549	25.4688764396	3.29150599857
158	31.5650059607	32.8929681456	3.20526901058
159	69.111483186	38.4113050087	4.05150204851
160	55.4167760783	43.3131929928	6.51954382108
161	70.5569263238	85.3053680134	4.49308807778
162	36.6228684099	29.7802395376	4.29650967
163	47.5187953799	34.2497829411	4.97496398495
164	35.67543966	85.2330047177	4.49859293118
165	41.7677393914	32.4170725588	6.83313317187
166	90.1312705699	73.3671847459	3.24887165859
167	69.044404863	80.1650260257	5.73811395732
168	92.5412624808	49.2469747329	3.53931481472
169	83.6039550552	65.9016768798	5.4899691358
170	27.17821386	83.3509478532	4.39955608025
171	26.5469181506	38.2011394243	4.61658754966
172	66.2916798681	43.2560000976	5.7353631752
173	81.8737345899	48.9918576768	5.58843307871
174	27.129625882	73.8150082944	5.91970310552
175	72.3664655885	75.3428427043	6.06081271956
176	55.447872558	24.761867008	4.98188405797
177	63.1671291414	31.5004741679	6.62840034292
178	35.2827569932	46.9362548084	9.9692266755
179	28.5478132073	60.1723335948	6.96779852149
180	22.5563423617	76.3201633101	5.06313572306
181	89.4628597407	44.561095384	4.73238742519
182	40.1119652033	71.598463903	7.89686185006
183	67.3566799767	32.2098080514	5.85172585463
184	75.4450543992	38.3033982803	5.85050409578
185	33.0399636161	43.2445676317	5.67338231514
186	72.7887944322	65.4821382247	9.26279714563
187	79.2077829758	75.6081418978	5.31452764168
188	55.6398776756	94.6757815783	5.54909258275
189	53.6002962573	90.1207761236	7.29035868432
190	81.0627668451	35.4113929404	5.75323805567
191	92.2989168372	60.1332847565	5.06851734124
192	65.4720426264	74.7989269836	7.3223484337
193	54.6130996713	37.3005986595	6.51575698117
194	91.2016875006	54.5581051709	5.85011701882
195	39.9683410018	27.7419715603	7.40109208128
196	75.5116970786	30.7739207274	5.31232862002
197	79.070112172	42.3203948282	6.56589182141
198	24.1578381415	55.1108371294	6.96601657013
199	38.1000669491	69.0542689739	8.22852830095
200	20.0198782288	69.2782543234	6.08871625622
201	63.3221570759	81.8237348084	7.7777683091
202	40.1441318183	81.3485809013	7.09911808935
203	49.6637459358	29.7541402315	6.89621336696
204	61.5362109571	47.7212463483	8.63864398916
205	77.8050648164	59.2650733771	9.57399016678
206	24.3360641346	68.5508462214	7.33160498525
207	79.889831973	84.5600172109	5.28493625273
208	56.3901917759	29.5047761002	7.15435514081
209	61.6463722155	36.7103413657	8.03733264523
210	32.8106705035	59.1656707784	10.6706025866
211	84.4491857635	78.0931756096	6.44696959434
212	45.4408795556	79.1489038099	10.0990725885
213	63.0178031938	93.8091737632	6.32915866972
214	36.038810008	35.4294435422	8.34905251252
215	85.0655873072	40.504966999	6.70007452173
216	90.1691123338	66.7120602574	6.61621337442
217	44.9074183584	41.5471163064	8.22529940934
218	22.3244094003	44.1334148198	7.27488542566
219	19.682233686	52.328719979	6.80951736848
220	73.1963562776	57.9753921404	11.2413746537
221	18.6663929982	60.9988460313	7.40809453413
222	31.5712127772	64.5080251887	9.7142984829
223	67.2735878729	48.415226741	9.2043322601
224	30.9925476506	51.9548920358	8.97454497494
225	70.3056287006	71.1820201835	9.21013536185
226	61.9892104096	77.8852750514	12.2940852535
227	32.9455720964	88.3726183802	6.87651559707
228	27.8429942565	44.3209346636	8.67175192212
229	79.5930581268	68.2590913643	8.69406031601
230	42.1989905485	75.3444464775	8.55809957924
231	47.8491762729	88.7997560776	9.41455867068
232	30.5664845812	33.5991208743	7.81471578055
233	81.8818234407	56.0496478698	8.529849888
234	72.8562857719	80.5201321151	9.80845810375
235	53.5330996193	34.7182659433	9.98219516398
236	25.7401119802	49.9163561476	9.43649742777
237	82.341599915	61.7019112336	8.75222498227
238	66.4353752693	85.3417650777	10.7591273375
239	70.6777243127	29.7644958017	8.50285760622
240	49.0785095904	44.0751619937	10.4062695381
241	48.5976437175	37.4108358643	10.5657282676
242	42.6086185597	38.5493681674	10.7551437339
243	39.0104961726	90.9473116731	8.83607286525
244	68.2604134993	91.2981510663	8.29463589657
245	26.5320161604	82.1591690866	8.58146238893
246	52.1005570971	25.2462054982	8.81520334189
247	40.0939549471	43.7899894576	10.9457028562
248	24.1166217806	64.8705239116	10.2484858093
249	87.0669453852	71.0605710124	8.44406087456
250	29.5911125037	78.4305292454	9.98107523002
251	73.2526848983	87.8200296511	9.34744204179
252	62.4062545733	26.8227751001	8.99553791069
253	51.4570753845	39.1421971536	12.3260422565
254	56.7795092431	76.198983307	11.1494075122
255	49.7049123344	79.8438756497	12.5088068095
256	45.1581875676	92.8562779331	9.47183206953
257	72.7696470219	39.7687359908	10.656158164
258	86.393031802	48.5891666759	9.2972527407
259	88.504740361	56.4567224818	8.8857493021
260	66.3561459053	62.6658353247	11.0241579766
261	66.5358526502	41.6277580586	10.4116586117
262	23.55029713	59.6425868275	10.6453047711
263	50.2093665551	93.8693285203	9.93385101043
264	71.9657121326	46.213818803	10.4442981206
265	39.0013652086	78.2595260699	10.9643846685
266	66.7582949642	36.1100666991	11.6753151581
267	79.7971768342	48.8205439374	10.2311665949
268	76.8930809275	51.5910958735	12.5487836928
269	28.1880196601	72.9129757469	11.5002028248
270	31.8629298645	41.5344937448	11.9043431548
271	87.6724994582	62.9502240792	9.65594348211
272	54.0820872966	46.5785843439	11.8060671079
273	66.6438780936	68.7448772148	13.8497670248
274	60.3948096671	86.5079905595	12.1864623773
275	54.5688574862	30.0411257719	11.5835647901
276	60.2781793458	32.4911480963	12.2373630519
277	59.6184105359	39.9142614259	12.2995226811
278	26.766177294	38.5690766107	11.0113369708
279	27.1910312047	55.3579208835	12.9955608915
280	20.3057790868	68.7848441575	10.7567222079
281	66.9154793559	76.1143688053	12.2324831428
282	57.863996085	93.5693134966	10.8311509435
283	45.8276173779	26.4167552473	11.6983974854
284	74.8642953858	34.0141734485	11.1151195712
285	59.7488911229	44.0701286579	12.9362966151
286	23.4199061057	75.8843606465	11.3631362548
287	48.6425401198	30.5272871191	11.7390409979
288	71.7008917198	51.4056325065	12.1956043693
289	53.4983742354	57.434900803	16.4056708117
290	76.5722203671	74.4738741244	12.0146525562
291	53.7593876522	81.10797062	12.6030129477
292	30.7086105824	84.828850861	11.5776377602
293	22.7622392734	44.4743551084	11.2672756707
294	29.2618415356	47.6662619604	13.5936503494
295	53.3919578474	87.4703727524	13.0915125343
296	34.9037467196	31.7280360101	12.638932851
297	20.5721109694	50.6477129189	12.0289155615
298	42.3837135306	74.4551450243	13.7565260718
299	35.1482541862	81.9401415798	10.447986673
300	77.267419162	82.1113367537	11.6189647546
301	81.5464106795	43.5021369767	12.2603312899
302	34.8838333591	52.6753142966	14.036654564
303	69.0360544788	53.4205774069	14.0890889637
304	84.2194668521	70.8867785256	11.5375231687
305	36.4753566559	73.1271331008	13.398965897
306	43.9354703273	32.8790338135	12.8248246646
307	78.6875645839	38.7128391447	12.2445326418
308	55.323285455	41.6242860074	14.994704777
309	67.6128651616	47.1902353736	14.8827001156
310	85.7144461474	59.2724245532	12.5124325839
311	27.4480359309	63.0665481227	14.6326664906
312	78.4866283348	68.0822559192	13.3359054313
313	80.5654886837	77.3113202658	12.5399389221
314	67.5239818669	80.7778920669	13.4410521881
315	35.0260716919	87.7965053593	13.5626249359
316	35.3716509546	40.6768103728	13.9872079484
317	75.5780511951	45.0979432438	13.4885336809
318	84.816067387	53.165835412	12.7144618355
319	52.473091308	75.4324496853	13.8729326715
320	57.2077187359	26.4525781795	13.1312522133
321	56.9111263795	48.518204117	16.7131403317
322	51.775351813	50.4845864589	17.5717987864
323	35.4289118274	62.8987645675	15.2754131663
324	20.1646824514	64.6637466829	13.5196458102
325	41.4127449889	83.3529265096	14.6249810024
326	69.957066328	64.5948908582	16.3835223338
327	64.9599959408	90.4563484224	13.0516464267
328	63.5241339128	72.88069742	16.5190148348
329	71.3688741437	76.8094037285	14.8296836359
330	33.325774557	77.4232701302	15.3662974899
331	68.0768194672	31.3365600972	13.3581709574
332	39.4116510879	36.5244552624	15.0459717319
333	20.157840174	57.211949592	14.1159079524
334	78.2650475674	62.6533779358	14.3320541277
335	27.7902346469	68.2407301	15.1817366251
336	46.7651343354	70.1801915204	17.5307862066
337	68.1715798706	40.3048912571	15.1480454548
338	49.718026503	61.1787958743	17.4037711552
339	30.6556536105	53.1010188222	16.4555649705
340	28.0917053054	58.9699222045	15.8891276795
341	44.4644670342	65.0284335521	17.3194013941
342	39.0787636596	71.2084567199	16.1804980446
343	63.352716353	29.2083904676	14.4913408076
344	52.3269587911	44.1619033222	16.3085826238
345	62.3951547567	45.7425761469	15.4352697675
346	62.5671493031	51.2350332893	16.3466800202
347	60.6831367068	84.6283750935	15.6293755884
348	39.0603107718	29.9183653782	14.7846755271
349	30.6808543855	36.7267425015	14.9495341615
350	47.3313170028	42.0708454011	15.5087427284
351	47.2344727379	84.8556747333	16.4809135891
352	55.9604947993	33.1592692389	15.5563490375
353	26.8997821121	42.5588780405	16.0351062437
354	74.4514443646	71.2147946323	16.2354906719
355	31.6403127427	73.0116506649	16.3790876909
356	28.5395278441	81.4818231732	14.9234467056
357	71.8453725106	85.2991837782	15.0023398772
358	39.6230753109	79.1731442106	17.4751862821
359	44.4724625276	91.2973147229	14.758285693
360	50.3221639368	92.1828788783	14.7279081608
361	57.6057128232	92.3810342972	14.4920039463
362	51.5840318562	27.4652753532	15.7658131782
363	72.3491415092	36.0846620433	15.7465241444
364	83.2825296296	64.3576873031	15.1758280378
365	55.8798081693	69.8999299484	18.6480207334
366	81.3534009859	72.052187673	15.4794299243
367	71.1377659432	43.1110134556	16.5682163869
368	24.0193701758	46.5511335858	15.5565142217
369	82.0869433275	49.1311642069	15.4574917076
370	51.6418620527	33.8883176362	16.6343544889
371	82.3061949202	56.0824154765	16.1511920706
372	63.3690169203	62.8974989356	18.5006209543
373	63.6508431173	36.9263995277	16.4951041312
374	38.4422174789	41.3616098844	17.9683787384
375	46.2232074768	34.3487949211	16.6852285767
376	23.7198255876	71.5944599305	16.4681246533
377	38.9880395315	88.1438607664	16.8748698001
378	58.0060152496	36.3748281918	17.1997723465
379	43.4777884541	38.5136716084	18.2451347933
380	65.6483486125	41.3095059535	18.0401653888
381	35.5827542238	45.4201673749	18.6295925887
382	53.5037893804	84.1445746468	17.7501266006
383	71.6530534444	48.3351415036	18.430861747
384	74.6537669745	52.4594356479	17.8158089923
385	32.7503887722	56.9641797139	18.7622482244
386	25.4785934314	76.4831889619	16.0750127968
387	60.1730415168	81.3195584664	20.0421858775
388	66.0854038429	80.7105381262	18.0761703977
389	44.3211907334	29.0729136786	17.4437617619
390	23.9288850885	51.4235210899	17.5736813311
391	56.8197159647	54.342925786	22.3698321311
392	75.9690706152	57.6513007996	18.104189801
393	54.5815369845	66.8605140452	20.0880332029
394	69.5388760297	74.5683119049	18.8503584356
395	63.9268433318	88.8300965636	16.9782493582
396	75.3818907468	64.6920042643	18.3995313426
397	77.0420803199	78.3968677254	17.3318713706
398	34.3517249996	36.2412799362	18.2232132721
399	32.552132758	62.3397934427	19.4411226725
400	22.1286404889	63.6055601369	17.6702126119
401	57.7709617811	76.0211898812	18.137202485
402	42.8378315644	42.2399060698	19.7805558519
403	71.6366553936	54.8152549031	20.1880881835
404	23.0859800617	58.4972908918	18.3356846499
405	32.216145787	66.7708436935	18.8354891081
406	71.7516973574	60.7972594431	20.6407565938
407	47.3119507039	80.8592812571	19.7512635541
408	60.8041142299	40.2972804063	19.8130806146
409	35.2129153367	72.7856883871	19.671019897
410	53.6720816249	80.0650050515	20.3310596319
411	71.1694263409	83.2220673763	18.2597708567
412	55.1847574933	29.1765115201	18.739024151
413	62.8922904979	31.2905372237	18.3422993795
414	75.4368374605	41.6321413321	18.8902588227
415	36.1509967272	50.3622057534	20.0777213669
416	38.3725940652	55.316671866	21.497146856
417	56.1741128698	62.4179556357	20.8754531227
418	28.9690496831	78.652088977	18.6783501394
419	34.3147782701	83.1447658438	19.2686883905
420	47.6949560098	89.6994220275	18.6804588675
421	56.5708849286	89.6373794935	18.8366912878
422	70.7977266344	68.4421257588	20.5724556812
423	41.5674584493	76.1394286448	20.6617850115
424	80.5764806198	64.5096374488	19.6857138009
425	41.2460641959	46.8713574058	21.149012461
426	79.1076778266	71.3414269266	19.6223316251
427	54.7939103464	38.2344630095	20.5049725137
428	48.9982922857	39.2010073418	20.8864059428
429	77.4454624889	46.310891413	19.6264510741
430	81.0903456517	58.258800356	19.1818690834
431	37.6073682865	66.5492104872	21.2425434271
432	39.9593404768	33.2559229956	20.2447151923
433	70.5338645954	37.518974859	19.477244361
434	65.153470584	44.8140688053	21.138266121
435	32.3296812763	40.6970426771	20.4027714546
436	28.1868769287	47.4889181923	20.2931129197
437	67.852678449	53.4183231104	21.7667451887
438	25.0240999212	68.8831444646	20.0828028027
439	58.1964655205	43.2742699147	22.1621491429
440	45.8457009577	44.6616191022	21.31457776
441	66.2377678879	48.3591254334	21.6674184783
442	38.9787400968	59.7193668169	22.1941929574
443	29.044456724	75.5996641588	20.6229076817
444	41.554733337	85.6635282738	20.907927215
445	48.9905247504	44.8637049793	22.471940113
446	78.9041222707	51.9081456307	21.1405666164
447	26.5347045774	55.1875846208	21.1301404247
448	67.6346705595	70.1760303152	22.099491571
449	48.9306041318	75.5478153429	22.7782417556
450	47.7941974925	31.3544103235	21.339542644
451	65.1538123804	75.8942940857	22.0588327304
452	75.5705835427	76.9928270674	20.5580982686
453	59.5883803477	32.495939056	21.3762475693
454	52.9380185193	43.3391832109	22.7616861706
455	41.236375306	50.8048216551	22.8521397455
456	26.5415747046	63.4308460429	21.6093970686
457	42.2269752084	71.5097612837	22.3267055719
458	65.8141636762	35.8642740764	21.9351960531
459	64.5021482047	85.674963575	21.444654767
460	53.4740577527	87.8686058841	21.6964372391
461	47.8523512053	87.673426662	21.6963425813
462	41.6917279507	63.8487146269	23.303697333
463	33.6206352026	80.0563314787	21.5463281971
464	59.9151733492	47.7846394183	23.2940324399
465	47.5491798733	49.8327355878	23.8351257295
466	68.5480434874	60.0001057961	23.0487436004
467	66.2578773004	65.8500041981	23.1169799645
468	60.8225704042	76.5144727839	23.1365565289
469	55.6009780503	77.668715177	23.1186436494
470	52.6305869831	49.5025716554	24.5843282063
471	43.1020985805	68.0402934504	23.5355245177
472	30.9647253251	47.3905538262	22.8231065681
473	55.5366410153	48.0511572917	24.6166478885
474	44.694732688	55.0316651597	24.4018152891
475	78.4261568963	58.7189455111	22.8374504381
476	30.2249131709	70.2045562703	23.2565883131
477	52.8872077823	33.0452659056	23.4445546555
478	62.5663923976	50.4329202882	24.1068483076
479	64.8586242856	56.4519540338	24.087402528
480	45.6445865757	59.3716793862	24.8295645955
481	47.5326779411	63.8521322449	25.0755432055
482	58.8684444852	72.4812299401	24.3756285663
483	53.5874814684	72.6265773909	24.355651242
484	30.1976673865	53.2704003195	23.3036456031
485	78.8004417994	64.8234403532	22.9850884805
486	48.3801153353	69.2414579874	24.8543317554
487	63.1577947292	70.8326158256	24.4405763033
488	73.7063731595	73.7856010834	23.8646094463
489	70.8509135818	78.9446754049	23.2344762422
490	68.3335905498	82.344203687	23.0198227333
491	39.0460802242	38.178302196	23.4094318083
492	29.4119339716	59.9555056329	23.5707990599
493	76.188226198	68.9884471585	23.574079911
494	70.8167016955	43.9266246778	24.642950022
495	61.2494910779	57.3597401553	24.7070259585
496	63.403617142	63.9687173767	24.9776236186
497	51.6523671129	66.5064974467	25.4455734211
498	38.5245334285	80.4183467977	23.9294451593
499	32.6937403289	74.3289900854	23.7362987486
500	68.1095763974	39.1740754103	23.6993266232
501	34.022031906	41.8969293832	23.1372417276
502	59.6254500713	62.537265928	25.512261657
503	57.4673798067	66.403848934	25.4367828967
504	43.7712761519	83.1264433909	23.9755747567
505	57.5030996915	85.542066623	23.8477033685
506	35.7932307893	44.7243408261	24.7504942076
507	75.7085351993	55.3201161522	24.7496324788
508	33.218510361	57.8727970716	25.4220548529
509	50.940560278	85.1465526822	24.3827639752
510	58.9061587522	35.5505267983	24.5522224655
511	51.1745453827	58.3166144879	26.0428284571
512	42.6492094317	36.3564902858	24.4358077744
513	63.767951295	40.1174775494	25.8335200031
514	36.7683542491	77.3497838566	24.7274570426
515	72.6055691667	49.7005973686	25.8889969397
516	33.1983506871	51.3731259637	25.1803612621
517	74.8578765625	63.0971668187	25.7554141261
518	31.7425057344	64.2514959162	25.1351681765
519	48.0716177817	36.2105914245	25.8420599509
520	55.23772759	60.322622614	26.4266738959
521	41.1549610746	42.0799521452	26.3312093953
522	36.7516464987	72.41588507	25.8891881493
523	35.2341018225	67.2497407895	26.7108252119
524	44.9567717137	79.0192580979	26.7632428695
525	58.7829077893	82.7952670735	26.1420821342
526	44.9930788313	40.1122899445	26.4918194695
527	72.8035538513	56.3774628449	26.6910912744
528	55.0870876874	38.4994413754	27.072409109
529	38.2117002163	47.871395325	27.0839099707
530	35.7134951391	60.613606722	27.0340968002
531	64.5487346466	79.8778048445	26.6579412704
532	36.5176027163	54.1086298641	27.4136268016
533	72.6740747772	69.9767058149	26.512446067
534	42.3749853513	74.6536952692	27.698234972
535	52.3509453433	80.4780305759	27.4316318931
536	48.6067950023	82.7506005954	26.1037868163
537	68.1909588491	74.1752919526	27.4326104894
538	70.8519356981	64.8677545529	27.8191760108
539	39.3004956136	70.0957097344	27.8945525308
540	66.1715506388	46.7244631384	27.956678008
541	43.8438067058	44.8223144603	28.2343910983
542	67.3506998699	51.694661317	28.8525431467
543	50.109509572	42.6541761231	28.6163623572
544	61.8654527208	42.6083945584	28.0547366466
545	57.2031948147	42.9879692632	28.7356765542
546	39.5003527394	52.3831446379	28.5054177243
547	67.6900733735	70.3046553455	28.7120702126
548	47.8218963621	72.3792804898	29.3697588229
549	61.1816180294	78.8677782202	28.1822683461
550	38.7138405097	62.7745339357	28.45266179
551	57.3742236706	77.907657528	28.7180909906
552	70.1324324983	57.1329270432	28.6037680223
553	49.0173802825	75.1615575483	29.1875226636
554	43.9488922911	51.3850065266	29.613857028
555	65.8071887392	67.2301354239	29.5054828947
556	62.5575354398	74.3471437626	29.5343387582
557	59.9214657741	47.8257957032	29.9168186602
558	40.6120539974	66.0215827542	29.2979847065
559	44.0315130533	69.4483316742	29.4809597027
560	54.5002212542	75.0362403117	29.6521410018
561	40.9984135588	56.819122265	29.6758490717
562	64.9943943243	57.2844825973	30.3520424787
563	44.0223458627	62.5868073213	30.8410550676
564	52.9978203134	46.2856665518	30.037773762
565	47.5549989359	48.7070630127	30.3332004803
566	61.7146280926	52.9634673513	30.526050097
567	66.4925352541	61.2628362636	29.8341236926
568	62.43834896	66.5316769805	30.6775130953
569	57.1080865568	68.1218987656	31.2174340047
570	52.3349052546	69.9062401033	30.7810835529
571	47.3073438239	68.055140697	30.9303520498
572	60.0052992491	71.9104822282	30.7833429435
573	55.8126080457	52.1595975198	31.3712208242
574	49.261712347	54.9572026276	31.5557998517
575	58.6275780429	58.8168152954	31.9274930242
576	52.6146023158	58.1246014033	32.2525215594
577	52.457452446	50.9774765205	31.4359941006
578	46.9441943099	59.8559864937	31.5303055682
579	60.647631205	62.7659569436	31.8062466146
580	54.2604411553	63.6848345425	32.0585912647
581	50.3391026374	64.8420718626	31.8722059343
