1	344804.154699
2	110.258477478
3	121.165574581
4	50.6436576344
5	193.493698824
6	111.635585804
7	193.553573099
8	67.7876583863
9	105.059394596
10	112.753238938
11	108.781578694
12	201.856139237
13	149.116881976
14	119.828382438
15	101.686477102
16	139.576914154
17	259.235652813
18	442.860075302
19	117.024270557
20	105.797843988
21	124.588387304
22	172.547681607
23	45.3946795229
24	139.517039879
25	205.019496768
26	211.984870764
27	196.816721088
28	92.4359016093
29	125.097318641
30	184.322955698
31	234.22816394
32	114.818901427
33	268.775620635
34	34.0684624953
35	284.861842528
36	62.8879468792
37	88.9631936573
38	606.077349049
39	128.17086476
40	807.045353207
41	404.999575388
42	83.1653680246
43	28.5700082379
44	342.401020838
45	351.631638239
46	90.1207629746
47	1262.86820905
48	77.1380243377
49	1291.36836397
50	115.467539406
51	83.145409933
52	9498.36518026
53	75.7808741036
54	86.0792494097
55	61.4809014159
56	92.1265511883
57	99.3613594218
58	25.9754563197
59	19.1098727822
60	286.238950854
61	252.47983878
62	1558.68704391
63	1759.73488044
64	56.441483267
65	163.396896573
66	399.38137258
67	343.658380613
68	77.1779405211
69	20.0678611828
70	171.240426602
71	568.63596906
72	172.557660653
73	1174.53369528
74	184.841866081
75	106.576209564
76	85.7399618512
77	114.988545206
78	192.226360002
79	180.770415379
80	221.265383395
81	753.278254225
82	135.465547268
83	1262.31936153
84	351.561784918
85	268.905348231
86	41.8620972958
87	249.855349724
88	92.6255034803
89	107.444386552
90	58.3175438848
91	353.238264619
92	88.3444928152
93	111.695460079
94	169.553967855
95	421.584749572
96	62.0097908453
97	271.789292479
98	259.125883309
99	220.277457856
100	23.8399405101
101	51.1126727888
102	88.6937594196
103	204.181256918
104	68.6957515577
105	264.275070962
106	209.709648313
107	342.66047603
108	212.344116414
109	540.534975977
110	276.229967877
111	193.45378264
112	258.54709865
113	184.253102377
114	117.842552316
115	146.552267196
116	135.585295818
117	186.628115286
118	150.833277861
119	262.907941682
120	328.859455634
121	215.287934937
122	201.397103129
123	179.024082357
124	338.948270977
125	568.685864289
126	297.754769753
127	149.39629526
128	244.326958329
129	154.515545776
130	214.60935982
131	125.516438567
132	207.085159257
133	240.006031481
134	277.237851507
135	137.012299373
136	280.221586213
137	456.421598597
138	277.108123911
139	161.251401717
140	206.16708704
141	151.950930995
142	273.186358896
143	174.992547838
144	123.311069436
145	355.533445162
146	334.956652642
147	229.547991441
148	154.475629592
149	253.457785272
150	118.670813121
151	140.854232022
152	145.304886466
153	264.025594816
154	241.54280454
155	141.832178514
156	132.302189737
157	242.820122407
158	160.0938324
159	226.644089102
160	429.757588115
161	138.10001537
162	459.914264641
163	327.063227383
164	235.605272266
165	193.763133061
166	378.585041051
167	210.288432971
168	144.326939974
169	133.609444742
170	147.55017178
171	226.993355706
172	234.856843828
173	126.005411813
174	335.266003063
175	159.604859154
176	209.729606404
177	230.795372171
178	250.164700145
179	188.953232967
180	141.233435763
181	222.742282179
182	218.411376285
183	214.96860547
184	122.512745769
185	275.331853752
186	212.962817256
187	172.188435957
188	210.797364309
189	202.90393905
190	152.330134737
191	186.837675249
192	241.971903511
193	147.480318459
194	237.9204109
195	156.910516777
196	183.345009205
197	510.078928075
198	75.6411674618
199	197.19592483
200	253.457785272
201	182.895952142
202	194.860828104
203	157.948337544
204	111.156591604
205	456.461514781
206	232.801160385
207	142.510753631
208	220.656661598
209	187.586103687
210	222.353099391
211	161.450982634
212	230.575833163
213	209.280549342
214	155.892654101
215	205.63819761
216	111.326235383
217	120.995930801
218	101.057797214
219	224.009621
220	72.2482918765
221	259.505087051
222	271.200528774
223	134.198208447
224	160.882177021
225	142.500774585
226	167.857530063
227	178.305591056
228	132.960806763
229	194.501582454
230	142.949831648
231	174.982568792
232	150.11478656
233	203.702262717
234	302.325172747
235	166.560254104
236	154.176258217
237	192.635500882
238	192.485815194
239	280.940077514
240	129.478119765
241	162.578614814
242	202.355091529
243	141.522828093
244	164.095429781
245	126.045327996
246	116.096219294
247	198.253703689
248	223.121485921
249	113.212275047
250	122.363060081
251	185.799854482
252	166.510358874
253	193.773112107
254	160.991946525
255	134.996532114
256	115.50745559
257	207.484321091
258	128.550068502
259	149.446190489
260	203.662346534
261	134.806930243
262	155.46355513
263	357.698898109
264	226.254906314
265	170.791369539
266	102.784172145
267	167.198913037
268	278.355504641
269	145.41465597
270	246.222977039
271	226.065304443
272	118.201797966
273	138.259680103
274	187.785684604
275	135.525421543
276	164.165283102
277	191.158602097
278	202.18544775
279	170.162689652
280	142.750250731
281	109.210677665
282	171.909022673
283	146.801743342
284	225.566352151
285	214.419757949
286	123.919791232
287	151.272355878
288	273.236254126
289	90.719505725
290	201.576725954
291	67.8375536155
292	295.449610164
293	199.940162436
294	181.808236146
295	211.58570893
296	113.581499743
297	241.103726523
298	172.647472066
299	135.565337727
300	189.332436709
301	192.655458973
302	152.539694699
303	191.907030535
304	177.656953077
305	117.702845674
306	125.336815741
307	170.082857285
308	212.254305002
309	265.612263104
310	176.419551393
311	258.716742429
312	134.397789364
313	130.685584311
314	233.050636531
315	173.665334741
316	182.92588928
317	246.662055056
318	198.80255121
319	188.723714913
320	164.205199286
321	224.847860851
322	218.680810522
323	131.104704237
324	224.079474321
325	188.264678804
326	211.455981335
327	131.254389924
328	172.717325386
329	128.061095256
330	146.133147271
331	123.580503674
332	96.8865560537
333	247.540211089
334	80.6207113356
335	130.036946332
336	123.71023127
337	132.441896379
338	120.337313776
339	204.570439705
340	174.673218371
341	99.1917156425
342	153.677305925
343	198.403389377
344	197.146029601
345	123.700252224
346	139.05800377
347	190.879188814
348	94.072465127
349	226.02538826
350	148.947238197
351	142.121570843
352	126.584196471
353	95.9185886072
354	167.04922735
355	109.060991978
356	250.673631483
357	129.268559802
358	121.844149698
359	97.2557807497
360	145.205096007
361	212.364074506
362	164.574423982
363	206.795766928
364	127.631996285
365	255.822819136
366	128.609942777
367	148.138935484
368	100.848237252
369	137.990245866
370	208.352498079
371	139.487102742
372	157.978274682
373	124.718114899
374	210.228558696
375	199.281545411
376	279.513073958
377	126.524322196
378	207.115096394
379	195.569340358
380	237.541207158
381	150.294409386
382	119.229639688
383	179.662741291
384	201.357186945
385	228.440317353
386	93.324036689
387	180.411169729
388	90.8292752292
389	219.419259914
390	189.023086288
391	178.355486286
392	192.286234277
393	117.652950445
394	100.079850722
395	150.034954194
396	225.596289289
397	248.408388077
398	170.961013319
399	186.348702003
400	112.2443076
401	98.7825747631
402	243.249221379
403	161.690479734
404	184.951635585
405	116.954417236
406	246.173081809
407	134.996532114
408	159.834377208
409	157.23982529
410	115.766910782
411	180.101819307
412	204.201215009
413	168.326545217
414	250.843275262
415	144.356877111
416	76.3895958998
417	160.912114159
418	131.473928933
419	156.790768227
420	109.699650911
421	117.044228649
422	235.605272266
423	174.992547838
424	214.679213141
425	139.936159804
426	157.12007674
427	114.180242493
428	80.3712351896
429	112.813113213
430	207.334635403
431	116.804731549
432	92.8350634429
433	164.484612569
434	148.438306859
435	100.808321069
436	98.9921347257
437	147.02128235
438	123.989644553
439	106.606146701
440	134.986553068
441	175.900641009
442	138.329533424
443	145.753943529
444	89.1927117116
445	183.754150085
446	112.713322755
447	122.383018173
448	89.3224393075
449	196.886574409
450	188.075076933
451	158.616933616
452	149.15679816
453	140.744462517
454	196.846658226
455	119.748550071
456	168.206796667
457	117.373537162
458	104.390798525
459	102.394989357
460	197.734793306
461	196.47743353
462	171.170573281
463	185.041446998
464	126.065286088
465	170.761432402
466	124.249099745
467	189.332436709
468	107.394491322
469	114.759027152
470	239.666743922
471	57.9084030054
472	201.77630687
473	212.95283821
474	155.054414251
475	109.070971023
476	136.433514715
