1	57.5657918304	56.7212454076	19.1905325757
2	52.1907670844	16.5421560668	1.60765168941
3	41.8366581768	17.8774866617	1.57727433013
4	65.5896969554	18.7952131671	0.873707435406
5	35.755512015	19.9645733753	3.84020419124
6	31.5149902543	22.3120575325	1.94324316233
7	45.9067195227	21.8263377627	2.71277628124
8	73.0874189369	22.7833182189	1.06709361185
9	52.9730680502	26.0412625365	1.37732044019
10	36.4693304833	25.6087251769	1.71770679997
11	64.5460839555	24.6078095312	1.86973424011
12	43.1860859147	26.8272850371	2.5608264669
13	78.4514677423	27.7134874082	1.75857651811
14	69.0771289018	27.1040460636	2.20446247185
15	31.5253942953	27.0095016517	2.28500183077
16	21.4989708356	31.2568800159	1.85144530445
17	58.7688568777	29.4476346863	3.97046383964
18	50.9167704509	28.5014718395	4.87272293655
19	65.7957036752	31.2098731455	1.38483569354
20	72.7829110999	30.6939315949	1.77015279235
21	34.5830620463	31.2898157553	1.54116522962
22	27.2334076371	31.149937351	2.52079857051
23	55.1431552821	32.2429292209	1.29202165827
24	41.3134499038	32.5623173082	1.79393479627
25	76.5949903228	34.9972186376	2.64598288523
26	23.5326488758	37.3170424371	4.29107650081
27	63.0140278647	35.9894607614	2.35956622935
28	57.7430244591	34.615036101	2.20174858426
29	28.7662359381	36.1839862307	2.31406611806
30	34.3223952282	34.7073454702	3.1856486465
31	52.3385201369	36.3039636705	3.47838064575
32	86.9861503445	36.8167177331	1.58859664516
33	71.9079051502	38.7015923107	2.23636918177
34	81.8199601678	37.4062099484	0.997796056204
35	58.0909486335	38.3824958721	6.47422594335
36	20.9053710667	40.2109988388	1.17287966821
37	26.4521384418	40.2958681196	1.58459525145
38	31.4300588415	40.4976668736	7.2076401132
39	79.6164474735	41.3408197565	1.89122291685
40	55.9909121692	42.3370559286	10.3855299312
41	65.4187051103	40.7967279286	6.39647149304
42	90.0420014505	41.7354791322	1.3116354033
43	19.5562638211	44.1843579369	1.02893443937
44	69.4543885124	45.0558859649	4.40741824797
45	22.3472551238	44.7431995088	4.43247112083
46	75.2044089865	45.5159331193	1.29047591488
47	52.9209116112	49.7820817947	15.4559979005
48	82.5396009996	46.0144478013	1.58192414844
49	59.5932465359	47.5085247531	8.27730854593
50	89.2659216081	46.6924062582	1.89693364897
51	19.9391166407	48.6851804154	1.70542609013
52	46.2257687926	51.444948826	8.92226540082
53	73.074686986	52.0043577638	0.95222351356
54	67.6460358807	51.3655667139	1.72839656468
55	85.0749796769	51.8720459483	0.95474174359
56	18.5941310345	52.6034581359	2.0034875753
57	90.5182530549	52.7496948636	1.63026231571
58	28.6635668297	54.3115637736	0.635622992991
59	92.633841786	55.7907074947	0.588661718917
60	35.4577912411	61.2211080833	3.68335979788
61	19.9442535825	58.5652039939	4.44573508388
62	30.7212488459	65.0512625892	6.57928211812
63	45.8172207036	61.5797496755	12.2348951901
64	75.5934756489	57.8039245978	1.09762135436
65	81.979705142	58.6873468715	2.14384447704
66	68.7036448262	58.198370001	3.09379284512
67	24.2954771071	61.9372995557	5.23405926637
68	63.266714457	63.3160455939	1.93354453231
69	84.8387196807	62.272738032	0.67976962031
70	73.8808364746	63.5761618978	2.57273209421
71	57.2387090459	66.8894628978	7.94555860712
72	16.2611383779	63.5946438496	1.986335692
73	43.1274020347	68.0043881136	9.8234758082
74	37.346754244	65.8773152514	4.30004693041
75	81.2493132487	64.7820123097	1.72493958924
76	88.2038536478	66.0562322185	1.15816418744
77	52.0789507251	68.0919353137	1.84161440876
78	23.3873591242	68.1873287345	2.37511982423
79	77.1393218858	68.9547483458	2.28695084507
80	70.332065331	68.8136939538	2.8981344035
81	63.6735369845	68.5034395469	8.67606970738
82	19.120526804	71.0370272917	1.60823030074
83	36.4267239534	75.8651779866	7.28193698016
84	56.1464435823	75.0513815706	6.04212571959
85	66.8456950017	74.4173862655	6.0766490597
86	48.1268001601	73.617278079	1.1823258169
87	26.7777869514	73.7313680179	4.09484250606
88	74.6757308579	74.2306626984	1.51986968216
89	52.2758873998	74.8850954801	2.37830478659
90	23.7453398784	77.9632570562	0.81798737474
91	45.455749547	78.2155889425	4.33329184579
92	56.8494479767	78.2879030758	2.17222321519
93	68.8230719778	78.9195582174	1.79758047154
94	33.1386728698	79.9446670969	2.09042673956
95	51.9261560114	81.409730374	6.77489143618
96	64.2810634714	82.7372874959	1.09658714546
97	58.4125155766	82.8813363888	3.5526859544
98	45.5760584897	83.6488174184	3.9779128512
99	51.3976403108	84.5359736154	3.79386858797
100	74.8338313287	83.6953827893	0.64779803215
101	69.2249440475	86.2582721827	0.772849706618
102	38.6894230946	87.5057192291	1.141678607
103	53.4217580347	88.9391159869	2.20557673082
104	45.4614617132	88.8506659883	0.936436374663
105	24.5449144281	53.9726411999	3.39002300781
106	78.4003749443	78.0022717613	2.12473607233
107	15.5765410274	46.118707597	3.74736561747
108	53.3520834351	21.5896717894	2.66135525731
109	59.2491878515	60.5794746917	6.56101738107
110	61.3541218047	75.7296003771	4.35154378571
111	60.1389930195	24.0983664162	2.98873753591
112	79.9514850565	48.653515461	4.24113673913
113	14.6130630349	55.1976469378	3.16260311407
114	20.6923973378	63.0552158775	3.44974940233
115	30.0519140139	83.0229694377	2.5062406888
116	82.9226404159	32.6990951121	2.02378156527
117	61.2239924672	87.9234469242	2.50303657235
118	17.7875496598	37.5661207199	2.6081895076
119	68.4977976772	64.7810796174	5.30749989386
120	40.0484746903	81.8617376807	5.96152198576
121	38.2756706592	23.9644108368	4.53278014676
122	80.6550637657	54.5805086027	4.46943868868
123	88.535228185	59.1695740407	2.28663830376
124	60.7930417661	72.221687909	9.44461940531
125	29.6108672908	52.662037998	10.6054274626
126	43.2310441027	73.7214227619	6.32793590293
127	50.2017230929	70.6887191184	5.26054322898
128	82.896873498	71.2158444335	2.51100096607
129	68.0813379183	21.9899600541	3.37776855705
130	76.2064009963	53.0365325218	3.70446285697
131	26.1515036445	26.2627766069	3.61519077203
132	78.1610585491	61.2534922871	4.8166045013
133	59.552757216	18.920902206	3.87637884452
134	45.3596323818	30.1415638706	7.11135000559
135	48.8136004195	17.2540395912	4.22256832966
136	38.8396004287	30.9395870284	6.92387464075
137	71.6115577475	51.3917643034	7.5316322955
138	71.6212408681	74.3724257981	5.79186516973
139	23.8869041769	77.1864566856	4.10588236047
140	66.8782361864	85.3101681709	4.04518664501
141	86.9057184309	48.9600266551	4.15390866379
142	84.727055549	41.1813520363	4.11858699407
143	86.4011478123	55.7956366339	5.00485873996
144	85.8261489126	63.9868956765	3.9756555649
145	64.9983905325	79.2639111273	6.06033137077
146	72.1518409354	81.7078247079	4.93879356933
147	36.7378513933	85.818489075	4.45662322555
148	48.9011775136	32.1125195327	8.48036216824
149	70.6204817521	32.5578073416	6.03618750705
150	20.1175650681	49.0196288745	5.95856075135
151	26.9694738229	47.5199148157	6.49836057997
152	19.6649848005	53.9413212859	6.89255422706
153	72.4493481854	60.1498992495	7.78089986122
154	47.9137394463	74.7263390752	9.39421018787
155	43.2152308014	87.7742295819	5.33278412577
156	48.5615748886	88.681249239	5.59680092283
157	72.8999905798	26.5598594831	5.85615371656
158	31.8739253757	28.8683074824	6.51840759502
159	64.170627522	34.4820028797	6.49929328483
160	45.6573469017	36.3753213842	8.99045224142
161	77.9792597782	41.683540703	5.5422182925
162	63.9811490212	56.9567405906	11.7078507209
163	55.9532943015	71.4894982998	11.148126343
164	64.6876710898	28.8082661376	7.26402421745
165	20.8393141412	71.8510267721	6.35313009878
166	65.5059698394	62.7641443509	10.7921822621
167	25.1389456994	67.7115734698	8.00208284563
168	44.5797655551	17.8481379043	7.07642264509
169	70.0117625944	39.3476231628	6.2601395736
170	17.0086270617	63.6818680581	6.35631805054
171	58.0347575792	24.8814481334	8.02629764461
172	57.4265033086	32.715686589	8.58665008986
173	51.7994032511	22.1455487781	7.26751951958
174	50.9898808079	38.5850726997	10.8108257478
175	56.5269241454	88.0690112654	6.48940249968
176	22.621132627	31.9544361016	6.87893033821
177	37.1355836245	57.0800588419	11.1320768346
178	75.5727525483	68.1444504187	7.92552094802
179	28.3838573473	80.0238591622	7.45309530427
180	40.3587772718	19.0137753443	7.53280505731
181	77.0209122428	31.3719647329	7.02747433244
182	27.9392174964	34.8003919743	8.36184002746
183	80.0320232116	36.2213076745	7.17680737199
184	18.7020640688	38.4162008589	6.78407710014
185	75.5072869273	44.7229708761	8.38033063195
186	52.1163562779	75.9282385909	9.09657578681
187	45.4845545646	22.6955219188	7.81497159805
188	83.26718205	64.2715135636	6.86741033021
189	23.5951087365	49.5422227741	9.59774723018
190	84.6431143668	52.1289548795	7.66292554684
191	33.9012036496	68.0072259031	9.95521315213
192	76.434545759	76.0992505839	7.49935038807
193	74.1735282079	38.2060963668	9.00962862924
194	66.1541007036	23.8245982134	8.45377987957
195	83.5994826615	45.9652485649	7.68946203474
196	54.8788392921	18.5565516424	8.4666168807
197	37.1485274974	48.7882295672	14.6655631914
198	15.5476823032	51.9838327935	8.17725958905
199	64.1159343919	84.9042024755	8.76773867768
200	31.0001108226	24.3519182904	8.49909305871
201	40.6716609034	25.2909470282	9.32215212445
202	79.7775432227	71.0262029951	8.03995235123
203	31.8886152111	33.96518787	10.4538948831
204	77.4984339345	61.8112258269	9.51913703763
205	53.2960084455	33.2015352553	14.2057262331
206	67.7038624223	46.8702281248	10.9902988121
207	76.8687794334	50.5836305094	9.72987291057
208	16.8118537997	59.4512444228	9.36515210912
209	31.5675928764	46.8855886008	10.7251232655
210	24.360787594	57.8592967382	11.4784696946
211	36.6129545991	40.8421421446	11.4926324198
212	73.9376284758	65.4153856371	12.7747792488
213	70.7880437592	71.1817579392	11.2692621491
214	77.3808775276	56.0882831543	10.3096188422
215	33.0954789477	83.1962288764	9.27855651
216	61.4428897692	21.4946817445	9.63258174445
217	27.0381323022	28.372282374	9.58877117011
218	66.6684798335	33.2304134462	11.1433890623
219	60.9765515866	39.0735635176	12.0704489641
220	17.4224443776	44.862920175	9.31221842763
221	69.1358863877	58.6397534588	12.9877171592
222	82.7531865209	57.6526236012	10.6025677042
223	35.6537647148	22.3412852184	10.7217760198
224	71.0519131206	28.8856781312	10.9493049073
225	24.825459663	53.575280846	12.5525382786
226	80.9766033737	65.7890530002	11.1715660951
227	49.1787742545	19.5753040753	11.3785269471
228	53.9280777806	25.641062403	11.6938826152
229	81.2142982938	42.2962940582	10.540425671
230	32.7130814226	57.4406069452	12.6245769242
231	26.2979771335	76.9466192522	10.9104123836
232	71.3512865106	79.7869149343	10.801775298
233	36.3087857624	29.4927853607	11.679335641
234	67.281692699	51.4141182336	15.5277984874
235	43.0771245067	86.7493398713	10.6419682157
236	49.2668871799	87.4150533415	10.7104901226
237	69.952242161	36.5390301245	12.5789511599
238	36.8377189819	66.1609883021	13.4163465041
239	59.6517692484	80.1596290732	11.0603766706
240	38.3649252291	84.9876842084	11.7363965646
241	56.8449310288	87.3232041491	10.4007267136
242	49.2834128407	26.5393553289	13.0482749605
243	20.3391789728	40.7365453772	11.5298124046
244	81.7489933969	49.3318784512	11.5400403326
245	17.1826251923	51.4861079814	11.098118449
246	29.0173378529	68.1708966091	13.281124414
247	45.8208483093	80.4140338291	13.1697570867
248	23.2901961089	36.3693218353	12.2420878965
249	71.5134172277	41.6203084687	12.4897555619
250	65.8579102613	41.8699283976	13.381570788
251	20.8070415503	66.7959701554	12.3335146265
252	62.1243375905	29.7399751306	12.6038435033
253	56.2394081304	29.1110117644	13.5193699094
254	27.521156712	47.3481706783	13.3627575985
255	22.809770069	71.8661346156	11.8744680881
256	26.8820345453	31.6431866816	12.6350160054
257	35.635058714	35.0318954386	14.5406661518
258	25.950890533	63.5097603009	13.5762456528
259	52.8934886032	79.6651642401	13.021054318
260	43.5826705309	27.0639472732	13.4670265154
261	32.7270114171	39.5779392558	15.2423903378
262	73.8826071907	46.1239453488	13.7979164678
263	48.3006332061	49.2091186127	19.3501739401
264	41.6193908777	21.5054690184	13.4403762868
265	64.4906216068	34.6396631142	14.6030955832
266	39.6251685135	75.6565905966	14.8026353392
267	63.5210105564	83.7838651985	13.0588150108
268	74.9765304981	58.8185310498	14.8865728132
269	76.8394651484	72.6631405293	13.130160369
270	74.6978001273	35.0789255334	14.2436748309
271	20.5716660899	45.9284277335	13.7186694038
272	75.4574108234	51.4967586321	14.596631846
273	19.0841385555	58.7840003889	13.6521335448
274	71.0673456204	77.9637719943	14.3231547716
275	41.0536780921	31.8186989833	15.1832398168
276	19.8992715597	53.3971566381	14.4292036325
277	53.353697816	21.6241056408	14.4907739877
278	61.4226458136	23.8369410753	13.836872725
279	40.4899051081	36.0896466905	16.5499792763
280	59.1627947249	77.6877436179	16.0025626502
281	36.3290764054	82.6043491091	14.4474117457
282	31.0834753193	29.5963215229	14.4681959583
283	29.7110962943	61.9378394472	15.6684510863
284	69.3105150076	69.3771845685	15.8855129027
285	65.6502355448	75.8436110469	15.0890177662
286	80.8156111162	51.9261804922	14.859771269
287	46.8207229172	85.5528135067	14.8711790791
288	76.8308565458	40.0499986569	15.2543949711
289	62.766037338	52.8896734996	16.2693466144
290	60.2026495679	63.6115073182	16.8078018542
291	43.5748440548	77.109831772	15.4896978216
292	55.9461201759	85.2053365551	14.9438385357
293	69.6396304908	30.8354995096	15.0532970645
294	59.5129109607	33.4543787915	16.4853698371
295	33.5488439787	44.9558452044	16.8479055609
296	26.70366083	74.4079348871	14.8676139677
297	32.5025071242	79.1269927684	15.5345974138
298	35.4866100179	26.2230783187	15.4501211343
299	29.8632908568	57.3163003896	16.4378466235
300	32.9948888639	68.2296849751	16.4795469306
301	47.7446762469	31.765958399	17.0345581989
302	71.1181703002	48.8038009694	17.2340964132
303	79.0628822263	65.5740763868	15.6558860832
304	80.5323020415	58.5674933403	15.601983719
305	52.0821728637	79.9793098791	16.7745889656
306	46.7231002727	22.7932657286	16.3016116119
307	46.9511011855	76.8263672124	17.9415381818
308	38.856108974	41.3676449961	18.1883567677
309	78.6172565539	45.9420994303	17.007147172
310	22.2940253477	64.3660923745	16.4998335246
311	39.8888825657	72.1041294489	17.8984357351
312	43.737057545	38.7096374652	18.2245371864
313	70.2013331503	42.4010478532	17.0330559375
314	71.2942377531	55.4491645692	17.9393934687
315	52.5922723428	76.0311282735	17.8300552703
316	29.3245953243	34.6599672905	16.8727458348
317	35.4501248925	61.9196087055	18.6237516545
318	58.2232179872	25.3809600012	17.3974706606
319	25.0287243285	41.9845002129	16.7598966936
320	64.6001275982	81.7822305637	16.9551857516
321	56.9237900074	36.9976686875	19.1613871604
322	64.3609302967	38.5624693028	18.0962406816
323	66.9189380329	46.0541019417	18.7838637955
324	23.5747217758	50.2647349053	17.7045061572
325	70.6999610467	63.2099437097	17.9098631465
326	64.7056204748	29.0442915731	17.8805511223
327	47.1905941213	39.171395897	19.5609992693
328	26.5480728883	71.3892288632	17.1150142516
329	41.7225083602	83.2504442717	16.9303458336
330	22.6506647135	57.7126655021	17.5634355286
331	75.7327379966	71.7510490091	16.8125679656
332	65.4399950854	42.4084051195	18.8739364021
333	36.7622092146	54.944776078	19.3575751651
334	31.6441082891	76.2187943209	18.0718290729
335	52.8073868875	84.1720690732	18.4176085336
336	39.3353813972	26.8868106907	18.0946348749
337	39.2702436045	45.6777427314	20.0302141642
338	38.3697382506	80.6857110523	18.323387867
339	51.352731251	37.3065777828	19.7787166502
340	48.3692678992	72.6691086601	20.2974040074
341	46.0379879654	34.3250743363	18.9930401822
342	67.4186377648	65.2828977617	19.9026965874
343	40.381415607	67.3790623837	19.8296384628
344	65.0404570257	71.4312470534	19.7305778066
345	60.0844145913	76.0642904112	19.2552823902
346	44.423109761	25.7089246448	18.8290948514
347	78.425934069	53.2272627153	19.2342222741
348	46.7654468765	84.1480225889	18.4317730542
349	58.7467066941	42.0703812513	20.6009571126
350	68.076576902	54.6069384948	20.5132325572
351	65.8876988217	60.908146999	20.7685058044
352	68.3254511078	78.175337867	19.9051655232
353	28.1113782473	42.2482924664	19.5009619042
354	27.4876799088	48.4369222646	20.1096825519
355	46.0746219221	69.8598162859	20.9642537612
356	51.0518706936	26.3124459687	19.9658466726
357	39.6747875102	59.3196551732	20.7458347504
358	78.9081936913	59.5145780212	19.4001916866
359	25.3058655738	60.4841538648	19.3533442355
360	76.2994792686	64.0016417709	20.3435074626
361	36.3314840414	32.3906346251	20.1801129314
362	61.5578578042	45.0871754424	21.6682469512
363	42.6985567838	50.1218295846	21.7502173132
364	41.2626225631	63.7130978384	21.0646506227
365	27.8106849103	66.0131726278	20.1734868913
366	60.3136995622	72.2468872248	20.8921819314
367	54.6433009933	73.6495443281	20.8772580521
368	67.4144895823	32.8690170348	19.9711931804
369	71.5622101434	37.3931556257	19.8266761386
370	64.1607494422	51.2576316273	21.7049931562
371	26.6900454115	55.4665654216	20.3729442778
372	44.5456139868	60.1861357966	22.2527736408
373	46.0972268601	46.3285259066	21.7953510589
374	60.3014959124	52.1996697389	22.3476796895
375	57.9602611705	68.1511276896	22.2780407684
376	71.0067005155	74.5376786015	20.2231723697
377	31.1752150323	36.4779107555	19.7864408245
378	75.5528453283	49.9535393602	21.3535165252
379	43.806147296	54.8765606318	22.3717152311
380	73.8463718705	69.17940618	20.9535564041
381	30.4476440492	70.4718637405	20.6400014114
382	73.9196320658	43.2520031949	21.0197410737
383	62.577329471	66.3051448189	22.3026209857
384	52.2914998299	68.5880562891	22.1459913689
385	42.3494231471	79.7928922596	21.1393432494
386	63.8216449967	80.5842980913	20.4332470415
387	57.5585717596	29.0547832878	21.1649420032
388	40.1744488177	30.5153577958	21.1204178158
389	33.2981727074	39.6670495501	21.5778361206
390	57.1471961958	82.0172150997	20.9803119635
391	62.7193918875	59.0983423707	22.6416712524
392	50.0504941785	81.8891785792	21.6028961156
393	44.615449246	29.3112441318	21.648482493
394	36.7207506681	76.9166736956	20.9576476428
395	30.7323034666	46.5361277952	22.0818323937
396	56.3380189087	61.9421047534	23.3466686612
397	74.8897344946	58.2383613446	22.7616924382
398	29.3246058462	60.0544172202	22.1235004126
399	34.7976218111	73.758081937	21.7029365126
400	58.6370663644	57.8235245941	23.3161040704
401	47.9123792273	58.1611053691	23.5705076323
402	62.9148913771	34.0878314449	22.6192364439
403	30.8204749357	53.3589812974	22.4260276501
404	34.728311254	68.7199976674	23.096462336
405	38.9344163031	37.0215561874	23.2041604557
406	54.0093244966	55.6259196735	24.1027119508
407	69.1165841645	38.718857582	22.4187612645
408	33.0754496007	63.241648198	23.9092434058
409	33.5597266546	56.3308455355	24.1738295753
410	72.6317920124	51.2497782584	23.7726907064
411	42.9413244742	34.727547662	23.4921178986
412	35.9966422021	43.2085228254	24.0514943031
413	71.1284709218	44.9754131378	23.5970582759
414	64.3372106785	76.1317103283	24.1803255471
415	58.3129646406	79.3198122527	23.6026725383
416	47.4674455605	79.5988752287	23.7529102863
417	54.5947612351	32.0985256854	23.6481939896
418	72.7355494944	65.5003990277	23.9119979349
419	34.3300365064	49.7381994899	24.4907033849
420	47.486252426	31.4194057328	23.6691389856
421	71.23611077	61.7679705549	24.8469082983
422	43.4986939906	75.6625649727	24.3406233015
423	41.86221212	40.0368715701	25.1675117517
424	65.4520076381	41.3895570549	25.092733886
425	49.2094555968	36.3531065629	25.3069763613
426	68.0387059722	70.1916242097	25.0880114231
427	52.9416315047	78.3299721372	24.5947997976
428	51.7142652053	33.7355746352	24.5825206507
429	60.9023217848	37.0658221371	24.9734669398
430	40.6325568841	71.137127526	25.0909309369
431	37.3057416771	66.3092921051	25.2592841047
432	37.4854231549	47.9987113016	25.5774430896
433	55.9262453073	37.6661395684	25.8704199515
434	66.7720834538	46.6776002166	26.0781131546
435	37.8405510397	53.6265067981	26.3241775576
436	70.2164395152	58.5042228865	25.7922200195
437	36.6681847461	58.67952857	25.7051442486
438	49.8309707619	76.1705736924	25.7114787372
439	60.6405077367	75.3076623218	25.8934890198
440	40.8323585433	45.6154432854	26.1879435095
441	69.8535970089	52.2550132967	25.9446971019
442	67.4644277135	66.2071532622	26.4979390554
443	56.556797338	74.3950863262	26.5791850452
444	47.322891514	39.3026759739	26.3049954491
445	51.5307317068	41.4978547948	27.1744528025
446	60.4345529017	41.7505868858	26.8425204864
447	38.7115655914	62.1319211964	26.6286914609
448	46.243014853	68.8514029985	26.9268776785
449	65.4687627398	62.9055044613	27.2701421457
450	45.6992882465	44.1856496992	27.392184918
451	42.2344823028	65.7725675251	26.9451409321
452	62.0122381905	70.5161386351	27.317120865
453	47.587531568	71.7888140486	26.9711938725
454	53.4854829827	71.4065083556	27.425586542
455	62.5600517573	47.5195518495	27.5477618669
456	66.0270571516	56.7236550823	27.4220464119
457	57.5699680326	43.7298664453	27.6416251951
458	43.6172821749	48.6883985065	27.7082244412
459	40.3416651812	51.5558687087	27.4831542718
460	42.3167125744	58.6324073224	28.1619001219
461	47.6851857207	50.648776086	28.6775823886
462	64.3070058723	52.6456182588	27.850094157
463	51.0786055829	66.0967672723	28.3536750097
464	61.698267069	62.3285723543	28.3086253433
465	54.5724592515	47.4365341795	28.5222622412
466	59.2060160503	48.8537770864	28.3665157553
467	45.2577217425	55.7308006356	28.7491411087
468	45.7311099319	64.3365989844	28.4590482113
469	59.302520529	67.9668346341	28.4863270036
470	56.126734318	64.0797116128	28.9239380922
471	50.990981531	46.6126120165	28.7764798363
472	57.5856362623	54.3441252049	29.2878212377
473	51.3059086368	53.9022938085	29.5220758131
474	59.7068473291	58.5062238805	29.3214397879
475	48.8971219915	60.8253662275	29.3129111923
476	53.0036470479	59.6661258035	29.515152827
