1	2	3	4	7	8	11	17	25	32	40	46	56	62	65	78	99	100	105	108	110	111	112	113	114	115	118	119	123	131	133	138	141	143	147	149	152	153	154	156	161	165	169	170	174	175	178	179	182	186	192	193	194	203	204	208	209	214	216	220	222	225	226	227	228	234	236	237	240	241	242	243	244	245	247	252	259	262	266	269	270	275	280	283	284	292	293	294	295	296	297	300	301	305	313	317	318	319	322	323	327	333	334	335	336	337	338	340	342	347	349	350	351	352	355	359	361	362	363	366	367	368	371	372	375	377	378	380	381	382	386	387	388	391	394	398	399	400	402	403	404	405	409	410	413	416	417	418	419	420	421	422	423	425	426	427	428	430	431	432	433	434	435	436	437	438	439	440	441	442	443	444	445	446	447	448	449	450	451	452	453	454	455	456	457	458	459	460	461	462	463	464	465	466	467	468	469	470	471	472	473	474	475	476	477	478	479	480	481	482	483	484	485	486	487	488	489	490	491	492	493	494	495
2	192	1	3	132	5	131
3	192	1	2	132	118	220
4	1	162	6	193	118	156
5	192	2	131	132	7	9	241	210	196
6	193	162	132	10	205	14	15	118	4	156
7	1	131	196	5	9	12	13	206	241	149	119	297	222	223
8	1	133	14	175	142	156
9	162	163	132	5	7	168	10	167	13	16	210	19	20	249	24	196	223
10	162	132	6	167	9	15	16
11	153	1	18	119	17
12	171	7	242	23	13	206	18	149	119	153	222
13	196	7	168	9	12	206	19	23	223
14	6	8	205	142	15	270	21	185	175	156
15	162	198	6	167	10	205	14	16	177	21	22	249	185	250	27	286	261
16	198	167	9	10	15	20	22	28
17	1	194	11	18	25	120	153
18	194	171	11	12	176	17	23	120	153	29
19	163	168	9	13	146	23	24
20	163	198	167	9	298	199	16	210	24	28	285	223
21	142	15	14	185	27	31
22	198	15	16	177	27	28
23	224	176	134	168	171	12	13	206	144	200	18	19	29	30	146
24	129	163	199	9	43	146	19	20	28
25	32	1	34	228	194	17	120	154
26	225	226	35	133	38	142	143	183	31
27	33	195	15	177	21	22	185	250	271	28	61	286	31
28	33	198	129	43	16	177	211	20	22	24	27	61	199
29	176	130	134	39	144	184	18	23	120
30	129	36	37	134	200	146	23
31	33	195	38	42	45	142	271	251	21	183	185	26	27	158
32	40	1	154	25
33	195	42	51	27	28	61	31
34	228	39	40	49	120	25	154	157
35	226	38	172	46	143	48	50	183	280	121	26	252	186
36	129	163	37	135	200	43	47	272	146	199	55	276	215	30
37	36	229	134	135	200	41	332	47	272	306	276	374	343	218	30	159
38	35	45	142	48	50	183	26	158	31
39	34	145	130	207	157	49	52	120	154	184	29
40	32	1	34	49	178	56	154
41	160	229	37	134	135	44	47	53	150	159
42	33	195	45	271	304	51	212	54	251	158	31
43	129	36	135	360	215	289	47	211	55	24	28	61
44	130	134	41	52	53	159
45	38	42	50	212	54	57	158	31
46	1	35	169	143	227	121	186	59	62
47	160	36	37	135	41	43	150	55
48	35	38	172	50	121	58
49	34	39	40	145	178	56	154	60	157
50	35	38	183	172	45	238	48	212	54	121	57	58	188	158
51	33	195	324	326	42	304	212	54	356	61
52	64	130	187	164	39	44	207	145	53	155	159	63
53	160	187	164	41	44	52	150	159	63
54	67	357	326	201	42	45	50	51	212	281	57	188	61
55	406	135	136	396	273	276	278	407	282	411	414	415	160	289	36	424	43	429	47	308	309	315	316	61	66	70	74	215	231	126	255
56	1	65	161	40	49	178	60
57	67	68	201	172	45	50	54	58	188
58	258	68	262	71	73	295	172	48	50	213	121	57	59	188
59	227	262	71	169	295	172	46	179	213	121	58	62
60	161	145	75	140	49	178	56	155
61	256	384	393	395	396	273	195	27	28	197	33	457	411	424	43	303	177	51	54	55	66	67	324	69	326	289	201	458	77	211	346	475	482	483	356	357	360	489	383
62	1	71	169	141	46	179	59
63	64	160	70	72	189	52	53	150	187	125	255
64	164	72	52	187	189	63
65	56	1	78	161
66	256	69	230	273	136	74	81	309	278	55	61	264
67	68	69	201	76	77	54	57	61	197
68	320	258	67	197	263	73	76	302	201	57	58	188
69	256	66	67	197	230	74	77	365	80	81	246	88	346	61	389
70	160	136	74	55	255	125	126	63
71	262	73	141	79	179	247	58	59	62
72	64	164	260	232	307	140	189	239	253	116	87	180	155	125	63
73	258	68	262	71	263	76	322	79	179	85	247	58	122
74	66	69	70	136	81	84	55	126
75	161	165	140	78	87	155	60
76	67	68	197	263	73	77	302	173	310	86	248	90	122
77	246	67	69	76	173	80	86	61	197
78	1	165	65	161	75	87	123
79	71	73	141	174	85	247	122
80	246	69	137	77	173	81	86	88
81	66	69	230	136	74	80	84	88	93	190
82	136	83	151	91	92	126
83	202	82	116	117	151	92	125	126	191
84	136	74	81	89	93	190	95
85	73	138	141	174	79	90	122	127
86	98	137	76	77	173	80	90
87	99	165	72	75	140	78	296	259	116	181	216	180	123	94
88	69	230	328	137	268	173	365	80	81	246	265	93	190
89	311	290	235	136	139	264	84	278	151	91	124	190	95
90	128	97	98	137	76	173	85	86	248	122	219	127
91	235	136	124	139	82	151	89	92	191
92	96	82	83	117	151	91	124	191
93	98	101	137	268	81	274	84	88	221	190	95
94	99	166	102	105	236	117	182	87	216	123	181
95	321	290	101	329	139	221	274	84	254	89	93	190	341
96	166	102	92	106	148	117	217	124	191
97	128	98	137	147	90	127
98	128	97	292	101	104	137	170	268	301	334	221	208	274	86	265	90	362	93
99	1	105	236	182	87	216	123	94
100	1	138	147	214	127
101	98	139	103	104	107	221	93	254	95
102	96	257	166	105	106	236	111	240	305	148	117	182	152	217	94
103	352	321	107	101	106	139	204	109	148	203	217	266	283	124	221	254
104	128	98	292	101	209	170	107	110	208	113	334	283	221
105	1	99	102	111	182	152	94
106	96	102	103	204	109	112	115	148	152	124
107	101	103	104	209	203	109	113	114	283	221
108	128	1	170	147	110
109	203	103	106	107	204	112	114
110	128	1	209	104	170	108	208	113
111	152	1	115	102	105
112	1	106	204	109	114	115	152
113	1	203	104	107	110	209	114
114	1	203	107	204	109	112	113
115	112	1	106	152	111
116	72	267	232	83	180	117	87	125	181
117	96	257	299	166	102	232	202	267	83	116	181	92	125	94	191
118	1	162	3	132	6	193	4	220
119	1	294	7	11	12	206	242	149	153	222
120	34	228	39	194	157	176	17	18	275	184	25	154	29
121	35	169	172	46	48	50	227	58	59	252	186
122	263	73	138	327	76	174	79	300	85	247	248	90	219	234	127
123	1	99	165	78	87	216	94
124	96	235	103	329	106	139	291	148	217	89	91	92	254	191
125	70	72	202	232	83	116	117	282	255	189	126	63
126	70	136	74	151	82	83	278	55	202	282	125	255
127	128	97	100	138	300	147	85	214	234	90	219	122
128	97	98	292	104	137	170	108	301	110	147	214	265	90	219	127
129	163	36	199	43	146	211	215	24	28	30
130	164	134	39	44	207	144	52	184	29	159
131	192	1	2	5	7	241	149	222
132	192	2	3	5	6	167	9	10	162	210	118	249	220	293
133	1	225	8	237	142	175	26	143
134	130	37	200	41	44	144	23	218	29	30	159
135	160	36	37	231	41	43	47	276	150	55	308	229
136	66	230	70	264	74	151	81	82	84	190	278	55	89	91	126
137	128	97	98	265	268	173	80	86	88	90	219	93
138	1	100	234	141	174	85	214	122	127
139	290	101	103	329	235	89	91	124	254	95
140	161	259	165	72	75	180	245	87	155	60	253
141	1	71	138	174	79	179	85	247	62
142	225	133	38	8	237	14	175	21	183	185	26	251	317	31
143	1	226	35	133	225	46	26	186
144	224	130	134	200	171	176	23	184	218	29	159
145	161	164	39	233	207	49	178	243	52	244	155	60	157	318
146	129	163	36	168	339	279	272	200	19	23	24	30
147	128	1	100	97	170	108	301	214	127
148	96	102	103	106	204	240	152	217	124
149	1	131	7	12	119	222
150	160	187	277	229	135	41	255	47	53	63	159
151	136	202	235	82	83	278	311	89	282	91	92	126	191
152	1	102	105	106	204	240	111	112	115	148	182
153	1	194	171	11	12	242	176	17	18	119
154	32	1	34	228	39	40	49	178	243	120	25	157
155	161	164	72	233	75	140	145	178	52	245	244	60	253	319
156	1	4	6	193	8	205	14	175	270	284
157	34	228	145	39	207	49	178	243	120	154	184
158	38	42	45	238	304	50	212	183	251	31
159	288	130	164	37	134	41	44	207	144	287	306	52	53	150	184	218	187	325	229
160	315	277	229	70	135	41	231	47	53	150	55	255	63
161	1	259	165	65	75	140	78	145	178	244	245	56	155	60
162	193	4	6	167	9	10	284	205	15	269	118	249	132	220
163	339	129	36	199	168	9	298	353	272	146	19	20	279	24	345	285	223
164	64	288	130	187	72	233	207	145	253	52	53	314	155	189	159
165	1	259	161	75	140	78	180	87	216	123
166	96	257	102	236	181	182	217	191	94	117
167	162	132	261	198	9	10	15	16	210	20	249	285
168	224	163	200	9	279	13	206	146	19	23	223
169	1	227	46	179	121	59	62
170	128	1	98	292	104	108	301	110	208	147
171	224	176	294	12	242	206	144	18	23	153
172	35	295	252	183	238	48	50	227	213	342	121	280	57	58	59	188
173	246	310	197	137	76	77	80	248	86	265	88	90	219
174	1	138	141	79	85	247	122	234
175	1	133	8	237	14	270	142	185	156
176	224	336	194	171	242	144	184	18	275	23	120	153	218	312	29	287
177	195	324	198	15	303	211	22	27	28	61	286
178	1	49	40	161	145	243	244	56	154	155	60	157
179	1	322	227	262	71	73	247	141	169	59	62
180	259	165	72	267	140	239	232	116	181	87	253	296
181	257	166	296	267	236	239	180	117	87	216	116	367	94
182	1	99	166	102	105	236	240	216	152	94
183	225	226	35	38	172	142	50	238	280	313	26	251	158	31
184	176	130	228	39	157	144	287	275	120	218	207	29	159
185	251	270	14	175	142	15	271	205	237	21	250	27	317	31
186	1	226	35	46	143	227	121	252
187	64	288	358	164	229	325	277	255	52	53	150	260	314	63	189	159
188	320	258	68	201	172	238	50	212	213	54	281	57	58
189	64	164	72	255	253	232	260	314	187	125	63
190	328	290	390	230	136	370	268	365	81	274	84	341	246	88	89	93	264	95
191	96	257	354	291	166	379	92	202	235	83	117	151	348	217	91	124	299
192	1	2	3	132	5	241	210	131	249	220	293
193	1	162	4	6	220	284	205	269	118	156
194	1	228	242	176	17	18	275	153	120	25
195	33	324	42	271	304	177	51	250	27	61	286	31
196	323	5	7	9	298	13	241	210	297	222	223
197	67	68	69	201	76	77	302	173	310	246	346	61
198	331	261	167	330	199	15	16	177	211	20	22	303	28	285	286
199	129	163	36	198	330	331	272	211	20	373	215	24	345	28	285
200	224	272	343	36	37	134	168	279	332	144	146	339	23	312	218	30
201	320	258	67	68	197	302	54	281	57	346	188	61	357
202	311	299	232	235	83	117	151	282	125	126	191
203	1	103	209	107	204	109	113	114	283	266
204	1	240	103	106	203	109	112	114	148	152	217	266
205	193	162	261	6	284	363	14	15	270	249	185	250	335	156
206	224	279	171	294	7	168	297	23	12	13	242	119	222	223
207	288	130	164	39	233	359	349	145	243	52	184	228	287	157	318	159
208	1	98	292	104	170	110	209	334	283
209	1	203	104	107	110	208	113	334	283	221
210	192	323	132	5	167	9	298	337	381	241	20	249	196	293	285	223
211	129	331	198	199	360	43	289	303	177	373	215	28	61
212	326	42	45	238	304	50	51	54	281	188	158
213	320	258	387	295	361	172	238	340	342	281	58	59	188
214	128	1	100	138	300	301	147	219	234	127
215	129	331	36	199	360	43	289	272	211	276	373	55	345	395
216	1	99	165	296	236	259	181	182	87	123	94
217	96	257	291	102	166	103	266	204	240	305	148	124	254	191
218	224	176	37	134	200	332	144	312	306	184	287	159
219	128	310	327	137	234	300	173	301	402	214	265	248	90	122	350	127
220	192	1	162	3	132	293	193	269	118	249
221	321	98	405	101	103	104	351	107	334	209	274	341	409	283	93	254	95
222	1	131	196	294	7	297	12	206	241	149	119	223
223	163	196	7	168	9	298	13	206	368	210	20	279	297	222
224	279	176	294	168	171	338	206	399	144	200	242	336	23	312	218
225	1	226	133	237	142	143	183	313	26	251	317
226	1	35	225	143	183	280	313	26	252	186
227	1	262	295	169	172	46	179	121	186	59	252
228	1	34	359	275	194	207	336	184	243	120	25	154	157	318	287
229	160	37	325	135	392	41	231	364	306	276	277	150	308	374	187	159
230	256	66	69	390	273	136	393	365	81	246	264	88	412	190	389
231	160	229	135	392	308	277	55	315	316
232	299	260	72	202	267	125	369	307	180	117	344	116	282	239	189	255
233	288	164	207	145	244	349	314	155	253	318	319
234	1	327	138	300	174	214	247	122	219	127
235	311	290	291	385	379	329	202	139	151	348	89	91	124	299	191
236	1	99	166	102	257	296	367	240	305	355	181	182	216	94
237	1	133	225	142	175	270	185	317
238	361	172	372	304	50	212	213	342	183	280	281	251	188	313	158	377
239	259	260	72	267	366	232	307	180	181	347	253	296
240	1	102	257	236	266	204	305	148	182	152	217
241	192	1	131	196	5	7	297	210	323	222	293
242	224	1	194	294	171	12	206	176	336	338	275	119	153
243	1	228	207	145	178	244	154	157	318
244	1	161	233	145	178	243	245	155	318	319
245	1	259	161	140	333	244	155	253	319
246	69	230	328	265	173	77	80	310	365	88	346	190	197
247	1	322	71	73	234	263	141	174	79	179	327	122
248	263	300	327	76	173	302	402	310	375	90	219	122
249	192	162	132	261	167	9	391	205	15	337	210	269	284	335	220	285	293
250	400	195	324	261	422	363	205	270	15	271	185	27	380	317	286
251	225	42	142	271	304	317	372	238	183	185	380	313	158	31
252	1	226	35	295	172	227	342	280	121	186
253	259	164	72	233	388	140	333	239	347	307	180	245	260	314	155	189	410	319
254	352	321	291	101	103	329	266	139	341	217	124	221	394	95
255	160	315	260	358	70	232	314	407	364	189	369	277	150	55	282	187	125	126	63
256	384	66	69	230	393	273	346	61	389
257	354	291	166	102	348	267	236	367	240	305	355	181	371	217	431	117	299	191
258	320	322	68	262	263	73	295	302	340	213	201	58	188	378
259	1	165	161	296	140	333	366	239	180	245	87	216	347	253
260	358	369	72	239	253	232	307	314	187	189	255
261	391	198	167	330	363	205	15	382	249	250	335	285	286
262	1	258	227	71	73	295	322	179	340	58	59
263	258	68	327	73	375	76	322	302	340	247	248	122	378
264	66	390	230	136	290	273	370	309	278	408	89	412	190
265	128	416	98	310	328	137	268	173	301	404	246	88	219	350
266	352	1	291	103	394	203	204	321	240	305	217	283	254
267	257	354	232	299	366	239	296	307	180	117	344	116	367	446	181
268	98	420	328	137	362	301	274	404	265	88	93	190
269	1	162	293	193	284	335	337	249	220
270	1	284	363	205	14	175	237	185	250	156	317
271	400	195	324	42	304	403	372	251	185	250	27	380	317	31
272	353	163	36	37	199	200	343	146	339	276	373	215	376	345
273	256	66	484	486	230	264	393	491	429	494	309	55	408	412	411	316	61	415
274	98	420	328	362	268	334	93	341	409	221	190	95
275	1	194	228	176	184	242	336	120	287
276	289	343	36	229	135	392	55	396	272	308	373	374	215	376	414	37
277	160	315	229	325	231	392	364	150	358	187	255
278	311	66	136	55	290	397	264	309	151	408	89	282	126	415
279	224	163	294	168	297	298	206	399	368	200	146	339	398	312	223
280	1	226	35	172	238	342	183	313	252
281	320	387	357	326	201	238	304	419	212	213	54	361	377	188	413
282	311	299	407	401	232	202	55	397	369	278	151	344	415	125	126	255
283	352	1	203	103	104	266	107	321	208	209	334	221	351
284	1	162	193	363	205	270	269	249	335	156
285	418	163	391	261	198	199	298	167	428	381	432	337	210	20	345	440	249	330
286	195	324	261	198	422	330	363	15	400	177	303	250	27	382	421
287	288	336	386	228	359	423	332	207	176	312	306	275	184	218	159
288	417	164	325	358	359	233	423	159	207	306	314	187	349	287
289	395	360	43	396	211	276	373	215	55	61	383
290	385	235	264	329	139	370	341	278	311	408	89	190	95
291	257	321	329	266	235	305	371	437	348	217	124	394	254	191
292	128	1	98	104	170	301	334	208	362
293	192	1	323	132	337	269	241	210	249	220	381
294	224	1	279	297	171	338	206	399	368	242	398	119	222
295	1	258	227	262	361	172	340	213	342	58	59	252
296	1	259	267	236	366	239	180	181	87	216	367
297	1	323	196	294	7	298	206	368	241	279	222	223
298	432	353	418	163	196	297	339	381	368	210	323	20	279	345	285	223
299	257	354	267	232	202	235	397	401	117	311	344	282	379	191
300	1	327	234	301	214	248	122	219	350	127
301	128	1	98	292	265	170	268	147	404	214	300	219	362	350
302	320	425	258	68	197	263	201	76	434	310	375	248	346	378	442
303	324	421	198	422	360	330	331	177	211	441	61	286
304	195	324	326	372	356	42	403	238	271	51	212	430	438	377	281	251	413	158
305	1	291	102	257	266	371	236	240	355	217	394
306	288	449	229	325	423	364	332	433	374	218	159	37	287
307	260	369	72	426	267	366	239	232	436	344	388	314	347	253
308	229	135	392	231	429	276	55	316	414
309	66	264	273	278	55	408	316	415
310	416	197	327	328	265	427	76	173	302	365	402	246	375	248	346	219	434	350	442
311	385	290	299	202	235	397	278	151	408	89	282	379
312	224	336	386	200	343	332	435	399	176	433	338	339	374	279	218	287
313	1	226	225	238	372	342	183	280	377	251	380	317
314	288	417	164	358	369	233	388	253	319	307	436	349	260	410	187	189	445	255
315	160	231	392	407	364	277	406	55	316	255
316	231	392	429	273	308	309	406	55	315	415
317	1	225	363	237	142	271	270	313	185	250	251	380
318	1	228	359	233	207	145	243	244	349	319
319	1	233	333	349	244	245	410	314	155	253	318
320	258	387	68	357	201	302	419	340	213	425	281	346	444	188	378
321	352	291	103	405	329	266	351	341	394	283	221	254	95
322	1	258	375	262	263	73	327	179	340	247	378
323	1	196	293	297	298	368	241	210	381
324	400	195	356	422	360	403	430	271	304	177	51	441	250	303	61	286
325	288	417	450	229	358	423	449	364	306	277	187	159
326	419	356	357	438	457	453	413	304	51	212	54	281	475	444	61	383
327	416	1	322	263	234	375	300	402	310	247	248	122	219	350
328	416	448	370	451	420	310	390	265	427	268	365	274	404	341	246	88	190
329	321	290	235	385	405	348	394	139	437	463	370	291	341	439	447	124	254	95
330	391	261	198	199	331	428	303	382	440	345	285	286	421
331	441	452	421	198	199	360	330	303	211	373	215	440	345
332	386	37	423	200	433	306	374	343	312	218	287
333	1	259	388	245	410	347	253	319
334	1	98	292	104	362	208	209	274	409	283	221	351
335	1	261	391	363	269	205	337	249	284	382
336	224	1	386	228	359	338	176	242	275	312	287
337	1	293	391	269	335	210	381	249	285
338	224	1	386	294	399	336	242	312
339	353	418	163	200	298	343	398	399	272	368	146	435	279	312	443
340	320	1	258	387	262	295	361	263	322	213	378
341	448	321	290	420	328	329	370	405	463	274	190	439	409	221	254	95
342	1	295	361	172	238	213	377	280	313	252
343	353	37	433	200	455	332	435	272	376	466	339	276	374	312	443	414
344	354	267	401	232	426	299	366	369	307	436	459	282	446
345	353	418	163	452	199	298	331	460	272	440	432	373	215	376	443	330	285
346	256	320	474	310	197	454	357	389	201	458	427	365	302	384	246	425	442	444	61	69
347	1	259	388	426	333	366	239	307	253
348	257	354	291	385	329	235	462	431	464	371	437	379	191
349	288	1	359	233	423	207	417	314	410	318	319
350	416	1	327	265	300	301	402	404	310	219
351	352	1	321	334	405	409	283	221
352	1	321	266	103	405	283	394	254	351
353	432	418	163	298	272	339	343	376	345	443
354	257	299	267	367	401	355	468	431	344	379	348	446	191
355	1	354	257	236	367	305	371	431
356	324	453	326	360	395	430	304	456	51	438	441	61	383
357	320	384	419	438	326	201	458	54	457	281	346	444	61	383
358	288	417	450	260	325	364	461	445	369	277	407	314	187	410	255
359	288	1	386	228	423	207	336	349	318	287
360	289	331	324	441	456	460	43	452	303	211	373	215	356	395	61	469
361	1	387	295	238	340	213	342	377	281
362	1	98	292	420	268	301	334	274	404	409
363	1	261	422	380	205	270	335	400	382	250	284	317	286	421
364	449	450	229	358	392	461	255	306	467	277	374	407	473	315	325
365	246	451	69	230	470	328	412	427	476	454	310	88	346	390	190	389
366	367	1	259	296	426	267	239	307	344	347	446
367	1	354	355	257	296	267	236	366	431	181	446
368	1	418	323	294	297	298	398	339	279	381	223
369	260	358	465	232	459	461	445	401	307	436	407	344	282	314	255
370	448	385	290	390	264	329	463	328	341	471	408	477	190
371	1	355	257	394	431	305	291	437	348
372	1	238	271	304	403	377	313	251	380	413
373	481	289	395	452	199	360	460	331	396	272	211	276	469	215	376	345	414	479
374	449	37	455	392	364	332	466	433	306	467	276	478	343	312	414	229
375	1	322	263	425	327	434	302	402	310	248	378
376	353	460	272	466	276	373	343	345	443	414	479
377	1	387	361	238	304	419	372	342	281	313	413
378	320	1	258	387	263	425	322	302	340	375
379	385	354	235	299	397	462	431	464	401	468	311	348	191
380	1	363	271	400	403	372	313	250	251	317
381	1	418	323	293	391	298	428	368	337	210	285
382	1	261	391	330	363	335	286	421
383	289	482	356	357	326	456	457	395	396	489	472	475	61	453
384	256	474	483	389	393	458	346	61	357
385	290	329	235	397	463	464	370	437	311	408	379	348	477	447
386	1	359	423	332	399	336	433	338	312	287
387	320	1	419	425	361	340	213	377	281	378
388	1	426	333	307	436	314	347	253	410
389	256	384	69	230	454	393	365	470	346	412	474
390	448	451	230	264	476	365	328	370	471	408	412	190
391	1	261	330	428	335	337	381	249	285	382	421
392	473	229	406	231	488	490	364	429	461	467	308	277	374	407	478	276	315	316	414
393	256	384	483	389	230	486	492	494	273	470	489	474	411	412	61
394	352	1	291	321	329	266	305	371	405	447	254	437
395	289	356	360	469	396	456	373	215	472	61	383
396	289	482	481	424	469	395	493	276	373	55	472	61	414	383
397	385	485	487	299	464	401	468	278	311	408	282	379	477	415
398	1	418	294	435	399	368	339	279
399	224	1	386	294	435	398	433	338	339	279	312
400	1	324	422	363	430	271	403	250	380	286
401	480	354	459	487	485	465	299	397	369	468	407	344	282	379	446	415
402	416	1	327	427	434	310	375	248	219	350
403	1	324	430	271	304	400	372	380	413
404	416	1	420	328	265	362	268	301	448	350
405	352	1	321	329	394	341	439	409	447	221	351
406	480	491	392	490	55	429	488	407	315	316	415
407	480	358	401	392	490	364	461	369	465	415	406	55	473	282	315	255
408	385	290	484	390	487	264	476	471	397	273	370	309	278	311	412	477	415
409	448	1	420	405	362	334	274	341	439	221	351
410	1	450	388	358	417	333	253	436	445	314	349	319
411	483	424	393	492	429	494	489	273	55	61
412	484	230	390	264	393	365	486	273	470	408	476	389
413	1	419	326	430	304	403	372	438	281	377
414	481	488	392	55	396	429	493	424	466	308	373	374	343	376	276	478	479
415	480	491	484	406	401	487	407	397	429	273	309	278	55	408	282	495	316	490
416	448	1	451	327	328	265	427	402	404	310	350
417	288	1	450	325	358	423	314	349	410
418	432	1	353	298	428	435	398	381	368	339	345	443	285
419	320	1	387	357	326	425	438	281	377	444	413
420	448	1	328	362	268	274	404	341	409
421	1	331	452	422	391	330	363	428	303	382	440	441	286
422	1	324	421	363	430	303	400	441	250	286
423	288	1	386	325	359	332	450	417	306	433	449	349	287
424	482	489	396	429	493	55	411	61	414
425	320	1	387	302	434	419	375	346	444	378	442
426	1	388	459	366	307	436	344	347	446
427	416	1	451	454	328	365	434	402	310	346	442
428	1	418	421	391	330	381	432	440	285
429	424	488	392	489	491	493	494	273	308	406	55	411	316	414	415
430	1	324	453	422	456	304	400	403	438	441	356	413
431	1	354	355	257	462	367	371	468	437	379	348	446
432	1	418	353	298	428	440	345	443	285
433	1	386	423	455	332	467	399	306	435	374	343	312	449
434	1	425	427	302	402	310	375	442
435	1	418	455	398	399	433	339	343	312	443
436	1	388	465	426	459	445	369	307	344	314	410
437	1	291	385	329	394	462	431	464	371	348	447
438	1	419	356	357	326	457	430	304	444	413	453
439	448	1	341	329	463	405	409	447
440	1	452	421	460	330	331	428	432	345	443	285
441	1	324	421	422	360	331	452	430	303	456	469	356
442	1	454	425	458	427	302	434	310	346	444	474
443	1	418	353	455	460	435	432	440	466	339	343	376	345
444	320	1	419	357	326	425	458	438	457	346	442
445	1	450	358	465	461	369	436	314	410
446	1	354	459	426	267	366	367	401	468	344	431
447	385	1	329	394	463	464	405	439	437
448	416	1	451	420	390	328	471	463	370	404	341	439	409
449	1	450	325	423	364	433	306	467	374	473
450	1	325	358	417	423	364	461	449	473	410	445
451	416	1	454	390	328	427	365	448	470	471	476
452	1	421	360	331	460	373	441	440	345	469
453	1	356	326	456	457	430	438	475	383
454	474	1	451	389	427	365	470	346	442
455	1	467	433	466	435	374	343	443
456	1	356	453	360	395	430	469	472	441	475	383
457	458	1	483	357	326	453	438	475	444	61	383
458	384	1	483	357	474	457	61	346	444	442
459	1	369	426	401	465	436	344	468	446
460	1	452	481	360	376	466	373	479	440	345	443	469
461	480	1	450	358	465	392	490	364	369	407	473	445
462	1	431	464	468	437	379	348
463	448	385	1	329	471	464	370	341	439	477	447
464	1	485	385	397	462	463	468	437	379	348	477	447
465	480	1	485	369	459	461	401	436	407	468	445
466	1	455	460	467	478	374	343	376	443	414	479
467	1	449	392	455	364	433	466	374	473	478
468	1	354	485	465	459	397	462	431	464	401	379	446
469	1	482	452	481	360	460	395	396	456	373	472	441
470	1	476	451	389	454	393	492	365	486	474	412
471	448	1	451	484	390	463	370	408	476	477
472	1	482	456	489	395	396	469	475	383
473	1	450	449	392	490	364	461	488	467	407	478
474	384	1	483	389	454	393	458	492	470	346	442
475	1	483	453	326	456	457	489	472	61	383
476	1	451	484	486	390	365	470	471	408	412
477	1	484	485	385	487	397	463	464	370	471	408
478	1	392	488	466	467	374	473	414	479
479	1	481	488	460	493	466	373	376	478	414
480	1	485	465	490	487	461	401	406	407	415
481	1	482	396	460	493	373	479	414	469
482	1	481	424	489	396	493	469	472	61	383
483	384	1	475	457	458	492	489	393	474	411	61
484	1	486	487	476	491	494	495	273	471	408	412	477	415
485	480	1	401	487	397	464	465	468	477
486	1	484	393	492	476	494	273	470	412
487	480	1	484	485	490	397	495	401	408	477	415
488	1	392	490	491	429	493	478	406	473	414	479
489	1	482	475	424	393	492	429	494	493	483	472	411	61	383
490	480	1	487	392	491	461	495	488	406	407	473	415
491	1	484	488	490	429	494	493	273	406	495	415
492	1	483	486	393	494	470	489	474	411
493	1	482	481	424	489	491	396	429	494	488	414	479
494	1	484	486	393	491	492	429	493	273	489	411
495	1	484	487	490	491	415
