2
3
4
7
8
11
17
25
32
40
46
56
62
65
78
99
100
105
108
110
111
112
113
114
115
118
119
123
131
133
138
141
143
147
149
152
153
154
156
161
165
169
170
174
175
178
179
182
186
192
193
194
203
204
208
209
214
216
220
222
225
226
227
228
234
236
237
240
241
242
243
244
245
247
252
259
262
266
269
270
275
280
283
284
292
293
294
295
296
297
300
301
305
313
317
318
319
322
323
327
333
334
335
336
337
338
340
342
347
349
350
351
352
355
359
361
362
363
366
367
368
371
372
375
377
378
380
381
382
386
387
388
391
394
398
399
400
402
403
404
405
409
410
413
416
417
418
419
420
421
422
423
425
426
427
428
430
431
432
433
434
435
436
437
438
439
440
441
442
443
444
445
446
447
448
449
450
451
452
453
454
455
456
457
458
459
460
461
462
463
464
465
466
467
468
469
470
471
472
473
474
475
476
477
478
479
480
481
482
483
484
485
486
487
488
489
490
491
492
493
494
495
