1	56.1136751433	56.8866388993	22.3623516656
2	51.1171655249	13.480633535	1.78263016903
3	46.1656923007	14.7579289765	2.08554201489
4	62.2636288994	14.7572512636	1.5627982652
5	41.2852047513	16.5559746421	0.941406212312
6	69.0962085399	17.2751539119	1.27603125554
7	58.7136223075	18.2157411886	1.36538120695
8	52.0158573399	18.0946853511	2.28673555317
9	35.7194963818	20.1714565779	1.91380734097
10	74.1510766415	20.3687752816	1.84835071962
11	65.578052813	20.7275867083	1.99163618309
12	42.5876041089	20.8908344786	1.40401634729
13	49.070129239	22.6944492525	0.888157907055
14	54.6547389187	22.7778150222	1.68046452347
15	59.1476836868	24.3238048299	1.95758605023
16	79.3964053931	24.7414213393	1.84943852122
17	72.4383421231	24.7231105254	1.4425212988
18	65.5411808627	25.1422979375	1.02302573343
19	36.9290656877	25.2366047146	2.60380055446
20	51.3413220377	27.1661413312	1.66576860049
21	43.7380502323	27.0215383277	2.37571965868
22	63.9645449417	29.3519579064	1.01924493212
23	70.5951383705	30.9238162496	1.65020041038
24	38.6463160416	30.4617560594	1.52048493312
25	47.8282803859	31.3585559028	2.01569711558
26	59.2267653194	32.6324655618	1.13264527477
27	88.457397751	32.8947532878	0.448436990218
28	33.5105917935	33.6906846564	0.643002118226
29	82.3957809936	34.8918874802	1.97642060083
30	28.5407515837	35.40586173	2.45917700362
31	42.0760916734	33.5280239665	4.34924761733
32	52.958127057	35.4456921293	2.48257697817
33	48.6728092081	36.6611293018	0.904734731285
34	74.8105210387	35.9642662439	2.74018876571
35	79.2866633474	37.063684761	0.583737794529
36	65.7459093878	37.1833799304	1.47436901384
37	89.9600503242	39.2096377164	1.87755289818
38	71.6301768973	39.2658945057	1.61199036038
39	38.7994897718	39.286253396	1.469250665
40	44.1721923433	40.569145198	2.63911723143
41	61.4088993025	40.697545668	1.69180541211
42	66.4806651587	40.7239031755	2.53264804376
43	78.6490891837	41.715778035	1.7369917073
44	26.4802441149	41.6138413257	2.37396846323
45	32.4721588255	41.4297015921	2.32283573195
46	82.6361842066	42.0442840922	1.02911086023
47	92.952637609	43.2672545224	0.454666838954
48	52.1320538333	44.1531230022	0.975732156267
49	69.977484522	44.2683897322	1.73714469043
50	41.9217049486	45.3919245862	1.77244993894
51	57.5679700766	45.8338578397	1.45476547249
52	36.9747235528	45.6168840552	1.72339151443
53	29.4357963312	46.5345209841	0.911035501398
54	81.3064300003	46.1933770211	0.952432663315
55	64.4547806656	47.6783346561	1.22957788602
56	20.720638987	47.3693269228	1.39024384521
57	44.9224070764	46.7140853902	5.69989078809
58	85.5883129653	47.5956856221	2.7686843429
59	74.0800915206	48.5958925168	1.33535864223
60	50.229195259	51.0669195338	5.55546451084
61	94.1833283276	49.8789693288	0.546833727062
62	57.397088666	50.5831199561	1.64240465689
63	40.2043112187	50.6112495517	6.64123858824
64	35.2462392209	51.8096262863	4.57916334519
65	67.9338918534	51.9601757066	0.783152039751
66	80.7078750444	50.7951858055	1.86891869143
67	60.5373363822	53.8064745892	5.24285327569
68	24.475804674	52.1383378404	0.726669186594
69	72.1423909506	53.9255245688	1.36429408388
70	86.2602079836	53.5646351207	3.06588997955
71	20.2256380109	54.4515204019	1.56787941271
72	77.9402264087	54.3870726947	1.01528495317
73	42.768539544	56.0467941215	5.80439497987
74	53.82338586	58.0451691356	4.72196233797
75	47.8251288374	59.1692092886	2.23164449661
76	67.126792711	57.3899256909	3.26965736118
77	34.1350285758	57.8143938281	2.12848478194
78	76.7639828268	57.4517794216	0.661809611054
79	58.5367220816	62.6696929528	4.15919422634
80	86.5242153856	59.6861879402	2.22185802246
81	93.6763956457	61.4597960194	0.374716812709
82	41.6668592888	62.3736056563	3.61982241102
83	26.9741857869	63.1002802487	2.3995491255
84	44.5918947861	65.3620602433	3.649519199
85	77.9482176268	64.1418616773	2.54749492363
86	65.10697623	65.3320230129	0.835388365887
87	71.0437023838	65.9537082398	2.03581067115
88	84.6156812621	66.9261698305	2.23014417893
89	54.5461806668	67.8857113034	1.79506523779
90	29.772277251	68.4465008676	1.38838130874
91	40.2205178196	68.1678595714	1.80027143033
92	58.5713990556	69.5685191171	2.76452642634
93	46.9769274009	69.2208920153	3.35536621779
94	74.7344696162	69.6966342354	1.83257749218
95	89.1950188323	69.5404343291	1.72893101889
96	68.6127008457	70.8952668349	1.77139911877
97	45.2653869082	71.503082693	0.649889314279
98	50.8780183713	72.3722079627	2.76987407847
99	80.4855709133	73.4291238509	1.67431005923
100	70.4955433821	75.2643467319	1.93159937776
101	85.5071569891	74.9143362551	2.01323546564
102	45.2866614286	75.7820094582	1.68708222813
103	56.3149520322	77.0023360985	0.551206278846
104	74.4263168225	78.4657697849	2.91837172352
105	51.4420589511	77.9937605562	2.12518249007
106	59.8540528393	79.9613272637	0.703248648709
107	41.4000147023	81.111371567	1.02668599262
108	80.8870775601	81.3550876748	1.22767931237
109	67.2040695187	82.575813035	1.55381725705
110	54.1260738651	83.5840828287	2.96896790307
111	37.9338784161	83.8815003008	1.02005331379
112	60.2660682959	84.8227495845	1.80371566973
113	76.4101266307	85.4978473395	0.713831192951
114	45.0225555673	86.4240214439	2.07358448691
115	51.588005994	87.8534424365	2.12368307011
116	70.9221152659	87.9329507575	0.372812807297
117	57.6435276405	88.8112817087	2.14474724454
118	38.9550803989	57.5207685012	3.29945564075
119	65.537023086	87.9864435241	1.92202684274
120	54.2992111064	42.2497400775	5.49152433969
121	30.7996892674	77.6926919249	2.01429803637
122	25.8814101907	58.3894540986	3.74008218829
123	55.437434972	27.6656814838	4.70275353837
124	73.6248604973	60.782450085	3.09775852901
125	36.711742572	71.2578868537	6.51571864399
126	29.4110380704	54.474783744	4.83428193204
127	91.7790147069	54.9611503583	2.58978091158
128	52.5782969708	32.3342897354	3.54087993778
129	36.0999253995	36.2432399211	3.24658160152
130	90.7552484252	46.1165649743	2.51229053955
131	30.8317286296	61.1148448215	2.714224126
132	55.7100517934	73.4934776477	3.80561593893
133	65.0357487718	33.5542628378	4.29714757628
134	85.2035725148	40.8935891629	2.48665317382
135	48.7106809316	42.636265139	3.9586555175
136	75.3469559406	44.179901594	3.19910670693
137	67.0284045344	62.0484869445	2.98913644423
138	64.8151516908	75.6845695461	2.88470700209
139	27.3686321442	29.2693670676	2.91208050489
140	25.31156593	47.7091929848	3.07534223267
141	24.6549654445	52.9068688537	4.89720159232
142	36.3534573922	63.1082572852	3.12558408065
143	50.4153886728	64.9537209496	4.17399914813
144	60.4693713993	82.0889288181	5.99684341454
145	32.3149168909	46.2299435673	4.40438829948
146	80.624476668	58.7245143752	3.11522749302
147	90.2697036688	63.5131997672	3.08358437531
148	74.6697501168	29.0540507069	3.4309170221
149	83.8355834594	30.2154172981	3.0826762461
150	58.9176133814	36.536726752	3.84745016566
151	48.1127166005	38.9969472458	5.53544712175
152	21.0867735206	43.0971346797	2.94631428007
153	61.6962330791	45.1193495503	3.57659501783
154	63.4297536289	69.7080632706	4.01338536402
155	54.7611904931	78.9536298113	4.43658836454
156	32.7068193254	30.3243692405	2.78993279862
157	23.5841467948	36.1783677975	2.85604707521
158	73.2961192475	84.1883032386	3.37486114185
159	60.344000744	30.2700953004	4.56039380135
160	71.0523791866	48.7834940739	4.66715229868
161	27.1495859908	72.1832056601	3.74097512448
162	47.8407925478	81.8168955609	4.27767849993
163	72.8701361878	54.5114259548	4.69789789904
164	55.6893130599	14.5141199673	4.25436462654
165	46.2025452278	20.5820565818	4.54673424549
166	65.4186692376	28.2813159607	4.52997082336
167	86.5595523629	35.4183477072	3.93551876123
168	68.6136953928	36.4749776222	5.17594096003
169	65.121763261	45.9733580393	6.12866310546
170	22.6223164863	63.216833361	3.77417504178
171	33.5492315888	73.732566147	3.65504134883
172	60.604607563	73.819963441	4.23633506161
173	67.8400882895	80.2387765436	4.28912286624
174	82.9795478527	63.6310589649	4.90787954332
175	67.0037774425	67.0054389514	4.84526948693
176	75.4744253814	73.9394200521	5.17630172772
177	60.7482363611	20.6825940085	5.3204532396
178	50.9792022239	24.8377959751	5.59915772171
179	80.0201071159	37.8492610813	5.589249886
180	38.9371329257	42.0220690073	8.32914173414
181	80.1533427292	48.9892374886	5.55956475596
182	67.4378677716	51.9260825789	7.17701562033
183	30.8081945072	66.9950719445	4.65334408735
184	43.667212155	73.2022095761	6.03636831595
185	80.4512921331	78.6256241777	4.52325806992
186	78.3292528964	32.1176562487	4.7624567978
187	79.7743593108	69.5949846062	5.45096359446
188	39.7304652476	77.3950521163	5.42565739082
189	31.4582393595	24.8098752942	5.0222196879
190	69.5818430458	25.0957336101	5.58282823233
191	47.2279536005	34.7497400149	6.49285847967
192	75.927500876	50.4220829416	4.96575011076
193	40.6728316617	17.6741938571	5.36464989349
194	36.7526785543	29.5094075649	6.1234079833
195	41.6266862566	23.1335115265	5.95384495863
196	45.720001797	28.2885101311	6.22070075014
197	69.2882603411	41.0757726979	9.3530244544
198	74.4755634145	67.9424509466	6.26295060414
199	35.4867345938	80.5082953601	5.01797061102
200	62.966424568	23.9257509797	5.89205559718
201	30.3421928433	37.5778346734	6.15411081321
202	35.4798856062	42.5431535674	7.34193067726
203	21.1410206728	57.25649382	5.98384663754
204	55.836354246	20.8245984114	6.21424841249
205	20.2346830745	50.6717792997	5.53576141462
206	77.7489678794	55.2359901137	6.61867599868
207	58.5149591175	48.9991945048	14.2120203064
208	28.1237520741	47.6969183877	8.15803322992
209	68.9184802924	18.8237102868	5.52361961696
210	84.4132769753	56.2070162276	7.34715032837
211	85.9855735182	70.8987871274	6.17074139189
212	40.2758653595	83.5802647899	6.83118968292
213	32.2338588095	32.8508306118	7.48151033362
214	73.9373267348	37.687378448	7.96047588847
215	26.8194140707	42.9806381856	6.53264360742
216	33.539340576	58.2630879241	7.44526824986
217	69.9738001576	71.8858667859	8.62370687155
218	65.4485831785	86.9266624949	5.88424107249
219	82.5692197416	42.5725920411	6.89508822338
220	76.5340627451	43.2780653613	7.55632453726
221	25.6113477432	68.6961410937	6.35325751172
222	46.3112328593	78.8259582672	7.88555635325
223	36.0620158442	20.9392144075	6.2078172326
224	56.1120797565	32.1398520275	8.0272142277
225	42.0279923206	37.3675357311	8.81206967442
226	62.7813678085	38.2043267455	10.0922273747
227	21.933136967	43.0083235165	6.47316400322
228	46.1492617378	60.951743029	10.5719641665
229	53.3954124808	68.7973682688	8.92254396732
230	50.0792185283	75.0813619305	8.0502381477
231	48.2270852139	15.1942756241	6.28756496196
232	88.4429928304	41.3570734562	6.56615042267
233	89.8787139646	48.6295611244	6.62707948587
234	62.8828928817	58.5095630917	12.8950780493
235	72.0989309317	59.7423901882	7.30627691253
236	50.5992058334	30.0331889757	8.18196047255
237	77.8303359143	26.1332112786	6.58138412773
238	35.7980112776	36.9646260674	7.70884041045
239	53.0325655035	37.5310485546	8.10061917398
240	34.2535211446	63.753283456	8.59720193232
241	64.3376892125	65.5861556004	8.52058650108
242	57.462303519	87.3408369961	7.08010381517
243	60.2969346686	16.241451449	7.33300270916
244	50.6697128955	20.561093718	8.01048832127
245	40.8681523947	25.7358719245	9.00891737552
246	70.0654137816	45.3483794334	11.5607969076
247	33.2346142007	52.7480553666	9.07828604575
248	89.7429226891	55.7361567681	8.08797672593
249	28.2928578826	62.1836136614	8.96605888561
250	31.0977908071	68.2569981522	9.13592921742
251	59.801564566	76.3772671416	7.1053003177
252	50.8651124969	86.9177278648	7.48715134799
253	72.5178590977	30.0268725005	8.53220791334
254	26.6146190445	32.973610645	7.5085288456
255	66.8747747192	61.1024807641	7.90211948017
256	38.8115992813	65.9139042994	9.27757267558
257	47.0672051382	69.0954185272	10.4057461198
258	41.0714807741	69.1578153434	9.27627375729
259	51.6929305506	33.0573296084	8.85877992932
260	70.2520062389	65.7111354482	8.84213718525
261	64.4763331278	76.1512901661	8.65466363189
262	68.5276106458	79.1061521391	8.86730449114
263	60.4960919881	30.0019070097	9.57709847696
264	84.3263238502	48.5087491088	8.28593652886
265	37.5748013307	45.6639249741	9.88890399437
266	82.3069968716	31.3865377554	8.08634138417
267	68.8530521991	34.2856042801	8.91682955572
268	30.1573913065	40.2438908051	9.27194247548
269	88.2440574779	63.1701051346	8.75635285735
270	45.769402662	85.3419206465	9.24913740468
271	63.6334671538	24.3383647438	9.44998773797
272	24.6141154813	38.2180226718	8.91471065169
273	55.2447220085	58.6767103941	10.3717229817
274	39.0441316796	60.3100803319	11.0845852486
275	59.2037997272	68.7763491382	9.97864581511
276	53.001974893	80.8595083587	9.42099181116
277	72.3878528604	83.0527327056	8.43044232664
278	40.5575086845	29.5486129218	10.8132645691
279	36.1322201434	31.3773646342	9.87414685736
280	37.8686267954	55.7262097169	12.0745116344
281	22.6043962552	61.1511690559	9.17384786392
282	75.2143053012	61.9496027125	10.1468010046
283	78.9752215951	67.4611033666	10.4543547878
284	55.4487951119	75.4784786542	10.5412860765
285	80.1734914224	76.5653190266	8.86695343727
286	47.4851724815	22.8413140209	10.2426449844
287	66.6027542876	29.1069484356	9.81990531214
288	75.5908370021	48.8500934506	10.051027862
289	32.3173953175	77.3861490483	9.34769612725
290	31.049877856	28.0835065754	9.19830171363
291	58.1836996851	34.8549100405	10.9962020406
292	84.7550507921	36.4347516552	9.32125975852
293	56.995657057	40.8872788588	11.8079781421
294	21.4331252947	49.9910399501	9.09963535703
295	82.9473641208	63.3250233345	9.58916708555
296	47.1653920903	36.6142388045	10.8222972376
297	43.2766081697	43.5622577725	11.9588449876
298	64.1967365382	50.9767272899	11.6139904123
299	55.3276279712	21.9757540424	10.6161316108
300	72.5024550816	23.537472336	10.4644315529
301	45.9195109432	17.2444338609	9.88131066495
302	32.0925266393	44.9838469433	12.2480011676
303	29.2588496156	51.7033709234	11.8230319194
304	64.7281966769	71.9933641852	12.3882123101
305	78.8763481391	37.8562813258	11.5419684224
306	44.4082540147	50.4613306535	12.8223785186
307	73.2874002982	53.4370407121	12.315208958
308	52.00561996	63.5106238837	12.1876623982
309	61.950007213	86.2451101963	11.0767170522
310	52.8130177743	16.8400725522	10.8561392569
311	35.4164708487	25.2681173441	11.1486898528
312	46.277923121	26.9190638817	11.9701432769
313	71.2460515365	56.7040238299	11.8673764643
314	42.1264528418	64.5245781688	12.2318660214
315	28.1006333183	71.9130731251	10.6666045557
316	65.4552404225	19.7537175465	10.3947002247
317	59.1207087487	24.3064495984	11.1998451188
318	33.8340308818	37.9183719503	12.0117222077
319	78.0185650674	57.4915495844	11.3018021052
320	84.9313513773	69.798279138	10.6514184073
321	74.6751201229	74.8621459582	11.5723512435
322	46.3879266046	79.4410028551	12.2107952159
323	23.4770551994	44.8397426096	11.0919720726
324	80.0335616424	44.8455412328	12.1837828165
325	47.6703818862	46.6103309152	13.2374145811
326	54.595584705	53.3875792214	14.5211715605
327	49.9547297847	57.1708496152	12.8671991662
328	25.6112472266	66.4952785414	11.3972057637
329	60.7765417802	79.8292012823	11.4091432245
330	87.1921775481	42.5703005473	10.7115950046
331	40.1566395965	21.1837742161	11.4248552363
332	52.6449559664	37.987468139	12.4453849744
333	71.3662498193	49.6898825284	13.3460592845
334	43.4899729325	55.4630505338	13.6014945189
335	28.3015414439	33.5950953955	11.2003986328
336	74.3092038283	33.5979993625	11.9878762524
337	47.925614351	41.5561029668	13.0654883336
338	83.3695341241	56.0085892039	12.0210203313
339	37.7285203829	36.0352664112	13.4981436291
340	54.1374038968	45.6078459652	15.0142829633
341	45.776599574	31.7104466971	13.8940329043
342	62.2406886787	62.6348093953	12.7082646044
343	56.9259022698	63.4296193983	13.2369435396
344	34.4212183527	67.8965578995	13.3475149253
345	67.6668377419	27.3271785931	12.8360868052
346	29.5058940327	56.7415533932	12.9059626342
347	68.4984717085	61.9877794837	14.7728010393
348	72.0630778901	67.1348773751	13.7545720287
349	54.0089411681	26.2017124134	13.231829168
350	40.4582267395	32.459158024	13.6056877805
351	62.9671704368	43.6015721655	14.8677314349
352	87.8356527216	49.6139570727	12.4371670054
353	23.3296095786	57.636597228	12.6151835958
354	80.1543910204	62.4009687062	13.0422976265
355	51.8164092018	71.8497932525	14.4001588902
356	66.2723688812	84.4825209386	12.3835052724
357	53.2513358704	80.7181622417	13.7561192999
358	73.6255173544	81.2042393817	13.1593152373
359	54.6359997575	85.9717798951	12.7802190571
360	80.7826957934	51.077554319	12.6514832828
361	30.718506445	62.6045609419	13.4635713004
362	41.9252812225	73.8800845615	14.374033224
363	59.0286226426	18.7692034043	12.8938039961
364	75.8659945868	27.2888943462	13.0291243871
365	23.960273074	51.6210833885	13.524664892
366	48.4538077304	53.1014119178	15.8136507152
367	88.1992757058	56.3089546477	12.8761618813
368	43.0287016462	83.0369887352	13.3369287225
369	80.3599719474	32.3415106624	12.8389381948
370	25.8503574649	42.2083495726	13.0483011826
371	50.1911832686	77.5065228304	15.4326567646
372	43.8139690619	66.9475850121	14.5492232369
373	58.4199631023	71.0525797939	15.1768277399
374	37.2564615349	72.6566596265	14.246949053
375	67.5711558623	77.7705579322	14.3020353933
376	60.9511623983	26.8705418282	14.0648963607
377	64.3617444875	47.3403398426	15.5796221495
378	51.9320808441	48.9824031394	15.7612273855
379	55.700132481	57.9103102598	16.500709631
380	81.5597626189	73.0416993521	14.2477885941
381	45.9056827378	75.8388823921	15.0006543359
382	65.3323565565	31.0057981162	14.8628618071
383	73.6473641157	37.4902760163	14.7563344361
384	34.9366302552	49.2677841202	15.5033300516
385	64.7189669283	68.3333987983	15.5889738583
386	78.0815958825	68.730560239	14.5133020344
387	71.0028343648	33.2679757299	15.0545229312
388	75.5460598267	41.5826449335	15.0194029805
389	32.0938622661	74.5534250502	14.4402448201
390	50.1802359023	19.7400000044	14.5227915495
391	44.4263475876	21.5044464226	14.3853730254
392	52.1664328489	29.0981056903	15.297972103
393	33.6827270834	30.5380289512	14.5328110253
394	49.6595654595	34.1902768325	15.4873120241
395	68.5915854745	54.0674308682	15.7211865288
396	84.6865972732	66.8568825199	14.5773657818
397	49.2721463566	69.1612601164	16.0757183295
398	62.8248861037	54.219590268	17.2265482652
399	67.4323385544	22.8477486675	14.4323231053
400	53.6783055203	34.3717088075	16.4829654813
401	83.150087563	38.5259787118	14.6268615473
402	29.1817204172	38.4749588854	15.2280971465
403	76.3542828361	45.5452470919	16.0046900451
404	47.8382325635	58.88931438	16.2040664899
405	85.7927322871	61.3710877496	15.0630883313
406	38.4507817617	79.3524761809	15.2062359177
407	56.4735391389	65.0781075078	17.2964654502
408	42.9860352198	37.487749871	15.8848308288
409	79.7456508339	59.208963371	16.0820027586
410	34.6780161629	60.7005868816	16.2238464802
411	50.915910905	64.8736762673	17.0031484573
412	58.2300928676	32.2815763537	16.6192092566
413	85.0067971665	45.7868805479	15.3356920044
414	40.0071195489	47.1907612136	17.0578557803
415	62.4056244795	64.3888522446	17.3152678287
416	46.281171354	37.3574249244	17.2834727327
417	34.8051418646	55.2832415528	16.7784655968
418	39.1094400583	69.281311293	16.8636606936
419	77.8228899087	77.2475760825	16.1997628456
420	67.8033689129	35.9181917369	16.7701190644
421	79.7291317122	54.5794473378	16.3704197668
422	76.4825600434	63.481444898	17.4061894879
423	60.028411056	80.3307891439	16.090980477
424	62.8135448868	32.8031068023	16.8227944797
425	39.6958975414	41.7959288933	16.4263129967
426	76.9087116401	51.2294989073	17.15341044
427	37.6392163791	65.4070001141	17.3617841642
428	57.0195918962	21.1483776951	16.1754514598
429	64.1089323765	22.8236245053	16.1421041107
430	27.1022068097	46.1222677287	16.2094042217
431	26.5088464316	63.4056428296	16.3602606036
432	53.945121463	76.9222677109	18.3440730177
433	44.3858993032	70.7080284375	18.1124095238
434	61.0433091696	84.6931456808	16.780713188
435	77.9533827977	33.2225716773	16.808258021
436	51.7362877597	38.9278580679	18.7947582586
437	31.4637975447	71.0681442469	17.2304692765
438	62.3254931891	76.6904094074	17.2713995027
439	48.8375456729	83.9409160117	16.0593824034
440	26.7018980511	55.9668364295	17.5729318053
441	74.1157730209	70.5335355475	17.6799925689
442	68.6554562373	75.4167108687	17.8512586095
443	41.2738617777	27.6359989621	17.629918736
444	72.8913206883	29.19654176	17.1769274332
445	61.5783123748	38.1581548462	19.3924585357
446	65.3897695111	38.5098709437	18.6800740778
447	44.8988587556	42.1215727715	18.4469476119
448	40.3783538564	52.9093919109	18.7124006618
449	41.3321195582	61.6066182188	18.9788692531
450	54.2886736351	84.8085590439	17.4880574256
451	68.9380026792	26.525036978	17.5388201521
452	57.9630746023	40.1061977657	19.5917717925
453	72.7648666868	47.5249912046	19.3990354711
454	85.0401646838	57.3583938674	17.8015932739
455	58.6494812848	75.8246749098	18.5871567791
456	69.8790741541	40.4099232201	19.036726031
457	74.8279149005	58.3810279017	18.5757520329
458	45.5909298772	25.2644487736	18.0628083398
459	43.548105492	47.4016192829	19.2902667192
460	72.8146504433	80.2139417248	17.8207485655
461	68.4293764762	49.8129186763	20.254695882
462	44.8388890317	81.0743572809	18.4500871914
463	50.6032623265	23.5140010749	17.9808499097
464	35.9962197564	32.3958487931	17.9658398651
465	84.4286667876	53.23618859	18.396686013
466	48.990762448	46.7690237497	20.8986795731
467	39.8177555589	58.0508083661	19.4388078408
468	47.7801200396	72.8357381348	19.637173487
469	32.7455643041	38.6769639453	18.3110528817
470	80.5671109148	40.0945597421	18.7730819681
471	28.2290768959	49.5924173658	18.4833141312
472	44.2383469612	51.5729710022	20.3524964278
473	68.7392365212	71.1459264345	19.9209694633
474	37.1538021187	76.196306247	18.5089307714
475	32.0037441804	45.4069080354	19.5717263718
476	79.2642819249	73.2109283646	19.0881966271
477	52.6455207955	42.3769577215	20.2075870218
478	68.5154777731	45.5358486362	20.245846161
479	82.4018801005	47.064201973	19.1403192005
480	82.1254209326	67.7664141683	18.7019632949
481	65.6930392781	82.3010235256	19.5854361766
482	46.2171603174	66.2603400903	20.6059482104
483	55.1721975429	72.1015353228	20.9687352822
484	36.9992770458	37.1571051256	20.0925647954
485	56.179715864	46.0305762596	21.6544135142
486	71.1508241819	56.5401165693	20.8194296014
487	29.615599752	58.8425905638	19.7893979916
488	54.1758119458	25.5800111991	20.1466442689
489	71.1840052665	64.3106315315	21.1921025579
490	31.1888128938	65.1615513113	19.8133347454
491	62.2458292381	25.8962608043	19.4756638011
492	39.893215002	34.1796254137	20.420688492
493	75.447545656	35.3508373035	20.2694663509
494	64.6917859594	45.3101748209	21.7368782573
495	45.4645748607	56.9142241822	21.2141857195
496	62.4731223058	72.9699161834	20.6320956439
497	31.1349411875	53.1268075562	20.6871164001
498	47.2925147912	61.8936439568	21.5271113863
499	65.8744332755	66.2266200619	21.8405859466
500	52.6793610097	68.7547890571	21.6407337428
501	50.469822677	51.769655872	22.4490685413
502	66.6757679637	54.8095492247	22.1039002256
503	82.5162004947	63.1997338089	20.3440209084
504	59.5060660285	67.9801335639	22.1474173065
505	44.7081625792	32.442202865	21.1441970179
506	59.0120978934	27.8807131125	20.9111690379
507	49.2392665456	29.4755385373	20.8123135549
508	61.3521390107	45.929187806	22.6323979229
509	62.941546787	58.9933773333	22.9888076924
510	69.2231589202	31.1484773054	20.9753758077
511	35.7709058264	43.0311513733	21.3488106067
512	62.9262374971	50.4532195483	22.5744693022
513	35.3438465098	69.522453739	21.4541802422
514	50.54423636	81.1179797914	21.4068696158
515	57.7799982474	82.3361253039	21.3035813793
516	51.055300917	57.7950901134	22.6486537821
517	42.6154836072	76.6510842696	21.6465009475
518	72.988651292	76.794388895	21.5945244025
519	66.7371469527	59.9103274782	22.4543244753
520	56.1995370913	30.8613658987	22.4264147252
521	54.8145411601	55.1672181545	23.2821511662
522	81.1976923525	58.902216877	21.8118308136
523	53.654248852	63.2200813629	23.033434705
524	46.9935362579	78.4619639009	22.1229899069
525	34.0801922592	57.9378412594	22.9880185973
526	57.5400675157	59.6448636249	23.2164178336
527	40.3078640648	73.0475767103	22.8018211196
528	72.7925849337	36.5062120165	22.3396642481
529	79.5047688815	48.0128966671	22.4714150471
530	35.8234259442	50.2829884947	22.7400045517
531	60.4635159316	64.5395000029	23.1969115586
532	77.6013244016	68.5929139209	22.9350440911
533	63.7053728884	32.0706263722	22.7441977743
534	76.0169873117	41.6783588674	22.859402568
535	60.4146713471	53.7790756289	23.8894156403
536	79.9307434808	55.0567921732	22.8331134433
537	67.1461006814	78.9947176423	22.762913743
538	46.6865790416	36.1347934126	23.3261503744
539	41.6957574897	39.0542510923	22.930317353
540	34.216424089	64.2273862427	22.8392977329
541	74.5635679244	72.8508659288	23.5719967323
542	39.8029528467	46.0222075408	24.2066254842
543	68.9421992463	36.3981428222	24.0052754755
544	54.1643354362	34.2053071018	23.7965222962
545	54.7250381889	79.4793741213	24.3457959814
546	49.8752170029	34.3782520496	23.4366759778
547	37.4745801991	62.3748902032	24.5087044832
548	39.9529683968	67.3138249805	24.3210133516
549	76.9269705694	63.8192964951	24.7480361734
550	60.9590155882	78.0532806845	24.7221234756
551	47.2263418177	41.2632465332	25.0388480043
552	39.0064512084	53.1114089888	24.9488454882
553	58.8080078615	36.5611695641	25.1138381365
554	65.6807076695	38.7487246943	25.4476996764
555	75.0978192508	53.0992521989	25.407790578
556	71.3374736853	42.8104548536	25.3570757576
557	76.0442326883	58.4213264963	25.4506092862
558	69.5707217277	74.1333668814	25.1852343973
559	51.5827051059	38.5593705618	25.6180902954
560	43.4498847235	43.9988000027	25.1601081541
561	73.194682579	48.4301139087	25.876933868
562	47.4228189781	74.7783459684	24.6959278495
563	39.0956551642	59.7418671394	25.6345015542
564	51.2201533192	74.8752931639	25.8362935305
565	44.0128146154	49.8922558182	26.5538698823
566	71.0294786247	68.6410134897	26.5608056483
567	64.8171244418	73.0875105506	26.5944874449
568	50.4579837681	44.4079303446	27.0803581528
569	46.7896697022	69.7061787075	26.2986056187
570	67.5666265311	44.4456806792	26.7049654711
571	43.110596972	64.3771875367	26.3795173525
572	57.2617534814	75.2448513241	26.4612279983
573	42.4732568718	55.5831974308	26.5260980072
574	73.2248149041	61.9988513023	26.4514186704
575	46.885478223	47.6013947242	27.6038641333
576	62.3991232283	42.8652008027	27.1447233406
577	54.1374000141	41.2255401136	27.0292011497
578	58.4033283243	42.234399507	27.3230744239
579	70.4575853507	59.2284822571	27.5109388183
580	44.769354347	59.3272092467	27.6675431043
581	48.6008968185	63.2851120564	28.0938564582
582	54.7778845763	70.1481411839	27.9818113505
583	67.8056809382	65.552613213	28.2002368382
584	53.2515403123	66.6797037524	28.1525574015
585	62.3745082079	68.1588397363	28.2058986283
586	60.020915235	71.5048036186	27.6777854597
587	54.8876615956	46.5453658493	28.296106552
588	68.0924471844	54.9146468424	28.5519134354
589	64.822244807	62.0293877072	28.5429859149
590	67.8268516168	49.8182715553	27.8635663351
591	47.6111992414	53.8605467371	28.4487394337
592	59.4751587758	65.320887973	28.8146392008
593	59.9090212365	48.8266102062	29.0761943037
594	52.3666784251	52.0053536401	29.1194338981
595	60.8462390772	56.0558730711	29.4476935516
596	58.2592123588	62.231616686	29.0314369744
597	64.3734161553	50.6492226079	28.8313097825
598	50.3905597862	56.7060589135	29.530251187
599	56.2868474322	57.423624482	29.6443901658
600	52.7112158367	61.47056073	29.2779866049
601	57.2290295882	51.4420302432	29.7642582623
602	63.1432310726	59.0798984683	29.8782516828
