1	412275.722755
2	76.7244092852
3	110.713999838
4	105.168484776
5	39.8001125306
6	82.1815887098
7	81.3767528954
8	169.997028121
9	137.98026682
10	85.7837197329
11	151.466174247
12	111.155678029
13	41.0171813231
14	81.8773215117
15	125.32864042
16	154.85237371
17	110.890671115
18	43.2942777737
19	196.478089429
20	85.773904662
21	230.624721117
22	71.7874286186
23	113.8646376
24	86.0585417183
25	125.681982973
26	61.756426151
27	13.8883253343
28	26.7068079397
29	98.8279489692
30	164.775410398
31	274.684574422
32	131.531765234
33	49.74277936
34	201.581926301
35	17.4217508611
36	75.9097583998
37	140.561630469
38	92.0555500429
39	82.7017874679
40	176.661461267
41	85.2635209748
42	109.182848777
43	97.679585673
44	186.231155402
45	161.997745331
46	44.8156137644
47	10.6984272893
48	37.7389476399
49	91.3488649376
50	82.2110339225
51	83.1532807297
52	91.2899745121
53	34.9416524313
54	25.4602939345
55	113.040171643
56	91.6531321357
57	315.240447412
58	175.306981482
59	84.3801645931
60	1110.1041498
61	16.9506274575
62	81.6908351644
63	580.669409968
64	275.675896583
65	33.911069986
66	135.49705388
67	529.739007028
68	39.1326877088
69	93.7535573099
70	193.278376314
71	110.979006753
72	35.187029204
73	235.080763309
74	403.085332036
75	183.738127391
76	262.562961851
77	90.6519949031
78	12.8773730308
79	592.211933355
80	137.911561323
81	13.5938732071
82	206.126304132
83	106.807601617
84	200.119480736
85	148.452947478
86	35.9329745929
87	130.049689526
88	180.881941757
89	74.2117511328
90	116.279145043
91	92.2518514611
92	160.319368206
93	117.76122075
94	121.697064184
95	116.769898588
96	90.4458784141
97	23.7230263838
98	192.552061066
99	126.211996802
100	131.561210446
101	152.634167685
102	124.994928009
103	15.4685517505
104	250.470794493
105	119.341447166
106	34.5981249495
107	45.7480455006
108	101.801915454
109	103.136765098
110	166.434157381
111	52.0493210233
112	105.00162857
113	30.2696786792
114	172.470425989
115	127.81185336
116	8.02872800246
117	118.340309934
118	155.578688957
119	167.327328834
120	475.029801789
121	142.141856885
122	221.02558177
123	228.426145234
124	230.487310125
125	495.37644378
126	352.920504627
127	275.20477318
128	112.775164729
129	255.456850514
130	190.942389438
131	151.456359176
132	169.732021206
133	190.86386887
134	144.369877981
135	173.059330244
136	171.645960033
137	153.497893925
138	205.988893139
139	224.343075736
140	165.648951709
141	181.55918165
142	236.729695222
143	322.57230538
144	387.813081703
145	234.22685214
146	252.551589525
147	217.865128937
148	140.728486674
149	167.553075465
150	214.302258198
151	176.749796905
152	128.970031727
153	133.897197322
154	238.152880503
155	156.766312537
156	182.108825621
157	160.319368206
158	241.117031918
159	195.575102906
160	195.467137126
161	260.256420187
162	346.413112615
163	144.811556172
164	207.520044201
165	242.01020337
166	188.900854689
167	159.877690015
168	142.779836494
169	237.318599476
170	184.120915157
171	210.32715448
172	110.596218987
173	125.583832263
174	163.695752598
175	98.6120174092
176	160.554929907
177	168.711253832
178	161.624772636
179	169.732021206
180	301.440457716
181	170.909829715
182	265.311181705
183	152.14341414
184	307.466911253
185	194.996013722
186	280.946589661
187	283.253131324
188	418.318322084
189	157.580963422
190	221.231698259
191	136.321519836
192	103.971046125
193	177.476112152
194	125.534756909
195	72.9554220566
196	174.894748504
197	328.569313705
198	135.055375689
199	255.034802465
200	123.071174111
201	123.797489358
202	116.89749451
203	169.722206135
204	159.799169448
205	107.435766155
206	270.12056645
207	754.798582941
208	243.531539361
209	233.402386184
210	209.002119908
211	168.58365791
212	270.238347301
213	117.476583694
214	220.152040459
215	86.5492952637
216	188.596587491
217	340.769446843
218	192.738547414
219	219.042937446
220	170.782233793
221	103.470477509
222	138.255088805
223	114.787254265
224	180.018215517
225	262.66111256
226	511.59094092
227	97.9838528711
228	421.655446193
229	250.853582258
230	181.745667997
231	143.162624259
232	131.590655659
233	157.394477075
234	580.728300393
235	79.7965264793
236	182.236421542
237	243.30579273
238	100.88911386
239	146.735310069
240	183.011812144
241	199.7268779
242	195.84010982
243	222.625438327
244	136.341149978
245	185.701141573
246	326.949827005
247	143.761343584
248	217.070108194
249	168.819219612
250	120.646851597
251	226.472946123
252	199.952624531
253	232.823297001
254	116.053398412
255	135.447978526
256	124.504174464
257	302.176588034
258	154.42051059
259	36.6592898401
260	192.925033761
261	104.972183357
262	261.394968413
263	170.242404893
264	151.220797474
265	175.915515878
266	120.646851597
267	190.363300254
268	108.122821119
269	248.488150169
270	175.267721198
271	114.993370754
272	184.444812497
273	220.152040459
274	243.73765585
275	244.964539713
276	99.80945606
277	204.70311885
278	125.740873398
279	83.1630958006
280	223.705096127
281	105.021258712
282	239.919593267
283	162.547389302
284	209.924736573
285	239.026421814
286	118.418830501
287	113.383699125
288	173.687494782
289	215.646922912
290	137.65636948
291	102.106182652
292	157.806710053
293	299.359662684
294	160.338998347
295	140.169027632
296	101.232641342
297	185.004271538
298	231.115474663
299	108.338752679
300	248.733526942
301	125.122523931
302	246.152163293
303	197.24366496
304	290.683140001
305	180.970277395
306	116.298775185
307	141.788514332
308	165.99247919
309	143.270590039
310	180.607119772
311	219.033122375
312	196.311233224
313	202.602693676
314	152.918804741
315	183.001997073
316	239.762552132
317	105.678868463
318	189.401423305
319	177.849084847
320	167.769007025
321	313.650405925
322	161.732738416
323	148.776844818
324	227.63112449
325	169.094041597
326	261.601084902
327	102.861943112
328	236.651174655
329	224.460856587
330	175.346241765
331	226.816473605
332	151.358208467
333	147.059207409
334	183.335709484
335	128.233901409
336	109.045437784
337	152.46731148
338	151.682105807
339	201.444515309
340	237.456010469
341	243.747470921
342	120.264063832
343	110.036759946
344	192.228163726
345	128.538168607
346	152.123783998
347	319.294071697
348	252.463253887
349	242.834669326
350	112.686829091
351	330.78751973
352	233.647762957
353	208.354325228
354	154.626627079
355	244.92527943
356	209.846216006
357	158.650806151
358	212.682771498
359	209.1395309
360	191.148505927
361	175.82718024
362	196.841247053
363	125.309010278
364	125.083263647
365	237.338229618
366	251.756568781
367	162.007560402
368	169.604425284
369	174.610111447
370	136.135033489
371	111.881993276
372	108.417273246
373	216.441943656
374	92.6640844392
375	207.029290655
376	162.665170153
377	133.269032784
378	141.130904581
379	267.382161666
380	178.290763038
381	157.512257926
382	188.743813554
383	143.250959897
384	286.119132029
385	166.689349225
386	125.044003364
387	143.682823017
388	177.211105238
389	158.807847286
390	183.07070257
391	166.345821743
392	148.619803684
393	249.921150522
394	200.512083573
395	136.36078012
396	145.056932944
397	62.6201523909
398	231.321591152
399	57.1629729662
400	184.444812497
401	151.191352262
402	251.599527647
403	157.109840019
404	160.888642318
405	188.508251852
406	313.081131812
407	221.594855882
408	133.151251933
409	115.837466852
410	218.827005886
411	190.274964616
412	263.41687302
413	255.927973917
414	139.953096072
415	157.55151821
416	97.5323596094
417	188.321765505
418	138.431760082
419	161.713108275
420	131.198052823
421	94.3228314226
422	232.980338135
423	143.92819979
424	96.7569690077
425	159.789354377
426	215.607662629
427	114.021678734
428	181.627887146
429	152.643982756
430	157.080394806
431	242.756148759
432	254.98572711
433	164.588924051
434	185.602990864
435	177.417221727
436	180.577674559
437	224.038808538
438	104.609025734
439	182.491613386
440	191.796300607
441	255.810193066
442	165.413390007
443	256.615028881
444	184.758894766
445	154.803298356
446	128.125935629
447	181.461030941
448	154.440140732
449	221.555595599
450	122.590235637
451	123.876009926
452	246.799957973
453	270.405203506
454	114.08056916
455	112.284411184
456	207.068550939
457	199.520761411
458	120.381844682
459	123.149694678
460	122.492084928
461	194.505260177
462	162.802581145
463	141.690363623
464	166.944541068
465	197.273110173
466	265.517298194
467	114.070754089
468	125.416976058
469	125.456236342
470	220.780204997
471	122.786537055
472	141.091644298
473	181.784928281
474	111.459945227
475	216.010080536
476	146.686234715
477	176.278673502
478	76.4103270161
479	160.093621575
480	140.35551398
481	249.783739529
482	251.206924811
483	221.055026982
484	130.776004774
485	192.05149245
486	242.667813121
487	130.962491121
488	148.403872124
489	232.568105157
490	204.497002361
491	203.711796688
492	120.852968086
493	155.588504028
494	151.456359176
495	168.848664824
496	209.728435155
497	183.541825973
498	174.168433256
499	267.391976737
500	159.426196753
501	242.108354079
502	167.553075465
503	186.937840507
504	184.150360369
505	157.296326366
506	126.800901056
507	237.043777491
508	112.284411184
509	193.219485888
510	157.845970337
511	202.32787169
512	165.138568021
513	203.024741725
514	161.752368558
515	259.490844657
516	206.21463977
517	143.133179046
518	188.547512136
519	81.8184310862
520	180.724900623
521	130.569888285
522	164.000019796
523	183.129592995
524	118.202898941
525	229.476357821
526	216.373238159
527	241.804086881
528	112.284411184
529	254.161261154
530	209.630284446
531	69.5201472389
532	217.128998619
533	238.673079262
534	217.835683725
535	152.506571763
536	146.342707233
537	206.028153423
538	114.4044665
539	256.094830123
540	102.675456765
541	132.817539522
542	211.544223273
543	168.377541421
544	128.79336045
545	126.035325525
546	92.2812966738
547	111.626801433
548	238.427702489
549	200.91450148
550	173.049515173
551	195.604548119
552	207.951907321
553	269.786854039
554	185.288908595
555	256.92911115
556	173.157480953
557	153.537154208
558	162.302012529
559	148.560913258
560	127.772593076
561	243.511909219
562	103.087689743
563	108.593944522
564	205.517769735
565	142.750391281
566	225.619034954
567	217.413635676
568	152.771578678
569	282.104768028
570	176.072557012
571	172.784508258
572	181.784928281
573	207.274667428
574	123.620818082
575	140.002171427
576	240.135524827
577	73.3971002475
578	97.0121608513
579	183.757757533
580	179.812099028
581	226.6496174
582	215.568402345
583	171.449658615
584	133.386813635
585	165.325054369
586	110.772890264
587	258.55841292
588	220.70168443
589	211.328291713
590	97.2771677658
591	136.027067709
592	94.6369136916
593	176.573125629
594	253.964959736
595	194.937123297
596	166.31637653
597	161.536436998
598	124.504174464
599	162.773135933
600	158.729326719
601	86.9418981
602	85.459822393
