513
2
3
4
5
6
520
9
10
524
514
527
16
529
530
19
532
533
534
536
537
538
27
540
541
542
517
544
545
546
547
548
37
550
551
552
553
554
555
556
557
558
47
560
561
562
563
564
565
566
567
56
569
570
571
572
61
574
575
576
577
578
579
580
581
582
71
584
585
586
587
588
589
590
525
592
81
594
83
596
597
598
599
600
601
90
95
528
101
108
111
515
113
114
115
116
117
119
121
127
130
139
147
149
152
156
157
158
161
539
164
167
170
185
543
189
193
199
518
203
205
209
211
212
218
221
549
227
231
232
233
237
242
243
248
252
254
266
269
270
272
277
281
559
285
289
290
292
294
300
301
602
310
311
223
316
573
309
320
522
323
328
330
331
335
568
591
352
353
315
356
358
359
363
364
365
367
368
369
370
380
389
390
391
393
396
399
401
402
405
406
413
419
583
428
429
430
431
434
435
437
439
440
443
444
450
451
454
458
460
462
463
464
465
469
470
471
474
475
476
479
480
481
484
487
488
490
491
492
493
593
497
595
503
505
506
507
510
511
