512
513
2
3
4
5
6
9
522
523
514
527
16
17
530
533
23
516
539
541
517
548
683
550
551
552
553
43
556
564
54
521
568
60
573
574
575
576
577
579
580
581
582
71
584
599
587
610
591
592
593
594
595
84
598
87
88
601
603
604
606
607
608
97
98
612
613
614
615
616
617
618
619
620
621
622
111
112
625
626
627
116
629
118
119
120
121
122
635
124
125
638
127
640
641
642
131
132
645
646
647
648
649
650
535
652
653
654
143
144
145
146
147
148
661
662
151
664
153
666
155
668
669
670
159
672
624
162
675
676
677
166
167
680
169
682
171
172
185
543
191
192
196
630
198
202
631
206
208
632
213
633
218
220
221
224
226
636
234
637
240
242
244
673
639
256
395
259
264
265
266
270
272
643
278
644
282
623
287
288
555
293
295
296
305
306
309
658
313
319
323
566
326
329
567
332
337
338
659
344
345
346
347
350
656
356
357
657
360
362
365
370
371
609
660
380
384
386
387
388
394
663
628
398
678
404
405
375
665
679
414
415
667
420
421
429
430
433
436
439
655
442
671
446
453
454
455
651
460
674
462
463
467
470
476
477
478
479
634
485
488
489
491
495
497
498
501
681
504
505
506
509
