1	512	513	2	3	4	5	6	9	522	523	514	527	16	17	530	533	23	516	539	541	517	548	683	550	551	552	553	43	556	564	54	521	568	60	573	574	575	576	577	579	580	581	582	71	584	599	587	610	591	592	593	594	595	84	598	87	88	601	603	604	606	607	608	97	98	612	613	614	615	616	617	618	619	620	621	622	111	112	625	626	627	116	629	118	119	120	121	122	635	124	125	638	127	640	641	642	131	132	645	646	647	648	649	650	535	652	653	654	143	144	145	146	147	148	661	662	151	664	153	666	155	668	669	670	159	672	624	162	675	676	659	166	167	680	169	682	171	172	185	543	191	192	196	630	198	202	631	206	208	632	213	633	218	220	221	224	226	636	234	637	240	242	244	673	639	663	256	259	264	265	266	270	272	643	278	644	282	623	287	288	555	293	295	296	305	306	309	658	313	319	323	566	326	329	567	332	337	338	609	344	345	346	347	350	656	356	357	657	360	362	365	677	370	371	375	660	380	384	386	387	388	394	395	628	398	678	404	405	665	679	414	415	667	420	421	429	430	433	436	439	655	442	671	446	453	454	455	651	460	674	462	463	467	470	476	477	478	479	634	485	488	489	491	495	497	498	501	681	504	505	506	509
2	1	202	3	266	145
3	224	1	2	6	266	145	185
4	288	1	259	5	225	202	144	123
5	288	1	4	225	8	10	145	260	123	202
6	1	3	7	13	145	185	124
7	6	8	13	15	145	217	185	124
8	225	260	5	7	10	14	15	145	217	154	254
9	16	1	18	171	146
10	225	267	260	5	8	201	11	14	210	19	154	123	254
11	225	135	201	10	267	12	14	241	19	123
12	171	135	296	11	146	144	209	18	259	21	241	123
13	230	229	6	7	15	20	22	185	180	217	124	126	127
14	8	10	11	210	19	24	154
15	230	7	8	13	175	22	217	154	271	254
16	1	171	9	139	18	23	218
17	192	1	132	168	140	20	27	127
18	171	9	139	12	16	209	21	218	29	245
19	194	135	201	10	11	14	210	24	25	26
20	33	231	168	140	13	237	17	180	22	126	127
21	161	37	135	12	176	209	18	245	25	29
22	32	230	136	13	15	271	20	222	175	28	126
23	1	34	139	172	226	16	218
24	194	211	136	14	175	210	19	26	303	154	30
25	161	194	37	135	19	21	246	26	31
26	194	19	24	25	30	31
27	132	40	168	42	203	140	238	272	17	242	155
28	32	36	136	222	22	126
29	245	133	139	176	18	21	247	156	37
30	194	35	38	136	211	24	26	31
31	161	194	37	38	39	298	211	246	25	26	30
32	35	36	390	391	136	300	44	45	175	222	243	181	22	186	283	28	349	126	351
33	36	204	41	42	140	50	243	20	219	126
34	226	139	133	43	172	51	23	197
35	32	38	136	44	46	211	186	30
36	32	33	283	41	45	48	243	181	56	219	28	349	126
37	161	39	205	47	176	21	25	156	29	31
38	290	35	39	298	46	49	211	215	186	30	31
39	161	290	291	37	38	298	47	49	246	215	252	31
40	155	214	42	203	272	147	52	54	55	234	27	157
41	48	33	50	219	36
42	33	289	40	204	203	140	50	52	214	27	157
43	1	34	172	206	51	60
44	32	35	45	46	181	58	186
45	32	36	44	48	181	56	58
46	35	38	215	44	49	277	186	58	61
47	161	227	37	65	39	205	49	291	59	252	325
48	283	36	41	45	50	56	219	62
49	65	66	227	38	39	46	47	215	249	252	61
50	64	33	41	42	204	48	273	219	157	62
51	34	133	43	172	206	197	63	60	190	69
52	67	228	40	42	55	157
53	193	292	133	205	248	57	156	190	63
54	1	162	40	147	55	191
55	162	67	228	214	40	329	234	147	52	54	293	157	191
56	36	72	45	48	181	58	283	62
57	193	68	70	235	205	53	248	59	156	63
58	173	400	277	534	283	416	417	44	45	46	456	181	56	569	186	571	445	62	502	72	73	78	349	528	492	61	374	250
59	65	227	68	235	236	205	47	248	57
60	1	69	71	43	206	51	151
61	66	355	487	173	78	461	400	49	334	46	215	249	58	252	277
62	129	399	273	274	409	283	157	158	301	431	48	50	440	58	445	64	72	56	219	349	492	250	255
63	193	69	70	76	79	51	53	57	207	190	133
64	129	67	228	274	50	157	62	255
65	66	227	68	74	47	49	216	249	59
66	65	355	74	173	78	49	334	215	216	249	252	61
67	64	129	162	228	257	330	77	80	274	52	55	148	157
68	65	227	70	249	74	75	236	182	235	216	57	59
69	256	71	188	206	79	51	151	207	60	190	63
70	193	235	68	232	236	75	76	268	57	63
71	1	151	60	69	87
72	73	81	62	56	58	250	158
73	352	321	456	549	519	72	299	173	78	493	81	178	149	250	58	411	540	90	158
74	65	66	68	182	78	82	86	216	187
75	68	70	232	236	76	268	177	83	182
76	193	70	232	75	239	79	177	83	89	207	188	63
77	129	67	134	257	299	301	366	431	80	274	432	85	376	253	158
78	472	279	284	163	173	302	434	58	187	61	66	73	74	461	334	335	340	86	471	216	91	92	94	99
79	69	220	87	76	174	207	151	89	188	63
80	97	67	326	134	257	360	433	77	366	253	376	148	85	278	88	189	159
81	72	73	85	90	158	149
82	182	74	83	86	152	187	93
83	170	75	76	177	82	182	152	89	93	95
84	1	87
85	96	134	77	80	81	149	158
86	187	74	78	82	152	91	92
87	1	98	71	169	174	79	84	151	220
88	1	326	97	221	80	148	189	159
89	76	174	79	177	83	239	188	95
90	73	141	173	81	178	149
91	99	104	78	163	86	92	94
92	163	100	104	78	187	86	279	152	91	223
93	100	102	170	177	82	83	150	152	95
94	128	99	165	173	78	91	284
95	102	103	170	269	174	177	83	89	93
96	164	101	134	275	261	107	178	179	149	183	85
97	160	1	134	221	80	183	88	153	189	159
98	1	169	87
99	322	163	165	262	104	105	78	212	340	91	284	94
100	163	262	104	106	285	184	150	170	152	92	93	223
101	96	128	164	107	141	178
102	258	103	170	142	150	93	95
103	258	102	166	169	170	269	142	244	174	345	122	287	95
104	99	100	262	105	106	110	163	212	150	184	91	92
105	99	165	294	104	109	110	113	212	184
106	104	100	150	110
107	96	128	164	101	199	137	263	108	114	115	276	281	179
108	160	263	196	295	199	392	394	107	208	114	179	281	312	164	282	380	377
109	128	130	195	165	294	105	113	137
110	104	105	106	113	150	233	184	200	138
111	160	1	208	114	116	153	282
112	1	122	166
113	130	195	294	200	105	138	109	110	117	184
114	160	196	199	107	108	111	208	115	116	119
115	130	199	137	107	114	119	125
116	1	196	111	208	114	119
117	130	167	200	265	138	270	143	113	121
118	1	138	142	213	120	122
119	1	196	199	264	114	115	116	309	125
120	1	167	138	213	118	121
121	120	1	167	117	143
122	1	166	103	142	112	244	213	118
123	288	225	259	4	5	10	11	12	144	241	146	267	356
124	224	1	131	229	6	7	13	240	180	185	251	127
125	1	130	199	264	265	143	115	119
126	32	33	36	230	140	13	237	243	20	22	180	28	222
127	192	1	131	231	168	297	13	240	17	20	180	251	124	319
128	321	164	101	137	107	141	109	173	276	335	284	94	165
129	64	67	77	301	274	158	62	255
130	195	199	200	137	109	143	336	113	115	308	117	265	125	264
131	192	1	224	240	124	127
132	192	1	155	168	238	17	242	313	27
133	34	292	197	139	172	51	53	247	156	29	190	63
134	96	97	299	77	253	80	275	149	183	189	158	85
135	161	194	310	241	201	11	12	176	209	19	21	246	311	25
136	32	35	300	175	211	222	22	24	186	303	28	30
137	128	263	130	195	165	199	107	109	115	276
138	150	142	200	233	167	110	113	270	117	118	120	213
139	34	133	247	226	16	18	245	23	370	218	346	29	197
140	320	33	289	219	231	168	42	203	204	237	238	17	243	20	373	354	27	126	351
141	128	321	164	101	173	178	276	341	281	90	261
142	258	324	118	102	103	233	138	337	244	213	150	393	345	122
143	1	130	167	265	270	117	121	125
144	1	259	4	12	146	123
145	1	2	3	260	5	6	7	8	202	362	217	185	266	286
146	1	259	296	9	171	12	144	241	332	123
147	1	40	234	54	55	155	191
148	1	162	67	326	198	257	80	278	88	159
149	96	352	134	73	299	81	178	275	85	90	158
150	258	100	102	104	233	106	110	285	142	138	170	184	324	93
151	256	1	69	71	188	206	79	220	87	207	60
152	100	182	170	285	177	82	83	317	86	280	187	92	93	223
153	160	1	323	97	111	221	282	189	159
154	8	10	14	175	271	303	210	24	15	254
155	1	132	40	234	272	242	147	27
156	161	292	133	205	176	53	247	248	57	314	29	37
157	64	289	67	228	328	40	42	204	274	273	50	52	214	55	62	255
158	129	134	72	73	299	77	301	81	85	250	62	149
159	1	326	198	97	80	148	278	88	153	221
160	97	323	108	111	208	114	179	183	312	153	282	189
161	304	291	37	39	135	205	47	176	21	246	25	156	31
162	1	67	228	293	198	257	360	330	375	148	54	55	191
163	99	100	262	104	78	212	279	340	91	92	223
164	96	128	101	107	108	141	178	179	276	281	261
165	128	322	99	294	327	105	109	335	195	212	137	276	284	94
166	1	103	169	174	112	244	122	287
167	1	138	270	143	117	120	121	213
168	192	132	231	203	140	238	17	20	313	27	127
169	1	98	166	103	174	87	220	287
170	258	100	102	103	269	285	177	83	150	152	93	280	95
171	1	296	9	12	146	16	209	18	245	218
172	1	34	133	43	226	206	305	51	23	197
173	128	141	400	277	411	412	602	549	284	562	178	58	571	590	61	321	66	456	73	586	461	78	335	334	540	472	90	94	487
174	166	103	169	269	79	287	177	220	87	89	239	188	350	95
175	32	438	390	136	428	300	15	464	303	22	24	154	271	222
176	161	310	37	135	311	205	304	209	21	246	247	314	156	29	245
177	331	232	361	170	75	76	269	174	239	280	83	182	152	89	367	93	95
178	96	321	164	101	73	141	173	352	275	149	90	261
179	96	160	164	261	107	108	183	312	281
180	229	230	231	297	13	237	20	333	251	124	126	127
181	32	36	391	300	44	45	374	56	58	283	186
182	331	68	307	232	268	74	75	236	302	177	82	83	152	187	216	317	280
183	96	97	261	134	275	160	253	179	372	312	189
184	100	294	262	104	105	110	113	212	150	233	324	200	285	318
185	224	1	3	229	6	7	266	13	145	217	124	286
186	515	390	391	136	44	277	407	537	32	290	35	38	298	300	46	181	58	416	211	215	348	500	374	381
187	182	74	78	216	82	307	302	86	279	152	92	317	223
188	256	69	232	316	76	174	79	151	344	89	207	220	239	350
189	160	97	323	326	134	453	398	253	80	312	372	183	88	153	221	376
190	193	197	292	133	395	206	207	305	306	51	53	343	248	63	69
191	1	162	293	198	234	147	54	55
192	1	131	132	231	168	240	17	313	319	127
193	70	232	268	235	76	207	53	343	248	57	315	316	190	63
194	358	211	135	201	298	459	210	19	246	311	24	25	26	381	30	31
195	368	130	165	294	199	200	137	263	109	336	113	276	327	308
196	1	199	295	108	208	114	116	309	119
197	34	292	133	139	172	226	206	305	370	51	247	190
198	1	162	293	257	360	148	278	159	191
199	384	295	130	195	196	263	264	137	107	108	462	336	114	115	309	119	377	125
200	130	195	324	294	233	138	365	110	113	270	387	308	117	265	184	318
201	225	194	267	342	358	135	10	11	241	210	19	310	311
202	288	1	2	4	5	266	145	260	362
203	289	354	347	40	42	140	238	272	168	242	214	27
204	33	354	289	328	42	140	273	50	219	157
205	161	227	292	37	359	235	304	47	176	291	53	248	57	314	59	156	325
206	256	1	69	43	172	207	305	306	51	151	60	190	197
207	256	193	69	421	232	316	343	76	206	79	306	151	344	188	190	63
208	160	1	196	295	394	108	111	114	116	282
209	135	296	332	171	12	176	241	18	21	310	245
210	10	267	14	19	24	154	413	298	303	437	457	194	201	459	211	342	348	358	490	369	381	254
211	194	35	38	136	298	300	290	303	210	24	186	348	30	31
212	322	99	165	262	104	105	364	294	163	184	318
213	1	167	233	138	142	337	244	270	118	120	122
214	289	228	40	329	42	203	272	371	55	234	157
215	66	38	39	290	46	49	277	186	252	61
216	65	66	379	68	74	236	78	307	334	302	182	249	187
217	353	260	229	230	7	8	363	13	15	385	145	339	286	185	271	254
218	1	226	171	296	139	16	18	245	23	346
219	522	140	273	283	543	33	36	41	48	50	440	62	373	451	328	204	349	351	354	497	243	501
220	256	1	169	151	174	79	87	239	188	350	287
221	1	323	326	97	88	153	189	159
222	32	481	390	389	230	391	136	428	300	237	444	175	243	22	441	271	28	349	126	351
223	163	100	262	364	302	317	279	152	187	92	285
224	1	3	229	266	240	338	131	185	251	124	357
225	288	259	4	5	363	8	201	10	11	356	369	404	342	267	260	123
226	1	34	197	139	172	305	370	23	218	346	247
227	65	68	325	422	359	235	236	205	47	49	249	59	252	383
228	64	289	162	67	293	328	329	330	375	274	371	52	214	55	442	157
229	224	357	230	266	13	338	339	180	185	217	251	124	286
230	353	229	297	339	523	333	13	430	15	271	237	180	222	22	217	506	251	463	126	389
231	192	320	168	297	140	237	238	333	180	313	20	319	127
232	193	418	315	70	423	268	75	76	207	177	182	316	331	239	188	361
233	324	200	138	142	337	270	110	150	184	318	213
234	1	293	40	329	272	147	214	55	155	191
235	193	227	68	70	359	268	236	205	248	57	314	59	315	383
236	227	68	70	379	75	268	307	182	235	216	249	59	383
237	320	373	389	230	231	140	333	243	180	126	20	378	222	351
238	320	354	347	132	231	168	203	140	242	313	27	414
239	361	386	232	220	76	269	174	367	177	316	89	188	350	287
240	192	1	131	357	297	224	319	251	124	127
241	259	356	342	358	135	296	201	11	12	209	146	405	310	425	267	332	123
242	1	155	132	203	238	272	313	347	27
243	32	33	36	140	237	222	219	349	126	351
244	1	258	166	103	142	337	213	345	122	287
245	304	139	406	296	171	439	176	209	18	21	310	247	218	346	29	382
246	161	194	291	407	39	298	135	304	176	311	408	25	381	31
247	304	226	292	197	139	346	176	370	245	314	156	29	382	133
248	193	315	292	359	316	235	268	205	396	53	343	57	314	59	156	443	190
249	65	66	227	68	325	422	236	334	49	355	216	474	379	252	61	383
250	417	547	518	72	73	299	492	301	493	456	62	534	409	58	158
251	224	229	230	357	297	240	339	180	124	127
252	449	66	227	325	39	426	355	290	47	49	291	277	215	249	61
253	432	134	299	77	80	466	275	372	183	376	189
254	385	363	260	369	8	10	267	15	303	210	217	154	271	413
255	64	129	328	301	399	273	274	157	62
256	1	69	220	206	207	306	151	344	188	350
257	162	67	198	360	330	77	366	80	274	148	278	375
258	324	102	103	393	170	269	142	244	150	280	345	285
259	288	1	4	225	332	267	12	144	241	146	405	356	123
260	288	225	363	5	369	8	10	267	145	362	286	217	202	254
261	96	321	392	164	275	452	141	402	352	178	179	372	341	183	312	281	411
262	322	99	100	104	364	163	212	279	184	340	285	318	223
263	295	195	199	137	107	108	336	276	309	377	281	380
264	384	1	130	199	265	462	336	308	309	119	125
265	384	1	130	200	365	270	143	264	308	117	125
266	224	1	2	3	229	202	145	338	185	362	286
267	225	259	260	369	201	10	11	241	210	342	356	123	254
268	193	418	235	70	232	379	75	236	401	307	182	248	331	315	383
269	258	454	103	361	170	386	174	239	177	367	393	280	345	287	95
270	1	387	324	167	200	233	138	365	143	337	117	265	213
271	353	438	389	230	385	428	175	464	303	254	22	217	154	15	413	222
272	1	155	289	40	329	234	203	242	371	214	347	27	415
273	283	328	204	349	50	451	399	440	445	219	157	62	255
274	64	129	67	228	257	328	330	77	366	301	431	409	399	157	62	255
275	96	352	452	261	134	299	466	432	178	372	149	183	411	253
276	128	321	327	195	164	165	263	137	107	141	335	336	403	341	377	419	281	412	435
277	515	400	407	542	416	290	426	173	46	569	58	61	449	578	583	586	588	589	611	215	602	186	355	487	252
278	1	326	198	257	360	80	433	148	159
279	163	262	364	78	468	334	302	471	340	410	187	92	317	223
280	258	424	393	170	331	269	317	177	182	152	397	367	285
281	419	164	261	263	392	107	108	141	179	276	341	312	377
282	160	1	323	394	108	398	111	208	312	153
283	32	36	391	48	273	181	374	56	58	219	349	62
284	128	321	322	99	165	173	78	335	340	94
285	258	100	262	393	170	364	397	450	184	318	150	152	324	447	317	280	223
286	385	260	229	266	363	429	145	338	339	185	217	362
287	1	386	166	103	169	269	174	239	244	345	220	350
288	1	259	4	5	225	356	202	363	404	260	123	362
289	354	228	328	140	42	203	204	272	371	214	347	157	415
290	291	38	39	298	407	211	277	215	186	252	381	426
291	161	290	325	39	298	407	205	47	304	246	311	408	314	252	426
292	395	197	382	343	396	205	305	370	53	470	247	248	478	314	156	190	133
293	1	162	228	198	360	329	234	375	55	191
294	322	195	484	165	327	200	105	364	109	525	368	113	434	212	510	184	308	318	447
295	1	196	263	394	199	108	208	309	380
296	1	241	332	171	12	209	146	436	245	310	439	218	346
297	320	353	388	357	230	231	333	430	463	240	319	339	180	251	127
298	194	291	38	39	290	210	211	246	407	186	348	381	31
299	352	518	134	73	77	301	432	466	275	149	409	250	493	253	158
300	32	390	136	175	211	181	186	303	348	222
301	129	299	77	431	432	274	158	409	250	62	255
302	379	78	307	334	182	279	216	410	187	317	223
303	390	136	457	300	175	464	210	211	438	24	154	271	348	413	254
304	448	161	291	310	406	311	205	176	465	245	246	247	408	314	382
305	1	226	292	197	395	172	370	206	306	190
306	256	1	421	395	206	207	305	343	344	190
307	379	236	331	268	302	401	182	216	410	187	317
308	384	368	130	195	324	485	294	200	265	403	365	336	264	387	318
309	384	1	196	295	263	264	199	462	119	377	380
310	304	514	439	358	241	296	201	458	135	332	176	209	436	245	406	311	425	405
311	304	194	291	310	358	135	201	458	459	176	465	496	246	407	408	381	406
312	160	323	261	392	394	108	398	402	179	372	183	281	282	189
313	192	1	132	231	168	238	320	242	388	347	414	319
314	448	304	482	291	292	325	359	235	396	205	176	408	247	248	156	382
315	193	418	427	359	232	235	268	248	443	316	383
316	193	418	315	421	232	361	427	239	344	446	343	248	207	188	443	350	479
317	401	424	331	364	397	302	280	307	468	182	279	152	473	410	187	285	223
318	450	324	294	262	200	233	364	368	212	184	308	285	510	447
319	192	1	388	357	231	297	240	320	313	127
320	354	388	231	297	140	237	238	333	373	313	378	414	319
321	128	352	411	261	562	73	141	173	178	483	276	341	536	412	335	284	540
322	262	99	165	294	327	364	335	434	212	340	284
323	160	1	453	326	398	189	312	153	282	221
324	258	387	420	200	233	450	142	368	337	308	270	150	393	184	285	318
325	448	449	482	227	422	359	426	355	205	558	47	560	563	291	532	408	249	314	252	538	546
326	1	323	453	433	221	80	376	148	278	88	189	159
327	480	368	322	195	484	165	294	525	435	335	336	434	403	276	412
328	289	354	228	497	330	491	204	399	273	274	371	415	501	440	442	219	157	255
329	1	228	293	234	375	272	371	214	55	442
330	257	162	67	228	328	535	491	460	366	399	274	375	442	431
331	418	424	401	232	361	423	268	367	177	307	182	280	317
332	1	259	209	296	241	146	436	405	310
333	320	388	389	230	231	297	523	237	463	180	378	414
334	474	66	355	487	471	173	78	461	340	302	279	216	249	410	379	61	475
335	128	321	322	165	327	412	173	78	434	276	472	340	284
336	384	130	195	263	264	199	462	368	403	276	377	327	308
337	1	387	324	142	233	420	270	244	213	393	345
338	224	1	229	266	429	430	339	362	286	357
339	353	229	230	385	297	429	430	338	505	217	251	286	357
340	322	99	262	471	364	78	335	434	163	468	334	279	472	284
341	321	419	261	392	141	483	276	281	411	412
342	225	356	358	369	201	267	241	210	437	425	477	455
343	193	427	292	421	395	396	207	306	478	248	443	316	190
344	256	1	421	316	207	306	446	188	350
345	1	258	386	454	103	488	393	269	142	337	244	420	287
346	1	226	439	296	139	370	245	247	218	382
347	1	354	289	203	238	272	242	313	414	415
348	490	515	390	457	298	300	303	464	210	211	186	499	381
349	32	283	36	502	486	391	451	273	243	62	374	441	58	219	445	222	351
350	256	1	386	220	361	174	239	467	316	344	479	188	446	287
351	32	451	389	391	140	237	243	373	441	378	219	444	349	222
352	321	452	261	519	73	299	466	493	178	275	149	411
353	385	389	230	297	429	430	271	339	438	505	217	506
354	320	289	347	328	140	203	204	238	495	497	373	501	219	414	415
355	449	66	325	422	487	426	334	560	277	249	474	252	61
356	288	1	259	455	225	425	267	369	241	404	405	342	123	477
357	224	1	388	229	297	430	463	240	338	339	251	319
358	425	194	342	201	458	459	241	210	437	310	311
359	418	227	325	422	529	235	396	205	482	511	248	314	315	443	383
360	1	162	293	198	257	460	366	80	433	278	375
361	386	427	423	232	331	418	269	239	177	467	367	316	350	479
362	288	1	260	202	363	429	145	338	404	476	266	286
363	288	225	260	385	362	429	369	404	254	217	476	413	286
364	322	262	294	473	468	397	317	434	212	279	340	447	285	318	223
365	384	1	387	485	200	265	270	368	308
366	257	516	360	330	460	77	431	80	433	274	432	375	376
367	386	503	423	454	401	424	361	331	269	239	177	467	469	393	280
368	384	450	195	324	485	294	327	521	403	365	336	387	308	510	484	318
369	225	363	260	267	477	210	404	437	342	356	476	413	254
370	1	226	395	292	197	139	439	305	470	247	346	382
371	1	228	289	328	329	272	214	442	415
372	512	452	261	551	466	398	189	432	376	402	275	183	312	253	453
373	320	354	451	522	140	237	495	497	441	378	219	541	414	351
374	416	417	534	486	391	528	181	502	186	58	283	349
375	1	162	228	293	257	360	329	330	491	460	366	442
376	512	432	516	453	326	460	77	366	189	80	433	372	253
377	419	263	392	489	394	199	108	435	462	336	498	403	276	309	281	380
378	320	389	523	237	333	373	495	441	463	444	541	414	351
379	544	418	570	268	236	302	401	307	334	216	249	410	475	474	383
380	1	295	489	394	263	108	462	498	309	377
381	290	459	298	407	194	526	496	515	210	499	246	311	186	348	490	542
382	448	292	470	553	439	396	304	465	370	245	406	247	314	346	517
383	544	418	227	422	359	379	268	235	236	570	529	538	249	474	315	443
384	1	484	485	199	264	265	365	462	336	368	403	308	309	504
385	353	363	429	271	339	254	438	505	217	476	413	286
386	1	454	361	269	239	467	345	367	350	287
387	1	450	324	485	200	521	365	270	368	337	308	420
388	320	1	357	297	333	463	313	414	319
389	353	230	556	523	428	333	271	237	438	568	378	444	506	222	351
390	32	515	391	428	300	303	464	500	186	175	348	222
391	32	416	486	390	481	428	528	500	181	374	537	441	186	283	349	222	351
392	419	452	261	489	394	108	573	402	483	341	566	377	312	281	411	509
393	258	555	324	488	454	593	424	420	269	142	367	450	337	469	494	280	345	527	285	397	520
394	1	295	392	489	108	398	208	402	312	377	282	380	509
395	1	292	421	370	305	306	478	470	343	190
396	448	482	292	359	553	564	478	470	343	248	314	443	382	511
397	450	424	393	364	557	494	317	520	280	473	285	447
398	1	323	453	394	509	402	372	312	282	189
399	328	330	491	533	431	273	274	501	535	440	409	62	255
400	417	586	173	589	277	569	58	571	61
401	544	418	423	424	331	268	367	531	307	503	410	379	508	317
402	452	261	392	394	398	372	312	509	453
403	384	368	484	581	327	567	462	336	435	308	480	377	504	276	592
404	288	1	356	225	362	363	369	476	477
405	1	514	259	356	513	455	425	332	241	436	310
406	514	517	458	439	304	465	436	245	310	311	382
407	290	291	298	526	496	515	277	246	311	408	186	381	542	426
408	448	496	291	325	426	407	526	304	465	563	532	246	311	314
409	518	299	492	301	399	432	274	440	250	431	62
410	544	475	597	561	424	471	334	605	531	401	307	468	302	596	279	473	570	379	317	565
411	352	321	483	452	261	519	392	73	173	466	275	341	540
412	480	321	419	562	327	524	483	173	335	536	434	435	276	341	472	559	525
413	385	548	552	457	363	574	303	369	210	437	438	505	271	476	254
414	320	1	354	388	333	238	463	373	495	313	378	347	415
415	1	354	289	328	495	272	497	371	501	442	347	414
416	578	515	391	663	652	589	642	528	659	500	277	374	569	537	58	668	186
417	528	547	534	456	400	374	569	58	571	250
418	544	379	423	359	232	361	331	268	507	508	401	443	529	315	316	427	383
419	483	392	489	584	498	435	276	341	566	377	536	281	412
420	1	450	387	324	488	393	527	337	521	345
421	539	1	427	395	207	306	478	343	344	443	316	446
422	449	482	355	325	359	560	529	227	249	474	511	538	383
423	577	418	427	550	232	361	331	367	531	401	467	469	503	508	479
424	545	393	331	397	494	367	401	531	469	503	280	473	410	317	565
425	513	514	356	310	358	455	458	459	241	405	342	477	437
426	449	290	355	325	583	526	563	291	277	407	408	558	252	542
427	539	418	443	421	423	361	507	530	343	315	316	508	446	479
428	608	481	389	390	391	556	271	464	500	438	599	568	175	444	222
429	1	353	362	363	430	385	338	339	505	476	286
430	1	357	230	353	297	429	463	338	339	505	506
431	576	579	516	518	492	330	460	77	366	301	432	274	606	535	440	409	399	604	62
432	512	576	516	518	493	299	301	366	77	580	612	466	275	372	376	409	431	253
433	512	1	516	453	326	360	460	366	80	278	376
434	322	294	327	572	554	364	525	78	335	340	471	472	468	559	412	510	447
435	480	419	327	584	524	462	498	403	276	567	536	377	412
436	1	514	406	296	332	405	310	439	517
437	548	358	425	490	459	477	369	210	342	457	476	413	574
438	385	389	353	552	457	428	175	303	464	594	505	506	271	413	574	556
439	1	406	296	470	370	436	245	310	346	382	517
440	451	328	492	399	273	533	579	431	535	543	409	219	445	62	501
441	481	451	486	391	522	541	595	373	568	378	575	444	349	222	351
442	1	228	328	329	330	491	371	501	375	415
443	539	418	507	421	359	427	396	529	511	343	248	564	315	316	478	383
444	481	389	556	523	428	568	441	378	541	222	351
445	451	486	492	273	579	502	440	601	58	349	62	543
446	1	421	427	530	344	539	316	350	479
447	450	294	520	554	364	397	557	434	468	510	473	285	318
448	482	325	582	553	396	546	632	304	465	532	610	408	314	382
449	578	355	325	422	487	426	583	588	558	560	277	252
450	484	387	324	613	520	393	397	527	368	510	521	420	591	285	318	447
451	486	522	445	273	373	575	440	441	219	601	349	543	351
452	352	603	483	261	519	392	551	466	573	402	275	372	411	509	453
453	512	1	323	452	326	551	398	509	433	402	372	376	573	189
454	1	386	550	488	393	555	269	367	467	469	345
455	1	356	513	425	405	342	477
456	417	547	549	73	493	173	58	571	250
457	548	490	594	303	464	210	499	437	438	348	413	574
458	609	514	587	310	358	425	459	582	496	465	532	406	311	517
459	490	194	548	358	513	425	458	587	514	477	496	210	437	598	311	381
460	1	516	360	535	330	491	366	431	433	375	376
461	672	611	683	487	680	585	679	173	334	605	600	675	596	78	471	472	602	475	61
462	384	1	199	264	435	336	498	403	309	567	504	377	380
463	1	388	357	230	297	523	333	430	495	378	506	414
464	608	515	390	616	457	428	175	303	594	499	500	438	271	348	556
465	448	496	517	582	609	553	458	304	532	406	311	408	382
466	352	512	603	452	519	551	299	493	432	612	275	372	580	411	253
467	1	386	550	454	423	361	367	469	350	479
468	554	471	364	557	561	434	340	279	473	410	572	317	447
469	545	550	454	423	424	393	618	555	494	367	467	503
470	1	292	517	553	395	396	370	478	439	382
471	600	461	334	596	561	434	340	78	279	472	468	410	475	572	605
472	572	173	78	335	434	562	340	590	471	600	461	559	412	602
473	545	424	364	397	494	557	561	468	565	410	317	447
474	355	422	487	585	334	560	249	538	379	570	475	383
475	570	487	585	461	334	596	471	474	379	410
476	385	548	1	552	362	363	429	477	369	404	437	505	413
477	1	356	513	455	425	459	369	404	437	342	548	476
478	1	539	292	421	553	395	396	564	470	343	443
479	1	550	423	361	427	530	467	446	577	316	508	350
480	484	581	327	619	524	435	525	592	403	567	412
481	486	391	428	595	500	599	568	441	444	222
482	448	546	325	422	359	553	615	396	610	564	632	314	538	511
483	321	603	419	452	519	392	540	622	341	566	536	411	412	573
484	384	480	450	485	294	327	521	525	591	368	403	504	510	581
485	384	1	387	484	581	521	365	591	368	308	504
486	481	451	502	601	391	599	620	614	349	528	595	500	374	537	441	445	575
487	449	355	602	585	588	173	334	461	560	611	277	474	475	61
488	1	420	454	393	555	494	527	593	345
489	1	419	392	394	498	566	377	380	509
490	548	457	459	526	496	210	499	628	437	598	574	348	381	542
491	1	328	330	535	460	399	501	375	442	533
492	547	534	518	431	625	579	606	502	445	440	409	58	635	250	62	601
493	352	547	612	549	518	519	456	73	648	299	432	635	466	630	633	250	603
494	545	520	593	424	393	555	397	557	488	626	469	473
495	1	354	522	523	463	497	373	378	541	414	415
496	311	587	490	609	458	459	526	465	532	629	598	407	408	381
497	1	354	328	522	501	495	373	543	219	415
498	1	419	584	489	462	435	566	567	377	380
499	624	515	616	457	490	464	594	628	574	348	381	542
500	416	481	515	486	390	391	616	620	631	428	464	599	537	186	637	608
501	1	354	328	491	399	497	533	440	543	442	219	415
502	534	486	492	614	445	528	374	601	58	349	638
503	640	545	550	423	424	618	367	401	531	469	577	508	565
504	384	1	484	485	462	592	403	567	581
505	385	1	552	556	429	430	353	339	438	506	476	413
506	1	389	230	353	523	556	430	463	438	505
507	544	418	539	617	427	621	529	530	564	607	443	508	511
508	544	577	418	423	427	401	530	531	503	607	507	479
509	1	452	453	551	392	489	394	398	402	566	573
510	450	484	581	294	520	554	613	525	591	368	434	627	318	447
511	539	482	507	422	359	615	396	621	529	564	538	443	639
512	576	1	516	453	551	432	433	466	372	376	580
513	1	514	587	548	455	425	459	405	477
514	1	587	406	582	513	425	458	459	436	405	310	517
515	416	624	578	659	390	616	631	652	637	464	499	500	277	407	537	186	655	348	381	542
516	512	1	460	366	431	432	433	535	376	576
517	1	514	470	582	553	458	465	436	406	439	382
518	576	547	612	299	492	493	431	432	633	409	250	635	604	606
519	352	603	483	452	549	73	493	622	466	630	411	540
520	450	613	393	554	397	494	527	593	636	557	510	447
521	1	450	387	420	485	527	368	484	591	613
522	1	451	495	497	595	373	441	219	541	575	543
523	1	541	389	230	556	333	463	568	378	495	444	506
524	480	645	584	619	525	559	435	567	536	634	623	412
525	480	484	581	294	327	554	619	524	559	434	627	412	510	645
526	641	583	490	381	496	563	532	629	598	407	408	628	426	542
527	1	450	420	613	593	488	393	520	521
528	416	417	642	502	486	391	534	663	620	614	653	670	374	569	537	58	638
529	544	418	443	422	359	639	617	621	511	538	507	570	383
530	1	539	577	427	607	507	508	446	479
531	544	577	640	423	424	401	565	503	410	607	508	597
532	448	609	546	644	325	582	632	458	610	526	496	465	563	629	408
533	1	579	491	399	501	535	440	543
534	417	547	502	492	528	625	374	601	569	58	635	250	638
535	576	1	579	516	330	491	460	431	533	440	399	604
536	321	419	623	584	540	647	524	622	483	562	435	566	559	412	573
537	416	642	515	486	391	652	620	528	500	631	186	637
538	482	643	644	325	422	615	639	546	558	560	529	662	657	474	383	570	511
539	1	507	421	617	427	621	530	564	446	607	443	478	511
540	321	483	651	549	519	73	647	173	590	562	660	622	630	536	411
541	1	522	523	495	595	373	568	441	378	444
542	641	578	515	583	490	526	381	624	499	628	277	407	655	426	637
543	1	451	522	497	579	501	601	440	575	219	445	533
544	640	418	507	646	529	639	617	607	401	658	531	597	410	379	508	570	383
545	424	649	618	555	557	494	626	469	503	473	565
546	448	482	643	644	325	615	558	563	532	632	538
547	417	635	549	518	456	492	493	648	534	664	569	250	571
548	1	587	513	552	457	490	459	477	437	598	476	413	574
549	547	519	456	73	651	173	590	493	648	630	571	540
550	1	454	423	618	555	467	469	577	503	479
551	512	1	452	453	573	466	372	580	603	509
552	1	548	556	594	438	505	476	413	574
553	448	1	482	517	582	615	396	610	465	564	478	470	382
554	667	613	520	636	650	525	557	645	561	434	627	468	661	559	572	510	447
555	1	550	454	545	488	393	618	494	593	626	469
556	608	1	389	552	523	428	464	616	594	438	568	505	506	444
557	545	593	520	649	554	397	494	561	626	468	565	473	636	650	447
558	449	546	656	644	325	583	426	560	657	563	538
559	645	572	554	524	525	654	623	536	434	562	661	472	634	412
560	449	355	325	422	487	585	583	588	558	669	570	656	662	657	474	538	671
561	673	650	649	554	557	468	565	471	473	410	667	572	605	597
562	321	647	540	173	590	559	536	660	654	472	634	623	412	572
563	641	546	644	325	583	426	526	656	532	558	408	629
564	539	1	482	507	615	553	396	621	443	478	511
565	640	545	424	649	618	557	561	531	597	503	473	410
566	1	419	392	489	573	584	498	483	536	623	509
567	480	1	584	619	524	435	462	592	498	403	504	634
568	608	481	389	1	556	523	428	595	599	441	444	541
569	416	528	547	678	417	586	589	653	400	635	670	277	534	663	664	58	571	638
570	544	538	475	646	639	585	560	529	658	596	597	662	665	410	379	671	474	383
571	417	674	547	549	666	456	681	586	651	173	590	678	400	648	664	569	58	602
572	677	600	554	562	590	559	561	434	468	654	471	472	660	667	605	661
573	1	483	452	453	551	392	622	623	566	536	603	509
574	1	548	598	552	457	490	594	499	628	437	438	413
575	1	451	614	486	522	595	601	441	543
576	512	1	516	518	633	431	432	612	535	580	604
577	640	1	550	423	618	530	531	503	607	508	479
578	416	449	515	676	583	588	589	655	659	277	668	542
579	1	492	431	625	533	535	440	601	604	445	606	543
580	576	1	612	551	432	466	512	603
581	480	1	484	485	627	619	525	591	592	403	504	510
582	448	1	514	517	609	553	458	587	610	465	532
583	449	578	656	676	641	426	588	558	655	560	563	277	526	669	542
584	1	419	524	623	498	435	566	567	536	634
585	611	676	487	680	679	588	461	669	560	596	665	570	475	474	671
586	674	611	678	681	173	589	400	277	569	602	571
587	1	514	548	582	513	458	459	496	629	598	609
588	449	578	611	676	583	585	487	589	560	277	668	669
589	416	578	611	678	586	588	400	277	663	569	668	682
590	672	549	572	651	173	600	562	660	472	602	571	540	666	677
591	1	450	484	485	521	613	627	510	581
592	480	1	581	619	403	567	504
593	1	613	488	393	555	557	494	527	520	626	636
594	1	552	457	556	464	616	499	628	438	624	574
595	1	614	486	481	522	620	599	568	441	541	575
596	675	679	585	461	605	597	471	665	570	475	410
597	544	640	675	673	649	605	561	658	531	596	565	665	410	570
598	1	587	548	490	459	526	496	628	629	574
599	608	1	486	481	620	428	595	500	631	568
600	672	675	677	461	590	471	472	602	667	572	605
601	1	451	534	486	492	614	625	579	502	575	445	638	543
602	672	611	677	487	680	681	586	461	590	173	600	277	472	666	571
603	1	483	452	519	551	493	622	612	466	630	580	573
604	576	1	579	518	431	535	633	606
605	673	675	461	561	596	597	471	600	410	667	572
606	1	579	518	492	431	625	633	635	604
607	544	1	539	646	577	617	530	531	640	507	508
608	1	616	556	631	428	464	500	599	568
609	1	610	644	582	458	587	496	465	532	629	632
610	448	1	482	582	609	553	615	532	632
611	676	678	487	680	585	586	679	588	461	589	277	681	602	668	682
612	576	1	580	518	493	432	466	630	633	603
613	1	450	520	521	554	527	593	627	591	636	650	510
614	1	486	620	653	528	595	502	601	638	575
615	1	482	643	553	546	621	564	610	632	538	639	511
616	608	1	515	556	464	594	499	500	631	624	637
617	544	1	507	646	639	621	529	539	607
618	640	1	550	545	649	555	626	469	577	503	565
619	480	1	581	524	525	592	627	567	634	645
620	1	642	614	486	631	653	528	595	500	599	537
621	1	507	615	639	617	529	564	539	511
622	1	483	519	647	623	630	536	603	540	573
623	1	647	584	524	622	559	562	566	536	634	573
624	1	515	641	616	655	594	499	628	637	542
625	1	579	492	638	534	601	635	606
626	1	545	649	618	555	557	494	593	636
627	1	581	554	619	525	591	645	650	510	613
628	1	641	490	526	624	594	499	542	598	574	629
629	1	644	609	587	526	496	563	532	598	641	628
630	1	651	612	549	519	648	647	493	622	633	603	540
631	608	1	642	515	616	652	620	500	599	537	637
632	448	1	482	643	644	609	615	546	532	610
633	576	1	612	518	648	493	630	635	604	606
634	1	645	647	584	619	524	654	559	562	567	623
635	1	547	518	648	492	493	625	638	534	633	664	569	606
636	1	613	520	649	554	557	593	626	650
637	1	515	616	652	655	624	659	500	631	537	542
638	1	502	614	653	528	625	534	569	664	601	635
639	544	1	643	646	615	617	621	529	662	538	570	511
640	544	1	646	577	649	618	658	531	565	503	607	597
641	1	644	583	526	655	624	563	628	629	656	542
642	416	1	652	663	620	653	528	631	537	670
643	1	546	644	615	657	662	632	538	639
644	1	546	643	609	558	656	657	563	532	629	632	641	538
645	1	554	619	524	525	654	559	627	661	634	650
646	544	1	640	617	658	662	665	570	607	639
647	1	651	622	623	562	660	654	630	536	634	540
648	1	674	547	549	651	493	635	630	664	633	571
649	640	1	545	618	557	561	626	565	658	673	636	650	597
650	1	613	673	649	554	557	561	627	661	667	636	645
651	1	674	549	647	648	590	660	630	666	571	540
652	416	1	642	515	663	659	631	537	637
653	1	642	614	620	528	670	664	569	638
654	1	645	647	559	562	660	661	634	667	572	677
655	1	578	515	676	583	624	659	641	656	668	637	542
656	1	644	641	583	558	655	560	657	563	676	669
657	1	643	644	558	560	656	662	538	669	671
658	544	1	640	646	673	649	597	665	570
659	416	1	578	515	652	655	663	668	637
660	672	1	677	647	572	651	590	562	654	666	540
661	1	645	554	654	559	667	572	650
662	1	643	646	560	657	665	538	671	570	639
663	416	1	642	678	682	652	589	528	659	569	668	670
664	1	674	547	678	571	648	653	670	569	635	638
665	1	675	646	673	585	679	658	596	597	662	570	671
666	672	1	674	681	651	590	660	602	571
667	1	675	677	650	673	554	654	561	661	600	572	605
668	416	1	578	611	676	680	682	588	589	655	659	663
669	1	676	583	585	679	588	560	657	656	671
670	1	642	678	653	528	663	664	569
671	1	679	585	560	657	662	665	570	669
672	1	675	677	680	681	683	461	590	660	600	602	666
673	1	675	649	650	561	658	597	665	667	605
674	1	678	648	681	586	651	664	666	571
675	672	1	683	677	673	679	461	596	597	600	665	667	605
676	1	578	611	583	680	585	679	588	655	656	668	669
677	672	1	675	654	660	590	600	602	667	572
678	1	674	611	681	586	589	663	664	569	571	682	670
679	1	611	676	680	585	683	461	675	596	665	669	671
680	672	1	611	676	679	585	682	683	461	681	602	668
681	672	1	674	611	678	682	680	586	602	571	666
682	1	611	678	680	681	589	663	668
683	672	1	675	679	680	461
