1	59.6555096378	57.6819220278	17.3469120499
2	42.657881429	10.9870470242	1.33957142171
3	48.1285313038	11.8599269201	2.7363175986
4	27.3408090471	14.5372968429	1.63652095093
5	58.0930118397	15.0847821595	1.3005724361
6	43.7911459291	16.635611019	1.9961449625
7	48.9303960567	16.2761237043	2.12691120229
8	32.5181780707	17.2295876772	1.53193497299
9	22.5095310198	17.8505853392	1.6626143891
10	51.3625119142	19.8508767204	1.26279949559
11	28.3471032357	19.5726866491	1.62432142989
12	38.3890358904	20.8805800175	2.1953796606
13	58.6054574533	20.7822184482	2.20492509336
14	18.0038623788	22.2027245271	1.15771117267
15	68.0823652236	22.648279439	2.13188596045
16	43.8219685294	22.5019921916	2.66898415957
17	28.2067043079	24.797615109	0.63331177493
18	32.5490004175	24.8223981827	2.19903123514
19	54.9221190175	24.9903667097	1.36743938969
20	49.5302856326	27.2187715493	1.3952385469
21	22.6521638036	27.2724315185	3.54459261728
22	14.139985583	27.2035995849	0.76841619376
23	44.2846960929	27.9244436365	4.24822202394
24	39.6572822234	29.4564047673	3.55121432694
25	27.9193206897	29.9483060543	2.45570556915
26	12.7568623371	30.9113140998	2.07342152068
27	18.4623708966	30.0510045977	2.34342980763
28	34.5319489024	32.2850581605	4.88297983875
29	57.7671297895	33.7397039097	2.55237889034
30	47.3911649679	33.7708830461	1.39451378276
31	70.4274552214	34.0187126381	1.70602736089
32	16.4881593042	35.3057691236	1.74618289117
33	29.092437039	34.6131128061	4.72487554114
34	52.471161682	34.2878853906	3.12944798125
35	64.5367217193	35.5373274651	1.22984415514
36	35.903838401	36.9918750286	2.93351198283
37	42.7830855672	35.8950872872	5.33286901092
38	79.6283165875	38.1230771862	1.00131865331
39	31.8747232228	39.9212874916	1.08677855096
40	60.5640984225	38.3922494777	2.1940604635
41	73.6284334756	38.9653578305	2.51805779227
42	25.7308922189	39.8346619252	5.64734921353
43	50.6290428816	42.7930898585	1.11633170156
44	22.0993581637	40.7650190474	3.09033107814
45	37.0299247981	41.1861665067	2.38580866731
46	8.00199239107	42.5067476922	1.29377457695
47	13.0938660557	41.6768158371	1.82213978914
48	65.2463398935	42.570623514	0.671942465829
49	54.449543416	43.5785256857	3.2404619005
50	18.5064189493	44.3855869321	1.94581253405
51	61.7635571903	46.6011878333	2.0308610776
52	40.5394428873	47.8058954018	6.29846124909
53	71.1632592518	46.668103379	1.89360153568
54	81.2440275415	45.7936281345	1.23256639307
55	10.5305948999	46.536132441	0.710780776447
56	66.4537831133	48.1260023157	1.56032195596
57	28.368265581	49.7467231984	3.23477000511
58	13.9865783089	47.7800478278	2.18751007178
59	57.6327191397	49.745043337	3.95414706786
60	35.0131241226	51.3546409409	5.26921974334
61	6.54401738626	51.6262040148	0.701935420164
62	62.6475712266	52.5033638158	1.63931719643
63	49.3390160072	52.3422862557	5.22121080414
64	11.2567006714	52.5990843416	1.69949226787
65	14.630879523	55.1317249809	3.23298000625
66	67.1462004396	54.6718561783	2.15351768226
67	57.2497004914	55.4433967874	1.52467420081
68	43.9364981742	57.1719369058	7.14577913439
69	75.9118285177	53.4394099247	2.3607595687
70	27.1289649005	57.6513668231	0.702213769357
71	7.77460915483	57.1150904592	1.49272906188
72	20.7802129605	58.2511474327	3.27594317735
73	71.3238986709	58.1950348943	0.797360769403
74	35.3494260151	60.0322228652	4.27827356653
75	48.4952623627	62.2531662897	7.05465413815
76	64.6587113989	61.3270117032	0.480566801619
77	74.6761713286	62.3182552301	0.618304893147
78	30.0503157865	62.6365777358	1.22695540863
79	22.0508795593	63.9116277886	3.47634047717
80	33.4792274822	65.4051951319	1.55135974066
81	42.4969341579	68.8897101445	5.7297141373
82	57.8896821692	66.3600421454	1.49597462237
83	65.9393119582	67.2465276804	2.04021998337
84	26.8070837585	66.1385914222	4.42360681798
85	18.3788005274	69.0058888969	2.88786954816
86	71.563297665	68.7051717132	1.68316817927
87	24.2311700295	69.8659278213	1.66744727197
88	77.8363632082	69.3887686658	0.667071597211
89	54.0768190324	70.1937931358	1.50169014085
90	13.2128133048	70.166183244	1.0695080276
91	60.7395118034	71.7454904606	2.57530711459
92	45.54256535	73.5569062907	0.960030402471
93	26.9339545922	73.4598281814	1.24384756012
94	67.1735643554	73.3912976543	0.732520666947
95	51.1513473314	73.3440982431	1.11520444546
96	21.2574789387	74.5318031461	1.03054088768
97	39.9239365863	74.9781835609	2.10027013121
98	50.3359216415	76.1135370099	4.61140764628
99	65.4722651347	78.1396432372	0.528189813599
100	20.2804841054	78.7161453101	1.31318681319
101	35.8194577583	80.6455040077	2.55150774749
102	44.3960171986	79.7389597809	0.796831603819
103	24.5292951945	82.3253806931	1.72294222578
104	38.9479844528	83.6591346871	1.26959297015
105	57.7099372693	86.8813001942	0.596117335336
106	41.2684822967	87.8105870325	1.79922505093
107	48.2727898368	87.9867121876	1.38646099828
108	35.3028750107	11.5317215714	1.5043406749
109	32.66778367	75.1557071043	2.75411611142
110	70.0361477908	51.7104882865	3.53645052178
111	63.914953435	82.8410301751	1.78620376436
112	63.1625945005	18.8411681658	2.56488946529
113	21.3981414322	49.0018964508	6.97374067358
114	62.7956370075	58.3928478335	2.37089924454
115	54.7580962434	64.7719668057	4.59174332889
116	55.433964836	76.153761464	3.30352423689
117	50.1648880586	83.1977427663	2.14479506946
118	51.07228596	38.0331311917	4.33551313643
119	81.3803026776	53.1096455344	2.2350373164
120	30.6055608574	54.9906543783	3.69328655021
121	35.6300823872	86.8188466579	2.95617555219
122	38.2587305557	25.9412345342	3.89560382429
123	62.5020010841	25.3133139751	3.81246225107
124	72.6373359162	27.3748822887	2.3304379759
125	67.0777890643	39.7768112044	3.23574476659
126	15.4402834563	62.5014427731	3.46097289333
127	61.6141420971	63.2390444483	3.64395915519
128	29.0574555255	84.7784368123	2.32142312269
129	67.8694852447	28.6082415626	2.6257709048
130	58.682069949	30.1161278874	5.30154993699
131	47.4112253076	46.3540490891	10.7467862165
132	19.8713946768	52.0462596113	4.04525857701
133	54.0824138989	29.4201183701	2.88731395299
134	75.5262429705	45.5359884131	2.802276803
135	57.0541073842	59.9539610491	3.22323051223
136	9.43124423018	61.585466931	3.0858878165
137	38.0361705945	16.1102476478	3.16801728683
138	22.7076994849	34.6443852931	2.48671815706
139	79.967864183	61.0362717407	2.87607990711
140	29.4900330002	70.2148711064	4.43371741038
141	23.7576633637	45.1344742312	8.16489309308
142	28.345837901	79.2195303756	2.61151097531
143	59.6947564136	79.4309138015	3.21568260874
144	16.6441027594	38.3841404122	4.08570846166
145	32.756510925	44.7928367192	4.06114461147
146	67.671214489	61.3759822072	3.02469921224
147	71.9114642668	75.7077961383	2.4447938146
148	64.0938941408	33.2596129127	4.10704398921
149	10.7036738298	36.584802516	3.39049152115
150	26.7526437547	59.9772543912	6.53697792098
151	27.047824469	22.0215221664	4.05630764261
152	42.9917181625	82.0365817342	3.81401456131
153	24.5080685032	55.2488032807	5.17009300523
154	37.3381024573	68.4625962793	6.30837530949
155	75.6840594794	32.5328961151	3.23759558644
156	51.4920795681	57.3059414824	4.24448638983
157	74.634275735	61.1527727445	3.76463462243
158	48.445824523	70.5583638055	4.26856380614
159	45.2561748318	75.703752975	4.45636930637
160	56.6893932374	37.984659751	4.56586793347
161	59.8382515	42.6115298408	5.49032273436
162	7.65293135852	49.5700118643	3.27574028747
163	12.5135484474	67.0933472621	5.36253918177
164	60.7197699197	66.1986186312	4.92057010567
165	52.9609635777	86.8948628144	4.30705461574
166	49.7909677256	67.0679074672	5.70257607347
167	54.2636666231	14.8430426896	4.91225856655
168	52.5012340078	19.5760895824	4.7169190488
169	49.361168918	25.3220688576	5.59318678187
170	70.8771927396	66.1605578668	5.25336386142
171	76.7974449911	67.9178046264	3.78207692308
172	24.2718236686	74.8231131432	4.9296563169
173	17.0569506477	25.2219663102	4.20764826776
174	15.712053333	73.0913360211	4.37538598054
175	40.7748002285	41.576742154	8.35835324518
176	66.848439235	45.4061713453	6.1568300165
177	54.7335425963	55.185646966	6.9436602665
178	35.0617324996	71.8380475627	6.79432297155
179	68.0161941296	72.3438576342	5.82685905697
180	21.2075668451	20.8560179117	4.5068954403
181	46.6467536231	30.602820951	7.3667539267
182	26.5891823778	48.2816124213	7.85049682453
183	55.9645011647	24.3833270873	5.62972534071
184	78.4512576422	38.9595109845	4.47190076883
185	14.4739636581	45.404625722	5.62580386961
186	39.1924989444	77.1234101607	5.6848502582
187	41.2476006215	62.77386815	8.82894249745
188	51.586230337	80.7277715185	6.1675418372
189	32.7677573951	13.0912254489	4.9928219696
190	27.2729985388	25.7665410509	6.68889312877
191	71.6478590702	41.3603290113	5.66734965146
192	52.6428558004	49.3696891989	7.52314264173
193	34.4327854384	18.3737890043	5.81216325468
194	21.0788828695	79.0997259594	4.6893929216
195	57.7382681687	85.1017017079	5.99720785548
196	40.3869474512	12.1375905962	5.98410136171
197	19.5374378803	33.373949097	6.96561482741
198	30.2718886206	64.2957896163	7.65070710564
199	65.350069512	75.5489028726	6.18248605764
200	69.628558285	33.5713472506	7.00664639344
201	9.37957478932	43.7134713095	5.90824698481
202	55.4307442184	70.5066035093	6.29255231481
203	43.2506331229	16.9577134775	6.28849435038
204	34.3950684333	21.9458535301	7.80392992563
205	30.6589174754	41.1284971483	8.21572472928
206	64.5624303024	50.6935139315	8.29590683946
207	65.4046013451	80.973313953	6.7777587633
208	45.0971567242	87.1720982103	6.31211828645
209	62.3449416471	54.9093843797	8.18990885314
210	47.6484669981	19.0312580682	7.06696567843
211	18.6237685165	41.9255703969	8.15125644964
212	26.5799712662	17.2569156711	6.72214978995
213	14.1350020938	30.9743652696	6.15602002417
214	69.6624750444	55.142628085	7.07947698482
215	21.7113494674	68.7013609935	8.340223861
216	35.6070205831	81.2544806581	7.35734127533
217	79.4734572351	46.3040645944	6.4512134363
218	31.3211490462	23.682923366	8.27449698555
219	51.6626052111	31.203577091	8.52963603861
220	18.0545450266	45.7354339449	8.01436211362
221	45.0943775681	50.8507477809	9.70191281167
222	9.69808082399	57.3621038847	7.21903383066
223	61.930748695	71.2208573837	7.68339255506
224	33.3260823848	26.7054994543	9.24014410806
225	64.6831723001	28.5152990779	7.95143549364
226	20.6038356526	37.2653009194	8.34359270201
227	55.6911135592	47.3241936323	9.61599582588
228	75.0198051526	53.2170594859	7.4229711274
229	32.0917295178	85.0231342124	7.38711279992
230	60.9358632795	18.4472830968	7.29399683697
231	60.0632492176	36.5209740291	9.00702806648
232	80.0167837197	53.3320451944	7.1715416936
233	16.0180537768	56.0581918818	8.53187518515
234	73.7779559359	71.5818373619	8.13340616452
235	25.510353255	81.1805389385	8.19317843226
236	39.5583683517	20.2007684103	8.20409608557
237	65.928001338	21.9349838864	7.93731063496
238	35.7439246804	38.5981818116	9.78202840548
239	9.53990117285	50.3960878648	7.36639602942
240	65.6861399965	59.5576281467	8.11678605567
241	39.7533355132	73.873326835	9.01259289949
242	30.2183088786	76.7521105777	8.00215494655
243	71.0455514745	27.3961464	7.76026897765
244	45.7782885331	76.8468265945	8.66068810478
245	11.7482424913	40.3568652809	8.17190892352
246	17.3351227109	62.8003325158	8.89758765999
247	47.2236578166	13.4845178595	8.05070917535
248	27.1580470486	28.7812648057	9.66026712011
249	52.7922455519	34.8929589074	9.87991959374
250	62.1294484352	46.4600171021	9.89285714286
251	38.6620220129	55.9598263414	9.94188781952
252	58.5157929557	60.3297727664	9.07350959177
253	72.1099791254	60.310745392	8.32712733594
254	32.1696774265	67.4634269492	10.0217781455
255	43.641246232	21.5525740142	9.89550055371
256	24.1365308071	32.9259894026	9.57139452864
257	72.5086565646	47.5959843396	8.49535862481
258	31.4042421044	54.3967840001	10.1853022748
259	65.1221231088	65.4631724775	8.46969864187
260	19.6238824238	75.7814683191	8.76565859412
261	21.983436182	22.3757418278	8.09198198993
262	61.4031015838	41.2088528888	10.7073905119
263	16.1512364953	50.2542076305	9.19272740589
264	76.8526834149	64.8060951793	8.5880005976
265	25.158286898	73.7006790647	9.38777385035
266	43.2837576935	82.0519988665	9.0460231205
267	56.9829966142	21.9214201052	8.81063665223
268	35.7177272388	44.4929573381	10.4305151016
269	71.1497395143	40.3549628737	9.52658899439
270	46.867781806	71.8188450119	10.0359464513
271	59.049108689	78.3314308176	9.62365751199
272	66.5058842809	37.1443726515	11.665417104
273	54.9828915903	39.388625125	11.4364463993
274	55.7623537574	73.2729522769	10.2108219649
275	34.6129584769	77.3891694505	10.6635052231
276	18.1980688649	28.2637758164	9.30088757396
277	37.5917351068	28.4183177041	10.6341959215
278	25.8065624882	54.6444040932	10.4733930625
279	76.5812585965	41.5634887083	10.0244856887
280	33.7149475979	61.5944777415	10.4090150054
281	70.2555190894	67.3376819662	9.90470186069
282	31.1524840326	17.1107229581	9.77478446559
283	56.3051936509	17.1017818859	9.73060301406
284	39.9091662507	24.1590316755	11.2270541958
285	15.0985337914	34.4399464145	9.74928702083
286	45.3612429272	38.2005865945	10.838589085
287	77.8885984484	58.7805467053	9.62973124855
288	12.6223304683	64.4574413158	9.88612279306
289	37.449698633	14.7532713564	9.84637005718
290	74.3155280633	33.9375779823	9.481165357
291	54.0099870216	44.2673709418	12.3257305881
292	20.9357086684	60.5767051437	11.1257829073
293	29.9473097097	74.3712428781	11.3328587291
294	70.1539606317	76.4597281157	10.3899402293
295	49.7755206019	21.5849112564	10.3383697532
296	54.6774349963	25.7176177742	11.2731057121
297	41.7504909257	28.8328999716	11.5678553723
298	57.125175661	67.011602018	11.3785528767
299	38.5042107825	85.7970153363	10.2769397485
300	64.2877919333	32.6326040182	11.1797647735
301	59.2947411112	51.652311462	12.1043672908
302	42.4024356196	52.0105476443	13.0587370376
303	36.3188608175	58.2013055743	12.4197857688
304	60.9711692092	28.0879850586	11.4875711957
305	32.0648910806	29.2742450606	11.6324000413
306	29.969334105	34.1707898537	12.216794389
307	44.2297946984	42.9770439023	12.2895039142
308	36.9159025519	51.824726235	13.0866413157
309	20.2252319208	54.5238033566	11.0993984766
310	61.3831450844	66.8605115476	11.167280167
311	53.7215755597	68.5543170045	12.0223319797
312	39.7699314018	78.9161482137	11.1552383298
313	22.2487453282	25.5017514607	10.9088695313
314	50.2784942918	40.7656385397	12.3558751604
315	17.2430649702	70.6170947978	11.0901051738
316	50.4237227027	86.4048832413	10.4543581478
317	27.0403317005	45.087797878	13.2303631512
318	56.8187836961	56.6043358101	12.6561152915
319	46.1479745939	66.5163433652	11.9455343738
320	50.7777928735	81.4920348947	11.3309170859
321	15.457462353	38.5475006921	11.4350381626
322	49.8078854652	70.9291735586	11.9276336526
323	11.024621846	51.2978542924	10.4855666721
324	39.9468385671	65.5314596334	12.3094950952
325	26.8689018811	69.7751266782	12.297488667
326	67.7471415234	41.6205378924	12.5991905602
327	13.1481673706	44.4339551337	11.272358956
328	45.0291317348	15.7372552109	11.7578568724
329	52.8705900806	17.0650021214	11.7202752008
330	46.0628438925	25.7975587719	12.1637686046
331	33.8010915115	33.7180189005	13.6625357328
332	26.6690805549	39.1611347492	12.6043853264
333	52.8027206803	63.5858191638	13.140682269
334	24.9551019165	65.4250800915	12.8652130897
335	65.6936349698	71.2802783685	12.0864997915
336	26.8651427771	22.1911450102	11.9253005924
337	36.9644546575	31.3077635553	13.344858335
338	71.7727923287	56.8453192142	12.1880830161
339	60.424870991	60.8531081744	12.8253168812
340	45.3609205403	79.2482919506	12.7965161359
341	53.6818868246	85.7299869917	11.7713166463
342	77.4240822393	49.4093581698	12.1184208068
343	71.7590133512	51.4704481341	12.7121460973
344	53.5689952092	51.4806885679	13.6737999948
345	68.6117521308	27.9016451408	12.2758203274
346	69.1710276822	63.2870785105	13.00910245
347	64.965397695	80.2361401831	12.2435106827
348	58.9981163905	83.7291402441	12.4434661724
349	44.6312782477	86.4035666047	11.9148685924
350	51.713824037	27.8433528996	13.4517117117
351	32.8213369088	71.5073840673	13.8211634769
352	60.2319608272	75.6047198986	13.5823604191
353	53.5034145488	77.7027734147	13.211483665
354	28.7120268558	80.9197503297	12.0981158317
355	57.5045817585	31.0421817778	13.4939868961
356	69.3233624551	46.082151027	13.45357036
357	77.3328266304	54.3457389668	12.9342541187
358	50.8320124023	58.4262356832	13.6363225703
359	29.1198626006	61.2484676794	14.9641475414
360	12.8278442513	55.4102918012	12.726872192
361	13.2516512163	62.031269668	12.4857169991
362	58.4091759715	20.755613034	13.3363580331
363	62.9258437764	23.5965083648	12.997854601
364	32.4909150573	39.1978691361	14.7695421337
365	47.3809804271	29.2072106991	14.3975930831
366	72.8082826168	35.1290063051	13.209144848
367	67.8014273209	49.7231926043	14.1483414249
368	23.1280950636	59.8978979593	13.5776309892
369	20.7964387436	73.5967927618	12.9332535169
370	24.8392624449	77.4845562546	13.3157078398
371	33.5057130698	82.8727159064	13.3116543412
372	46.0396057179	33.8360321858	14.4318218829
373	39.9224313456	35.3893885911	15.2069702801
374	67.7964002122	60.205132272	14.4562046119
375	74.6660177852	65.910143244	13.5245534464
376	38.0267764591	18.5428027195	13.4941439329
377	14.5083505671	48.2232487616	13.7133721386
378	41.8594260751	31.0418344364	14.7245874212
379	18.0114658806	42.0410021515	14.1609724426
380	27.7261800748	51.3948054843	15.0516450938
381	22.9318692687	54.1060613654	14.0458665987
382	49.0347313495	76.6514324024	14.4934571961
383	32.532084969	20.8116234345	13.5247241357
384	22.464958029	28.9666506172	13.5820213468
385	54.9923983516	34.3608919361	15.4347834904
386	18.9331925206	35.9220844711	13.7710617778
387	61.413390697	35.2826230881	15.2917820349
388	67.6631835149	54.9031038762	14.9632757421
389	36.8694044686	73.5144325617	15.1196848499
390	71.6223946994	71.9939274698	13.7510375183
391	42.4041150029	76.8894054176	14.9853811347
392	31.1034119193	45.1164606119	15.696886324
393	64.0107873638	46.1879528365	15.9314743037
394	27.2151002734	57.2952650614	15.4852214578
395	17.881428223	65.3080932258	14.6860598535
396	66.4257533947	67.8170097839	14.7029591569
397	31.9337915666	65.933898419	15.4255492223
398	36.723475947	66.4774969633	16.5627177218
399	61.2113536096	70.3124000872	15.3763631671
400	74.4160467221	42.8233796241	14.6889675166
401	16.1729763368	58.4753652209	14.8931136119
402	75.7649561466	60.3458762944	14.3941591463
403	29.1696458777	25.2009465763	14.7135388286
404	63.0660212067	40.7767167411	16.2876432661
405	58.8821111591	46.9707708358	16.9392860638
406	32.1760175429	49.7658633606	16.7246606335
407	40.9055733893	39.3428414715	16.7263525862
408	33.4663343607	55.7374775338	17.3810239743
409	65.1774039991	57.8938218572	15.6525368623
410	43.9229455215	73.6188687293	15.9945247456
411	54.4329002407	74.4063024861	15.6498634598
412	51.0772030315	20.4592021368	15.4239592618
413	50.554769762	34.1975636547	16.1178259184
414	23.6577645729	34.2540486754	15.8824866199
415	17.795167893	52.0193074137	16.121585206
416	61.7030016489	56.3956313591	16.9675498841
417	35.764566047	61.3115339799	17.3204137463
418	41.9997539089	20.4843935384	15.8495643601
419	58.8952286497	42.1177082122	16.9030231686
420	37.110946648	44.2136004754	17.5874158497
421	35.5025240846	23.9979004413	15.6800855287
422	75.6233633126	49.9492877741	15.5227421748
423	63.4691223825	64.7108157674	16.382705619
424	57.4097689484	66.7423604135	17.3375040174
425	60.6164205451	80.8325871981	16.1874934025
426	46.9705964578	37.7560986204	17.270832897
427	58.0911661992	37.597305268	16.953953761
428	63.0441656146	52.3763411599	17.3936050818
429	21.9006570169	71.2679343875	15.2782360119
430	40.1357740206	82.6890825474	16.3104278367
431	45.3537099298	84.1337762472	16.0265328581
432	49.3673351825	83.7187876645	16.305028257
433	26.7433781932	30.791660775	16.242887615
434	44.7525828753	43.0681886971	18.3573848057
435	19.0460063062	45.4823362762	16.1460949669
436	42.0305275663	68.7129239002	17.2341868026
437	57.8389341665	71.4721664034	16.6254402105
438	52.0022688466	72.2048427031	17.2599037749
439	26.3196382625	74.74758424	16.2296949933
440	55.3475723307	83.1667845462	16.1368924608
441	71.1454703458	35.6570447013	15.7448390018
442	46.0616358329	71.0240513959	17.4371098787
443	30.8915323018	77.8728945936	16.7415953669
444	66.1906200454	30.0803663591	16.37623659
445	49.5321577861	67.588593352	17.8488622034
446	64.8689447141	76.7658724368	16.7684375078
447	58.8628468617	25.7329309709	17.1968611049
448	47.4214755214	22.8219213008	17.0186913128
449	22.4968931677	39.4170260468	16.9292002359
450	57.1353464038	52.4307683474	18.5672938596
451	39.7263511732	56.327770759	18.8509495117
452	35.9254638121	79.7664697344	17.2963054317
453	31.9184128814	28.4882744163	17.1295011365
454	52.7734563471	57.2203641747	19.2149595245
455	73.5070652501	56.346688713	17.6513575059
456	57.0469842077	58.1059289753	18.4131835568
457	61.6123885046	61.4641603202	18.2676423939
458	38.1571511464	26.0779690248	17.4628108931
459	52.4843247697	47.5487061829	19.1281341163
460	73.4910086509	62.0461180167	17.2320656871
461	23.4444058281	69.148129832	17.3696111256
462	54.4995879651	41.6337028917	18.4633481138
463	40.5860006543	49.0295419869	19.1887789988
464	20.3759470478	58.6522726704	17.8365411703
465	50.5762490218	42.5069169742	19.0775297186
466	36.7019642535	50.4527407347	18.8983886245
467	42.7144557448	62.4548628095	18.7411663227
468	26.9087104712	37.5549396541	18.539436034
469	23.6900788406	47.0019601371	18.6926758364
470	46.3867132518	59.2585772219	19.0349355597
471	50.3706543431	63.6092816192	18.7042958752
472	21.3264751424	64.3221659138	17.8395867203
473	53.9424731751	25.8827630041	18.3449473954
474	68.2104485311	36.0814555315	18.2893628881
475	43.8060012838	53.3875827677	19.5213164047
476	47.9223965037	56.0347455338	19.5979946292
477	55.5928390295	63.3110996043	18.7289530078
478	44.4204323377	26.0974738858	18.5930304087
479	70.2974528524	42.3026008045	18.780867205
480	22.1616318007	42.9675670888	17.2356005133
481	72.4224702279	46.4299118637	18.2611322108
482	21.8898409345	49.8598582987	18.243086749
483	71.9285328966	51.8454407142	18.9861701774
484	69.6837473659	67.328892805	18.6262912747
485	63.041788537	31.391548969	18.7779423485
486	34.1763694876	32.4102301005	19.3765154783
487	49.9399610555	51.4865763344	20.2718358391
488	66.462493181	72.1074284896	18.8468316572
489	57.3503389869	78.9257565242	19.0348895165
490	30.0692597087	34.9322987864	19.1622708768
491	21.981054497	55.2434679281	19.2334366841
492	29.4044430169	73.1300955782	18.8196030972
493	37.5656637673	30.1658729834	19.407744768
494	27.8360861881	67.4461628333	19.5930126774
495	44.5321172353	80.5583947039	19.3648129159
496	24.9817461723	61.9630849366	19.7963322011
497	26.8988955478	43.6013322744	20.0431790391
498	36.3168058428	75.2008559407	19.9190488203
499	42.2514003898	29.8639708005	19.9984635578
500	25.2125940727	53.2495612536	20.2495983651
501	51.6084001265	28.2102994732	19.8682231521
502	69.7719464398	60.7705575612	20.3029740845
503	52.4002786568	78.5958033307	19.8385151035
504	58.5064390999	31.6185402002	20.4879077569
505	65.7713018895	37.871429544	20.1571137953
506	60.7174371671	73.7016764071	20.6860656949
507	40.5248517594	75.3309013184	21.0488017643
508	34.9873655709	37.972578524	21.3412404063
509	30.9020003566	41.1393247521	21.1317470892
510	67.9583397417	49.2603604126	20.8611185103
511	49.2535111879	79.0685231625	20.3691464943
512	48.7266425132	31.2076067541	21.0988467812
513	27.335333395	49.6964773567	21.1818749152
514	33.6158549974	70.792693854	20.5931371771
515	65.6297171689	43.8015875427	21.5744434262
516	26.5993605979	58.7826307302	21.1971042876
517	46.965619115	75.4858029611	21.7731668205
518	39.4866875725	34.7235584514	21.7284574075
519	67.4514293858	55.6831647848	21.7985754718
520	66.7157086254	63.5057194478	21.3844443514
521	54.8224785099	74.4083998338	21.6994820773
522	45.4635020746	33.8928403895	21.998563778
523	54.888817327	34.4331720868	22.1812473838
524	31.2337878373	63.9202645107	21.6968187744
525	63.1178339699	66.970343798	22.1550437108
526	61.4418763936	38.623433574	22.0179343041
527	28.728349309	55.3381556361	21.7540447352
528	36.7067345179	68.7525562293	22.2205240689
529	31.7484468343	47.5295771458	22.791224078
530	64.1325917728	50.4318436316	22.8449269792
531	64.2462056576	59.9739876233	22.6262630654
532	61.7500775711	45.9415511719	23.1709793261
533	42.4842576775	70.6381895502	23.1110226039
534	55.9502744844	70.8163161849	22.6409156996
535	32.8595577012	58.0467192545	23.482719363
536	50.7408154788	37.138259971	23.1655541005
537	42.2076624619	37.7304134806	23.4063350053
538	38.4810297046	41.4363743823	23.6814276936
539	31.3912417016	52.8142226446	23.0886812412
540	42.3282783746	65.8738075113	23.6364126528
541	52.4670120818	67.2056548967	23.8496009455
542	59.8208739704	68.9057669475	22.8028839483
543	49.9309985502	71.1582497237	23.2152961981
544	57.1166844093	40.7445140445	23.4590730816
545	36.8311106555	63.5890111619	23.4978779113
546	45.9231425137	68.644994117	23.901563502
547	34.8406789606	44.9295185421	23.916753384
548	37.3670606154	59.9370233092	24.1228982453
549	48.9455326605	64.1825022202	24.4594818789
550	35.7448602669	51.8254478279	24.7050195567
551	58.2615215245	64.2951524638	24.023786736
552	46.9387900731	38.8296195435	24.1433957119
553	57.5467650822	46.7989668006	24.4263237454
554	60.1118258768	51.5584236487	24.3143007446
555	62.7083330822	55.1831644705	23.625580795
556	54.7853260161	60.3421281306	24.5298982401
557	47.5779719022	60.7082922469	24.8599101888
558	51.8084703887	41.5003967604	24.8353922332
559	60.1214358854	57.7967387678	23.9556600499
560	41.3997099969	60.0595014682	25.0725483048
561	42.1746350811	50.8773518391	25.534328926
562	42.0415674842	45.3386694913	25.2272164229
563	44.1748014611	42.0677842543	24.8543739492
564	53.7109911982	47.5214307437	25.3580272537
565	56.5338713544	53.0034247446	25.3252850196
566	38.8664767908	54.9763271044	25.659986774
567	48.8686877537	45.8293659058	25.6905141947
568	38.6864379948	47.7979954312	25.5277096505
569	45.2289848058	55.4995463124	25.7436395296
570	50.1145877553	53.6895026694	25.8157072926
571	52.7525598754	57.0314214688	25.805165573
572	46.0347709511	48.6965656773	26.0926593373
