513
2
3
4
517
7
8
521
13
14
527
528
18
531
532
21
536
516
602
542
543
32
545
546
547
548
550
551
40
554
557
558
559
560
561
562
563
564
565
566
567
568
569
570
571
572
573
574
575
576
577
578
67
580
581
582
583
584
585
586
75
588
589
590
591
592
593
514
595
596
526
598
599
600
601
90
603
604
605
606
607
96
609
610
611
612
613
614
615
616
617
618
107
620
530
622
623
624
625
626
627
628
629
630
119
632
633
634
635
636
125
638
127
128
641
130
131
132
645
646
647
648
649
650
621
148
151
154
156
157
158
161
163
168
175
182
544
195
198
631
205
206
208
210
219
220
221
225
226
231
637
552
243
244
246
247
248
639
252
256
640
265
267
268
269
271
273
643
644
282
284
290
291
301
302
619
308
309
312
314
324
327
337
338
339
642
608
346
348
352
359
360
361
366
369
371
374
376
380
381
390
391
394
397
398
399
402
403
405
406
407
415
416
417
424
426
430
435
436
437
438
439
440
579
444
445
448
449
587
458
459
461
464
467
468
469
472
473
475
476
477
478
479
481
484
594
495
496
497
498
499
501
502
503
506
507
508
510
597
