1	310684.205879
2	40.9759580253
3	94.5384609804
4	217.723640915
5	17.561124868
6	65.6237150897
7	127.79524324
8	27.2958631953
9	135.696677322
10	131.086614018
11	43.0236838188
12	32.259722056
13	60.8421145457
14	37.3200706138
15	77.2131998164
16	134.699617119
17	279.273346573
18	89.7890236687
19	36.1514731714
20	21.4635970609
21	49.3920038259
22	52.7262589138
23	76.4412822397
24	77.2775262811
25	134.02418924
26	62.5038815509
27	13.9481217663
28	92.7373199683
29	32.4098171404
30	57.7866074716
31	68.6792221638
32	131.000845398
33	260.800930121
34	97.8512739133
35	36.3658947205
36	320.581657999
37	139.181027495
38	89.2315276412
39	78.7034295823
40	99.5666463058
41	134.238610789
42	78.6069398852
43	104.509063012
44	189.076921961
45	113.471883762
46	159.250884487
47	57.5078594578
48	17.7219410298
49	99.7810678549
50	80.4831284395
51	32.1096269717
52	192.132429035
53	13.4227889711
54	172.855931774
55	247.303093608
56	124.268008757
57	186.536026604
58	227.168910151
59	49.7350783044
60	118.403579391
61	64.6480970415
62	74.222019207
63	36.826901051
64	25.3875114087
65	712.780113384
66	33.5784145827
67	102.204031359
68	146.932366493
69	142.365187498
70	526.576440181
71	169.875472242
72	58.3869878089
73	354.438820596
74	56.3178198605
75	98.9448238136
76	154.136930541
77	120.730053198
78	12.6401503171
79	98.0013689977
80	162.306391561
81	374.122718799
82	42.5841196432
83	601.634703429
84	217.777246302
85	167.999283688
86	173.788665513
87	104.530505167
88	29.63305808
89	204.708252887
90	170.990464298
91	327.528916189
92	250.369321759
93	180.039053668
94	426.152107679
95	161.620242604
96	85.6721299268
97	16.7463229816
98	96.3503230699
99	86.6799112073
100	91.0648318856
101	71.3273282947
102	72.6031365116
103	29.300704679
104	108.336487662
105	131.901415904
106	42.3589770167
107	99.1270821303
108	84.256947703
109	150.255900504
110	84.825164808
111	124.879110172
112	57.4328119156
113	66.1704900398
114	17.0893974601
115	169.639608539
116	18.6225115358
117	28.0892229268
118	13.7337002173
119	167.581161668
120	151.167192087
121	123.614023033
122	224.60657264
123	39.0032797739
124	142.633214434
125	194.576834694
126	184.102342023
127	108.990473387
128	166.734196549
129	17.5396827131
130	98.2586748566
131	150.513206362
132	70.3517102465
133	180.103380133
134	179.213530704
135	213.135019765
136	192.336129506
137	164.043206108
138	188.101303913
139	174.646351709
140	139.191748572
141	150.791954376
142	203.303791741
143	182.140384849
144	176.361724102
145	115.08004538
146	169.028507124
147	244.494171315
148	174.560583089
149	138.162525137
150	106.385251566
151	210.519076867
152	156.452683271
153	527.594942539
154	198.457864732
155	298.378306594
156	171.955361268
157	142.815472751
158	191.392674691
159	243.432784647
160	293.350121268
161	186.879101083
162	169.693213926
163	153.879624683
164	216.222690072
165	149.923547102
166	173.123958711
167	126.723135494
168	100.027652636
169	186.846937851
170	141.110821436
171	233.140550293
172	262.001690796
173	150.652580369
174	248.632507212
175	166.47689069
176	232.990455208
177	238.779837033
178	172.352041134
179	178.398728818
180	280.999440043
181	162.638744962
182	113.911447938
183	298.131721812
184	288.246888401
185	164.858007994
186	242.296350437
187	135.696677322
188	221.229433242
189	95.5891265708
190	136.146962575
191	132.330259002
192	86.0259254827
193	286.938916952
194	196.828260959
195	153.590155591
196	118.961075418
197	228.777071769
198	304.349946735
199	169.714656081
200	237.525470971
201	99.5880884607
202	155.230480442
203	137.337002173
204	235.595677029
205	173.33838026
206	194.684045469
207	210.8835935
208	187.318665258
209	296.748702821
210	199.626462174
211	182.483459327
212	151.57459303
213	181.732983905
214	140.639094028
215	61.4639370379
216	111.016757026
217	231.543109752
218	146.460639085
219	302.002030773
220	90.292914309
221	242.542935219
222	217.991667851
223	294.432950091
224	101.507161325
225	172.11617743
226	150.159410806
227	172.20194605
228	161.21284166
229	284.92335439
230	157.674886101
231	132.941360417
232	141.528943457
233	499.687977928
234	164.418443819
235	172.748721
236	207.667270264
237	275.563853774
238	159.218721254
239	162.660187117
240	305.218354009
241	232.293585174
242	226.686461666
243	207.463569793
244	186.235836436
245	186.93270647
246	265.636136052
247	212.770503132
248	204.311573021
249	181.829473603
250	190.942389438
251	160.322992232
252	85.8651093209
253	254.389725804
254	196.485186481
255	194.726929778
256	168.138657695
257	113.536210227
258	133.595346142
259	136.479315976
260	248.525296438
261	247.088672059
262	183.716383234
263	187.104243709
264	244.247586534
265	183.116002897
266	242.521493064
267	247.399583305
268	285.277149946
269	186.47170014
270	109.826717428
271	205.683870935
272	184.820654212
273	112.067422616
274	133.39164567
275	270.460620906
276	213.885495187
277	119.62578222
278	230.042158909
279	187.458039265
280	151.445940101
281	217.605709063
282	233.183434602
283	147.489862521
284	216.672975325
285	134.624569577
286	186.235836436
287	171.312096621
288	232.025558237
289	154.662263337
290	132.651891326
291	125.908333608
292	138.784347629
293	203.035764805
294	182.236874546
295	155.380575526
296	141.636154231
297	191.810796711
298	149.923547102
299	156.270424955
300	142.718983054
301	250.337158527
302	185.817714415
303	109.848159583
304	143.372968779
305	99.3522247568
306	245.073109498
307	255.697697254
308	224.799552034
309	177.348063227
310	127.848848627
311	215.289956333
312	123.367438251
313	120.290489022
314	115.444562014
315	141.518222379
316	128.502834351
317	201.502650729
318	90.5609412453
319	291.591864566
320	139.877897529
321	219.942903948
322	218.345463407
323	140.017271536
324	73.868223651
325	237.761334675
326	193.418958329
327	225.903823012
328	162.842445433
329	207.399243328
330	266.772570263
331	193.043720618
332	197.643062846
333	272.122387912
334	105.238096278
335	200.880828236
336	152.904006634
337	195.241541496
338	235.252602551
339	149.38749323
340	83.4099825842
341	239.551754609
342	238.597578716
343	161.480868597
344	239.712570771
345	109.022636619
346	140.778468035
347	241.395779931
348	145.795932283
349	167.195202879
350	178.377286663
351	157.900028727
352	200.355495441
353	222.708941931
354	213.006366836
355	289.126016752
356	110.191234062
357	250.776722703
358	253.446270988
359	177.616090164
360	129.167541154
361	136.307778737
362	162.52081311
363	114.779855212
364	157.396138087
365	193.2903054
366	59.1481843081
367	154.126209464
368	173.810107668
369	270.27836259
370	162.027643547
371	125.726075291
372	181.690099596
373	125.018484179
374	180.360685991
375	148.851439357
376	158.350313981
377	213.520978554
378	234.662943291
379	142.794030596
380	261.229773219
381	247.345977918
382	198.897428908
383	204.483110261
384	253.253291594
385	246.263149095
386	161.041304421
387	124.085750441
388	226.396992575
389	141.003610662
390	149.376772152
391	208.717935855
392	190.878062973
393	277.590137413
394	163.689410552
395	187.232896639
396	190.803015431
397	151.563871953
398	187.211454484
399	179.781747809
400	147.125345887
401	181.958126532
402	124.611083236
403	226.000312709
404	133.498856445
405	165.29757217
406	150.127247574
407	178.806129761
408	82.08056898
409	68.9043647903
410	271.24325956
411	155.434180913
412	151.499545488
413	127.773801085
414	185.656898253
415	207.313474708
416	147.11462481
417	116.119989893
418	132.866312875
419	166.401843148
420	159.947754521
421	201.084528708
422	244.001001752
423	139.835013219
424	168.106494463
425	220.864916609
426	189.323506742
427	108.143508268
428	254.400446882
429	165.715694191
430	180.167706597
431	92.6729935036
432	67.2533188625
433	175.922159926
434	153.332849733
435	225.217674055
436	182.408411785
437	222.41947284
438	201.556256116
439	173.156121943
440	193.183094625
441	272.5083467
442	115.401677704
443	212.470312963
444	119.518571446
445	200.955875779
446	178.334402353
447	182.151105926
448	166.530496077
449	153.064822796
450	119.593618988
451	152.014157206
452	235.402697635
453	191.221137451
454	178.141422959
455	211.087293972
456	216.329900846
457	190.47066203
458	91.3757431317
459	125.672469904
460	278.78017701
461	153.579434514
462	177.819790635
463	175.257453124
464	226.128965638
465	220.414631356
466	122.306051584
467	196.646002643
468	164.482770284
469	189.495043981
470	185.656898253
471	259.621611601
472	135.568024393
473	127.966780479
474	124.964878792
475	94.8064879167
476	169.393023757
477	254.19674641
478	136.114799343
479	54.152162215
480	175.857833461
481	90.9147368013
482	162.574418497
483	129.457010245
484	113.836400396
485	175.268174201
486	271.843639898
487	113.675584234
488	289.951539716
489	227.737127256
490	107.478801466
491	143.308642314
492	180.060495823
493	249.318656169
494	170.39008396
495	130.239648899
496	107.575291163
497	123.324553942
498	264.59619154
499	140.017271536
500	108.068460726
501	173.391985647
502	171.033348607
503	117.063444709
504	141.636154231
505	145.184830868
506	153.815298218
507	200.355495441
508	106.803373587
509	123.66762842
510	137.165464933
511	216.319179769
512	163.860947791
513	210.508355789
514	170.679553051
515	182.697880876
516	136.532921364
517	300.661896091
518	124.611083236
519	288.954479513
520	197.943253014
521	160.966256879
522	232.486564568
523	165.919394662
524	286.981801261
525	227.51198463
526	207.045447772
527	173.070353323
528	222.741105163
529	138.870116248
530	145.34564703
531	148.851439357
532	195.60605813
533	95.8142691973
534	242.189139663
535	193.086604928
536	139.952945071
537	156.431241116
538	119.615061143
539	220.01795149
540	189.216295968
541	147.093182655
542	216.190526839
543	160.033523141
544	85.5005926875
545	191.296184994
546	253.832229777
547	137.647913419
548	101.196250079
549	196.013459073
550	144.659498073
551	204.826184739
552	163.421383616
553	83.3778193518
554	186.396652598
555	229.924227057
556	99.3629458342
557	65.6987626319
558	266.493822249
559	128.996003914
560	193.172373548
561	208.750099087
562	184.895701754
563	116.30224821
564	211.333878753
565	224.381430013
566	221.65827634
567	188.015535293
568	221.851255735
569	174.324719385
570	190.717246811
571	138.183967291
572	254.068093481
573	159.947754521
574	151.896225354
575	162.049085702
576	114.061543022
577	174.303277231
578	201.459766419
579	121.577018317
580	156.913689602
581	155.016058893
582	209.757880368
583	114.854902754
584	252.995985735
585	171.933919113
586	187.865440209
587	258.495898469
588	90.2714721541
589	94.5277399029
590	126.380061016
591	274.288045557
592	123.496091181
593	205.448007231
594	177.20868922
595	50.8179071271
596	189.805955228
597	181.196930033
598	178.366565585
599	116.945512857
600	208.031786898
601	143.458737398
602	189.387833207
603	131.879973749
604	203.443165748
605	106.052898165
606	250.347879605
607	171.794545107
608	167.65620921
609	131.654831123
610	64.3264647179
611	193.172373548
612	192.968673076
613	96.5861867739
614	75.7872965151
615	199.43348278
616	89.4566702677
617	133.831209846
618	127.763080007
619	83.8388256823
620	170.550900122
621	232.293585174
622	133.734720148
623	133.970583852
624	163.056866982
625	189.484322904
626	140.703420493
627	136.264894427
628	144.595171608
629	107.21077453
630	143.630274638
631	99.8882786294
632	169.157160053
633	156.79575775
634	131.772762975
635	134.517358803
636	199.358435238
637	231.907626385
638	115.734031105
639	124.032145054
640	164.547096748
641	223.663117824
642	224.585130485
643	172.491415141
644	137.840892813
645	227.093862609
646	89.4137859579
647	129.296194083
648	178.849014071
649	141.689759619
650	73.8789447285
