1	512	2	3	516	6	7	8	521	10	523	13	14	15	528	17	530	515	20	21	22	535	24	25	26	27	28	29	542	543	32	545	546	547	36	518	550	551	552	41	554	519	556	45	46	559	48	520	562	563	564	565	566	567	568	569	58	571	572	522	574	555	576	539	578	579	68	581	582	583	584	585	586	587	588	589	525	83	85	527	96	560	101	529	109	531	116	532	553	125	533	131	133	137	138	139	144	145	146	147	148	149	150	151	152	153	157	158	160	163	164	166	167	168	169	170	172	173	174	541	176	177	178	179	182	183	184	185	186	188	189	190	191	192	193	194	195	196	201	202	205	206	207	210	212	214	215	216	548	219	549	224	226	229	536	231	233	236	237	240	241	242	243	244	247	251	252	254	255	256	259	537	261	262	265	267	268	269	557	272	275	276	558	278	279	284	287	288	534	290	291	292	295	297	302	303	304	305	306	307	308	314	573	320	322	323	324	325	327	329	330	335	339	340	341	344	345	348	570	540	351	353	354	362	367	368	370	371	374	375	575	379	382	386	389	390	391	392	393	394	395	397	398	402	403	406	580	412	415	416	417	418	419	420	421	422	424	538	429	431	432	577	439	441	442	443	446	448	453	454	457	459	462	463	466	467	468	561	470	544	472	474	475	476	477	478	481	483	486	489	490	492	493	494	526	501	502	503	506	509	510	511
2	1	242	15	243	9
3	272	1	10	12
4	184	272	11	12	291
5	291	11	188	237
6	1	178	188	13	7
7	8	1	14	13	6
8	1	14	7
9	288	2	10	16	242	243
10	288	1	3	9	12	272	16	242	182
11	291	4	5	233	237	19	184
12	3	4	10	272	18	182	184
13	1	6	7	14	17	178	20
14	1	7	8	13	17	21
15	192	1	2	243	22	255
16	288	194	262	9	10	205	242	243	182	25	314	27	255
17	1	20	13	14	21
18	268	12	272	184	19	244	182	23	24
19	233	11	237	18	244	23	184	185
20	1	13	17	178	21	185	26	158
21	1	26	20	14	17
22	192	1	170	28	15
23	193	233	202	268	18	19	244	24	30
24	1	195	202	268	206	18	182	23	25
25	1	194	205	206	16	182	24
26	1	20	21	158	29
27	192	1	194	262	170	269	16	255
28	32	1	170	22
29	1	196	174	26	186	158
30	216	193	34	202	23
31	216	202	35	189	195
32	1	170	28
33	196	34	156	174	265
34	33	35	38	193	265	42	263	174	307	216	331	156	30
35	34	38	40	216	189	31
36	224	1	195	43	206	46	279	189
37	196	39	266	44	292	186	156
38	34	35	263	40	42	47	307	216	223
39	256	320	164	37	292	266	44	45	374	376	217	186	218
40	35	38	43	47	336	307	245	279	216	348	189	223
41	256	1	226	45	48	52	213
42	34	358	38	263	331	208	50	51	156	223
43	224	36	40	49	245	279	56	189
44	225	37	39	266	208	217	218	156
45	256	1	164	39	41	52	213	54	217	57
46	224	1	58	36	229
47	227	38	40	336	50	245	56	223
48	1	226	41	179	247	61
49	224	66	229	43	245	246	56	59
50	65	227	358	42	171	47	208	51	280	154	223
51	42	208	50	181	280	154	53
52	226	197	41	45	340	213	54	281	57	62
53	64	225	208	51	181	55	187
54	257	281	326	234	45	52	213	217	57	282	60	63
55	64	225	257	53	218	187	60
56	67	43	175	49	227	245	246	343	248	47
57	197	234	45	52	213	54	281	217	62	63
58	1	59	229	46	219
59	161	66	69	296	398	49	246	58	219	284	229
60	64	257	71	76	209	54	55	218	187	282	63
61	321	226	197	73	74	235	48	179	247	344	297	62
62	321	197	72	73	234	235	274	52	281	57	315	61	63
63	71	72	234	209	54	57	282	60	62
64	70	273	76	79	209	53	55	187	60	181
65	258	230	171	77	78	50	154
66	161	296	175	49	84	246	59
67	258	75	171	77	175	248	227	285	56	283	221
68	1	219	284
69	81	59	284	219	161
70	64	78	79	273	181	88	249	154	187	316	317
71	293	72	234	203	76	209	82	87	60	318	63
72	321	299	293	198	71	73	234	235	274	80	82	87	62	63
73	299	72	74	235	80	61	62
74	299	73	235	157	179	297	61	159
75	67	285	238	175	84	86	283	221
76	64	71	104	203	273	79	209	87	60
77	65	258	67	230	171	78	285	90	221
78	65	258	230	70	77	317	309	88	249	90	154
79	64	98	70	423	104	203	76	333	273	88	249	316	317
80	198	72	73	299	82	92
81	97	69	161	284	172	270	308	85	89	219	220
82	198	71	72	199	80	104	87	92
83	96	1	91	157	231
84	161	66	228	296	332	75	300	365	238	175	270	86	89	220	94	95
85	1	172	308	284	81
86	75	238	285	84	310	155	221	95
87	449	203	388	293	198	71	72	364	199	76	274	104	82	433	427	318	357
88	98	70	103	104	78	79	277	249	90
89	161	97	270	81	84	220	94
90	100	230	103	77	78	277	88	249	221
91	96	99	231	259	157	83	93	159
92	102	198	199	106	299	80	82	250	93	286
93	99	231	106	299	259	345	91	92	286	159
94	97	228	105	300	84	89	220	95
95	228	264	105	107	238	84	86	155	94
96	1	99	231	259	109	83	91
97	322	101	275	105	172	110	81	210	211	308	89	220	253	94
98	517	103	104	426	79	435	277	505	88	249	495	317
99	96	259	106	109	91	93
100	103	204	108	113	90	155	221
101	1	210	172	97
102	199	104	106	112	250	92
103	98	100	104	204	301	113	277	88	90	221	319
104	515	517	519	520	522	524	533	538	539	542	551	552	554	555	558	559	561	564	571	574	579	582	76	79	82	87	88	98	102	103	112	113	118	120	121	123	126	128	132	135	136	140	141	142	143	162	180	183	198	199	203	232	241	250	251	277	289	294	295	298	301	302	304	305	306	317	318	319	325	327	333	334	335	346	347	352	353	354	361	367	369	377	383	385	386	388	389	394	395	400	401	402	404	414	418	420	421	422	423	430	431	433	434	435	442	447	448	449	451	452	456	461	466	469	474	476	480	482	483	485	495	496	505	506	510	511
105	97	228	211	107	110	239	114	115	222	313	220	253	94	95
106	341	99	102	109	111	112	259	286	250	92	93	190	287
107	228	165	264	105	108	114	204	117	311	260	155	222	95
108	100	165	107	204	113	155
109	96	1	99	106	111	259	190
110	97	166	275	105	240	210	115	116	211
111	160	162	259	106	109	112	190	287
112	160	162	102	327	104	106	111	118	250	382	287
113	360	100	165	260	103	104	204	108	301	369	328	120	121	347
114	200	105	107	239	115	117	119	312	122	222
115	323	275	200	105	110	239	240	114	211	278	122
116	1	210	275	166	110
117	260	165	200	107	271	114	119	312	121	222
118	128	160	162	493	325	167	104	361	394	327	418	302	207	112	306	448	250	367	346	382
119	200	271	114	117	121	122	124	127
120	328	385	165	104	298	113	180	121	347	383
121	328	260	165	104	298	271	113	180	117	119	120	127
122	129	278	261	200	267	240	114	115	212	214	119	124
123	352	353	395	132	325	295	104	135	236	334	304	241	420
124	129	130	261	200	119	122	127	254	191
125	1	131	166	201
126	352	354	421	422	386	104	486	330	141	142	143	401	305	276	476	414	453
127	130	324	261	200	298	397	271	328	180	119	121	303	124	254
128	132	133	167	104	138	207	241	306	118	183
129	261	168	212	122	124	191
130	134	137	173	177	180	191	124	254	127
131	1	201	139	176	212	125
132	128	135	104	138	236	241	148	123
133	128	1	138	183	167
134	136	137	130	180	177
135	132	295	104	236	143	148	150	123
136	163	134	104	140	177	147	180	215	232
137	1	130	134	177	173	145	147	149	254
138	128	1	132	133	236	241	148	183
139	176	1	146	131
140	290	163	104	141	136	215	252	232
141	290	163	294	104	330	140	386	142	335	232	276	153	252	126
142	104	169	141	143	305	276	153	251	126
143	135	104	169	295	142	150	251	126
144	1	168	173	176	145	146	151	152
145	1	137	173	144	149	151
146	144	1	152	139	176
147	1	163	136	137	177	149	215
148	1	132	135	138	236	150
149	145	1	147	177	137
150	1	135	169	295	236	143	148	251
151	144	1	152	145
152	144	1	146	151
153	1	163	169	141	142	305	276	252
154	65	258	70	373	171	78	50	51	181	280	316	317	309
155	100	310	264	204	107	108	238	285	337	86	311	221	95
156	33	34	331	196	37	225	265	42	263	44	208	362	292	266
157	1	179	231	297	74	83	91	159
158	1	193	174	20	185	26	29
159	299	391	231	297	74	235	157	345	91	93
160	1	162	167	327	302	111	112	118	190	287
161	66	69	296	270	81	84	398	89	59	284
162	160	167	104	327	302	111	112	118	207
163	1	290	136	140	141	147	215	153	252
164	256	1	39	45	320	186
165	260	204	107	108	113	117	120	121
166	1	201	110	240	275	116	214	125
167	128	1	162	133	160	302	207	118	183
168	1	129	176	173	144	212	191
169	1	142	143	305	150	153	251
170	32	1	194	262	192	269	22	27	28
171	65	258	67	355	77	280	50	227	248	154
172	1	322	101	97	81	210	308	85
173	1	130	168	137	144	145	254	191
174	1	34	196	33	193	265	29	158
175	66	67	359	296	75	332	238	248	84	246	343	56	283
176	1	131	168	139	144	146	212
177	1	130	134	136	137	303	147	180	149	215	254
178	1	6	13	237	20	185	188
179	1	297	74	157	48	247	61
180	130	134	177	104	298	303	136	370	215	120	121	232	254	127
181	64	225	356	70	380	208	273	51	372	53	280	154	187	316	373
182	288	1	242	10	12	205	272	16	18	268	24	25	314
183	128	1	133	167	104	138	207	241	306
184	1	291	4	233	11	12	237	272	18	19	244	268
185	1	193	233	237	178	19	20	158
186	320	1	196	37	39	266	292	374	164	29
187	64	225	356	70	273	209	181	55	218	60	282	53
188	1	178	5	6	237
189	1	35	36	40	43	195	279	216	31
190	160	1	259	106	109	111	287
191	1	130	261	129	168	173	212	124	254
192	1	262	170	269	15	22	27	255
193	1	34	233	202	174	244	30	23	216	185	265	158
194	1	262	170	205	206	16	25	314	27
195	1	36	202	268	206	216	24	189	31
196	1	292	37	33	265	362	174	186	156	29
197	321	226	340	52	247	344	57	315	281	61	62
198	388	357	199	72	299	338	274	80	104	82	87	377	92
199	102	198	104	299	338	82	87	377	250	92	346	286
200	323	324	261	339	429	239	114	115	117	278	119	312	122	271	124	127
201	1	131	166	267	212	214	125
202	1	195	193	268	216	244	23	24	30	31
203	71	104	76	333	79	209	87	273	318
204	360	100	165	103	264	107	108	301	337	369	113	311	260	155	221	222	319
205	1	194	206	16	182	25	314
206	1	194	195	36	205	24	25	314
207	128	1	162	167	302	306	118	183
208	225	358	263	380	42	331	44	455	50	51	372	53	280	409	156	266	181
209	64	356	293	71	234	203	76	333	273	282	187	60	349	318	63
210	1	322	101	97	172	110	275	116
211	97	322	323	275	105	110	239	240	115	313	253	351
212	1	131	261	129	168	201	267	176	214	122	191
213	256	226	326	340	41	375	45	52	54	57	217	281
214	1	166	201	267	240	212	278	122
215	1	290	163	136	329	140	303	177	370	147	180	232
216	1	34	35	38	193	40	265	202	307	195	279	189	30	31
217	256	257	342	326	39	44	45	320	213	54	375	376	57	218	412
218	225	356	39	266	44	405	342	55	376	217	282	187	60	257
219	1	68	69	398	81	58	59	284	229
220	97	322	228	308	105	300	270	81	403	84	89	253	94
221	67	100	310	230	103	75	204	77	238	301	337	277	86	249	90	155	285	350	319
222	228	264	105	107	204	239	408	114	117	311	312	260	313
223	227	358	38	263	40	42	47	336	50	307	348	390
224	1	36	229	43	46	49	371	245	246	279	379
225	464	356	266	331	44	208	372	53	55	376	409	218	187	156	181
226	256	1	197	41	375	48	52	213	247	340	61
227	384	67	358	171	47	336	248	50	355	245	343	56	280	223
228	264	105	366	107	300	238	84	222	313	220	253	94	95
229	224	1	219	416	46	49	371	398	246	58	59
230	65	258	77	78	285	309	381	249	90	221	350
231	96	1	259	297	157	83	345	91	93	159
232	290	389	294	104	329	298	140	141	402	136	370	180	215
233	1	193	11	237	19	244	23	184	185
234	257	293	71	72	363	209	274	54	281	57	282	315	62	63
235	321	391	72	73	74	299	274	297	344	61	62	159
236	1	132	135	138	295	304	241	148	150	123
237	1	291	5	233	11	178	19	184	185	188
238	283	228	285	359	264	332	75	300	365	366	175	310	387	84	86	399	155	411	221	95
239	323	211	200	105	339	392	114	115	312	313	222	351
240	1	323	278	166	275	110	115	214	122	211
241	128	1	132	325	104	138	236	304	306	183	123
242	288	1	2	9	10	16	243	182
243	288	1	2	9	15	16	242	314	255
244	1	193	233	202	268	18	19	23	184
245	224	384	343	227	40	43	47	336	49	371	246	279	56	379	348	415
246	224	416	66	229	296	398	175	49	371	245	343	56	59
247	1	226	197	297	48	179	340	344	61
248	384	258	67	359	396	171	387	450	175	227	381	343	56	355	283	285	473
249	98	230	70	317	78	79	277	88	90	319	426	221	350	309
250	102	199	104	393	106	112	424	382	341	118	377	346	92	286	287
251	1	354	295	104	169	142	143	305	150
252	1	290	163	140	141	335	276	153
253	97	322	419	228	105	300	366	211	439	313	220	403	351
254	1	130	324	261	137	173	303	177	180	397	191	124	127
255	192	1	262	15	16	243	314	27
256	320	1	226	164	39	41	45	213	375	217
257	342	326	234	363	281	405	54	55	217	218	60	282
258	65	67	230	171	396	77	78	381	280	355	309	248	154	285	373
259	96	1	99	341	231	106	109	111	286	345	91	93	190	287
260	360	408	165	328	107	204	271	113	117	311	312	121	378	347	413	222
261	129	324	1	200	267	339	212	278	122	127	124	254	191
262	192	1	194	170	269	16	314	27	255
263	336	34	459	358	38	265	42	331	390	208	368	307	156	223
264	411	228	107	204	238	408	366	310	311	312	313	155	222	95
265	1	34	331	196	33	193	362	263	174	368	307	216	156
266	225	292	37	39	362	331	44	462	208	374	376	409	186	156	218
267	1	278	261	201	212	214	122
268	1	195	202	272	184	18	244	182	23	24
269	192	1	170	27	262
270	161	308	296	220	300	365	398	81	403	84	332	89	284
271	260	200	324	397	429	328	339	117	119	312	121	378	127
272	1	3	4	268	10	12	18	291	182	184
273	64	356	70	203	76	333	79	209	372	181	187	316
274	321	299	293	198	72	234	235	364	87	315	62	357
275	1	322	323	166	97	110	240	210	115	116	351	211
276	1	330	141	142	335	305	153	252	126
277	98	517	103	104	426	482	495	498	88	249	90	221	319
278	1	323	261	200	339	267	240	115	214	122
279	224	1	36	40	43	307	245	216	379	348	189
280	336	258	227	358	171	208	50	51	181	355	154	380	373
281	257	443	197	326	340	454	234	363	52	213	54	57	315	62	406
282	257	356	293	234	363	209	405	54	218	187	60	349	63
283	67	359	75	238	175	248	285
284	1	219	68	69	161	270	81	403	308	85	398	59
285	258	67	310	230	359	75	77	238	381	337	387	86	248	283	155	221	350
286	259	199	393	106	299	338	341	377	345	250	92	93
287	160	1	259	327	106	111	112	382	341	250	190
288	1	9	10	16	242	243	182	314
289	515	518	104	361	522	555	461	433	533	536	377	346	506
290	1	163	389	294	232	329	140	141	335	215	252
291	1	4	5	11	237	272	184
292	1	196	37	39	266	374	186	156	362
293	427	407	71	72	234	363	364	209	274	436	87	282	315	349	318
294	290	389	104	141	335	232	442
295	1	354	251	135	104	236	143	304	150	123	353
296	416	161	66	359	332	270	175	84	398	246	343	59
297	1	391	231	74	235	157	179	247	344	345	61	159
298	328	385	104	397	402	303	232	370	180	470	120	121	383	127
299	321	388	357	198	199	72	73	74	235	338	80	417	274	432	391	446	345	92	93	286	159
300	228	366	439	365	238	403	84	270	313	308	220	253	94
301	360	103	104	204	369	113	347	221	319
302	160	1	162	167	104	394	327	207	306	118	367
303	1	298	397	177	370	180	215	254	127
304	1	325	295	104	395	236	353	241	123
305	1	354	104	169	330	142	276	153	251	126
306	128	1	325	104	394	302	207	241	118	183	367
307	1	34	390	38	263	40	265	368	279	216	348	223
308	1	322	97	284	172	270	81	403	85	300	220
309	258	355	230	425	426	396	78	381	373	249	154	428	317	350
310	387	264	460	238	285	337	399	86	311	440	155	411	221
311	360	411	260	465	264	107	204	366	440	337	310	408	155	222
312	392	260	200	429	239	264	114	339	468	117	441	408	313	378	271	222
313	408	419	228	264	105	300	366	239	392	211	312	441	253	222	351
314	288	1	194	262	205	206	16	243	182	255
315	321	197	454	417	234	363	364	274	340	446	406	407	281	62	293
316	356	70	423	333	79	273	372	181	438	154	317	410	373
317	98	70	423	104	425	426	78	79	435	309	438	249	154	316	373
318	449	427	293	471	71	104	458	203	364	333	400	209	436	87	349
319	360	482	451	103	104	428	426	204	301	369	337	465	277	498	249	221	350	479
320	256	1	164	39	374	375	376	217	186	412
321	417	299	197	391	72	235	364	274	340	446	406	344	315	61	62	357
322	1	419	97	275	172	210	211	308	439	403	220	253	351
323	1	211	200	275	339	239	240	392	115	278	351
324	1	261	200	397	271	339	429	254	127
325	1	353	104	395	367	304	241	306	118	123
326	257	375	342	406	363	340	213	54	281	217	443	405
327	160	1	162	104	394	418	302	112	118	382	287
328	477	260	298	397	271	113	383	120	121	378	347	413	429	127
329	1	290	389	232	402	370	215
330	1	354	422	141	386	335	305	276	126
331	225	34	459	358	263	265	42	455	462	463	208	368	362	409	156	266
332	416	359	296	489	365	270	175	84	238	398	343	399	445
333	356	423	273	104	458	203	79	400	209	471	410	316	349	318
334	352	483	420	453	104	494	431	404	123
335	1	290	389	294	104	330	141	386	276	442	252
336	384	450	227	390	358	263	40	444	467	47	355	245	280	415	348	223
337	387	360	428	204	285	465	479	310	311	440	155	221	350	319
338	388	357	198	199	393	299	432	377	345	286
339	1	323	324	261	200	429	271	392	278	312	239
340	1	226	443	197	326	321	375	52	213	406	247	344	281	315
341	1	259	424	393	106	382	345	250	286	287
342	257	326	472	405	375	376	217	218	443	412
343	384	416	450	227	359	296	457	332	175	248	371	245	246	503	56	379	445	415
344	1	391	197	321	297	235	417	340	406	247	61
345	1	259	391	231	297	299	432	338	341	393	93	286	159
346	289	418	515	518	199	104	361	493	424	481	118	377	250	506	382
347	328	360	451	260	369	104	301	385	113	120	447	413	383
348	1	390	40	336	307	415	245	279	379	223
349	356	293	458	363	333	209	436	405	407	282	410	318	437
350	387	230	426	428	285	337	309	381	249	221	319
351	1	322	323	211	392	419	239	275	441	313	253
352	353	354	420	421	104	334	404	414	511	123	126	453
353	352	1	354	420	325	295	104	395	304	123
354	352	1	420	421	422	295	104	330	353	305	251	126
355	384	258	227	358	444	171	396	450	336	280	309	248	380	373
356	225	273	333	349	464	209	372	181	376	218	187	316	282	410	405
357	321	427	388	198	490	299	364	338	432	274	87	446
358	336	227	390	263	444	42	331	455	467	208	368	50	355	280	380	459	223
359	450	387	296	473	332	238	175	399	343	248	445	283	285
360	440	260	337	204	301	369	113	465	451	311	408	347	413	319
361	448	289	104	493	118	346	506
362	1	292	265	266	331	462	463	368	374	196	156
363	512	257	443	293	326	454	234	436	405	407	281	282	315	349	437
364	321	427	293	454	490	407	274	446	87	501	315	318	357
365	475	300	332	366	399	489	238	403	84	270	398	439	411
366	441	419	228	264	492	439	300	365	238	311	408	313	411	253
367	448	1	325	104	394	395	302	431	306	118
368	1	459	390	358	263	265	362	331	463	307
369	360	482	451	465	104	469	204	301	113	447	347	319
370	1	385	232	329	298	397	303	402	180	470	215
371	224	1	229	457	416	245	246	343	379
372	225	356	455	380	487	500	208	273	464	181	438	504	409	410	316	373
373	258	355	487	488	380	396	504	372	181	438	425	280	154	316	317	309
374	320	1	292	39	266	462	472	502	376	186	412	362
375	256	1	226	326	320	340	213	342	472	217	443	412
376	320	225	356	374	39	502	266	462	464	521	405	342	409	472	217	218	412
377	289	515	388	518	198	199	104	393	432	424	338	481	478	433	250	346	286
378	408	260	328	429	271	392	468	312	413
379	224	1	457	279	371	245	343	348	415
380	355	358	455	488	487	396	208	372	181	280	444	373
381	258	387	230	425	491	396	497	309	248	473	428	285	350
382	1	418	327	424	112	341	118	250	346	287
383	385	519	104	298	397	477	328	470	120	347	413	447
384	450	227	457	503	467	336	355	245	343	248	415
385	519	104	298	402	434	520	370	447	470	120	474	347	383
386	1	422	104	330	141	335	466	442	126
387	440	359	428	491	396	238	381	337	310	473	248	445	399	460	285	350	479
388	449	427	357	198	104	490	299	432	433	338	478	534	87	377	446
389	1	290	294	104	329	335	232	402	442	474
390	1	358	263	459	467	336	368	307	415	348	223
391	1	299	321	297	235	432	417	344	345	446	159
392	1	323	429	239	339	468	441	312	313	378	351
393	1	424	432	338	341	377	345	250	286
394	448	1	418	327	104	302	367	306	118
395	1	420	325	353	104	367	304	431	123
396	258	355	488	425	450	497	387	309	248	473	444	380	381	373
397	1	324	328	298	429	271	370	383	470	303	477	254	127
398	416	1	219	229	161	296	489	332	365	270	399	403	246	59	284	475
399	387	359	460	523	332	365	238	528	398	310	489	411	445	475
400	480	449	423	104	461	333	496	471	318
401	104	530	430	456	466	126	510	476	414
402	1	389	385	104	329	298	232	370	470	474
403	1	322	419	284	300	365	270	308	398	439	475	220	253
404	352	483	452	453	104	522	334	431	494	538	414	511
405	512	257	356	326	521	363	349	464	472	437	342	376	484	218	443	282	410
406	1	443	454	326	321	417	340	344	281	315
407	512	427	293	454	363	364	443	436	437	315	349	501
408	441	440	260	465	264	532	492	366	509	360	451	468	516	311	312	313	378	411	413	222
409	225	546	464	455	266	331	462	463	208	529	372	502	376
410	500	356	423	458	333	464	499	372	405	438	484	316	349	437
411	264	492	439	460	365	366	399	528	440	238	310	311	408	475	509
412	320	1	342	472	374	375	376	217
413	451	260	519	328	429	525	360	468	447	408	516	378	347	477	383
414	352	452	453	486	104	401	530	404	456	539	476	126	511
415	384	1	390	457	336	467	245	343	379	348
416	523	1	489	229	296	457	503	332	398	371	246	343	445
417	1	454	391	299	321	406	344	315	446
418	448	1	327	104	394	493	424	481	118	346	382
419	1	322	441	492	366	403	439	313	253	351
420	352	1	354	421	353	104	395	334	431	494	123	453
421	352	1	354	420	453	422	104	486	476	126
422	1	354	421	104	330	386	466	476	126
423	496	104	524	458	499	333	79	400	435	438	471	505	410	507	316	317
424	1	418	481	393	432	341	478	377	250	346	382
425	513	514	487	488	428	426	396	317	497	435	373	438	504	508	381	309
426	98	309	425	428	514	498	435	277	505	249	517	508	317	350	319
427	449	388	357	471	490	407	364	527	436	501	87	318	293
428	387	497	425	426	491	460	337	498	309	479	508	381	350	319
429	1	392	477	324	200	397	271	328	339	468	312	516	378	413
430	545	456	104	401	434	510
431	448	1	483	420	104	395	334	367	404	494
432	1	388	357	391	424	393	490	299	338	478	345	377	446
433	544	289	515	388	449	104	461	533	534	87	377	478
434	385	552	520	545	104	430	456	469	474	540	510	447
435	98	423	104	425	426	514	438	505	507	317
436	512	449	363	293	471	458	427	557	527	437	407	537	349	318	501
437	512	484	549	458	363	436	405	407	537	410	349
438	514	423	425	499	435	372	373	504	500	410	507	316	317
439	1	322	419	492	300	365	366	403	411	253	475
440	387	548	465	360	460	528	337	532	310	311	408	411	509	479
441	1	419	392	492	366	408	468	312	313	509	351
442	1	386	389	294	104	335	466	474
443	512	1	407	406	326	454	521	363	340	405	342	375	472	281
444	450	355	487	550	358	455	488	459	396	526	336	529	467	380
445	416	523	450	387	503	359	460	491	332	399	489	531	528	343	473	541
446	1	388	357	454	321	490	299	364	432	417	391	315	501
447	385	451	520	519	104	525	369	434	347	413	542	383
448	1	418	483	104	361	394	493	367	118	506	431
449	544	496	388	471	104	490	427	461	527	400	433	436	534	87	557	318	543
450	384	355	359	488	535	503	396	526	336	531	467	343	248	473	444	445
451	482	516	369	104	553	519	525	360	465	447	408	347	413	542	319
452	104	558	456	530	404	539	414	511
453	352	1	420	421	486	334	404	414	494	126	511
454	512	1	443	417	363	364	501	406	407	281	315	446
455	464	546	459	358	487	444	331	500	463	208	529	372	504	409	380
456	545	452	552	104	558	561	556	530	430	401	434	469	510	539	414
457	384	1	416	503	467	371	343	379	415
458	484	549	423	537	333	557	563	499	436	437	471	500	410	572	349	318
459	1	358	390	263	331	526	463	368	529	467	550	444	455
460	387	548	491	428	399	528	310	440	411	541	445	479
461	480	289	449	104	554	400	433	496	544	533
462	1	502	266	331	463	529	374	376	409	362
463	1	459	455	362	331	462	368	529	409
464	225	500	547	356	455	521	484	546	372	405	502	376	409	410
465	482	440	516	369	360	553	337	451	532	311	408	548	479	319
466	1	386	422	104	401	530	442	476	474	510
467	384	1	450	358	390	535	457	459	526	336	503	444	415
468	1	516	392	429	509	408	532	312	441	378	413
469	482	456	551	104	369	434	552	574
470	385	1	520	298	519	397	402	370	474	477	383
471	449	423	458	427	333	557	400	563	499	436	496	318	543
472	1	521	342	502	405	374	375	376	443	412
473	450	387	359	488	491	396	381	497	562	531	535	248	541	445
474	1	389	385	104	434	466	520	402	470	442	540	510
475	1	489	523	492	365	398	399	528	403	439	411
476	1	421	422	104	486	530	401	466	126	414
477	1	516	519	328	429	397	470	525	413	383
478	1	515	388	481	424	490	432	433	534	377
479	482	387	548	465	460	491	428	560	337	498	532	568	553	440	569	319
480	496	578	485	104	554	524	461	495	400	564	573
481	1	418	515	518	424	493	377	346	478
482	571	451	517	582	465	104	553	469	551	574	369	498	277	569	479	542	319
483	448	1	104	522	334	431	404	494	506
484	512	547	549	521	458	464	500	405	410	437
485	480	578	579	104	559	561	564	495
486	1	453	530	126	511	476	414	421
487	513	546	550	455	488	444	529	372	373	425	504	575	380	565
488	513	450	550	487	380	535	396	526	497	562	373	425	473	444	575
489	416	1	523	332	365	398	399	475	445
490	1	388	357	449	427	364	527	432	478	534	446	501
491	387	548	428	460	541	445	497	498	562	568	473	570	508	381	479
492	1	419	366	528	439	408	441	411	509	475
493	448	1	418	518	481	361	118	346	506
494	1	483	420	453	522	334	431	404	538	511
495	480	98	579	485	582	104	524	578	277	505	573	517
496	480	449	423	104	554	567	524	461	400	563	499	544	577	471	507	573	543
497	513	570	581	488	425	491	428	562	473	396	508	381
498	482	580	517	584	426	491	428	560	277	568	569	570	319	508	479
499	577	423	458	524	496	563	500	438	471	410	507	572	586
500	576	546	547	484	549	455	458	566	464	499	372	438	504	410	507	572	586
501	512	1	454	490	427	364	557	527	436	407	537	446
502	1	546	547	529	521	462	464	472	374	376	409
503	384	1	450	535	457	523	467	531	416	343	445
504	513	514	566	487	425	455	546	372	373	438	585	500	507	575	565
505	577	98	517	582	423	104	588	426	524	514	495	584	435	507	573	589
506	448	1	483	518	289	104	361	522	493	536	346
507	576	577	514	566	588	423	585	586	587	524	499	496	435	500	438	504	505	572
508	513	514	580	517	583	425	426	491	428	497	498	570	581
509	1	548	492	532	528	440	468	408	441	411
510	1	401	104	556	466	430	456	434	545	474	530	540
511	352	1	452	453	486	104	494	530	404	538	539	414
512	1	484	549	454	521	363	436	405	407	501	537	443	437
513	514	581	487	488	425	583	497	562	585	504	508	575
514	513	587	517	577	584	425	426	583	588	435	438	585	504	505	507	508
515	544	1	518	289	104	433	481	533	534	377	346	478
516	1	451	553	429	477	465	468	408	532	525	413	542
517	482	580	582	583	104	426	98	495	584	498	277	569	505	514	508
518	1	289	515	481	493	533	536	377	346	506
519	1	451	385	104	551	525	477	520	470	383	413	542	447
520	1	385	104	551	519	552	434	470	474	540	447
521	512	1	547	484	549	464	472	405	502	376	443
522	1	483	289	104	555	494	559	404	536	506	538
523	416	1	489	399	528	531	503	475	541	445
524	480	577	423	104	495	496	499	505	507	573
525	1	451	516	519	413	477	542	447
526	1	450	550	488	459	467	535	444
527	1	449	490	427	557	436	501	534	543
528	1	475	548	509	492	523	460	399	440	411	541	445
529	1	546	487	550	455	459	462	463	565	502	409	444
530	1	452	486	456	556	401	466	510	539	476	414	511
531	1	450	535	523	541	562	503	473	445
532	1	516	465	553	440	468	568	408	548	509	479
533	544	1	515	518	289	104	554	555	461	433	536
534	544	1	515	388	449	490	527	433	478	543
535	1	450	550	488	526	531	562	467	503	473
536	1	518	289	522	555	533	506
537	512	1	549	458	557	436	437	572	501
538	1	104	522	494	559	404	539	511
539	1	452	104	556	558	559	456	530	538	414	511
540	1	545	520	552	434	474	510
541	1	491	548	523	460	528	562	531	473	570	445
542	1	482	451	516	519	104	553	551	525	571	447
543	544	1	449	567	557	527	496	563	534	471
544	1	515	449	554	461	496	433	533	534	567	543
545	1	561	456	556	430	552	434	558	540	510
546	1	547	566	455	487	464	529	500	565	502	504	409
547	576	1	546	484	549	521	566	464	500	502	572
548	1	568	553	491	460	541	528	465	532	440	570	509	479
549	512	1	547	484	521	458	557	500	437	537	572
550	1	487	488	459	526	529	562	565	535	444	575
551	1	482	552	519	104	574	520	469	571	542
552	1	520	545	104	561	551	456	434	469	540	574
553	1	482	451	516	560	465	532	569	568	548	571	542	479
554	480	1	578	104	567	555	461	496	564	533	544	573
555	1	289	104	522	559	564	533	536	554
556	1	545	456	558	530	539	510
557	1	549	449	458	527	563	436	501	471	537	572	543
558	1	452	545	104	556	559	456	561	539
559	1	485	104	522	555	558	561	564	538	539
560	1	580	553	498	568	569	570	479
561	1	579	456	485	545	104	558	559	552	564	574
562	1	581	550	513	488	491	497	531	535	473	570	541	575
563	1	577	458	567	557	496	499	471	572	586	543
564	480	1	578	579	485	104	554	555	559	561
565	1	546	550	487	585	529	566	504	575
566	576	1	546	547	585	500	565	504	507
567	544	1	577	554	496	563	573	543
568	1	548	553	491	560	498	532	570	479
569	1	482	580	517	582	584	553	560	498	571	479
570	1	548	581	491	562	560	497	498	568	580	508	541
571	1	482	582	551	104	553	574	569	542
572	576	1	547	549	458	557	563	499	500	537	507	586
573	480	1	578	582	577	554	524	589	495	496	567	505
574	1	482	579	582	551	104	561	552	469	571
575	1	581	550	513	488	585	487	562	565	504
576	1	547	585	586	587	500	566	507	572
577	1	514	588	586	587	524	589	496	563	499	567	505	507	573
578	480	1	579	485	582	554	495	564	573
579	1	578	485	582	104	495	561	564	574
580	1	517	583	584	560	498	569	570	508	581
581	1	580	513	585	583	497	562	570	508	575
582	1	482	579	517	104	578	495	584	589	569	505	571	573	574
583	1	514	580	517	513	584	585	588	508	581
584	1	514	580	517	582	583	588	589	498	505	569
585	576	1	514	587	581	513	583	588	565	566	504	507	575
586	576	1	577	587	563	499	500	507	572
587	576	1	514	577	585	586	588	507
588	1	514	583	584	585	587	589	577	505	507
589	1	582	577	584	588	505	573
