2	10	0.0238411
3	10	0.15
4	188	0.673691
5	243	0.267694
6	182	0.288862
7	184	0.842476
8	178	0.847498
9	192	0.305017
10	18	0.747209
11	185	0.900045
12	192	0.119102
13	262	0.375576
14	170	0.113049
15	202	0.924299
16	193	0.935652
17	195	0.89037
18	174	0.879906
19	189	0.921044
20	196	0.920786
21	36	0.863657
22	34	0.809698
23	186	0.923077
24	38	0.813674
25	164	0.902518
26	40	0.934781
27	43	0.734748
28	156	0.934022
29	42	0.803571
30	39	0.919721
31	256	0.931791
32	47	0.829422
33	49	0.885665
34	208	0.957675
35	217	0.95714
36	227	0.942791
37	50	0.927422
38	225	0.961396
39	56	0.893116
40	213	0.941296
41	226	0.939312
42	218	0.958623
43	59	0.943655
44	51	0.894919
45	257	0.917648
46	175	0.955854
47	52	0.901314
48	171	0.948304
49	66	0.846403
50	181	0.964389
51	69	0.856643
52	187	0.933614
53	197	0.913702
54	154	0.954871
55	247	0.915185
56	67	0.923359
57	161	0.947178
58	234	0.951054
59	209	0.956205
60	75	0.9081
61	61	0.853865
62	77	0.892354
63	84	0.95432
64	70	0.932914
65	85	0.890277
66	81	0.931166
67	78	0.912551
68	76	0.903866
69	221	0.262307
70	86	0.858404
71	235	0.916828
72	297	0.912967
73	79	0.452138
74	90	0.904953
75	203	0.937764
76	97	0.944928
77	95	0.850988
78	101	0.826633
79	155	0.924851
80	221	0.844302
81	104	0.0842497
82	231	0.891949
83	105	0.934716
84	93	0.877712
85	98	0.874628
86	87	0.596835
87	103	0.557548
88	110	0.919985
89	107	0.872931
90	199	0.699097
91	259	0.925222
92	104	0.525164
93	116	0.86908
94	289	0.305963
95	165	0.886977
96	114	0.901582
97	250	0.896127
98	104	0.319125
99	117	0.945865
100	113	0.526177
101	166	0.917867
102	104	0.0245305
103	122	0.918283
104	287	0.928217
105	112	0.869907
106	121	0.897472
107	120	0.461527
108	125	0.917035
109	118	0.142736
110	104	0.15536
111	124	0.912252
112	123	0.450331
113	162	0.862385
114	127	0.927293
115	131	0.915111
116	118	0.239397
117	120	0.038441
118	180	0.913445
119	104	0.0158464
120	176	0.946418
121	168	0.926616
122	207	0.916429
123	139	0.877297
124	173	0.91072
125	177	0.889506
126	144	0.924321
127	137	0.866745
128	146	0.938779
129	141	0.927425
130	145	0.854934
131	140	0.904033
132	354	0.0660256
133	241	0.923182
134	215	0.478409
135	142	0.626065
136	236	0.931016
137	163	0.926748
138	150	0.789797
139	153	0.91642
140	172	0.90576
141	216	0.944797
142	115	0.941707
143	194	0.640527
144	273	0.942055
145	204	0.911475
146	191	0.932694
147	233	0.818549
148	210	0.926049
149	286	0.915072
150	251	0.906758
151	205	0.439332
152	223	0.954326
153	281	0.934508
154	206	0.752269
155	274	0.880638
156	212	0.954165
157	302	0.916678
158	232	0.920393
159	224	0.939844
160	266	0.948304
161	248	0.366453
162	258	0.936415
163	230	0.924904
164	243	0.533589
165	244	0.803527
166	249	0.742073
167	228	0.949627
168	222	0.935029
169	215	0.721845
170	265	0.92566
171	282	0.952406
172	220	0.914515
173	113	0.579663
174	201	0.939705
175	293	0.885315
176	263	0.954149
177	245	0.953842
178	211	0.939101
179	200	0.947171
180	306	0.930427
181	252	0.876492
182	276	0.864581
183	292	0.905674
184	219	0.939995
185	299	0.903315
186	214	0.935791
187	260	0.928463
188	118	0.693679
189	229	0.94643
190	295	0.915441
191	268	0.743655
192	246	0.94188
193	280	0.944621
194	277	0.761029
195	24	0.134189
196	79	0.782475
197	318	0.932673
198	120	0.739248
199	254	0.895331
200	305	0.902591
201	279	0.939086
202	239	0.950199
203	240	0.943733
204	290	0.908462
205	248	0.821191
206	253	0.952079
207	327	0.916905
208	304	0.87061
209	321	0.92534
210	264	0.94211
211	261	0.949582
212	326	0.936914
213	345	0.91673
214	271	0.905345
215	104	0.0269718
216	325	0.910795
217	314	0.509625
218	307	0.943429
219	320	0.924057
220	283	0.936092
221	344	0.917475
222	238	0.952588
223	340	0.926111
224	270	0.958185
225	341	0.920717
226	309	0.92642
227	317	0.949331
228	296	0.944873
229	315	0.914715
230	275	0.934574
231	267	0.927188
232	294	0.909452
233	284	0.93849
234	338	0.876891
235	278	0.940476
236	243	0.204096
237	316	0.907916
238	285	0.951759
239	300	0.954688
240	319	0.56169
241	346	0.934585
242	303	0.930735
243	342	0.928252
244	298	0.930338
245	308	0.94152
246	343	0.744079
247	356	0.924213
248	310	0.940721
249	336	0.944144
250	363	0.912705
251	313	0.952898
252	311	0.907404
253	382	0.907464
254	349	0.918917
255	364	0.909055
256	333	0.928018
257	330	0.908126
258	374	0.902551
259	312	0.946128
260	328	0.915213
261	331	0.93697
262	375	0.918228
263	373	0.93462
264	335	0.905442
265	391	0.900786
266	393	0.921386
267	361	0.934246
268	324	0.937306
269	329	0.872029
270	348	0.943712
271	394	0.904699
272	367	0.933237
273	362	0.911287
274	376	0.944604
275	358	0.946617
276	355	0.920776
277	350	0.918437
278	337	0.922251
279	377	0.660902
280	354	0.773809
281	332	0.944206
282	368	0.924788
283	322	0.940559
284	323	0.945983
285	406	0.88713
286	353	0.89645
287	372	0.946169
288	359	0.943917
289	360	0.89175
290	339	0.950817
291	380	0.924788
292	104	0.0855172
293	365	0.951538
294	417	0.889698
295	390	0.93776
296	379	0.937773
297	412	0.886659
298	424	0.922973
299	384	0.933524
300	405	0.926705
301	381	0.904733
302	351	0.943562
303	395	0.895887
304	371	0.942963
305	496	0.645526
306	418	0.906157
307	397	0.580146
308	404	0.933182
309	407	0.881187
310	366	0.946802
311	396	0.912343
312	387	0.94732
313	427	0.919538
314	414	0.932758
315	409	0.927467
316	410	0.905634
317	385	0.928858
318	378	0.907234
319	420	0.922074
320	383	0.908331
321	370	0.925205
322	389	0.904031
323	432	0.903894
324	319	0.686689
325	354	0.298505
326	343	0.467122
327	386	0.895612
328	423	0.923879
329	431	0.922782
330	421	0.908467
331	398	0.9553
332	437	0.931535
333	425	0.702378
334	399	0.95378
335	413	0.641264
336	443	0.907903
337	433	0.928893
338	392	0.945917
339	415	0.946203
340	436	0.904092
341	426	0.759032
342	449	0.668246
343	408	0.942941
344	448	0.931382
345	402	0.924528
346	454	0.907764
347	446	0.901694
348	422	0.896876
349	403	0.951626
350	438	0.906426
351	397	0.635832
352	416	0.95568
353	435	0.913183
354	411	0.945645
355	444	0.946503
356	442	0.901191
357	419	0.944415
358	428	0.908912
359	452	0.913792
360	434	0.868286
361	455	0.952312
362	289	0.467522
363	430	0.88886
364	462	0.904976
365	464	0.940717
366	413	0.570501
367	463	0.921295
368	493	0.897356
369	449	0.545891
370	472	0.895483
371	458	0.916331
372	425	0.420814
373	440	0.93842
374	429	0.930295
375	459	0.942403
376	445	0.956839
377	439	0.94166
378	447	0.925367
379	471	0.921173
380	478	0.915532
381	461	0.932403
382	456	0.562282
383	441	0.946038
384	483	0.918089
385	457	0.923911
386	450	0.946096
387	481	0.912235
388	453	0.909644
389	484	0.94342
390	490	0.89394
391	476	0.920931
392	460	0.94456
393	467	0.941288
394	501	0.931054
395	451	0.929228
396	473	0.951295
397	465	0.928724
398	469	0.895134
399	456	0.647396
400	486	0.917203
401	502	0.923692
402	487	0.944093
403	488	0.949376
404	480	0.913453
405	495	0.929395
406	506	0.927523
407	470	0.924733
408	474	0.918867
409	466	0.904155
410	512	0.9305
411	479	0.940478
412	482	0.930071
413	468	0.928514
414	518	0.913384
415	491	0.948893
416	494	0.918825
417	500	0.939784
418	499	0.909729
419	475	0.930399
420	561	0.0289785
421	507	0.718421
422	505	0.935351
423	492	0.923696
424	485	0.944104
425	477	0.912982
426	521	0.929615
427	489	0.929921
428	104	0.0240661
429	507	0.49359
430	515	0.911738
431	504	0.951339
432	497	0.950272
433	527	0.912934
434	498	0.944364
435	529	0.932871
436	503	0.9338
437	508	0.948058
438	511	0.932018
439	514	0.940689
440	524	0.927753
441	513	0.944787
442	534	0.9095
443	530	0.918745
444	526	0.934942
445	522	0.935965
446	510	0.733887
447	517	0.432506
448	517	0.761804
449	520	0.93041
450	537	0.915745
451	509	0.920087
452	536	0.920878
453	523	0.930279
454	519	0.910084
455	549	0.931235
456	528	0.933806
457	544	0.943789
458	531	0.942781
459	538	0.90475
460	547	0.932496
461	546	0.928146
462	535	0.943969
463	543	0.937353
464	516	0.913926
465	539	0.929629
466	557	0.924826
467	532	0.91982
468	525	0.856
469	533	0.921527
470	510	0.415492
471	541	0.947098
472	555	0.929203
473	550	0.938755
474	540	0.879785
475	556	0.906592
476	572	0.919544
477	548	0.936981
478	554	0.938702
479	545	0.908357
480	566	0.923993
481	559	0.92301
482	563	0.932923
483	542	0.922191
484	551	0.914898
485	553	0.922102
486	565	0.927033
487	564	0.925663
488	558	0.911334
489	567	0.928979
490	552	0.916104
491	561	0.915057
492	562	0.947265
493	573	0.94218
494	560	0.921031
495	575	0.941434
496	576	0.917295
497	569	0.928635
498	578	0.921229
499	579	0.936765
500	586	0.917133
501	570	0.931931
502	577	0.939276
503	574	0.898326
504	568	0.907931
505	571	0.889023
506	581	0.95017
507	582	0.94067
508	585	0.945446
509	580	0.933483
510	583	0.945703
511	584	0.95363
512	587	0.92745
513	588	0.947472
514	589	0.943859
