2	205	0.900253
3	186	0.90351
4	180	0.931247
5	158	0.901949
6	176	0.930564
7	245	0.88983
8	12	0.895364
9	234	0.92957
10	190	0.744271
11	144	0.895168
12	153	0.882594
13	187	0.910724
14	219	0.943248
15	139	0.863247
16	194	0.908148
17	17	0.89315
18	181	0.908844
19	250	0.921289
20	132	0.860412
21	135	0.325458
22	191	0.882214
23	135	0.776214
24	241	0.918735
25	166	0.872481
26	211	0.859993
27	198	0.915813
28	220	0.893102
29	182	0.931104
30	183	0.880721
31	231	0.948962
32	298	0.609443
33	177	0.913002
34	203	0.854445
35	199	0.621074
36	222	0.918187
37	50	0.256861
38	236	0.926573
39	269	0.916197
40	48	0.837315
41	57	0.587397
42	55	0.666575
43	172	0.93401
44	247	0.873804
45	286	0.867097
46	248	0.890453
47	58	0.163844
48	223	0.364523
49	251	0.439206
50	126	0.571656
51	212	0.886248
52	223	0.29414
53	213	0.888309
54	252	0.931888
55	58	0.551622
56	195	0.577661
57	66	0.796983
58	369	0.537794
59	68	0.536089
60	270	0.909053
61	160	0.925402
62	227	0.914144
63	237	0.904611
64	162	0.932317
65	268	0.549042
66	253	0.885467
67	218	0.879366
68	131	0.931104
69	192	0.922861
70	178	0.544038
71	259	0.898755
72	287	0.82318
73	302	0.803098
74	84	0.861931
75	87	0.846296
76	93	0.91659
77	208	0.590963
78	208	0.642989
79	215	0.912874
80	254	0.361389
81	263	0.717733
82	255	0.935721
83	249	0.89821
84	185	0.884109
85	340	0.650682
86	146	0.904149
87	98	0.896492
88	189	0.903847
89	165	0.908695
90	239	0.8591
91	243	0.924255
92	105	0.797176
93	148	0.777615
94	179	0.892567
95	204	0.892341
96	264	0.938685
97	260	0.95214
98	244	0.892645
99	170	0.870798
100	200	0.851077
101	240	0.901261
102	193	0.735193
103	225	0.909028
104	256	0.913627
105	209	0.938901
106	224	0.830853
107	290	0.937004
108	229	0.894301
109	230	0.912604
110	188	0.936437
111	265	0.852355
112	206	0.903407
113	216	0.88859
114	275	0.905213
115	280	0.903096
116	272	0.919307
117	210	0.817255
118	178	0.556506
119	254	0.636114
120	214	0.91785
121	258	0.900496
122	293	0.952038
123	299	0.910122
124	277	0.890029
125	197	0.909051
126	305	0.939497
127	317	0.935612
128	271	0.937953
129	228	0.931897
130	233	0.923163
131	217	0.904295
132	232	0.902393
133	297	0.908101
134	238	0.920659
135	159	0.920175
136	306	0.926513
137	242	0.910488
138	266	0.920036
139	226	0.886967
140	284	0.615954
141	235	0.897261
142	318	0.922935
143	313	0.924109
144	262	0.549963
145	312	0.937937
146	304	0.651017
147	310	0.916227
148	257	0.912437
149	320	0.90418
150	263	0.46539
151	281	0.902335
152	276	0.922466
153	329	0.892101
154	315	0.916951
155	273	0.897933
156	33	0.69922
157	282	0.918563
158	295	0.880543
159	288	0.912897
160	283	0.914758
161	342	0.93228
162	274	0.897349
163	267	0.906421
164	300	0.905234
165	311	0.930605
166	335	0.920395
167	339	0.911628
168	314	0.901054
169	294	0.593195
170	291	0.884737
171	261	0.92234
172	278	0.898732
173	279	0.866623
174	346	0.886022
175	309	0.888414
176	323	0.564497
177	303	0.909716
178	307	0.923606
179	345	0.897981
180	223	0.663771
181	358	0.902411
182	341	0.890653
183	328	0.905838
184	292	0.875015
185	296	0.905105
186	308	0.882031
187	327	0.916715
188	368	0.891402
189	338	0.527695
190	326	0.894742
191	332	0.73669
192	367	0.888201
193	289	0.930863
194	353	0.900729
195	355	0.88536
196	382	0.919812
197	285	0.903542
198	301	0.640968
199	284	0.578404
200	376	0.92154
201	383	0.884566
202	322	0.921403
203	356	0.92269
204	330	0.914988
205	298	0.420315
206	362	0.89739
207	316	0.8989
208	325	0.900242
209	304	0.477215
210	360	0.901891
211	354	0.893324
212	378	0.933478
213	363	0.938536
214	365	0.919065
215	337	0.905862
216	332	0.458789
217	351	0.891483
218	324	0.914973
219	336	0.862626
220	384	0.894794
221	370	0.896552
222	331	0.916863
223	344	0.90371
224	361	0.901994
225	58	0.44281
226	352	0.907216
227	323	0.607887
228	388	0.905274
229	407	0.91836
230	349	0.924182
231	366	0.912301
232	343	0.916252
233	403	0.847344
234	294	0.615264
235	405	0.926029
236	374	0.898423
237	412	0.902475
238	381	0.911417
239	348	0.890621
240	371	0.911716
241	426	0.86479
242	357	0.922117
243	391	0.908662
244	401	0.893911
245	414	0.404202
246	364	0.894118
247	334	0.658487
248	420	0.872869
249	423	0.905325
250	338	0.624083
251	410	0.525762
252	422	0.906076
253	396	0.901551
254	400	0.840218
255	397	0.645968
256	350	0.510031
257	373	0.906302
258	254	0.361503
259	385	0.901679
260	55	0.327343
261	409	0.860072
262	379	0.886274
263	395	0.916093
264	411	0.883611
265	415	0.897675
266	375	0.91992
267	389	0.895896
268	380	0.899989
269	377	0.936812
270	417	0.921547
271	419	0.884071
272	408	0.919564
273	424	0.892042
274	392	0.927483
275	406	0.89122
276	418	0.903624
277	55	0.310503
278	393	0.930741
279	451	0.875037
280	416	0.908605
281	386	0.867537
282	402	0.894842
283	399	0.877973
284	438	0.841754
285	390	0.900926
286	432	0.913751
287	397	0.570761
288	455	0.866259
289	457	0.813905
290	466	0.529168
291	431	0.90371
292	456	0.51113
293	398	0.894487
294	404	0.895481
295	445	0.894219
296	387	0.92274
297	453	0.555959
298	429	0.88071
299	435	0.915466
300	439	0.933686
301	462	0.877468
302	75	0.397112
303	428	0.927912
304	443	0.733357
305	436	0.880037
306	471	0.901724
307	444	0.884288
308	434	0.902945
309	430	0.892776
310	425	0.568473
311	410	0.671194
312	463	0.861076
313	433	0.907328
314	421	0.910262
315	449	0.892097
316	414	0.71698
317	427	0.90772
318	458	0.891923
319	485	0.827873
320	447	0.563913
321	443	0.452971
322	454	0.896012
323	440	0.903574
324	490	0.879229
325	441	0.888327
326	481	0.88501
327	452	0.91408
328	484	0.862191
329	461	0.894302
330	460	0.889063
331	468	0.873039
332	486	0.878289
333	447	0.629674
334	495	0.901408
335	450	0.894262
336	464	0.897026
337	453	0.62651
338	465	0.9129
339	476	0.925133
340	519	0.634636
341	474	0.931514
342	508	0.851689
343	456	0.642744
344	425	0.655533
345	479	0.922253
346	469	0.897822
347	466	0.651864
348	470	0.90085
349	478	0.916409
350	459	0.915345
351	489	0.900457
352	492	0.856779
353	521	0.886103
354	467	0.930124
355	477	0.884862
356	472	0.901151
357	493	0.935021
358	480	0.94018
359	475	0.936945
360	473	0.940655
361	503	0.716796
362	488	0.900612
363	494	0.930574
364	497	0.846598
365	505	0.865604
366	350	0.52859
367	518	0.902096
368	482	0.880174
369	483	0.907189
370	487	0.914598
371	496	0.924875
372	516	0.843174
373	524	0.733806
374	500	0.93525
375	510	0.942352
376	501	0.697265
377	504	0.817577
378	498	0.899316
379	502	0.916064
380	507	0.935334
381	514	0.921531
382	515	0.678907
383	503	0.463008
384	511	0.901128
385	499	0.715952
386	501	0.519501
387	539	0.859077
388	527	0.914216
389	517	0.91298
390	525	0.564196
391	541	0.5541
392	509	0.500486
393	506	0.765471
394	512	0.869006
395	533	0.917496
396	394	0.469893
397	520	0.919812
398	526	0.920777
399	525	0.596704
400	519	0.500784
401	541	0.674328
402	528	0.88793
403	513	0.922699
404	542	0.895431
405	543	0.892517
406	523	0.893605
407	531	0.906233
408	524	0.402747
409	549	0.869778
410	552	0.87861
411	522	0.908233
412	550	0.877282
413	529	0.906525
414	530	0.92809
415	546	0.468853
416	532	0.927214
417	509	0.699031
418	547	0.860338
419	534	0.913572
420	546	0.712678
421	536	0.915147
422	535	0.904814
423	551	0.887246
424	556	0.887259
425	537	0.864264
426	564	0.861057
427	563	0.885299
428	540	0.91472
429	573	0.80265
430	544	0.909698
431	499	0.448563
432	545	0.910606
433	548	0.912091
434	504	0.306916
435	561	0.624518
436	506	0.388142
437	555	0.896122
438	554	0.889166
439	553	0.891524
440	558	0.441494
441	559	0.884005
442	566	0.91511
443	562	0.689923
444	565	0.897238
445	560	0.894988
446	558	0.734249
447	570	0.875128
448	572	0.893658
449	562	0.504957
450	580	0.587919
451	557	0.912877
452	577	0.90022
453	561	0.558116
454	580	0.597162
455	571	0.890295
456	583	0.891763
457	569	0.907991
458	584	0.853023
459	567	0.895153
460	581	0.918825
461	582	0.913197
462	574	0.71445
463	568	0.915027
464	578	0.915927
465	579	0.896417
466	575	0.913856
467	590	0.886525
468	586	0.898389
469	576	0.913382
470	587	0.911646
471	585	0.847328
472	588	0.903574
473	600	0.856903
474	594	0.911062
475	596	0.910608
476	601	0.897992
477	591	0.918107
478	592	0.91246
479	597	0.923809
480	593	0.913989
481	595	0.932545
482	589	0.911961
483	603	0.9263
484	574	0.484645
485	599	0.870784
486	604	0.931657
487	605	0.913854
488	607	0.923817
489	606	0.908083
490	610	0.91187
491	598	0.922513
492	602	0.67589
493	608	0.9258
494	609	0.92072
495	612	0.931762
496	602	0.508823
497	613	0.917297
498	611	0.651993
499	611	0.577257
